# Using CPU
# Loading Embeddings...
# Making Predictions...
torch.Size([1, 1, 442, 373])
tensor([[[[1.3581e-04],
          [3.7225e-05],
          [6.4145e-05],
          [3.6431e-05],
          [3.5436e-05],
          [1.3577e-04],
          [9.7507e-05],
          [6.0577e-05],
          [1.5985e-04],
          [1.2594e-04],
          [6.8701e-05],
          [7.4388e-05],
          [3.0563e-04],
          [1.6778e-04],
          [1.2456e-04],
          [6.6611e-05],
          [7.1838e-05],
          [9.6872e-05],
          [1.5544e-04],
          [1.3353e-04],
          [2.4795e-04],
          [9.3297e-05],
          [8.8774e-05],
          [9.1076e-05],
          [9.4833e-05],
          [1.0202e-04],
          [1.0655e-04],
          [1.2806e-04],
          [9.6979e-05],
          [1.1099e-04],
          [1.3254e-04],
          [8.8816e-05],
          [1.0710e-04],
          [6.5420e-05],
          [7.2278e-05],
          [8.7593e-05],
          [3.1391e-04],
          [9.5347e-05],
          [1.3023e-04],
          [9.4237e-05],
          [1.1630e-04],
          [8.3553e-05],
          [7.0668e-05],
          [5.2605e-05],
          [4.3124e-05],
          [4.6185e-05],
          [4.0424e-05],
          [4.1229e-05],
          [3.8213e-05],
          [1.9321e-04],
          [8.9448e-05],
          [6.3427e-05],
          [6.1407e-05],
          [1.5617e-04],
          [6.1759e-05],
          [6.5406e-05],
          [5.5849e-05],
          [4.5760e-05],
          [4.8797e-05],
          [4.8190e-05],
          [4.6264e-05],
          [4.1365e-05],
          [1.7666e-04],
          [1.9133e-04],
          [7.0359e-05],
          [7.6835e-05],
          [8.1691e-05],
          [8.4189e-05],
          [1.0161e-04],
          [7.8771e-05],
          [7.3034e-05],
          [1.5736e-04],
          [4.4845e-05],
          [6.5523e-05],
          [7.2900e-05],
          [6.3887e-05],
          [1.3526e-04],
          [6.1933e-05],
          [5.9307e-05],
          [5.0792e-05],
          [1.9263e-04],
          [1.0017e-04],
          [4.5741e-05],
          [4.7991e-05],
          [5.0464e-05],
          [4.9940e-05],
          [4.7004e-05],
          [4.2260e-05],
          [4.1732e-05],
          [3.8564e-05],
          [1.1871e-04],
          [5.6531e-05],
          [1.1952e-04],
          [5.2920e-05],
          [5.3871e-05],
          [6.0368e-05],
          [8.0189e-05],
          [1.1525e-04],
          [1.5208e-04],
          [2.0186e-04],
          [1.9008e-04],
          [1.5943e-04],
          [9.6572e-05],
          [8.4039e-05],
          [8.0206e-05],
          [8.2505e-05],
          [7.6291e-05],
          [6.5217e-05],
          [5.6817e-05],
          [4.3594e-05],
          [3.5662e-05],
          [5.9581e-05],
          [9.9406e-05],
          [3.3072e-05],
          [1.6695e-04],
          [3.1430e-05],
          [3.7285e-05],
          [3.9647e-05],
          [4.1811e-05],
          [4.4435e-05],
          [4.6836e-05],
          [4.6461e-05],
          [5.3627e-05],
          [5.5677e-05],
          [5.8597e-05],
          [6.4447e-05],
          [7.3536e-05],
          [8.8287e-05],
          [8.9712e-05],
          [1.0524e-04],
          [6.3477e-04],
          [8.6901e-03],
          [2.5659e-03],
          [1.1117e-03],
          [2.8797e-04],
          [1.1160e-04],
          [8.7061e-05],
          [9.8825e-05],
          [8.4573e-05],
          [6.7287e-05],
          [6.5403e-05],
          [6.6879e-05],
          [5.3750e-05],
          [6.3845e-05],
          [5.9104e-05],
          [6.6175e-05],
          [7.4046e-05],
          [8.8307e-05],
          [8.9951e-05],
          [1.0560e-04],
          [9.5672e-05],
          [7.9390e-05],
          [7.5582e-05],
          [6.1691e-05],
          [4.7104e-05],
          [3.9654e-05],
          [8.4753e-05],
          [5.7968e-05],
          [6.6999e-05],
          [8.1512e-05],
          [5.5677e-05],
          [8.1846e-05],
          [2.4406e-04],
          [2.0788e-04],
          [8.0681e-05],
          [7.5937e-05],
          [6.6278e-05],
          [6.2512e-05],
          [6.1368e-05],
          [5.0743e-05],
          [4.0310e-05],
          [1.5089e-04],
          [1.0972e-04],
          [4.6703e-05],
          [4.9146e-05],
          [4.9847e-05],
          [4.7163e-05],
          [5.0214e-05],
          [1.2923e-04],
          [9.0186e-05],
          [2.3400e-04],
          [3.1066e-05],
          [2.3961e-05],
          [1.4397e-04],
          [3.1025e-05],
          [1.5040e-04],
          [8.2589e-05],
          [9.9558e-05],
          [5.7106e-05],
          [1.1887e-04],
          [4.6714e-05],
          [7.0799e-05],
          [4.4602e-05],
          [4.1675e-05],
          [4.0021e-05],
          [4.1788e-05],
          [3.6031e-05],
          [3.3081e-05],
          [1.8532e-04],
          [1.3495e-04],
          [4.3139e-05],
          [4.6866e-05],
          [4.4893e-05],
          [3.7469e-05],
          [4.5595e-05],
          [4.2584e-05],
          [4.0130e-05],
          [1.0048e-04],
          [6.4749e-05],
          [3.1774e-05],
          [3.0124e-05],
          [2.3786e-05],
          [2.3967e-05],
          [1.2170e-04],
          [3.4472e-05],
          [4.0294e-05],
          [1.7324e-04],
          [3.7139e-05],
          [4.0513e-05],
          [4.5790e-05],
          [6.0470e-05],
          [6.9221e-05],
          [6.2610e-05],
          [6.3636e-05],
          [5.8837e-05],
          [7.0945e-05],
          [6.7190e-05],
          [6.4504e-05],
          [7.1181e-05],
          [8.4401e-05],
          [6.5305e-05],
          [6.7245e-05],
          [4.7344e-05],
          [3.3775e-05],
          [1.4441e-04],
          [7.4968e-05],
          [3.0836e-05],
          [4.2175e-05],
          [4.6750e-05],
          [4.5511e-05],
          [5.8980e-05],
          [5.2423e-05],
          [4.4646e-05],
          [8.7491e-05],
          [4.9791e-05],
          [3.2081e-05],
          [7.9832e-05],
          [1.6176e-04],
          [3.8788e-05],
          [1.6322e-04],
          [6.0010e-05],
          [1.2608e-04],
          [9.6088e-05],
          [4.9703e-05],
          [5.8109e-05],
          [4.6842e-05],
          [4.8245e-05],
          [4.8290e-05],
          [4.1884e-05],
          [4.4566e-05],
          [5.4857e-05],
          [5.0729e-05],
          [4.9858e-05],
          [7.4500e-05],
          [7.7103e-05],
          [6.8002e-05],
          [6.0401e-05],
          [1.6420e-04],
          [4.0876e-05],
          [2.3982e-05],
          [2.0731e-04],
          [3.5159e-05],
          [3.3542e-05],
          [1.0776e-04],
          [7.2506e-05],
          [3.5270e-05],
          [2.2877e-04],
          [2.8253e-05],
          [4.0983e-05],
          [4.2401e-05],
          [4.9171e-05],
          [6.3965e-05],
          [6.2524e-05],
          [6.6688e-05],
          [7.0014e-05],
          [7.5511e-05],
          [5.6961e-05],
          [3.7578e-04],
          [3.6087e-05],
          [6.7545e-05],
          [4.1344e-05],
          [4.2955e-05],
          [3.5506e-05],
          [3.8849e-05],
          [4.0087e-05],
          [4.2178e-05],
          [3.9768e-05],
          [1.3535e-04],
          [5.8948e-05],
          [1.4507e-04],
          [4.3013e-05],
          [4.7972e-05],
          [5.0189e-05],
          [5.5118e-05],
          [4.9832e-05],
          [4.9466e-05],
          [4.7849e-05],
          [5.4903e-05],
          [4.1464e-05],
          [4.5273e-05],
          [3.9157e-05],
          [4.3110e-05],
          [1.0705e-04],
          [1.1715e-04],
          [4.1727e-05],
          [4.1964e-05],
          [3.1665e-05],
          [3.4285e-05],
          [7.5746e-05],
          [1.7405e-04],
          [1.7065e-04],
          [1.0657e-04],
          [9.4263e-05],
          [5.5062e-05],
          [4.2894e-05],
          [2.0091e-05],
          [1.8114e-05],
          [1.7512e-05],
          [2.1007e-05],
          [1.7189e-05],
          [2.2849e-05],
          [2.9785e-05],
          [3.5951e-05],
          [4.4970e-05],
          [6.0474e-05],
          [7.3169e-05],
          [6.8319e-05],
          [7.1970e-05],
          [6.5179e-05],
          [1.0045e-04],
          [9.2489e-05],
          [7.6103e-05],
          [4.5420e-05],
          [3.7426e-05],
          [4.5718e-05],
          [4.4143e-05],
          [2.5888e-05],
          [4.4644e-05],
          [3.0222e-05],
          [2.6689e-05],
          [3.0153e-05],
          [2.3626e-05],
          [2.8454e-05],
          [2.9734e-05],
          [4.0253e-05],
          [3.9921e-05],
          [1.0709e-04],
          [3.6110e-05],
          [9.6588e-05],
          [3.6362e-05],
          [4.0766e-05],
          [3.8100e-05],
          [3.9055e-05],
          [3.7516e-05],
          [3.3135e-05],
          [3.1769e-05],
          [2.8415e-05],
          [2.4442e-05],
          [2.3860e-05],
          [2.5932e-05],
          [2.4865e-05],
          [2.9107e-05],
          [2.4681e-05],
          [7.5838e-05],
          [8.1798e-05],
          [1.4062e-04],
          [3.2438e-05],
          [2.9511e-05],
          [3.1306e-05],
          [3.3970e-05],
          [1.8987e-04],
          [1.8139e-04],
          [5.5545e-05],
          [4.9695e-05],
          [5.2251e-05],
          [6.5650e-05],
          [8.3346e-05],
          [1.2518e-04],
          [2.3850e-04],
          [1.8771e-04],
          [1.6458e-04],
          [9.2427e-05],
          [7.4624e-05],
          [3.3121e-05],
          [2.5576e-05],
          [3.1995e-05],
          [3.0359e-05],
          [3.7694e-05],
          [2.5450e-05],
          [1.1407e-04],
          [5.5532e-05],
          [6.8030e-05],
          [1.1440e-04],
          [6.1646e-05],
          [5.5520e-05],
          [3.1052e-05],
          [2.0871e-05],
          [2.1814e-05],
          [9.8871e-05],
          [8.2130e-05],
          [4.9719e-05],
          [6.3031e-05],
          [7.5127e-05],
          [5.0800e-05],
          [4.4970e-05],
          [3.6924e-05],
          [4.7428e-05],
          [5.1211e-05],
          [1.1466e-04],
          [1.0804e-04],
          [1.7683e-04],
          [2.6619e-05],
          [2.2781e-05],
          [3.2515e-05],
          [1.8001e-05],
          [1.9483e-05],
          [1.4293e-04],
          [1.3899e-04],
          [2.2522e-05],
          [1.1080e-04],
          [9.8148e-05],
          [1.8675e-05],
          [1.4005e-04],
          [2.2977e-05],
          [1.8559e-04],
          [3.9162e-05],
          [5.3420e-05],
          [4.9625e-05],
          [4.6230e-05],
          [3.1072e-05],
          [1.0916e-05],
          [5.5503e-06]]]])
