# Using CPU
# Loading Embeddings...
# Making Predictions...
torch.Size([1, 1, 442, 512])
tensor([[[[1.7376e-04],
          [3.0583e-05],
          [8.9988e-05],
          [3.7527e-05],
          [1.0536e-05],
          [2.2107e-04],
          [1.1004e-04],
          [2.4303e-05],
          [1.1656e-04],
          [1.2478e-04],
          [1.5728e-05],
          [1.5454e-05],
          [2.8376e-04],
          [1.7995e-04],
          [2.5492e-05],
          [1.0315e-05],
          [1.0380e-05],
          [1.0601e-05],
          [1.1212e-05],
          [1.3864e-05],
          [2.1961e-04],
          [2.0766e-05],
          [1.1684e-04],
          [1.7777e-05],
          [1.5778e-05],
          [1.9913e-05],
          [2.7892e-05],
          [4.6874e-05],
          [5.1681e-05],
          [6.6899e-05],
          [7.0655e-05],
          [8.3705e-05],
          [8.1131e-05],
          [9.0268e-05],
          [7.1578e-05],
          [5.5204e-05],
          [9.9251e-04],
          [7.8560e-05],
          [1.7379e-04],
          [9.1752e-05],
          [1.5108e-04],
          [1.9954e-05],
          [1.8871e-05],
          [1.7484e-05],
          [1.3337e-05],
          [1.2488e-05],
          [1.1365e-05],
          [1.2139e-05],
          [1.8230e-05],
          [3.5481e-04],
          [1.1645e-04],
          [1.2082e-05],
          [1.3491e-05],
          [1.7587e-04],
          [1.0833e-04],
          [1.4275e-05],
          [1.5152e-05],
          [1.5045e-05],
          [1.6215e-05],
          [1.8615e-05],
          [1.9049e-05],
          [2.2037e-05],
          [4.7180e-04],
          [2.3229e-04],
          [1.8255e-05],
          [1.5206e-05],
          [1.4139e-05],
          [1.3993e-05],
          [1.4531e-05],
          [1.2672e-05],
          [1.3395e-05],
          [2.2498e-04],
          [2.4337e-05],
          [2.3335e-05],
          [1.3902e-05],
          [1.8308e-05],
          [2.1200e-04],
          [1.2272e-05],
          [1.1712e-05],
          [1.1022e-05],
          [2.4176e-04],
          [1.5215e-04],
          [1.1606e-05],
          [1.3408e-05],
          [1.4721e-05],
          [1.6768e-05],
          [1.8479e-05],
          [1.8512e-05],
          [1.6854e-05],
          [1.4034e-05],
          [1.8709e-04],
          [3.1218e-05],
          [1.8132e-04],
          [1.0966e-05],
          [1.1915e-05],
          [1.3753e-05],
          [1.3039e-05],
          [1.6405e-05],
          [1.5837e-05],
          [1.8909e-05],
          [2.0984e-05],
          [1.6192e-05],
          [1.2180e-05],
          [1.0568e-05],
          [1.1064e-05],
          [1.6131e-05],
          [1.8363e-05],
          [2.1635e-05],
          [2.1169e-05],
          [2.2225e-05],
          [1.8502e-05],
          [7.7164e-05],
          [1.4632e-04],
          [2.8751e-05],
          [1.9883e-04],
          [1.7716e-05],
          [1.4501e-05],
          [1.1679e-05],
          [1.3202e-05],
          [1.4384e-05],
          [1.4076e-05],
          [1.0335e-05],
          [2.0557e-05],
          [1.0275e-05],
          [1.2037e-05],
          [1.1217e-05],
          [1.2902e-05],
          [1.4197e-05],
          [8.9698e-05],
          [1.1408e-03],
          [2.3846e-01],
          [7.5238e-01],
          [9.1593e-01],
          [6.7651e-01],
          [1.1406e-01],
          [1.4373e-02],
          [1.8049e-03],
          [5.8613e-05],
          [2.0050e-05],
          [2.0156e-05],
          [1.5929e-05],
          [1.5336e-05],
          [9.9874e-06],
          [1.1389e-05],
          [1.3643e-05],
          [1.8952e-05],
          [2.0349e-05],
          [2.9108e-05],
          [3.5700e-05],
          [5.6059e-05],
          [5.7202e-05],
          [6.4120e-05],
          [5.6113e-05],
          [6.7965e-05],
          [4.9244e-05],
          [4.5826e-05],
          [1.4364e-04],
          [5.7233e-05],
          [8.3365e-05],
          [1.3064e-04],
          [3.8922e-05],
          [8.8783e-04],
          [6.0308e-03],
          [8.1774e-03],
          [5.0347e-04],
          [4.4288e-04],
          [4.5152e-04],
          [7.0407e-05],
          [2.0338e-05],
          [1.9407e-05],
          [1.9145e-05],
          [2.2710e-04],
          [1.6828e-04],
          [2.8500e-05],
          [2.9812e-05],
          [5.0643e-05],
          [3.2284e-05],
          [3.2158e-05],
          [4.0202e-04],
          [7.0779e-05],
          [2.9874e-04],
          [1.4690e-05],
          [1.5032e-05],
          [2.1509e-04],
          [1.8169e-05],
          [1.5155e-04],
          [1.8330e-05],
          [1.9029e-05],
          [1.5742e-05],
          [1.7795e-04],
          [1.9815e-05],
          [8.1004e-05],
          [1.5881e-05],
          [2.0121e-05],
          [2.0502e-05],
          [2.1262e-05],
          [2.2397e-05],
          [2.0409e-05],
          [3.2099e-04],
          [2.0304e-04],
          [1.9781e-05],
          [1.5573e-05],
          [1.4591e-05],
          [1.1995e-05],
          [1.5615e-05],
          [1.5487e-05],
          [1.6308e-05],
          [1.9999e-04],
          [8.6530e-05],
          [1.6282e-05],
          [1.2721e-05],
          [1.2735e-05],
          [1.1765e-05],
          [2.4824e-04],
          [3.6702e-05],
          [2.4273e-05],
          [2.2473e-04],
          [1.6439e-05],
          [1.7162e-05],
          [1.2629e-05],
          [1.5377e-05],
          [1.6588e-05],
          [1.5557e-05],
          [1.3125e-05],
          [1.3105e-05],
          [1.5586e-05],
          [1.5227e-05],
          [1.3495e-05],
          [1.4043e-05],
          [1.1582e-05],
          [1.2188e-05],
          [1.1189e-05],
          [1.1370e-05],
          [1.3157e-05],
          [1.6455e-04],
          [9.9875e-05],
          [1.5143e-05],
          [1.5768e-05],
          [1.5721e-05],
          [2.0345e-05],
          [1.7857e-05],
          [2.0440e-05],
          [1.5715e-05],
          [2.6130e-05],
          [2.1253e-05],
          [1.3573e-05],
          [1.2694e-04],
          [1.2848e-04],
          [1.9418e-05],
          [1.8241e-04],
          [1.4069e-05],
          [1.7509e-04],
          [1.0008e-04],
          [2.0691e-05],
          [2.8637e-05],
          [3.2380e-05],
          [3.1693e-05],
          [4.0741e-05],
          [4.6351e-05],
          [5.2167e-05],
          [4.5531e-05],
          [6.5461e-05],
          [1.0415e-04],
          [1.1193e-04],
          [2.1286e-04],
          [1.1148e-04],
          [1.7463e-04],
          [1.3562e-03],
          [1.0478e-04],
          [5.2018e-05],
          [3.3450e-04],
          [1.6541e-04],
          [3.9884e-05],
          [1.0220e-04],
          [1.4609e-04],
          [5.1209e-05],
          [2.3686e-04],
          [1.6752e-05],
          [1.2473e-05],
          [1.0171e-05],
          [8.6082e-06],
          [9.1230e-06],
          [8.8442e-06],
          [2.4247e-05],
          [1.0459e-05],
          [1.1764e-05],
          [1.0738e-05],
          [3.9338e-04],
          [4.0702e-05],
          [8.7725e-05],
          [4.7014e-05],
          [1.1531e-05],
          [1.0059e-05],
          [9.2049e-06],
          [9.5616e-06],
          [9.5037e-06],
          [9.9355e-06],
          [2.1554e-04],
          [2.0315e-05],
          [1.2800e-04],
          [1.3490e-05],
          [1.2809e-05],
          [1.5630e-05],
          [1.6422e-05],
          [1.6057e-05],
          [1.8246e-05],
          [1.6453e-05],
          [2.0630e-05],
          [1.9529e-05],
          [2.6025e-05],
          [2.7692e-05],
          [3.2719e-05],
          [2.6848e-04],
          [1.4387e-04],
          [2.4042e-05],
          [1.9809e-05],
          [1.5597e-05],
          [1.4160e-05],
          [1.2557e-05],
          [1.6999e-05],
          [1.8441e-05],
          [1.6070e-05],
          [1.3324e-05],
          [1.3133e-05],
          [1.3449e-05],
          [1.0872e-05],
          [1.1786e-05],
          [1.2594e-05],
          [1.4628e-05],
          [1.4426e-05],
          [1.2842e-05],
          [1.2193e-05],
          [1.3794e-05],
          [1.2159e-05],
          [1.2545e-05],
          [1.5208e-05],
          [1.5923e-05],
          [1.9810e-05],
          [1.6973e-05],
          [2.4375e-05],
          [2.3471e-05],
          [2.4617e-05],
          [1.7931e-05],
          [1.8118e-05],
          [2.1102e-05],
          [2.1653e-05],
          [1.6482e-05],
          [2.2876e-05],
          [2.3432e-05],
          [1.6979e-05],
          [1.5066e-05],
          [1.2967e-05],
          [1.3939e-05],
          [1.3761e-05],
          [1.4142e-05],
          [1.4336e-05],
          [1.5391e-04],
          [2.2327e-05],
          [8.4660e-05],
          [1.9849e-05],
          [2.0373e-05],
          [1.7682e-05],
          [1.6795e-05],
          [1.7717e-05],
          [1.3328e-05],
          [1.4010e-05],
          [1.2194e-05],
          [1.2374e-05],
          [1.0397e-05],
          [1.4391e-05],
          [1.2473e-05],
          [1.5772e-05],
          [1.4628e-05],
          [2.2477e-04],
          [1.1749e-04],
          [2.0930e-04],
          [1.4236e-05],
          [1.1101e-05],
          [9.1476e-06],
          [9.9143e-06],
          [2.3703e-04],
          [1.3782e-04],
          [1.2660e-05],
          [1.3943e-05],
          [1.7011e-05],
          [2.4345e-05],
          [3.2946e-05],
          [4.1429e-05],
          [4.3509e-05],
          [3.6073e-05],
          [3.1396e-05],
          [2.3154e-05],
          [1.8975e-05],
          [1.4043e-05],
          [1.2427e-05],
          [1.1117e-05],
          [1.1251e-05],
          [1.8213e-05],
          [2.0107e-05],
          [7.5784e-05],
          [3.1872e-05],
          [4.0472e-05],
          [4.0335e-05],
          [2.5167e-05],
          [2.8449e-05],
          [2.5238e-05],
          [2.3761e-05],
          [1.7921e-05],
          [1.5434e-04],
          [1.0873e-04],
          [1.9044e-05],
          [1.9113e-05],
          [1.8059e-05],
          [1.6884e-05],
          [1.6300e-05],
          [1.5783e-05],
          [2.5275e-05],
          [5.8733e-05],
          [5.1382e-05],
          [1.0448e-04],
          [9.0548e-05],
          [2.5167e-05],
          [1.7665e-05],
          [1.6349e-05],
          [1.7025e-05],
          [1.2647e-05],
          [2.2169e-04],
          [1.5075e-04],
          [2.0650e-05],
          [7.8924e-05],
          [8.8169e-05],
          [1.6560e-05],
          [3.5248e-04],
          [2.0484e-05],
          [2.2999e-04],
          [1.7112e-05],
          [1.4067e-05],
          [1.2827e-05],
          [1.3396e-05],
          [1.3513e-05],
          [1.4496e-05],
          [4.4709e-06]]]])
