# Using CPU
# Loading Embeddings...
# Making Predictions...
torch.Size([1, 1, 442, 268])
tensor([[[[7.1566e-05],
          [2.7356e-05],
          [7.6975e-05],
          [3.1546e-05],
          [2.1135e-05],
          [1.9805e-04],
          [1.2282e-04],
          [5.9488e-05],
          [1.2880e-04],
          [1.0956e-04],
          [6.7263e-05],
          [5.1408e-05],
          [2.7995e-04],
          [1.1493e-04],
          [4.4218e-05],
          [3.0792e-05],
          [3.5039e-05],
          [4.8691e-05],
          [4.9425e-05],
          [4.5629e-05],
          [2.3376e-04],
          [4.2410e-05],
          [8.1365e-05],
          [4.5681e-05],
          [4.8454e-05],
          [5.9745e-05],
          [6.7087e-05],
          [9.4390e-05],
          [1.1110e-04],
          [1.2661e-04],
          [1.1673e-04],
          [1.1691e-04],
          [1.0088e-04],
          [9.6116e-05],
          [7.9484e-05],
          [6.8136e-05],
          [1.2400e-03],
          [7.1241e-05],
          [1.7001e-04],
          [1.2632e-04],
          [1.2357e-04],
          [4.5057e-05],
          [4.1887e-05],
          [3.9164e-05],
          [3.3525e-05],
          [4.2046e-05],
          [3.5197e-05],
          [3.2576e-05],
          [3.5328e-05],
          [2.0698e-04],
          [9.0875e-05],
          [3.8321e-05],
          [3.5611e-05],
          [2.9560e-04],
          [7.5055e-05],
          [3.3318e-05],
          [3.1428e-05],
          [2.7906e-05],
          [4.0424e-05],
          [3.6746e-05],
          [4.5036e-05],
          [3.8113e-05],
          [5.4952e-04],
          [1.8867e-04],
          [6.8136e-05],
          [4.6926e-05],
          [5.2398e-05],
          [5.2154e-05],
          [6.7479e-05],
          [4.9415e-05],
          [4.2894e-05],
          [3.7187e-04],
          [3.5500e-05],
          [3.1869e-05],
          [3.5843e-05],
          [3.5345e-05],
          [1.5661e-04],
          [3.7252e-05],
          [3.7704e-05],
          [3.0507e-05],
          [1.5809e-04],
          [9.7224e-05],
          [3.2691e-05],
          [3.2185e-05],
          [3.6863e-05],
          [3.5996e-05],
          [3.5963e-05],
          [5.0425e-05],
          [4.2444e-05],
          [3.5010e-05],
          [1.7214e-04],
          [3.6053e-05],
          [1.1675e-04],
          [3.0822e-05],
          [3.0618e-05],
          [3.6479e-05],
          [4.0849e-05],
          [4.4596e-05],
          [4.8681e-05],
          [5.3747e-05],
          [5.0494e-05],
          [6.1357e-05],
          [4.6380e-05],
          [3.6878e-05],
          [3.1812e-05],
          [4.3000e-05],
          [4.4959e-05],
          [5.6914e-05],
          [6.2612e-05],
          [5.2252e-05],
          [3.9059e-05],
          [5.7711e-05],
          [1.5557e-04],
          [2.5909e-05],
          [1.7055e-04],
          [3.1701e-05],
          [3.5789e-05],
          [3.8471e-05],
          [3.4275e-05],
          [3.2574e-05],
          [3.7600e-05],
          [3.5947e-05],
          [3.1947e-05],
          [3.3376e-05],
          [4.4324e-05],
          [3.8783e-05],
          [4.2659e-05],
          [4.8268e-05],
          [5.7139e-05],
          [5.8685e-05],
          [5.6324e-05],
          [4.4186e-04],
          [1.8809e-04],
          [7.1151e-05],
          [6.3823e-05],
          [5.7853e-05],
          [5.0384e-05],
          [5.4300e-05],
          [6.2549e-05],
          [4.6764e-05],
          [3.9930e-05],
          [3.8176e-05],
          [2.6761e-05],
          [3.5740e-05],
          [3.4700e-05],
          [4.0394e-05],
          [4.8525e-05],
          [6.7056e-05],
          [7.9305e-05],
          [1.1481e-04],
          [1.1263e-04],
          [1.2293e-04],
          [9.0883e-05],
          [1.1685e-04],
          [9.3407e-05],
          [1.0220e-04],
          [1.9408e-04],
          [8.4798e-05],
          [9.8971e-05],
          [1.0511e-04],
          [7.1453e-05],
          [4.5738e-05],
          [3.9205e-05],
          [4.8309e-05],
          [4.4160e-05],
          [4.9908e-05],
          [5.0559e-05],
          [4.4293e-05],
          [5.4770e-05],
          [5.1136e-05],
          [4.8311e-05],
          [3.3704e-04],
          [1.5392e-04],
          [6.6973e-05],
          [7.4068e-05],
          [6.7962e-05],
          [6.4820e-05],
          [6.3440e-05],
          [5.1686e-04],
          [6.7918e-05],
          [2.7073e-04],
          [3.8947e-05],
          [3.5923e-05],
          [1.2377e-04],
          [2.2479e-05],
          [1.2225e-04],
          [3.0696e-05],
          [3.0661e-05],
          [2.7684e-05],
          [1.8097e-04],
          [2.7468e-05],
          [8.8818e-05],
          [4.4923e-05],
          [5.4178e-05],
          [4.3824e-05],
          [4.7971e-05],
          [5.4808e-05],
          [4.8467e-05],
          [3.4442e-04],
          [1.2611e-04],
          [5.1143e-05],
          [5.0870e-05],
          [4.1956e-05],
          [3.4877e-05],
          [4.1998e-05],
          [3.6124e-05],
          [4.5329e-05],
          [1.4258e-04],
          [7.0972e-05],
          [3.5296e-05],
          [3.1352e-05],
          [2.8980e-05],
          [3.4805e-05],
          [1.5114e-04],
          [3.5132e-05],
          [2.8264e-05],
          [1.9458e-04],
          [3.5367e-05],
          [2.9393e-05],
          [2.7610e-05],
          [2.9269e-05],
          [3.7433e-05],
          [3.1893e-05],
          [3.2602e-05],
          [2.7460e-05],
          [3.8217e-05],
          [3.6733e-05],
          [3.5795e-05],
          [3.4900e-05],
          [4.1294e-05],
          [3.1023e-05],
          [3.7515e-05],
          [3.1289e-05],
          [2.3497e-05],
          [2.3724e-04],
          [1.0456e-04],
          [3.6787e-05],
          [3.2261e-05],
          [3.0527e-05],
          [3.9690e-05],
          [5.9812e-05],
          [3.3648e-05],
          [2.6076e-05],
          [7.5802e-05],
          [2.3427e-05],
          [1.8868e-05],
          [7.2971e-05],
          [9.7500e-05],
          [2.7266e-05],
          [1.3281e-04],
          [3.4277e-05],
          [1.1552e-04],
          [8.7236e-05],
          [4.2794e-05],
          [4.9981e-05],
          [5.1039e-05],
          [5.4531e-05],
          [5.5703e-05],
          [6.2457e-05],
          [5.9563e-05],
          [7.2205e-05],
          [9.6696e-05],
          [8.6346e-05],
          [1.1124e-04],
          [1.6624e-04],
          [1.0316e-04],
          [1.7930e-04],
          [1.0910e-03],
          [6.1083e-05],
          [6.0140e-05],
          [2.6920e-04],
          [7.0545e-05],
          [4.0762e-05],
          [2.0229e-04],
          [2.4098e-04],
          [5.4673e-05],
          [2.2169e-04],
          [2.5876e-05],
          [3.0385e-05],
          [2.9029e-05],
          [1.8241e-05],
          [2.0200e-05],
          [1.9335e-05],
          [2.6374e-05],
          [2.3480e-05],
          [2.6098e-05],
          [2.2417e-05],
          [1.8049e-04],
          [2.7434e-05],
          [5.9842e-05],
          [4.8964e-05],
          [3.5347e-05],
          [2.5142e-05],
          [2.9544e-05],
          [2.6975e-05],
          [2.4465e-05],
          [2.3336e-05],
          [1.8011e-04],
          [2.4199e-05],
          [1.0422e-04],
          [2.6838e-05],
          [2.8605e-05],
          [3.0261e-05],
          [3.0690e-05],
          [2.9447e-05],
          [2.8816e-05],
          [2.7010e-05],
          [3.7212e-05],
          [3.1803e-05],
          [3.9155e-05],
          [3.3110e-05],
          [3.8942e-05],
          [3.1868e-04],
          [1.1010e-04],
          [3.7144e-05],
          [4.0386e-05],
          [2.7419e-05],
          [2.7596e-05],
          [2.9021e-05],
          [2.9774e-05],
          [2.9311e-05],
          [2.6834e-05],
          [2.2944e-05],
          [2.3359e-05],
          [1.9142e-05],
          [1.7113e-05],
          [2.1606e-05],
          [1.9532e-05],
          [2.6821e-05],
          [1.9711e-05],
          [2.5507e-05],
          [2.8611e-05],
          [2.8314e-05],
          [2.7022e-05],
          [3.5687e-05],
          [3.0469e-05],
          [3.1427e-05],
          [3.5151e-05],
          [3.2819e-05],
          [3.2882e-05],
          [3.9546e-05],
          [2.8322e-05],
          [2.2599e-05],
          [2.5512e-05],
          [2.9210e-05],
          [2.5959e-05],
          [1.8241e-05],
          [4.0728e-05],
          [1.8377e-05],
          [2.3187e-05],
          [2.3366e-05],
          [2.1066e-05],
          [2.0323e-05],
          [2.0992e-05],
          [2.1343e-05],
          [2.1683e-05],
          [9.9599e-05],
          [2.6778e-05],
          [1.2512e-04],
          [2.6230e-05],
          [3.4338e-05],
          [2.7915e-05],
          [2.7737e-05],
          [3.7646e-05],
          [2.7766e-05],
          [2.7433e-05],
          [2.6725e-05],
          [2.5969e-05],
          [3.1692e-05],
          [3.3030e-05],
          [2.9848e-05],
          [3.1456e-05],
          [2.6905e-05],
          [1.5553e-04],
          [4.6122e-05],
          [1.7179e-04],
          [2.6179e-05],
          [2.0386e-05],
          [1.7575e-05],
          [1.9528e-05],
          [1.9442e-04],
          [8.7596e-05],
          [2.2314e-05],
          [2.5169e-05],
          [4.1428e-05],
          [4.7384e-05],
          [4.9822e-05],
          [6.7866e-05],
          [6.8704e-05],
          [5.4370e-05],
          [4.0386e-05],
          [3.9551e-05],
          [3.4837e-05],
          [2.3177e-05],
          [2.3405e-05],
          [1.9519e-05],
          [2.5915e-05],
          [2.4009e-05],
          [1.7923e-05],
          [1.0780e-04],
          [3.5666e-05],
          [2.9297e-05],
          [5.3709e-05],
          [1.8522e-05],
          [2.9404e-05],
          [1.8932e-05],
          [1.9036e-05],
          [2.4408e-05],
          [1.8748e-04],
          [8.6700e-05],
          [3.5675e-05],
          [3.7803e-05],
          [3.8748e-05],
          [2.5409e-05],
          [3.3546e-05],
          [3.8373e-05],
          [2.9588e-05],
          [4.6714e-05],
          [7.9002e-05],
          [1.1094e-04],
          [1.3592e-04],
          [2.7767e-05],
          [2.3028e-05],
          [1.3341e-05],
          [2.3813e-05],
          [1.8243e-05],
          [2.1551e-04],
          [1.4032e-04],
          [1.8563e-05],
          [9.8567e-05],
          [8.8615e-05],
          [2.0661e-05],
          [2.4755e-04],
          [2.2546e-05],
          [3.3218e-04],
          [2.1174e-05],
          [2.6916e-05],
          [2.7893e-05],
          [2.4347e-05],
          [2.0175e-05],
          [9.4804e-06],
          [4.7064e-06]]]])
