# Using CPU
# Loading Embeddings...
# Making Predictions...
torch.Size([1, 1, 442, 254])
tensor([[[[1.6883e-04],
          [3.2861e-05],
          [7.9854e-05],
          [1.7767e-05],
          [1.0287e-05],
          [3.6953e-04],
          [2.0212e-04],
          [1.6114e-05],
          [2.2415e-04],
          [2.5659e-04],
          [1.7095e-05],
          [1.6727e-05],
          [4.5825e-04],
          [1.6297e-04],
          [1.3535e-05],
          [1.0588e-05],
          [1.3298e-05],
          [1.4446e-05],
          [1.8095e-05],
          [1.9775e-05],
          [6.5426e-04],
          [2.3086e-05],
          [1.3187e-04],
          [1.6662e-05],
          [1.8755e-05],
          [2.6810e-05],
          [3.4978e-05],
          [6.1062e-05],
          [7.1328e-05],
          [9.5629e-05],
          [9.6762e-05],
          [1.3060e-04],
          [1.2191e-04],
          [1.4095e-04],
          [1.0350e-04],
          [8.9546e-05],
          [1.9269e-03],
          [9.0355e-05],
          [2.5909e-04],
          [2.4718e-04],
          [1.8363e-04],
          [2.6959e-05],
          [2.4541e-05],
          [2.6269e-05],
          [1.6975e-05],
          [1.6828e-05],
          [1.3364e-05],
          [2.1375e-05],
          [2.6303e-05],
          [2.2004e-04],
          [1.2421e-04],
          [2.0543e-05],
          [1.5988e-05],
          [4.2002e-04],
          [1.3363e-04],
          [1.4268e-05],
          [1.3503e-05],
          [1.3391e-05],
          [1.8975e-05],
          [2.1061e-05],
          [1.9043e-05],
          [1.9437e-05],
          [5.0050e-04],
          [1.8168e-04],
          [1.4456e-05],
          [1.5202e-05],
          [1.5392e-05],
          [1.4152e-05],
          [1.4514e-05],
          [1.3991e-05],
          [1.4442e-05],
          [2.9407e-04],
          [2.4420e-05],
          [2.4807e-05],
          [1.9250e-05],
          [2.5246e-05],
          [2.7794e-04],
          [1.3724e-05],
          [1.3172e-05],
          [1.2130e-05],
          [3.6324e-04],
          [1.3178e-04],
          [1.2793e-05],
          [1.3355e-05],
          [1.4916e-05],
          [1.7647e-05],
          [1.8773e-05],
          [2.2149e-05],
          [1.7531e-05],
          [1.5610e-05],
          [4.1711e-04],
          [1.0079e-04],
          [1.8455e-04],
          [1.3132e-05],
          [1.7970e-05],
          [2.5651e-05],
          [2.6684e-05],
          [3.4281e-05],
          [3.0253e-05],
          [3.4769e-05],
          [3.3883e-05],
          [2.5664e-05],
          [1.6478e-05],
          [1.4375e-05],
          [1.4217e-05],
          [1.8992e-05],
          [2.1489e-05],
          [2.3541e-05],
          [2.5162e-05],
          [2.6770e-05],
          [2.0481e-05],
          [9.1869e-05],
          [1.7381e-04],
          [2.9638e-05],
          [1.8380e-04],
          [1.3533e-05],
          [1.2267e-05],
          [1.0967e-05],
          [1.3595e-05],
          [1.3521e-05],
          [1.4406e-05],
          [1.1697e-05],
          [1.3234e-05],
          [1.1892e-05],
          [1.2925e-05],
          [1.3301e-05],
          [1.5226e-05],
          [1.5684e-05],
          [1.7337e-05],
          [1.8719e-05],
          [1.8298e-05],
          [4.1774e-04],
          [2.7599e-04],
          [2.1194e-05],
          [2.5704e-05],
          [2.1869e-05],
          [1.6576e-05],
          [1.6190e-05],
          [1.2693e-05],
          [1.4205e-05],
          [1.2594e-05],
          [1.1908e-05],
          [9.8213e-06],
          [1.1323e-05],
          [1.4789e-05],
          [1.9041e-05],
          [2.2869e-05],
          [2.8792e-05],
          [3.7702e-05],
          [5.5762e-05],
          [5.5804e-05],
          [6.0891e-05],
          [6.9508e-05],
          [9.2096e-05],
          [7.6541e-05],
          [7.1350e-05],
          [4.5450e-04],
          [1.5862e-04],
          [2.2154e-04],
          [2.0785e-04],
          [1.6053e-05],
          [1.5906e-05],
          [1.5471e-05],
          [1.8440e-05],
          [1.7107e-05],
          [2.4523e-05],
          [1.8735e-05],
          [2.0662e-05],
          [1.9578e-05],
          [2.1323e-05],
          [1.7665e-05],
          [3.6432e-04],
          [1.1510e-04],
          [2.1086e-05],
          [2.9192e-05],
          [4.0521e-05],
          [2.8834e-05],
          [2.6457e-05],
          [4.5141e-04],
          [5.4879e-05],
          [2.2313e-04],
          [1.4404e-05],
          [1.4227e-05],
          [2.3039e-04],
          [1.8187e-05],
          [1.6162e-04],
          [2.1032e-05],
          [2.2401e-05],
          [1.8972e-05],
          [4.0106e-04],
          [3.7264e-05],
          [6.7217e-04],
          [1.8015e-05],
          [2.3860e-05],
          [2.3664e-05],
          [2.5469e-05],
          [2.7588e-05],
          [2.1932e-05],
          [3.7567e-04],
          [1.2592e-04],
          [1.7630e-05],
          [1.5128e-05],
          [1.6861e-05],
          [1.3019e-05],
          [1.4477e-05],
          [1.9010e-05],
          [1.6251e-05],
          [3.6558e-04],
          [1.4352e-04],
          [1.4002e-05],
          [1.2631e-05],
          [1.3166e-05],
          [1.3546e-05],
          [2.5106e-04],
          [2.7459e-05],
          [2.3107e-05],
          [2.1645e-04],
          [1.3617e-05],
          [1.2802e-05],
          [1.2995e-05],
          [1.3220e-05],
          [1.6762e-05],
          [1.5135e-05],
          [1.3686e-05],
          [1.3302e-05],
          [1.4991e-05],
          [1.5280e-05],
          [1.6824e-05],
          [1.2275e-05],
          [1.0907e-05],
          [1.1123e-05],
          [1.1161e-05],
          [1.1155e-05],
          [1.0719e-05],
          [3.0023e-04],
          [7.7648e-05],
          [1.4741e-05],
          [1.6781e-05],
          [1.4914e-05],
          [1.6711e-05],
          [1.6669e-05],
          [2.3118e-05],
          [2.2410e-05],
          [2.6337e-05],
          [2.3910e-05],
          [1.5177e-05],
          [1.6145e-04],
          [3.9224e-04],
          [2.1263e-05],
          [2.0515e-04],
          [1.1623e-05],
          [1.9541e-04],
          [9.5000e-05],
          [2.3393e-05],
          [3.0960e-05],
          [3.5704e-05],
          [3.3272e-05],
          [4.3851e-05],
          [4.9844e-05],
          [6.1684e-05],
          [5.1936e-05],
          [6.5525e-05],
          [7.5404e-05],
          [8.6252e-05],
          [9.7744e-05],
          [6.4302e-05],
          [7.9363e-05],
          [4.0151e-04],
          [2.5143e-05],
          [3.0541e-05],
          [1.4745e-04],
          [1.2423e-04],
          [2.7660e-05],
          [8.2628e-05],
          [1.9009e-04],
          [5.3231e-05],
          [1.8480e-04],
          [1.3682e-05],
          [1.0425e-05],
          [1.0487e-05],
          [9.9359e-06],
          [8.9941e-06],
          [1.0113e-05],
          [1.8396e-05],
          [1.6104e-05],
          [2.0311e-05],
          [1.5383e-05],
          [6.6973e-04],
          [2.1860e-05],
          [1.1173e-04],
          [3.7750e-05],
          [1.1613e-05],
          [1.0590e-05],
          [1.0716e-05],
          [1.0634e-05],
          [9.9133e-06],
          [9.7777e-06],
          [4.4379e-04],
          [1.8894e-05],
          [1.8320e-04],
          [1.3427e-05],
          [1.1888e-05],
          [1.5520e-05],
          [1.5471e-05],
          [1.5745e-05],
          [1.5873e-05],
          [1.6020e-05],
          [2.1062e-05],
          [1.8882e-05],
          [2.7391e-05],
          [3.1943e-05],
          [4.1637e-05],
          [4.0141e-04],
          [1.3434e-04],
          [2.7264e-05],
          [2.1541e-05],
          [1.5872e-05],
          [1.2395e-05],
          [1.3556e-05],
          [1.7293e-05],
          [2.0562e-05],
          [1.8576e-05],
          [1.5332e-05],
          [1.5207e-05],
          [1.5789e-05],
          [1.2766e-05],
          [1.3807e-05],
          [1.2633e-05],
          [1.4905e-05],
          [1.2855e-05],
          [1.3430e-05],
          [1.2524e-05],
          [1.4271e-05],
          [1.3258e-05],
          [1.1292e-05],
          [1.6293e-05],
          [1.7884e-05],
          [2.0557e-05],
          [1.8346e-05],
          [2.7623e-05],
          [2.9547e-05],
          [2.7534e-05],
          [1.8509e-05],
          [1.9788e-05],
          [1.9246e-05],
          [1.9952e-05],
          [1.5353e-05],
          [1.9928e-05],
          [2.0760e-05],
          [1.8981e-05],
          [1.8668e-05],
          [1.8028e-05],
          [1.8498e-05],
          [1.6594e-05],
          [1.5605e-05],
          [1.6310e-05],
          [1.7816e-04],
          [4.3836e-05],
          [8.8577e-04],
          [2.1624e-05],
          [2.2114e-05],
          [1.8155e-05],
          [1.8130e-05],
          [1.7823e-05],
          [1.3222e-05],
          [1.2533e-05],
          [1.1917e-05],
          [1.0927e-05],
          [1.0461e-05],
          [1.1844e-05],
          [1.2887e-05],
          [1.6060e-05],
          [1.5719e-05],
          [1.8830e-04],
          [6.7343e-05],
          [2.9793e-04],
          [1.2894e-05],
          [1.0664e-05],
          [1.1300e-05],
          [1.2692e-05],
          [5.8384e-04],
          [1.9352e-04],
          [1.1893e-05],
          [1.2815e-05],
          [1.5030e-05],
          [2.1024e-05],
          [2.5766e-05],
          [3.1084e-05],
          [3.4854e-05],
          [3.2474e-05],
          [2.6869e-05],
          [2.3513e-05],
          [2.1419e-05],
          [1.6592e-05],
          [1.4929e-05],
          [1.2439e-05],
          [1.3118e-05],
          [1.0641e-05],
          [1.0803e-05],
          [4.8275e-05],
          [3.7470e-05],
          [5.7186e-05],
          [4.7094e-05],
          [3.4080e-05],
          [2.8675e-05],
          [2.6961e-05],
          [2.6707e-05],
          [2.1532e-05],
          [3.3761e-04],
          [1.1858e-04],
          [2.3001e-05],
          [2.1340e-05],
          [1.7317e-05],
          [1.6037e-05],
          [1.8079e-05],
          [1.8535e-05],
          [2.6505e-05],
          [1.1678e-04],
          [6.9954e-05],
          [3.3276e-04],
          [2.1442e-04],
          [2.6276e-05],
          [1.6926e-05],
          [1.6549e-05],
          [1.8568e-05],
          [1.3164e-05],
          [2.5400e-04],
          [2.6061e-04],
          [1.8215e-05],
          [7.1577e-05],
          [8.8517e-05],
          [1.8867e-05],
          [3.9152e-04],
          [2.8566e-05],
          [3.1097e-04],
          [2.3877e-05],
          [1.4673e-05],
          [1.0963e-05],
          [1.5477e-05],
          [1.1511e-05],
          [3.7095e-05],
          [8.2104e-06]]]])
