# Using CPU
# Loading Embeddings...
# Making Predictions...
torch.Size([1, 1, 442, 199])
tensor([[[[5.6715e-05],
          [1.9928e-05],
          [5.4638e-05],
          [2.3007e-05],
          [1.1884e-05],
          [1.1316e-04],
          [1.1589e-04],
          [1.6217e-05],
          [1.2034e-04],
          [1.1565e-04],
          [1.5095e-05],
          [1.4716e-05],
          [2.3194e-04],
          [1.5457e-04],
          [3.3807e-05],
          [1.2625e-05],
          [1.7418e-05],
          [2.5013e-05],
          [2.9530e-05],
          [3.3872e-05],
          [9.5139e-05],
          [1.6994e-05],
          [7.2619e-05],
          [1.3394e-05],
          [1.5655e-05],
          [1.9841e-05],
          [2.4075e-05],
          [3.1856e-05],
          [4.0357e-05],
          [5.0760e-05],
          [4.8612e-05],
          [5.6591e-05],
          [5.6023e-05],
          [5.8016e-05],
          [4.7515e-05],
          [4.4075e-05],
          [8.3028e-04],
          [6.1396e-05],
          [1.5426e-04],
          [9.7240e-05],
          [1.2788e-04],
          [2.0318e-05],
          [1.7686e-05],
          [1.7353e-05],
          [1.4917e-05],
          [1.4699e-05],
          [1.4101e-05],
          [1.3255e-05],
          [1.4122e-05],
          [1.0387e-04],
          [1.1660e-04],
          [1.3246e-05],
          [1.2493e-05],
          [1.0436e-04],
          [7.5892e-05],
          [1.2928e-05],
          [1.2032e-05],
          [1.4714e-05],
          [1.2657e-05],
          [1.2781e-05],
          [1.3176e-05],
          [1.5088e-05],
          [3.6687e-04],
          [1.8910e-04],
          [1.5335e-05],
          [1.4884e-05],
          [1.5832e-05],
          [1.5184e-05],
          [1.8177e-05],
          [1.7963e-05],
          [1.6992e-05],
          [1.5121e-04],
          [2.3405e-05],
          [1.8521e-05],
          [1.3160e-05],
          [2.0604e-05],
          [1.7617e-04],
          [1.2569e-05],
          [1.2424e-05],
          [1.2097e-05],
          [1.1235e-04],
          [1.1863e-04],
          [1.1811e-05],
          [1.1392e-05],
          [1.2817e-05],
          [1.3576e-05],
          [1.6392e-05],
          [1.8325e-05],
          [1.7704e-05],
          [1.7343e-05],
          [9.3321e-05],
          [3.7136e-05],
          [1.4703e-04],
          [1.2661e-05],
          [1.1281e-05],
          [1.3061e-05],
          [1.7744e-05],
          [2.9989e-05],
          [3.6583e-05],
          [4.7703e-05],
          [7.6271e-05],
          [5.5970e-05],
          [3.4587e-05],
          [2.1340e-05],
          [1.8925e-05],
          [2.1117e-05],
          [2.3493e-05],
          [1.8988e-05],
          [2.0033e-05],
          [1.7850e-05],
          [1.6094e-05],
          [5.8335e-05],
          [1.6682e-04],
          [2.0976e-05],
          [2.0113e-04],
          [2.0362e-05],
          [1.4713e-05],
          [1.5701e-05],
          [2.1701e-05],
          [2.6649e-05],
          [2.3217e-05],
          [2.2794e-05],
          [1.6141e-05],
          [1.2663e-05],
          [1.4191e-05],
          [1.4534e-05],
          [1.5330e-05],
          [1.4355e-05],
          [1.6410e-05],
          [1.9513e-05],
          [2.1362e-05],
          [3.8869e-04],
          [2.0095e-04],
          [2.7934e-05],
          [2.9243e-05],
          [2.7141e-05],
          [2.3157e-05],
          [2.5294e-05],
          [2.1405e-05],
          [1.9723e-05],
          [1.7404e-05],
          [1.4513e-05],
          [1.1692e-05],
          [1.4715e-05],
          [1.7680e-05],
          [2.3266e-05],
          [2.7189e-05],
          [3.5969e-05],
          [4.1737e-05],
          [6.4357e-05],
          [6.4691e-05],
          [6.7351e-05],
          [5.6299e-05],
          [6.8796e-05],
          [5.0714e-05],
          [4.9275e-05],
          [2.9588e-04],
          [6.2806e-05],
          [8.3260e-05],
          [8.8634e-05],
          [2.0738e-05],
          [2.1763e-05],
          [2.0528e-05],
          [2.0941e-05],
          [2.1324e-05],
          [2.3558e-05],
          [2.0900e-05],
          [1.9975e-05],
          [2.1434e-05],
          [2.0469e-05],
          [2.0724e-05],
          [2.5151e-04],
          [1.0694e-04],
          [2.5781e-05],
          [2.5997e-05],
          [4.2473e-05],
          [2.9090e-05],
          [2.7782e-05],
          [2.9376e-04],
          [7.1467e-05],
          [2.4237e-04],
          [1.3252e-05],
          [1.7486e-05],
          [1.0508e-04],
          [1.4751e-05],
          [1.3831e-04],
          [1.4903e-05],
          [1.4896e-05],
          [1.3178e-05],
          [9.2348e-05],
          [1.6295e-05],
          [9.7789e-05],
          [1.8656e-05],
          [1.9775e-05],
          [2.0449e-05],
          [1.8603e-05],
          [1.8789e-05],
          [1.9438e-05],
          [3.0861e-04],
          [1.3447e-04],
          [1.7651e-05],
          [1.6292e-05],
          [1.3916e-05],
          [1.4660e-05],
          [1.5273e-05],
          [1.3164e-05],
          [1.0723e-05],
          [8.1602e-05],
          [7.6004e-05],
          [1.0970e-05],
          [1.0535e-05],
          [1.0595e-05],
          [1.1263e-05],
          [1.3122e-04],
          [3.9469e-05],
          [2.2321e-05],
          [2.2649e-04],
          [1.5910e-05],
          [1.3350e-05],
          [1.2606e-05],
          [1.1629e-05],
          [1.3401e-05],
          [1.1335e-05],
          [1.0996e-05],
          [1.0536e-05],
          [1.3638e-05],
          [1.3527e-05],
          [1.1644e-05],
          [1.0283e-05],
          [1.1174e-05],
          [9.9107e-06],
          [1.0131e-05],
          [1.0047e-05],
          [1.1231e-05],
          [1.2259e-04],
          [7.8353e-05],
          [1.4298e-05],
          [1.3752e-05],
          [1.2532e-05],
          [1.8582e-05],
          [2.2784e-05],
          [2.7439e-05],
          [1.9473e-05],
          [2.4819e-05],
          [2.8644e-05],
          [1.3821e-05],
          [5.5387e-05],
          [7.9676e-05],
          [1.5740e-05],
          [1.9120e-04],
          [1.2581e-05],
          [9.1923e-05],
          [1.1351e-04],
          [1.4437e-05],
          [1.4948e-05],
          [1.7256e-05],
          [1.7426e-05],
          [1.7888e-05],
          [1.9340e-05],
          [2.7461e-05],
          [2.6333e-05],
          [4.3677e-05],
          [5.7580e-05],
          [8.0810e-05],
          [1.2835e-04],
          [8.4203e-05],
          [1.0423e-04],
          [7.1366e-04],
          [4.0361e-05],
          [3.9726e-05],
          [1.7431e-04],
          [6.9421e-05],
          [2.7009e-05],
          [8.9424e-05],
          [1.0403e-04],
          [4.3198e-05],
          [2.4647e-04],
          [1.5079e-05],
          [1.0651e-05],
          [1.1682e-05],
          [9.8915e-06],
          [1.0187e-05],
          [9.7099e-06],
          [1.9305e-05],
          [1.2158e-05],
          [1.5920e-05],
          [1.1424e-05],
          [1.3616e-04],
          [1.8709e-05],
          [5.7590e-05],
          [5.3510e-05],
          [1.2720e-05],
          [1.1121e-05],
          [1.1243e-05],
          [1.1199e-05],
          [1.1375e-05],
          [1.1764e-05],
          [9.7575e-05],
          [1.4927e-05],
          [1.2941e-04],
          [1.3699e-05],
          [1.3350e-05],
          [1.3011e-05],
          [1.4687e-05],
          [1.1912e-05],
          [1.1557e-05],
          [1.1425e-05],
          [1.1805e-05],
          [1.1372e-05],
          [1.2893e-05],
          [1.3985e-05],
          [1.9773e-05],
          [2.1568e-04],
          [1.1085e-04],
          [1.6496e-05],
          [1.4069e-05],
          [1.1447e-05],
          [1.0226e-05],
          [1.1790e-05],
          [1.4241e-05],
          [1.6127e-05],
          [1.4149e-05],
          [1.3406e-05],
          [1.2320e-05],
          [1.1791e-05],
          [1.0560e-05],
          [1.0282e-05],
          [1.0129e-05],
          [1.4801e-05],
          [1.2549e-05],
          [9.6410e-06],
          [9.5855e-06],
          [1.0270e-05],
          [1.1424e-05],
          [1.2955e-05],
          [1.2541e-05],
          [1.2678e-05],
          [1.2845e-05],
          [1.2481e-05],
          [1.5197e-05],
          [1.4943e-05],
          [1.5985e-05],
          [1.3116e-05],
          [1.6254e-05],
          [1.5298e-05],
          [2.2814e-05],
          [1.3910e-05],
          [1.6626e-05],
          [1.8138e-05],
          [1.2157e-05],
          [1.2098e-05],
          [1.3404e-05],
          [1.5491e-05],
          [1.3850e-05],
          [1.3284e-05],
          [1.3075e-05],
          [7.5531e-05],
          [3.2093e-05],
          [6.9753e-05],
          [1.6399e-05],
          [1.7039e-05],
          [1.4444e-05],
          [1.5093e-05],
          [1.2922e-05],
          [1.2375e-05],
          [1.1723e-05],
          [1.1017e-05],
          [1.0194e-05],
          [1.0309e-05],
          [1.0123e-05],
          [1.0708e-05],
          [1.0573e-05],
          [1.2236e-05],
          [7.6660e-05],
          [6.3829e-05],
          [1.5303e-04],
          [1.3785e-05],
          [1.0773e-05],
          [1.0514e-05],
          [1.0692e-05],
          [1.1348e-04],
          [8.8194e-05],
          [1.1573e-05],
          [1.0691e-05],
          [1.1593e-05],
          [1.2025e-05],
          [1.3198e-05],
          [1.6512e-05],
          [2.0208e-05],
          [1.8754e-05],
          [1.7262e-05],
          [1.5389e-05],
          [1.4696e-05],
          [1.3226e-05],
          [1.0379e-05],
          [1.0876e-05],
          [9.1858e-06],
          [9.9562e-06],
          [1.0536e-05],
          [3.4101e-05],
          [2.1523e-05],
          [2.4999e-05],
          [2.9656e-05],
          [3.1370e-05],
          [4.7872e-05],
          [4.2259e-05],
          [4.8626e-05],
          [2.8489e-05],
          [1.8154e-04],
          [9.7577e-05],
          [2.3023e-05],
          [2.2645e-05],
          [1.9053e-05],
          [1.9783e-05],
          [2.6300e-05],
          [2.0653e-05],
          [2.9154e-05],
          [3.9902e-05],
          [3.5130e-05],
          [5.7692e-05],
          [6.1656e-05],
          [2.6348e-05],
          [2.7683e-05],
          [1.6636e-05],
          [2.5290e-05],
          [1.4016e-05],
          [1.4224e-04],
          [1.4623e-04],
          [2.0219e-05],
          [9.1459e-05],
          [1.2884e-04],
          [2.2611e-05],
          [1.8032e-04],
          [2.7204e-05],
          [2.4459e-04],
          [2.1301e-05],
          [1.6972e-05],
          [1.4960e-05],
          [2.3388e-05],
          [1.4409e-05],
          [5.7642e-06],
          [3.7181e-06]]]])
