# Using CPU
# Loading Embeddings...
# Making Predictions...
torch.Size([1, 1, 442, 251])
tensor([[[[1.2606e-04],
          [3.0860e-05],
          [2.3923e-04],
          [2.7966e-05],
          [9.0838e-06],
          [2.0499e-04],
          [1.3453e-03],
          [1.3331e-05],
          [1.4090e-04],
          [1.4183e-03],
          [1.5816e-05],
          [1.4188e-05],
          [4.3446e-04],
          [4.9660e-04],
          [1.0609e-05],
          [1.0130e-05],
          [1.1412e-05],
          [1.3120e-05],
          [1.6161e-05],
          [2.0064e-05],
          [3.3351e-04],
          [2.4434e-05],
          [9.5964e-04],
          [1.5272e-05],
          [1.6539e-05],
          [2.2867e-05],
          [3.4401e-05],
          [6.2988e-05],
          [7.8056e-05],
          [1.0475e-04],
          [9.9791e-05],
          [1.1813e-04],
          [1.1653e-04],
          [1.2833e-04],
          [9.6739e-05],
          [7.4047e-05],
          [6.6826e-04],
          [5.0970e-05],
          [3.7679e-04],
          [6.3460e-05],
          [9.0676e-04],
          [2.2012e-05],
          [2.0790e-05],
          [2.0720e-05],
          [1.5961e-05],
          [1.5808e-05],
          [1.3011e-05],
          [1.3910e-05],
          [1.3302e-05],
          [2.4719e-04],
          [6.5983e-04],
          [1.3132e-05],
          [1.2919e-05],
          [2.2638e-04],
          [8.9733e-04],
          [1.3404e-05],
          [1.2945e-05],
          [1.2646e-05],
          [1.4954e-05],
          [1.7617e-05],
          [1.7613e-05],
          [1.6678e-05],
          [3.8363e-04],
          [4.3212e-04],
          [1.4507e-05],
          [1.5831e-05],
          [1.6046e-05],
          [1.5373e-05],
          [1.7990e-05],
          [1.4473e-05],
          [1.4682e-05],
          [4.1314e-04],
          [2.5055e-05],
          [2.7325e-05],
          [1.5907e-05],
          [2.9092e-05],
          [3.0957e-03],
          [1.4180e-05],
          [1.3862e-05],
          [1.2514e-05],
          [2.1958e-04],
          [5.1824e-04],
          [1.5611e-05],
          [1.5185e-05],
          [1.5555e-05],
          [1.7609e-05],
          [1.9586e-05],
          [2.0157e-05],
          [1.7098e-05],
          [1.5748e-05],
          [2.2519e-04],
          [6.0342e-05],
          [6.5679e-04],
          [1.3868e-05],
          [1.7352e-05],
          [2.1809e-05],
          [2.3529e-05],
          [2.8034e-05],
          [2.9977e-05],
          [3.1605e-05],
          [2.8862e-05],
          [2.1942e-05],
          [1.4293e-05],
          [1.3259e-05],
          [1.3714e-05],
          [1.8080e-05],
          [2.0360e-05],
          [1.9890e-05],
          [2.1562e-05],
          [2.1676e-05],
          [1.7640e-05],
          [6.6554e-05],
          [1.7811e-04],
          [2.1537e-05],
          [5.8583e-04],
          [1.4189e-05],
          [1.3905e-05],
          [1.2967e-05],
          [1.8178e-05],
          [1.7771e-05],
          [2.1570e-05],
          [1.7937e-05],
          [1.6476e-05],
          [1.3306e-05],
          [1.4804e-05],
          [1.4921e-05],
          [1.5322e-05],
          [1.5425e-05],
          [1.7757e-05],
          [2.0059e-05],
          [1.7525e-05],
          [4.0793e-04],
          [7.5591e-04],
          [2.8450e-05],
          [3.0651e-05],
          [2.9420e-05],
          [2.5810e-05],
          [2.4604e-05],
          [1.9623e-05],
          [1.7459e-05],
          [1.5325e-05],
          [1.4381e-05],
          [1.2340e-05],
          [1.4998e-05],
          [1.5911e-05],
          [1.6246e-05],
          [1.9821e-05],
          [2.4922e-05],
          [3.2503e-05],
          [5.4255e-05],
          [5.1295e-05],
          [5.6872e-05],
          [6.7409e-05],
          [7.7689e-05],
          [6.4371e-05],
          [5.4326e-05],
          [1.2937e-04],
          [5.6977e-04],
          [1.0162e-04],
          [1.5767e-03],
          [1.5952e-05],
          [1.9460e-05],
          [1.7976e-05],
          [1.9547e-05],
          [2.1611e-05],
          [2.6453e-05],
          [2.0609e-05],
          [2.0889e-05],
          [2.2597e-05],
          [2.4034e-05],
          [1.8827e-05],
          [2.0239e-04],
          [1.1122e-03],
          [2.3914e-05],
          [2.8040e-05],
          [2.8443e-05],
          [2.9595e-05],
          [2.7299e-05],
          [3.1412e-04],
          [3.2946e-05],
          [9.9845e-04],
          [1.3933e-05],
          [2.5672e-05],
          [2.3570e-04],
          [2.0811e-05],
          [5.7859e-04],
          [1.2850e-05],
          [1.1363e-05],
          [1.1061e-05],
          [2.2494e-04],
          [4.5919e-05],
          [3.3058e-03],
          [1.7714e-05],
          [2.0957e-05],
          [2.0873e-05],
          [2.0311e-05],
          [2.6566e-05],
          [2.0242e-05],
          [3.3535e-04],
          [4.5821e-04],
          [1.7310e-05],
          [1.4980e-05],
          [1.4941e-05],
          [1.2384e-05],
          [1.2879e-05],
          [1.1465e-05],
          [1.1543e-05],
          [1.7997e-04],
          [1.0406e-03],
          [1.2951e-05],
          [1.1819e-05],
          [1.1942e-05],
          [1.2105e-05],
          [2.1905e-04],
          [2.7515e-05],
          [1.7715e-05],
          [2.6052e-03],
          [1.2549e-05],
          [1.2968e-05],
          [1.1461e-05],
          [1.4501e-05],
          [1.5159e-05],
          [1.1909e-05],
          [1.1246e-05],
          [1.1470e-05],
          [1.4988e-05],
          [1.4640e-05],
          [1.2558e-05],
          [1.2217e-05],
          [1.1447e-05],
          [1.1581e-05],
          [1.0861e-05],
          [1.1039e-05],
          [1.1322e-05],
          [1.9353e-04],
          [5.5563e-04],
          [1.8193e-05],
          [1.5475e-05],
          [1.3154e-05],
          [1.5468e-05],
          [2.2915e-05],
          [2.2176e-05],
          [1.7435e-05],
          [2.2340e-05],
          [2.3366e-05],
          [1.4264e-05],
          [1.5537e-04],
          [1.2769e-04],
          [2.0232e-05],
          [6.1222e-04],
          [1.1040e-05],
          [1.6024e-04],
          [3.8980e-04],
          [1.9084e-05],
          [2.2930e-05],
          [2.3396e-05],
          [2.1212e-05],
          [2.8601e-05],
          [3.6322e-05],
          [4.6318e-05],
          [4.3152e-05],
          [6.5758e-05],
          [7.8168e-05],
          [1.1369e-04],
          [8.7435e-05],
          [8.7184e-05],
          [5.7610e-05],
          [2.7583e-04],
          [2.7953e-05],
          [2.7982e-05],
          [5.2358e-04],
          [8.8698e-05],
          [2.4603e-05],
          [4.1822e-04],
          [2.1306e-04],
          [3.5858e-05],
          [7.4113e-04],
          [1.3430e-05],
          [1.1682e-05],
          [1.0606e-05],
          [9.7488e-06],
          [1.0029e-05],
          [1.0019e-05],
          [2.5231e-05],
          [1.5994e-05],
          [1.9281e-05],
          [1.3146e-05],
          [3.8121e-04],
          [3.0198e-05],
          [1.8890e-04],
          [2.4950e-04],
          [9.9919e-06],
          [1.0719e-05],
          [1.0764e-05],
          [1.2041e-05],
          [1.1352e-05],
          [1.0569e-05],
          [2.2751e-04],
          [3.1802e-05],
          [1.7186e-03],
          [1.5274e-05],
          [1.0629e-05],
          [1.1518e-05],
          [1.2042e-05],
          [1.1628e-05],
          [1.2228e-05],
          [1.2990e-05],
          [1.7381e-05],
          [1.4827e-05],
          [2.2289e-05],
          [2.6758e-05],
          [3.2306e-05],
          [2.8627e-04],
          [8.3858e-04],
          [1.9793e-05],
          [1.6791e-05],
          [2.2401e-05],
          [1.2035e-05],
          [1.3887e-05],
          [1.4223e-05],
          [1.7263e-05],
          [1.7008e-05],
          [1.6448e-05],
          [1.4850e-05],
          [1.4888e-05],
          [1.1533e-05],
          [1.1446e-05],
          [1.1017e-05],
          [1.2199e-05],
          [1.0815e-05],
          [1.1749e-05],
          [1.2350e-05],
          [1.2573e-05],
          [1.1739e-05],
          [1.3500e-05],
          [1.6094e-05],
          [1.6824e-05],
          [2.0945e-05],
          [1.7105e-05],
          [2.6030e-05],
          [2.2195e-05],
          [2.1048e-05],
          [1.6408e-05],
          [1.9575e-05],
          [2.0837e-05],
          [2.0220e-05],
          [1.6393e-05],
          [1.5098e-05],
          [1.7065e-05],
          [1.6581e-05],
          [1.7721e-05],
          [1.5132e-05],
          [1.3998e-05],
          [1.3928e-05],
          [1.5599e-05],
          [1.5268e-05],
          [1.0583e-04],
          [5.4127e-05],
          [3.3770e-03],
          [1.8076e-05],
          [1.9509e-05],
          [1.6850e-05],
          [1.5965e-05],
          [1.6227e-05],
          [1.2162e-05],
          [1.2905e-05],
          [1.0541e-05],
          [1.0479e-05],
          [1.1562e-05],
          [1.2624e-05],
          [1.0689e-05],
          [1.4070e-05],
          [1.4690e-05],
          [1.3563e-04],
          [8.9831e-05],
          [1.9737e-03],
          [1.3098e-05],
          [1.1679e-05],
          [9.6964e-06],
          [1.5234e-05],
          [2.7706e-04],
          [1.0629e-03],
          [1.5021e-05],
          [1.4857e-05],
          [1.5255e-05],
          [2.0325e-05],
          [2.2598e-05],
          [2.6602e-05],
          [2.7850e-05],
          [2.5617e-05],
          [2.3691e-05],
          [2.1689e-05],
          [1.6706e-05],
          [1.3209e-05],
          [1.3197e-05],
          [1.1384e-05],
          [1.0915e-05],
          [1.2506e-05],
          [1.2250e-05],
          [2.1365e-05],
          [3.4809e-05],
          [4.6287e-05],
          [5.8205e-05],
          [3.5671e-05],
          [2.7701e-05],
          [2.2780e-05],
          [2.2257e-05],
          [1.7463e-05],
          [1.7519e-04],
          [5.0706e-04],
          [2.0518e-05],
          [1.8812e-05],
          [1.7797e-05],
          [1.6854e-05],
          [1.7521e-05],
          [1.7914e-05],
          [1.6220e-05],
          [8.2815e-05],
          [1.1063e-04],
          [1.5627e-04],
          [7.8641e-04],
          [1.9444e-05],
          [1.6687e-05],
          [1.6407e-05],
          [1.4785e-05],
          [1.3672e-05],
          [2.3167e-04],
          [1.1215e-04],
          [1.5285e-05],
          [6.2341e-05],
          [4.1003e-04],
          [1.6115e-05],
          [3.5434e-04],
          [1.7521e-05],
          [6.6622e-04],
          [1.7103e-05],
          [1.3528e-05],
          [1.1041e-05],
          [1.1427e-05],
          [1.1760e-05],
          [2.2176e-05],
          [9.4625e-06]]]])
