# Using CPU
# Loading Embeddings...
# Making Predictions...
torch.Size([1, 1, 442, 312])
tensor([[[[8.3029e-04],
          [7.3845e-05],
          [4.3373e-04],
          [3.8828e-05],
          [3.4503e-05],
          [1.2029e-04],
          [1.1285e-04],
          [2.8209e-05],
          [9.2154e-05],
          [9.4625e-05],
          [2.0457e-05],
          [1.6548e-05],
          [3.4602e-04],
          [7.3657e-04],
          [3.5142e-05],
          [6.5279e-05],
          [1.3936e-04],
          [3.2734e-04],
          [8.8471e-04],
          [1.8546e-03],
          [6.7021e-04],
          [2.3573e-04],
          [6.4078e-04],
          [4.1995e-05],
          [2.3422e-05],
          [2.0712e-05],
          [2.8357e-05],
          [4.7023e-05],
          [5.1960e-05],
          [7.1625e-05],
          [6.2335e-05],
          [5.6070e-05],
          [4.6078e-05],
          [3.5333e-05],
          [2.4009e-05],
          [1.7130e-05],
          [3.2669e-04],
          [2.1776e-05],
          [1.8219e-04],
          [4.6685e-05],
          [2.3215e-04],
          [1.6537e-05],
          [1.7872e-05],
          [1.9426e-05],
          [1.6314e-05],
          [1.6736e-05],
          [1.5794e-05],
          [2.0079e-05],
          [1.8722e-05],
          [2.3457e-04],
          [4.0822e-04],
          [1.7048e-05],
          [1.3556e-05],
          [1.3252e-04],
          [1.1610e-04],
          [1.3661e-05],
          [1.0840e-05],
          [1.0696e-05],
          [1.2088e-05],
          [1.3917e-05],
          [1.5782e-05],
          [1.3763e-05],
          [2.4227e-04],
          [3.4775e-04],
          [1.4816e-05],
          [1.3689e-05],
          [1.5830e-05],
          [2.0074e-05],
          [1.6545e-05],
          [1.6026e-05],
          [1.4248e-05],
          [2.3460e-04],
          [2.2189e-05],
          [2.4363e-05],
          [1.1874e-05],
          [2.2586e-05],
          [2.6881e-04],
          [1.2164e-05],
          [1.1961e-05],
          [1.1307e-05],
          [6.7400e-04],
          [8.4132e-04],
          [1.7384e-05],
          [1.2356e-05],
          [1.4621e-05],
          [1.7310e-05],
          [1.8446e-05],
          [1.8678e-05],
          [4.0850e-05],
          [7.0089e-05],
          [9.7907e-05],
          [1.0863e-04],
          [6.2883e-04],
          [9.5736e-05],
          [1.1517e-04],
          [1.8054e-04],
          [2.2609e-04],
          [8.3772e-04],
          [1.3979e-03],
          [2.6086e-03],
          [2.3127e-03],
          [1.1346e-03],
          [3.7054e-04],
          [9.9125e-05],
          [5.5694e-05],
          [2.5176e-05],
          [1.8359e-05],
          [1.8446e-05],
          [1.8394e-05],
          [1.9687e-05],
          [1.4734e-05],
          [3.6934e-05],
          [2.7918e-04],
          [3.0242e-05],
          [8.7970e-04],
          [1.4133e-05],
          [1.3351e-05],
          [1.0461e-05],
          [1.3211e-05],
          [1.7115e-05],
          [1.8679e-05],
          [2.0605e-05],
          [1.8239e-05],
          [1.4063e-05],
          [1.7803e-05],
          [2.9036e-05],
          [1.8482e-05],
          [1.8793e-05],
          [1.9041e-05],
          [2.0094e-05],
          [2.1501e-05],
          [2.9380e-04],
          [4.5349e-04],
          [2.8668e-05],
          [3.3317e-05],
          [3.5260e-05],
          [2.9873e-05],
          [2.9970e-05],
          [2.5456e-05],
          [2.1501e-05],
          [2.4963e-05],
          [1.6656e-05],
          [2.8074e-05],
          [1.6573e-05],
          [1.9141e-05],
          [1.8638e-05],
          [2.3145e-05],
          [2.9746e-05],
          [3.9319e-05],
          [6.1753e-05],
          [6.4261e-05],
          [7.0532e-05],
          [5.9743e-05],
          [7.8146e-05],
          [5.4076e-05],
          [5.0127e-05],
          [8.2286e-05],
          [4.0171e-05],
          [6.5117e-05],
          [1.8759e-04],
          [3.9242e-05],
          [2.2268e-05],
          [2.2858e-05],
          [1.9295e-05],
          [2.3495e-05],
          [2.5420e-05],
          [2.4418e-05],
          [2.4035e-05],
          [2.3599e-05],
          [2.4242e-05],
          [2.0106e-05],
          [1.9604e-04],
          [3.1384e-04],
          [2.1422e-05],
          [2.4671e-05],
          [2.3585e-05],
          [2.1673e-05],
          [1.8692e-05],
          [1.6955e-04],
          [3.8248e-05],
          [4.0792e-04],
          [2.7483e-05],
          [2.3600e-05],
          [5.0210e-04],
          [7.4657e-05],
          [2.8705e-03],
          [6.0708e-04],
          [1.3598e-03],
          [5.9807e-04],
          [4.7127e-04],
          [1.4778e-04],
          [1.2380e-04],
          [2.4082e-05],
          [2.1622e-05],
          [1.7561e-05],
          [2.1357e-05],
          [1.9437e-05],
          [1.4895e-05],
          [2.9895e-04],
          [3.8333e-04],
          [1.4919e-05],
          [1.4842e-05],
          [1.9400e-05],
          [2.1141e-05],
          [4.0428e-05],
          [4.7572e-05],
          [5.5871e-05],
          [1.6311e-04],
          [3.1847e-04],
          [3.5806e-05],
          [3.9606e-05],
          [3.1737e-05],
          [1.9059e-05],
          [3.2165e-04],
          [2.9182e-05],
          [1.9350e-05],
          [6.6675e-04],
          [1.7920e-05],
          [1.5334e-05],
          [1.5869e-05],
          [1.9236e-05],
          [2.1218e-05],
          [3.2155e-05],
          [2.7347e-05],
          [2.0495e-05],
          [2.0527e-05],
          [1.8198e-05],
          [1.6870e-05],
          [1.5782e-05],
          [1.2769e-05],
          [1.4146e-05],
          [2.1558e-05],
          [1.9010e-05],
          [1.9661e-05],
          [2.0618e-04],
          [1.3962e-04],
          [2.2189e-05],
          [1.8542e-05],
          [4.3899e-05],
          [7.8005e-05],
          [1.8240e-04],
          [3.9372e-04],
          [1.9449e-04],
          [2.0212e-04],
          [3.8394e-04],
          [8.0986e-05],
          [4.6538e-05],
          [7.4352e-04],
          [2.0082e-05],
          [7.2589e-04],
          [1.1789e-05],
          [1.1245e-04],
          [2.0269e-04],
          [1.1536e-05],
          [1.2877e-05],
          [1.4638e-05],
          [1.2314e-05],
          [1.5212e-05],
          [1.8626e-05],
          [2.5262e-05],
          [2.4263e-05],
          [2.8973e-05],
          [2.9285e-05],
          [4.6830e-05],
          [3.9850e-05],
          [4.7911e-05],
          [3.5889e-05],
          [1.8395e-04],
          [1.4707e-05],
          [2.7276e-05],
          [2.6715e-04],
          [4.7019e-05],
          [2.2386e-05],
          [1.6558e-04],
          [1.1645e-04],
          [4.3443e-05],
          [4.0948e-04],
          [1.2870e-05],
          [1.5483e-05],
          [1.1049e-05],
          [2.2278e-05],
          [2.4025e-05],
          [3.0580e-05],
          [1.1370e-04],
          [7.5311e-05],
          [1.8837e-04],
          [9.7719e-05],
          [3.2800e-03],
          [4.6135e-05],
          [2.1726e-04],
          [3.3858e-05],
          [1.2813e-05],
          [1.0490e-05],
          [1.2943e-05],
          [2.6166e-05],
          [3.6310e-05],
          [5.1392e-05],
          [3.7718e-04],
          [6.0019e-05],
          [1.2531e-03],
          [3.2970e-05],
          [2.1553e-05],
          [1.6868e-05],
          [1.3794e-05],
          [1.2909e-05],
          [1.3585e-05],
          [1.3342e-05],
          [1.3840e-05],
          [1.8977e-05],
          [1.7217e-05],
          [1.3545e-05],
          [1.0493e-05],
          [2.0374e-04],
          [4.1941e-04],
          [1.1805e-05],
          [1.4821e-05],
          [2.9534e-05],
          [1.9007e-05],
          [3.2912e-05],
          [7.3823e-05],
          [8.8448e-05],
          [9.3314e-05],
          [8.5014e-05],
          [6.1528e-05],
          [3.6218e-05],
          [2.5006e-05],
          [1.8370e-05],
          [3.2544e-05],
          [2.4272e-05],
          [3.0125e-05],
          [2.1034e-05],
          [2.3550e-05],
          [2.3598e-05],
          [2.0284e-05],
          [3.4246e-05],
          [3.4067e-05],
          [4.3215e-05],
          [5.1218e-05],
          [5.9358e-05],
          [1.1036e-04],
          [1.2584e-04],
          [7.3865e-05],
          [4.0190e-05],
          [3.4419e-05],
          [2.5257e-05],
          [5.6628e-05],
          [3.2732e-05],
          [3.5097e-05],
          [4.0370e-05],
          [5.0737e-05],
          [4.0990e-05],
          [4.1433e-05],
          [4.1601e-05],
          [2.5017e-05],
          [2.5485e-05],
          [2.1373e-05],
          [5.6269e-05],
          [1.7672e-05],
          [1.0087e-04],
          [1.6138e-05],
          [1.8769e-05],
          [2.0985e-05],
          [1.9963e-05],
          [2.6638e-05],
          [2.7234e-05],
          [3.2790e-05],
          [2.5624e-05],
          [2.3981e-05],
          [2.4392e-05],
          [2.5819e-05],
          [2.0876e-05],
          [1.8746e-05],
          [1.6601e-05],
          [7.2119e-05],
          [8.6566e-05],
          [4.7414e-04],
          [1.1201e-05],
          [1.8947e-05],
          [2.2661e-05],
          [3.7903e-05],
          [3.7602e-04],
          [1.5172e-03],
          [2.8678e-05],
          [2.7456e-05],
          [1.6369e-05],
          [1.6746e-05],
          [2.0172e-05],
          [2.2961e-05],
          [3.6918e-05],
          [4.2084e-05],
          [4.2055e-05],
          [3.1784e-05],
          [3.1631e-05],
          [2.3069e-05],
          [1.3504e-05],
          [1.3542e-05],
          [1.1417e-05],
          [1.4156e-05],
          [2.0420e-05],
          [7.0833e-05],
          [9.6561e-05],
          [2.0980e-04],
          [1.8185e-04],
          [1.2376e-04],
          [8.2726e-05],
          [3.8955e-05],
          [2.1456e-05],
          [1.5449e-05],
          [1.2229e-04],
          [2.0235e-04],
          [1.6128e-05],
          [1.6936e-05],
          [1.6040e-05],
          [1.3312e-05],
          [1.8143e-05],
          [1.5837e-05],
          [2.6287e-05],
          [3.2630e-05],
          [3.5206e-05],
          [1.3383e-04],
          [1.2328e-04],
          [6.9993e-05],
          [8.3205e-05],
          [1.4554e-04],
          [7.1897e-05],
          [4.9983e-05],
          [2.1879e-04],
          [1.8111e-04],
          [2.3250e-05],
          [9.3254e-05],
          [2.0015e-04],
          [1.4984e-05],
          [3.7462e-04],
          [1.9700e-05],
          [3.6196e-04],
          [1.6159e-05],
          [1.1643e-05],
          [9.8815e-06],
          [1.9153e-05],
          [1.5827e-05],
          [1.6329e-05],
          [5.0177e-06]]]])
