# Using CPU
# Loading Embeddings...
# Making Predictions...
torch.Size([1, 1, 442, 187])
tensor([[[[2.7295e-04],
          [9.3988e-05],
          [1.6305e-04],
          [7.2460e-05],
          [7.5756e-05],
          [3.3801e-04],
          [1.6129e-04],
          [1.0172e-04],
          [4.2387e-04],
          [1.5253e-04],
          [4.0480e-05],
          [2.3815e-05],
          [6.8739e-04],
          [2.9914e-04],
          [4.3588e-05],
          [4.2429e-05],
          [5.3396e-05],
          [7.3194e-05],
          [1.6197e-04],
          [1.4865e-04],
          [1.1270e-03],
          [1.2941e-04],
          [3.6496e-04],
          [4.6616e-05],
          [3.8693e-05],
          [3.1911e-05],
          [3.4462e-05],
          [6.3012e-05],
          [8.2873e-05],
          [1.0990e-04],
          [1.0081e-04],
          [1.0103e-04],
          [7.5379e-05],
          [7.1689e-05],
          [5.0523e-05],
          [5.3846e-05],
          [1.6480e-03],
          [5.3901e-05],
          [2.1743e-04],
          [3.3418e-04],
          [2.5737e-04],
          [2.7413e-05],
          [1.6880e-05],
          [1.8886e-05],
          [1.9932e-05],
          [2.8853e-05],
          [2.3220e-05],
          [4.4361e-05],
          [3.1948e-05],
          [7.8664e-04],
          [2.0688e-04],
          [2.6560e-05],
          [1.7339e-05],
          [9.7636e-04],
          [1.5251e-04],
          [2.0822e-05],
          [1.2463e-05],
          [1.3206e-05],
          [1.9496e-05],
          [2.0690e-05],
          [2.3817e-05],
          [2.2353e-05],
          [7.7495e-04],
          [2.8485e-04],
          [2.6852e-05],
          [2.0922e-05],
          [2.2686e-05],
          [2.3900e-05],
          [2.2658e-05],
          [2.8443e-05],
          [2.3237e-05],
          [1.2651e-03],
          [3.1528e-05],
          [6.3202e-05],
          [1.7516e-05],
          [3.2137e-05],
          [6.4212e-04],
          [2.7252e-05],
          [1.7880e-05],
          [1.9377e-05],
          [6.3153e-04],
          [3.7884e-04],
          [2.4242e-05],
          [2.3895e-05],
          [1.9644e-05],
          [2.5373e-05],
          [3.7902e-05],
          [4.5035e-05],
          [1.0564e-04],
          [1.3819e-04],
          [1.1989e-03],
          [1.7808e-04],
          [5.2645e-04],
          [2.5449e-04],
          [1.9502e-04],
          [2.2973e-04],
          [2.2634e-04],
          [2.7276e-04],
          [1.7905e-04],
          [1.6894e-04],
          [1.5639e-04],
          [1.1349e-04],
          [6.3601e-05],
          [3.9961e-05],
          [3.1376e-05],
          [2.5303e-05],
          [2.6222e-05],
          [3.1325e-05],
          [3.3683e-05],
          [3.1628e-05],
          [2.5418e-05],
          [1.8029e-04],
          [2.8274e-04],
          [2.5986e-05],
          [4.1446e-04],
          [3.7059e-05],
          [2.1855e-05],
          [1.3760e-05],
          [1.8659e-05],
          [5.0621e-05],
          [3.0507e-05],
          [4.0879e-05],
          [2.4754e-05],
          [2.5615e-05],
          [2.6392e-05],
          [3.4368e-05],
          [3.5360e-05],
          [3.5266e-05],
          [3.4076e-05],
          [4.2968e-05],
          [3.4382e-05],
          [1.1651e-03],
          [3.4788e-04],
          [5.2123e-05],
          [4.6861e-05],
          [4.1980e-05],
          [3.8123e-05],
          [3.7747e-05],
          [3.1225e-05],
          [2.2177e-05],
          [2.6391e-05],
          [2.0786e-05],
          [2.9490e-05],
          [2.3152e-05],
          [2.7420e-05],
          [2.4591e-05],
          [2.9461e-05],
          [4.2639e-05],
          [5.5772e-05],
          [8.3063e-05],
          [7.9805e-05],
          [7.7882e-05],
          [6.2536e-05],
          [7.7451e-05],
          [5.6176e-05],
          [6.3339e-05],
          [4.0109e-04],
          [1.0348e-04],
          [3.2992e-04],
          [2.2585e-04],
          [3.5490e-05],
          [2.8470e-05],
          [3.0647e-05],
          [2.4767e-05],
          [2.5597e-05],
          [3.6565e-05],
          [3.0138e-05],
          [3.4786e-05],
          [3.7287e-05],
          [4.8813e-05],
          [4.3799e-05],
          [1.8640e-03],
          [3.7175e-04],
          [4.4730e-05],
          [3.4853e-05],
          [4.4323e-05],
          [3.3111e-05],
          [3.1239e-05],
          [9.5333e-04],
          [1.0017e-04],
          [5.5255e-04],
          [3.6915e-05],
          [3.5325e-05],
          [8.0935e-04],
          [4.2991e-05],
          [4.7845e-04],
          [9.5352e-05],
          [1.2256e-04],
          [8.4548e-05],
          [6.9859e-04],
          [5.2326e-05],
          [1.0448e-04],
          [4.0861e-05],
          [2.9927e-05],
          [2.7110e-05],
          [2.4479e-05],
          [2.2181e-05],
          [2.6229e-05],
          [1.0668e-03],
          [2.0327e-04],
          [2.8205e-05],
          [4.0388e-05],
          [3.3074e-05],
          [3.9809e-05],
          [6.5005e-05],
          [6.9106e-05],
          [7.4327e-05],
          [8.9876e-04],
          [1.5801e-04],
          [7.2246e-05],
          [8.0459e-05],
          [9.1375e-05],
          [7.4301e-05],
          [1.4416e-03],
          [5.0333e-05],
          [3.4595e-05],
          [4.1945e-04],
          [2.6413e-05],
          [1.4015e-05],
          [1.8368e-05],
          [2.0612e-05],
          [2.3332e-05],
          [3.1599e-05],
          [2.5843e-05],
          [2.2052e-05],
          [2.5601e-05],
          [2.4090e-05],
          [1.4572e-05],
          [1.6244e-05],
          [1.8363e-05],
          [1.7176e-05],
          [1.7390e-05],
          [1.5703e-05],
          [1.6134e-05],
          [1.2632e-03],
          [1.3764e-04],
          [1.7350e-05],
          [1.8274e-05],
          [3.3626e-05],
          [4.1824e-05],
          [6.3113e-05],
          [8.1117e-05],
          [5.7013e-05],
          [7.2055e-05],
          [6.8049e-05],
          [3.9292e-05],
          [1.7695e-04],
          [2.7986e-04],
          [2.4921e-05],
          [5.3555e-04],
          [1.5847e-05],
          [7.6820e-04],
          [1.9691e-04],
          [1.9287e-05],
          [1.5385e-05],
          [1.6253e-05],
          [1.8106e-05],
          [1.8538e-05],
          [2.4351e-05],
          [3.3931e-05],
          [3.5780e-05],
          [6.1075e-05],
          [8.6208e-05],
          [1.2932e-04],
          [1.5648e-04],
          [1.6133e-04],
          [1.5927e-04],
          [8.9952e-04],
          [4.9669e-05],
          [4.3024e-05],
          [4.2200e-04],
          [1.7253e-04],
          [4.3690e-05],
          [1.8541e-04],
          [4.9544e-04],
          [6.8620e-05],
          [5.0666e-04],
          [1.9062e-05],
          [2.1567e-05],
          [1.6122e-05],
          [1.9918e-05],
          [2.5452e-05],
          [4.3066e-05],
          [6.0225e-05],
          [7.2123e-05],
          [1.0217e-04],
          [7.6338e-05],
          [2.3870e-03],
          [4.0333e-05],
          [2.5863e-04],
          [6.2824e-05],
          [2.1289e-05],
          [1.5207e-05],
          [1.7422e-05],
          [2.8994e-05],
          [5.2509e-05],
          [5.4591e-05],
          [1.1373e-03],
          [5.4484e-05],
          [2.5349e-04],
          [4.5697e-05],
          [3.5146e-05],
          [1.8631e-05],
          [2.3485e-05],
          [1.8284e-05],
          [2.3211e-05],
          [1.4704e-05],
          [1.3908e-05],
          [1.3257e-05],
          [1.3430e-05],
          [1.5577e-05],
          [2.4336e-05],
          [8.4892e-04],
          [2.0792e-04],
          [1.4735e-05],
          [1.8331e-05],
          [1.6109e-05],
          [1.7540e-05],
          [3.2169e-05],
          [6.1678e-05],
          [7.6649e-05],
          [1.4949e-04],
          [2.2266e-04],
          [1.8045e-04],
          [1.2836e-04],
          [6.3269e-05],
          [3.2496e-05],
          [2.3462e-05],
          [2.3605e-05],
          [1.6462e-05],
          [1.2431e-05],
          [1.4150e-05],
          [1.4739e-05],
          [1.7146e-05],
          [2.8467e-05],
          [3.1091e-05],
          [4.1632e-05],
          [6.3082e-05],
          [4.7912e-05],
          [8.8991e-05],
          [6.7852e-05],
          [6.9199e-05],
          [2.8917e-05],
          [3.1061e-05],
          [2.2338e-05],
          [2.5942e-05],
          [1.8174e-05],
          [2.6666e-05],
          [1.7865e-05],
          [2.5982e-05],
          [3.3423e-05],
          [4.7605e-05],
          [2.7911e-05],
          [1.8167e-05],
          [1.5806e-05],
          [1.6385e-05],
          [7.5070e-05],
          [2.5654e-05],
          [8.9454e-05],
          [1.2200e-05],
          [1.2412e-05],
          [1.1887e-05],
          [1.2038e-05],
          [1.2290e-05],
          [1.2831e-05],
          [1.1495e-05],
          [1.2031e-05],
          [1.2444e-05],
          [1.1828e-05],
          [1.1548e-05],
          [1.1516e-05],
          [1.2601e-05],
          [1.3218e-05],
          [1.7902e-04],
          [8.8387e-05],
          [2.4719e-04],
          [1.5199e-05],
          [1.3062e-05],
          [1.3860e-05],
          [1.8052e-05],
          [4.0932e-04],
          [2.2046e-04],
          [2.3728e-05],
          [1.6718e-05],
          [1.4348e-05],
          [1.6746e-05],
          [1.4535e-05],
          [2.3965e-05],
          [4.3596e-05],
          [8.9610e-05],
          [1.0776e-04],
          [9.1687e-05],
          [1.0979e-04],
          [4.3371e-05],
          [3.3650e-05],
          [2.4365e-05],
          [2.1844e-05],
          [1.7372e-05],
          [3.6434e-05],
          [5.3559e-05],
          [1.2981e-04],
          [2.2517e-04],
          [2.7569e-04],
          [1.9198e-04],
          [1.9349e-04],
          [1.2661e-04],
          [9.2871e-05],
          [3.9375e-05],
          [7.4510e-04],
          [1.7739e-04],
          [4.2368e-05],
          [2.5629e-05],
          [2.7258e-05],
          [3.7781e-05],
          [3.9265e-05],
          [3.1635e-05],
          [3.3443e-05],
          [1.0123e-04],
          [4.2625e-05],
          [3.3930e-04],
          [2.6912e-04],
          [4.8235e-05],
          [4.5582e-05],
          [7.7568e-05],
          [4.7533e-05],
          [4.2486e-05],
          [2.6205e-03],
          [3.4358e-04],
          [2.5779e-05],
          [1.2491e-04],
          [2.0389e-04],
          [2.3824e-05],
          [7.4806e-04],
          [3.2946e-05],
          [6.8657e-04],
          [2.6824e-05],
          [1.4676e-05],
          [1.4782e-05],
          [2.4224e-05],
          [2.7202e-05],
          [1.0813e-04],
          [8.6113e-06]]]])
