# Using CPU
# Loading Embeddings...
# Making Predictions...
torch.Size([1, 1, 442, 264])
tensor([[[[1.9819e-04],
          [4.2019e-05],
          [3.3759e-04],
          [3.2172e-05],
          [1.0104e-05],
          [5.3386e-04],
          [1.1762e-03],
          [1.9860e-05],
          [4.1584e-04],
          [1.1854e-03],
          [2.1717e-05],
          [1.8011e-05],
          [7.6823e-04],
          [7.3834e-04],
          [1.7696e-05],
          [1.1783e-05],
          [1.2391e-05],
          [1.2804e-05],
          [1.5384e-05],
          [2.2150e-05],
          [9.6130e-04],
          [4.8086e-05],
          [7.0783e-04],
          [2.2669e-05],
          [2.3414e-05],
          [2.9447e-05],
          [3.9739e-05],
          [6.4291e-05],
          [5.8685e-05],
          [7.1231e-05],
          [5.8328e-05],
          [6.3407e-05],
          [5.4483e-05],
          [5.4281e-05],
          [4.4693e-05],
          [3.9085e-05],
          [9.1182e-04],
          [7.6346e-05],
          [3.8917e-04],
          [1.0472e-04],
          [5.6585e-04],
          [2.6377e-05],
          [2.6420e-05],
          [2.7781e-05],
          [2.1006e-05],
          [1.9489e-05],
          [1.5595e-05],
          [1.3871e-05],
          [1.7602e-05],
          [4.0311e-04],
          [4.5141e-04],
          [1.3456e-05],
          [1.2601e-05],
          [7.1536e-04],
          [6.3848e-04],
          [2.0863e-05],
          [1.8973e-05],
          [1.8460e-05],
          [2.2709e-05],
          [2.7690e-05],
          [2.9141e-05],
          [2.2880e-05],
          [4.3641e-04],
          [4.9574e-04],
          [2.1106e-05],
          [1.9390e-05],
          [1.8206e-05],
          [1.6825e-05],
          [1.8880e-05],
          [1.7382e-05],
          [1.8118e-05],
          [6.2433e-04],
          [3.4756e-05],
          [2.2751e-05],
          [1.8141e-05],
          [2.5960e-05],
          [2.0695e-03],
          [1.7045e-05],
          [1.7053e-05],
          [1.4387e-05],
          [5.6174e-04],
          [4.1630e-04],
          [1.4622e-05],
          [1.6245e-05],
          [1.8767e-05],
          [2.3190e-05],
          [2.4690e-05],
          [2.6149e-05],
          [2.1752e-05],
          [1.9218e-05],
          [5.1522e-04],
          [7.4009e-05],
          [7.0897e-04],
          [1.9040e-05],
          [2.0876e-05],
          [2.5873e-05],
          [2.7688e-05],
          [3.8980e-05],
          [2.7990e-05],
          [2.9894e-05],
          [2.4718e-05],
          [1.8654e-05],
          [1.2514e-05],
          [1.3875e-05],
          [1.7058e-05],
          [2.4072e-05],
          [2.8869e-05],
          [3.2036e-05],
          [3.3638e-05],
          [3.7799e-05],
          [2.7140e-05],
          [1.9341e-04],
          [3.0371e-04],
          [2.5156e-05],
          [4.8186e-04],
          [1.5983e-05],
          [1.3611e-05],
          [1.2163e-05],
          [1.5029e-05],
          [1.6596e-05],
          [1.7029e-05],
          [1.4472e-05],
          [1.6821e-05],
          [1.4340e-05],
          [1.5515e-05],
          [1.5227e-05],
          [1.8300e-05],
          [1.9200e-05],
          [2.0299e-05],
          [2.3774e-05],
          [2.5067e-05],
          [8.5181e-04],
          [6.8470e-04],
          [2.6812e-05],
          [2.8287e-05],
          [2.1756e-05],
          [1.9568e-05],
          [1.8050e-05],
          [1.4675e-05],
          [1.5797e-05],
          [1.5404e-05],
          [1.3943e-05],
          [1.1441e-05],
          [1.3980e-05],
          [1.6982e-05],
          [2.2873e-05],
          [2.7273e-05],
          [3.8338e-05],
          [4.9748e-05],
          [7.8726e-05],
          [7.8086e-05],
          [6.6249e-05],
          [5.3505e-05],
          [6.5213e-05],
          [5.3824e-05],
          [4.9437e-05],
          [4.5443e-04],
          [4.9171e-04],
          [2.7551e-04],
          [1.2089e-03],
          [1.8078e-05],
          [2.0540e-05],
          [1.9371e-05],
          [2.2758e-05],
          [2.1919e-05],
          [2.4887e-05],
          [2.4010e-05],
          [2.5684e-05],
          [2.3652e-05],
          [2.0960e-05],
          [1.8166e-05],
          [4.6828e-04],
          [8.7311e-04],
          [2.2852e-05],
          [2.8432e-05],
          [3.3272e-05],
          [3.8764e-05],
          [3.4209e-05],
          [3.6451e-04],
          [7.2351e-05],
          [5.5988e-04],
          [2.0268e-05],
          [1.6185e-05],
          [5.0406e-04],
          [2.2475e-05],
          [4.5650e-04],
          [1.8930e-05],
          [1.5872e-05],
          [1.5859e-05],
          [8.2120e-04],
          [2.7800e-05],
          [2.4679e-03],
          [2.5072e-05],
          [3.3863e-05],
          [3.3556e-05],
          [3.9050e-05],
          [3.0749e-05],
          [2.4335e-05],
          [4.8334e-04],
          [3.7922e-04],
          [1.9979e-05],
          [1.7690e-05],
          [1.5105e-05],
          [1.4155e-05],
          [1.4033e-05],
          [1.5485e-05],
          [3.2061e-05],
          [4.9678e-04],
          [7.7199e-04],
          [1.4026e-05],
          [1.4141e-05],
          [1.6301e-05],
          [1.4309e-05],
          [4.6418e-04],
          [3.6077e-05],
          [3.3319e-05],
          [1.1825e-03],
          [1.7637e-05],
          [1.4816e-05],
          [1.7446e-05],
          [1.2733e-05],
          [1.5227e-05],
          [1.2892e-05],
          [1.3334e-05],
          [1.1900e-05],
          [2.6628e-05],
          [1.2980e-05],
          [1.1335e-05],
          [1.0005e-05],
          [1.0819e-05],
          [1.0759e-05],
          [1.1842e-05],
          [1.2272e-05],
          [1.4110e-05],
          [5.7407e-04],
          [4.2392e-04],
          [1.6201e-05],
          [1.5928e-05],
          [1.2900e-05],
          [1.5868e-05],
          [1.6120e-05],
          [2.4599e-05],
          [1.6868e-05],
          [2.0880e-05],
          [1.8976e-05],
          [1.3815e-05],
          [4.1810e-04],
          [2.8173e-04],
          [3.2400e-05],
          [8.2919e-04],
          [1.2125e-05],
          [2.5674e-04],
          [4.3022e-04],
          [1.9660e-05],
          [1.9942e-05],
          [2.4713e-05],
          [2.6948e-05],
          [3.3437e-05],
          [3.4210e-05],
          [5.2140e-05],
          [5.3290e-05],
          [4.4714e-05],
          [4.6125e-05],
          [5.2442e-05],
          [6.6089e-05],
          [6.4310e-05],
          [6.5409e-05],
          [4.2542e-04],
          [4.5645e-05],
          [3.2817e-05],
          [3.9892e-04],
          [2.6696e-04],
          [3.6330e-05],
          [4.4341e-04],
          [2.0005e-04],
          [5.2172e-05],
          [6.0952e-04],
          [1.5369e-05],
          [1.0616e-05],
          [1.0631e-05],
          [1.0144e-05],
          [9.7253e-06],
          [9.1627e-06],
          [2.6040e-05],
          [1.1941e-05],
          [1.5382e-05],
          [1.5012e-05],
          [1.0799e-03],
          [5.2960e-05],
          [1.8917e-04],
          [1.3109e-04],
          [1.2087e-05],
          [1.1054e-05],
          [1.1183e-05],
          [1.1224e-05],
          [9.8234e-06],
          [9.5630e-06],
          [5.7896e-04],
          [3.5108e-05],
          [1.3746e-03],
          [1.5909e-05],
          [1.1481e-05],
          [1.1997e-05],
          [1.3677e-05],
          [1.3584e-05],
          [1.2455e-05],
          [1.3673e-05],
          [1.6634e-05],
          [1.6150e-05],
          [1.6774e-05],
          [1.9935e-05],
          [2.1582e-05],
          [3.8747e-04],
          [6.8266e-04],
          [1.9310e-05],
          [1.5438e-05],
          [2.6668e-05],
          [1.1693e-05],
          [1.0922e-05],
          [1.5721e-05],
          [1.6325e-05],
          [1.5072e-05],
          [1.3634e-05],
          [1.3901e-05],
          [1.2839e-05],
          [1.0149e-05],
          [1.2570e-05],
          [1.2572e-05],
          [1.3476e-05],
          [1.3338e-05],
          [1.4087e-05],
          [1.3129e-05],
          [1.3812e-05],
          [1.2091e-05],
          [1.3114e-05],
          [1.5414e-05],
          [1.5452e-05],
          [1.9481e-05],
          [1.6702e-05],
          [2.2343e-05],
          [2.2435e-05],
          [2.9022e-05],
          [1.9141e-05],
          [2.1031e-05],
          [2.1560e-05],
          [2.5600e-05],
          [1.5762e-05],
          [1.7768e-05],
          [1.6497e-05],
          [1.6011e-05],
          [1.4026e-05],
          [1.2579e-05],
          [1.3952e-05],
          [1.4546e-05],
          [1.5681e-05],
          [1.5327e-05],
          [5.3987e-04],
          [3.6663e-05],
          [2.8807e-03],
          [1.7224e-05],
          [1.7970e-05],
          [2.5444e-05],
          [1.6430e-05],
          [1.5502e-05],
          [1.3628e-05],
          [1.5129e-05],
          [1.3335e-05],
          [1.3796e-05],
          [1.3335e-05],
          [1.6192e-05],
          [1.4099e-05],
          [1.5785e-05],
          [1.5398e-05],
          [5.3244e-04],
          [7.9616e-05],
          [1.3654e-03],
          [1.6132e-05],
          [1.0813e-05],
          [1.0499e-05],
          [1.2189e-05],
          [6.4794e-04],
          [8.6245e-04],
          [1.4183e-05],
          [1.3818e-05],
          [1.3920e-05],
          [2.1277e-05],
          [2.8546e-05],
          [3.5993e-05],
          [3.7524e-05],
          [3.1569e-05],
          [2.9446e-05],
          [2.5911e-05],
          [2.0663e-05],
          [1.6804e-05],
          [1.2087e-05],
          [1.1875e-05],
          [1.1861e-05],
          [1.4071e-05],
          [1.2081e-05],
          [4.2324e-05],
          [3.4882e-05],
          [4.4503e-05],
          [5.3250e-05],
          [3.9997e-05],
          [3.4651e-05],
          [2.1375e-05],
          [2.1656e-05],
          [1.8354e-05],
          [3.3374e-04],
          [3.7133e-04],
          [2.4722e-05],
          [2.1324e-05],
          [1.9565e-05],
          [1.6996e-05],
          [1.7801e-05],
          [1.8241e-05],
          [1.8979e-05],
          [1.7173e-04],
          [1.1586e-04],
          [3.9166e-04],
          [6.4134e-04],
          [1.7844e-05],
          [1.7042e-05],
          [1.5567e-05],
          [1.6465e-05],
          [1.6921e-05],
          [2.9306e-04],
          [1.3035e-04],
          [1.9583e-05],
          [8.7808e-05],
          [4.2930e-04],
          [2.0990e-05],
          [6.3090e-04],
          [3.1150e-05],
          [6.5020e-04],
          [2.2217e-05],
          [1.5149e-05],
          [1.2275e-05],
          [1.6269e-05],
          [1.1875e-05],
          [1.0442e-04],
          [5.7909e-06]]]])
