# Using CPU
# Loading Embeddings...
# Making Predictions...
torch.Size([1, 1, 442, 257])
tensor([[[[1.1070e-04],
          [2.8758e-05],
          [1.8238e-04],
          [3.2107e-05],
          [1.0189e-05],
          [4.0963e-04],
          [5.6632e-04],
          [1.4330e-05],
          [2.3144e-04],
          [6.1052e-04],
          [1.6258e-05],
          [1.5180e-05],
          [4.6280e-04],
          [3.3892e-04],
          [1.1015e-05],
          [1.1287e-05],
          [1.3667e-05],
          [1.4222e-05],
          [1.5892e-05],
          [1.8976e-05],
          [7.5680e-04],
          [2.8535e-05],
          [4.2471e-04],
          [1.5576e-05],
          [1.5868e-05],
          [2.0489e-05],
          [2.8532e-05],
          [4.3795e-05],
          [4.9709e-05],
          [6.2019e-05],
          [5.8802e-05],
          [6.4649e-05],
          [6.2555e-05],
          [7.3677e-05],
          [5.8317e-05],
          [5.5166e-05],
          [1.8784e-03],
          [4.5929e-05],
          [2.0502e-04],
          [2.2422e-04],
          [3.4544e-04],
          [2.4184e-05],
          [1.9721e-05],
          [2.0614e-05],
          [1.5359e-05],
          [1.4746e-05],
          [1.4282e-05],
          [2.6501e-05],
          [4.5889e-05],
          [2.2757e-04],
          [3.2494e-04],
          [2.2750e-05],
          [2.4609e-05],
          [4.3037e-04],
          [3.1351e-04],
          [1.2812e-05],
          [1.4441e-05],
          [1.7151e-05],
          [1.5589e-05],
          [1.9369e-05],
          [1.6585e-05],
          [1.4640e-05],
          [3.7810e-04],
          [3.5487e-04],
          [1.3591e-05],
          [1.3028e-05],
          [1.3847e-05],
          [1.4026e-05],
          [1.5361e-05],
          [1.2886e-05],
          [1.2475e-05],
          [2.6383e-04],
          [2.2108e-05],
          [2.3093e-05],
          [1.4596e-05],
          [2.2810e-05],
          [1.0530e-03],
          [1.6289e-05],
          [1.2785e-05],
          [1.3063e-05],
          [2.9727e-04],
          [1.7533e-04],
          [1.1280e-05],
          [1.2081e-05],
          [1.3782e-05],
          [1.6529e-05],
          [1.7373e-05],
          [1.8800e-05],
          [1.7644e-05],
          [1.5681e-05],
          [4.5286e-04],
          [7.2134e-05],
          [2.7516e-04],
          [1.1754e-05],
          [1.3841e-05],
          [1.8987e-05],
          [2.0738e-05],
          [2.9556e-05],
          [2.5000e-05],
          [2.7771e-05],
          [2.8840e-05],
          [2.0936e-05],
          [1.6968e-05],
          [1.1879e-05],
          [1.3029e-05],
          [1.5997e-05],
          [1.5696e-05],
          [1.8905e-05],
          [2.0801e-05],
          [2.3074e-05],
          [1.7276e-05],
          [7.3832e-05],
          [1.5101e-04],
          [1.9320e-05],
          [4.3093e-04],
          [1.3569e-05],
          [1.2581e-05],
          [1.0533e-05],
          [1.1813e-05],
          [1.3132e-05],
          [1.3631e-05],
          [1.0924e-05],
          [1.3311e-05],
          [1.1240e-05],
          [1.1666e-05],
          [1.2511e-05],
          [1.4207e-05],
          [1.2704e-05],
          [1.5717e-05],
          [1.7038e-05],
          [1.7433e-05],
          [4.0140e-04],
          [3.6259e-04],
          [1.8791e-05],
          [1.8760e-05],
          [2.0261e-05],
          [1.6349e-05],
          [2.0629e-05],
          [1.6019e-05],
          [1.5190e-05],
          [1.2746e-05],
          [1.1790e-05],
          [1.0944e-05],
          [1.1696e-05],
          [1.2571e-05],
          [1.5906e-05],
          [1.7445e-05],
          [2.1304e-05],
          [2.7395e-05],
          [4.4100e-05],
          [4.5359e-05],
          [5.0087e-05],
          [5.8120e-05],
          [5.7743e-05],
          [5.5202e-05],
          [4.7138e-05],
          [4.6327e-04],
          [2.4805e-04],
          [2.3608e-04],
          [5.5083e-04],
          [1.8031e-05],
          [1.4915e-05],
          [1.4643e-05],
          [1.3900e-05],
          [1.4633e-05],
          [1.7117e-05],
          [1.8023e-05],
          [1.7667e-05],
          [1.9739e-05],
          [1.6635e-05],
          [1.4891e-05],
          [3.2349e-04],
          [4.5106e-04],
          [1.8751e-05],
          [2.2332e-05],
          [2.3891e-05],
          [2.5283e-05],
          [2.2618e-05],
          [3.2083e-04],
          [2.9776e-05],
          [4.6727e-04],
          [1.4391e-05],
          [1.7888e-05],
          [2.4353e-04],
          [1.9665e-05],
          [2.2192e-04],
          [1.4198e-05],
          [1.5145e-05],
          [1.3922e-05],
          [4.3231e-04],
          [2.9921e-05],
          [9.9813e-04],
          [1.5856e-05],
          [2.1312e-05],
          [2.1158e-05],
          [1.8827e-05],
          [1.9449e-05],
          [1.7069e-05],
          [3.0906e-04],
          [2.7975e-04],
          [1.5804e-05],
          [1.5096e-05],
          [1.5043e-05],
          [1.3526e-05],
          [1.7048e-05],
          [1.8593e-05],
          [1.7724e-05],
          [3.7860e-04],
          [3.7392e-04],
          [1.6295e-05],
          [1.4828e-05],
          [1.3400e-05],
          [1.3524e-05],
          [2.8728e-04],
          [3.3972e-05],
          [2.1100e-05],
          [8.0514e-04],
          [1.3883e-05],
          [1.2407e-05],
          [1.1542e-05],
          [1.1575e-05],
          [1.3479e-05],
          [1.4666e-05],
          [1.3468e-05],
          [1.4550e-05],
          [1.6252e-05],
          [1.8088e-05],
          [1.6676e-05],
          [1.3809e-05],
          [1.2053e-05],
          [1.0466e-05],
          [1.2079e-05],
          [1.2161e-05],
          [1.2899e-05],
          [3.0090e-04],
          [2.3095e-04],
          [1.4130e-05],
          [1.4200e-05],
          [1.3625e-05],
          [1.8619e-05],
          [1.8459e-05],
          [2.4156e-05],
          [2.1566e-05],
          [2.4910e-05],
          [2.4220e-05],
          [1.6278e-05],
          [1.8989e-04],
          [3.0436e-04],
          [1.8587e-05],
          [3.3663e-04],
          [1.1370e-05],
          [2.0142e-04],
          [2.0378e-04],
          [1.6754e-05],
          [2.1285e-05],
          [2.0186e-05],
          [1.9154e-05],
          [2.4920e-05],
          [2.5343e-05],
          [2.7449e-05],
          [2.3190e-05],
          [2.4005e-05],
          [2.5646e-05],
          [3.5582e-05],
          [4.7141e-05],
          [3.7361e-05],
          [4.2300e-05],
          [1.9751e-04],
          [1.8987e-05],
          [2.0281e-05],
          [4.6649e-04],
          [1.1133e-04],
          [2.2997e-05],
          [2.5350e-04],
          [1.6885e-04],
          [2.9942e-05],
          [5.3205e-04],
          [1.4451e-05],
          [9.8258e-06],
          [9.7819e-06],
          [9.2847e-06],
          [9.0983e-06],
          [9.4032e-06],
          [2.3357e-05],
          [1.3728e-05],
          [1.9281e-05],
          [1.3936e-05],
          [4.7420e-04],
          [3.3935e-05],
          [1.1673e-04],
          [1.3550e-04],
          [1.1407e-05],
          [1.0678e-05],
          [1.0171e-05],
          [9.1288e-06],
          [9.2363e-06],
          [1.0434e-05],
          [4.6477e-04],
          [2.1210e-05],
          [6.1192e-04],
          [1.2814e-05],
          [1.1381e-05],
          [1.3194e-05],
          [1.3993e-05],
          [1.4520e-05],
          [1.5400e-05],
          [1.4829e-05],
          [1.8546e-05],
          [1.7029e-05],
          [2.0109e-05],
          [1.8965e-05],
          [2.0707e-05],
          [3.9436e-04],
          [3.4529e-04],
          [1.6993e-05],
          [1.5950e-05],
          [1.3821e-05],
          [1.2097e-05],
          [1.4403e-05],
          [2.4764e-05],
          [3.1820e-05],
          [2.7522e-05],
          [2.6066e-05],
          [1.9194e-05],
          [1.9073e-05],
          [1.5699e-05],
          [1.4274e-05],
          [1.3535e-05],
          [1.4787e-05],
          [1.5542e-05],
          [1.5861e-05],
          [1.4972e-05],
          [1.6471e-05],
          [1.8024e-05],
          [1.4811e-05],
          [2.1601e-05],
          [2.4618e-05],
          [2.8752e-05],
          [2.6496e-05],
          [4.1725e-05],
          [4.2466e-05],
          [4.5741e-05],
          [2.4127e-05],
          [2.7316e-05],
          [2.3783e-05],
          [2.5293e-05],
          [1.9128e-05],
          [2.0671e-05],
          [1.6489e-05],
          [2.1875e-05],
          [2.1437e-05],
          [2.1247e-05],
          [1.9779e-05],
          [1.9761e-05],
          [1.5863e-05],
          [1.8005e-05],
          [2.0474e-04],
          [4.5722e-05],
          [9.4969e-04],
          [1.9708e-05],
          [2.0210e-05],
          [1.9460e-05],
          [1.6455e-05],
          [1.6443e-05],
          [1.3122e-05],
          [1.2634e-05],
          [1.4042e-05],
          [1.2357e-05],
          [1.1823e-05],
          [1.3516e-05],
          [1.3780e-05],
          [1.4818e-05],
          [1.4683e-05],
          [2.2719e-04],
          [6.7501e-05],
          [6.5774e-04],
          [1.3639e-05],
          [1.0685e-05],
          [1.0186e-05],
          [1.3598e-05],
          [7.1241e-04],
          [3.9704e-04],
          [1.3785e-05],
          [1.3206e-05],
          [1.7748e-05],
          [2.5172e-05],
          [3.4520e-05],
          [4.3531e-05],
          [7.5199e-05],
          [6.4908e-05],
          [7.1215e-05],
          [4.2025e-05],
          [2.7946e-05],
          [1.8744e-05],
          [1.3979e-05],
          [1.2599e-05],
          [1.3514e-05],
          [1.3539e-05],
          [1.4410e-05],
          [5.7918e-05],
          [4.1075e-05],
          [4.4185e-05],
          [6.0217e-05],
          [2.7215e-05],
          [2.6156e-05],
          [2.2492e-05],
          [2.1715e-05],
          [1.6207e-05],
          [3.1321e-04],
          [2.0537e-04],
          [1.9198e-05],
          [1.7993e-05],
          [1.6634e-05],
          [1.3786e-05],
          [2.1418e-05],
          [2.0747e-05],
          [2.1221e-05],
          [1.0354e-04],
          [8.4058e-05],
          [3.8828e-04],
          [3.3737e-04],
          [2.3568e-05],
          [1.6865e-05],
          [1.5850e-05],
          [1.6942e-05],
          [1.2375e-05],
          [2.2696e-04],
          [1.1001e-04],
          [1.3294e-05],
          [4.9905e-05],
          [2.1364e-04],
          [1.8364e-05],
          [3.4228e-04],
          [1.7825e-05],
          [3.7654e-04],
          [1.5349e-05],
          [1.2787e-05],
          [1.0610e-05],
          [1.5657e-05],
          [1.1467e-05],
          [2.7149e-05],
          [6.1721e-06]]]])
