# Using CPU
# Loading Embeddings...
# Making Predictions...
torch.Size([1, 1, 442, 254])
tensor([[[[1.1092e-04],
          [2.3015e-05],
          [5.4776e-05],
          [1.8083e-05],
          [1.0500e-05],
          [2.1749e-04],
          [7.4341e-05],
          [1.9846e-05],
          [1.5280e-04],
          [8.6564e-05],
          [2.2435e-05],
          [2.0932e-05],
          [4.5998e-04],
          [1.0241e-04],
          [1.8584e-05],
          [1.3422e-05],
          [1.5275e-05],
          [1.8192e-05],
          [2.0059e-05],
          [1.8850e-05],
          [2.0824e-04],
          [1.5384e-05],
          [6.6166e-05],
          [1.8114e-05],
          [2.2811e-05],
          [4.1825e-05],
          [5.3168e-05],
          [9.7257e-05],
          [1.3289e-04],
          [1.7753e-04],
          [1.7356e-04],
          [2.0450e-04],
          [1.8787e-04],
          [2.0367e-04],
          [1.6267e-04],
          [1.1867e-04],
          [3.6748e-03],
          [1.2494e-04],
          [1.6157e-04],
          [2.3261e-04],
          [1.0240e-04],
          [3.1949e-05],
          [2.8716e-05],
          [3.0271e-05],
          [2.0787e-05],
          [1.9374e-05],
          [1.4805e-05],
          [1.3315e-05],
          [1.2399e-05],
          [1.6352e-04],
          [6.7074e-05],
          [1.2716e-05],
          [1.5025e-05],
          [2.5065e-04],
          [6.2248e-05],
          [1.9312e-05],
          [1.9625e-05],
          [1.8860e-05],
          [2.4591e-05],
          [3.1032e-05],
          [3.1832e-05],
          [3.1854e-05],
          [1.0759e-03],
          [1.5987e-04],
          [2.4857e-05],
          [2.2223e-05],
          [2.0562e-05],
          [2.0874e-05],
          [2.1722e-05],
          [1.9264e-05],
          [1.7663e-05],
          [3.2977e-04],
          [3.9567e-05],
          [2.9175e-05],
          [2.2073e-05],
          [2.6457e-05],
          [1.2609e-04],
          [1.7304e-05],
          [1.6001e-05],
          [1.3753e-05],
          [1.7556e-04],
          [8.5793e-05],
          [1.4925e-05],
          [1.6280e-05],
          [1.8821e-05],
          [2.3066e-05],
          [2.5482e-05],
          [2.8456e-05],
          [2.3599e-05],
          [1.8797e-05],
          [1.7130e-04],
          [4.5511e-05],
          [9.3581e-05],
          [1.4554e-05],
          [1.2079e-05],
          [1.3724e-05],
          [1.7522e-05],
          [2.1155e-05],
          [2.1213e-05],
          [2.4049e-05],
          [2.4203e-05],
          [2.5296e-05],
          [1.7547e-05],
          [1.3987e-05],
          [1.5325e-05],
          [2.4760e-05],
          [3.1550e-05],
          [4.1131e-05],
          [4.2255e-05],
          [4.4099e-05],
          [3.4836e-05],
          [9.2984e-05],
          [3.2210e-04],
          [4.1848e-05],
          [1.9112e-04],
          [2.6834e-05],
          [2.0333e-05],
          [2.0600e-05],
          [2.4995e-05],
          [3.8704e-05],
          [2.6363e-05],
          [1.7728e-05],
          [1.9191e-05],
          [1.6267e-05],
          [1.5663e-05],
          [1.4691e-05],
          [1.8912e-05],
          [2.0077e-05],
          [1.3972e-04],
          [9.3055e-04],
          [5.5172e-02],
          [5.4137e-01],
          [6.5399e-01],
          [1.6923e-01],
          [4.4172e-02],
          [1.1433e-02],
          [2.6332e-03],
          [2.2569e-04],
          [2.8968e-05],
          [2.9424e-05],
          [2.1269e-05],
          [1.8927e-05],
          [1.0825e-05],
          [1.3188e-05],
          [1.6822e-05],
          [2.8548e-05],
          [3.2905e-05],
          [5.6544e-05],
          [7.7210e-05],
          [1.4091e-04],
          [1.4787e-04],
          [1.6840e-04],
          [1.4121e-04],
          [1.7049e-04],
          [1.2169e-04],
          [1.0015e-04],
          [2.6297e-04],
          [6.5609e-05],
          [1.0849e-04],
          [8.2197e-05],
          [7.8834e-05],
          [8.4668e-04],
          [2.4843e-03],
          [2.4010e-03],
          [4.1841e-04],
          [6.1156e-04],
          [6.1107e-04],
          [1.8346e-04],
          [2.8703e-05],
          [3.2938e-05],
          [3.1498e-05],
          [5.0403e-04],
          [1.6158e-04],
          [5.3061e-05],
          [6.3638e-05],
          [1.1483e-04],
          [9.0297e-05],
          [6.2399e-05],
          [9.6367e-04],
          [1.5615e-04],
          [2.3923e-04],
          [1.8801e-05],
          [1.8386e-05],
          [1.3908e-04],
          [1.5775e-05],
          [1.7352e-04],
          [2.5844e-05],
          [2.3614e-05],
          [2.0213e-05],
          [1.9494e-04],
          [2.0078e-05],
          [7.8232e-05],
          [2.7525e-05],
          [3.6139e-05],
          [3.7842e-05],
          [3.8182e-05],
          [4.8412e-05],
          [3.8879e-05],
          [9.6250e-04],
          [1.5195e-04],
          [2.9652e-05],
          [2.0924e-05],
          [1.9013e-05],
          [1.3877e-05],
          [1.5222e-05],
          [1.7132e-05],
          [1.4806e-05],
          [1.5904e-04],
          [7.8290e-05],
          [1.8523e-05],
          [1.3329e-05],
          [1.4369e-05],
          [1.5382e-05],
          [2.7682e-04],
          [6.4396e-05],
          [3.7488e-05],
          [1.2527e-04],
          [1.6536e-05],
          [1.4180e-05],
          [1.4252e-05],
          [1.5425e-05],
          [1.6357e-05],
          [1.9427e-05],
          [1.5239e-05],
          [1.7454e-05],
          [2.5696e-05],
          [2.3253e-05],
          [2.2901e-05],
          [2.4222e-05],
          [1.9091e-05],
          [2.0840e-05],
          [1.7360e-05],
          [1.1968e-05],
          [1.2283e-05],
          [2.2309e-04],
          [7.2764e-05],
          [1.6271e-05],
          [1.6586e-05],
          [1.5141e-05],
          [1.8488e-05],
          [4.3601e-05],
          [2.4275e-05],
          [1.8590e-05],
          [6.7279e-05],
          [3.4521e-05],
          [1.4457e-05],
          [1.4798e-04],
          [1.1699e-04],
          [1.9944e-05],
          [1.0080e-04],
          [1.5054e-05],
          [1.3329e-04],
          [5.6567e-05],
          [2.5957e-05],
          [3.1066e-05],
          [3.2478e-05],
          [3.0230e-05],
          [4.2796e-05],
          [4.7472e-05],
          [7.1790e-05],
          [7.7439e-05],
          [1.4116e-04],
          [2.4242e-04],
          [3.6711e-04],
          [6.0928e-04],
          [4.2003e-04],
          [3.9242e-04],
          [4.4861e-03],
          [1.4411e-04],
          [1.3126e-04],
          [1.9639e-04],
          [1.1040e-04],
          [6.6962e-05],
          [7.3838e-05],
          [2.1306e-04],
          [7.6876e-05],
          [1.7700e-04],
          [1.7633e-05],
          [1.4139e-05],
          [1.1143e-05],
          [8.6215e-06],
          [1.0518e-05],
          [1.1643e-05],
          [2.3273e-05],
          [1.7671e-05],
          [2.5173e-05],
          [1.6510e-05],
          [2.3094e-04],
          [1.9809e-05],
          [5.2901e-05],
          [3.0908e-05],
          [1.3829e-05],
          [1.2507e-05],
          [1.2322e-05],
          [1.1431e-05],
          [1.1085e-05],
          [1.1001e-05],
          [1.9193e-04],
          [1.9311e-05],
          [1.1905e-04],
          [2.0694e-05],
          [1.5267e-05],
          [1.4720e-05],
          [1.3764e-05],
          [1.3587e-05],
          [1.4177e-05],
          [1.4537e-05],
          [1.8056e-05],
          [2.0007e-05],
          [2.4121e-05],
          [2.7473e-05],
          [3.6537e-05],
          [4.0798e-04],
          [1.0223e-04],
          [2.4226e-05],
          [1.8920e-05],
          [1.4778e-05],
          [1.3886e-05],
          [1.8724e-05],
          [3.0034e-05],
          [3.1957e-05],
          [2.6334e-05],
          [2.3538e-05],
          [2.0843e-05],
          [1.8015e-05],
          [1.2690e-05],
          [1.3062e-05],
          [1.1929e-05],
          [1.9607e-05],
          [1.7022e-05],
          [1.6288e-05],
          [1.7592e-05],
          [2.1026e-05],
          [2.2175e-05],
          [2.4763e-05],
          [3.1323e-05],
          [3.2632e-05],
          [3.3730e-05],
          [3.0180e-05],
          [4.7090e-05],
          [5.5810e-05],
          [4.9690e-05],
          [4.4428e-05],
          [5.5160e-05],
          [6.6273e-05],
          [4.5703e-05],
          [2.6401e-05],
          [7.2743e-05],
          [3.6396e-05],
          [3.1800e-05],
          [3.1941e-05],
          [2.0650e-05],
          [2.7226e-05],
          [2.0159e-05],
          [1.7380e-05],
          [2.4621e-05],
          [1.5839e-04],
          [3.6448e-05],
          [7.6310e-05],
          [2.2148e-05],
          [2.2795e-05],
          [2.1341e-05],
          [1.9444e-05],
          [2.1245e-05],
          [1.6392e-05],
          [1.4723e-05],
          [1.2728e-05],
          [1.1778e-05],
          [1.2075e-05],
          [1.3856e-05],
          [1.3338e-05],
          [1.5368e-05],
          [1.5931e-05],
          [2.4559e-04],
          [8.6586e-05],
          [1.1387e-04],
          [1.4955e-05],
          [1.1999e-05],
          [1.5701e-05],
          [1.3790e-05],
          [2.0739e-04],
          [6.9931e-05],
          [1.9443e-05],
          [2.1242e-05],
          [2.9795e-05],
          [3.6507e-05],
          [4.4332e-05],
          [5.2850e-05],
          [6.9007e-05],
          [5.7715e-05],
          [4.4874e-05],
          [3.7461e-05],
          [3.0890e-05],
          [2.1472e-05],
          [1.4745e-05],
          [1.4789e-05],
          [1.3459e-05],
          [1.8150e-05],
          [1.7380e-05],
          [1.3819e-04],
          [3.8522e-05],
          [3.4488e-05],
          [5.8065e-05],
          [3.5119e-05],
          [4.7118e-05],
          [2.9051e-05],
          [3.5207e-05],
          [2.4944e-05],
          [3.5004e-04],
          [8.2903e-05],
          [2.8238e-05],
          [2.5109e-05],
          [2.0864e-05],
          [1.8995e-05],
          [2.4839e-05],
          [2.4530e-05],
          [3.8336e-05],
          [1.3232e-04],
          [6.4126e-05],
          [1.3224e-04],
          [5.0732e-05],
          [2.4670e-05],
          [1.9346e-05],
          [1.6402e-05],
          [3.1459e-05],
          [1.6649e-05],
          [2.5830e-04],
          [1.9380e-04],
          [2.7988e-05],
          [1.1147e-04],
          [1.0973e-04],
          [2.9792e-05],
          [3.4340e-04],
          [3.2313e-05],
          [2.4747e-04],
          [2.5178e-05],
          [1.7900e-05],
          [1.3936e-05],
          [1.7781e-05],
          [1.4691e-05],
          [2.0167e-05],
          [5.2631e-06]]]])
