# Using CPU
# Loading Embeddings...
# Making Predictions...
torch.Size([1, 1, 442, 268])
tensor([[[[1.1449e-04],
          [2.6566e-05],
          [1.7090e-04],
          [3.2760e-05],
          [9.5202e-06],
          [5.0401e-04],
          [6.8167e-04],
          [1.4429e-05],
          [4.3694e-04],
          [8.1377e-04],
          [1.9342e-05],
          [1.7671e-05],
          [3.4717e-04],
          [2.8835e-04],
          [1.2892e-05],
          [1.1725e-05],
          [1.7276e-05],
          [9.9035e-06],
          [1.2082e-05],
          [2.1652e-05],
          [6.6827e-04],
          [2.2469e-05],
          [4.6471e-04],
          [1.5814e-05],
          [1.9685e-05],
          [2.7935e-05],
          [4.1038e-05],
          [6.6309e-05],
          [7.0494e-05],
          [7.9025e-05],
          [8.3165e-05],
          [6.9058e-05],
          [7.6723e-05],
          [9.5352e-05],
          [6.8428e-05],
          [6.6730e-05],
          [3.1368e-04],
          [3.8059e-05],
          [2.6287e-04],
          [7.8767e-05],
          [5.5443e-04],
          [2.6012e-05],
          [2.7367e-05],
          [2.7289e-05],
          [1.9664e-05],
          [1.7719e-05],
          [1.4384e-05],
          [1.3901e-05],
          [1.5446e-05],
          [2.3143e-04],
          [3.6373e-04],
          [1.1207e-05],
          [1.1642e-05],
          [4.6364e-04],
          [4.4396e-04],
          [1.4085e-05],
          [1.6880e-05],
          [1.6236e-05],
          [1.9761e-05],
          [2.3531e-05],
          [2.2531e-05],
          [1.7464e-05],
          [2.3408e-04],
          [2.5203e-04],
          [1.5612e-05],
          [1.4992e-05],
          [1.5702e-05],
          [1.3923e-05],
          [1.7802e-05],
          [1.5829e-05],
          [1.5206e-05],
          [2.8033e-04],
          [2.2191e-05],
          [2.8247e-05],
          [1.3876e-05],
          [2.4724e-05],
          [1.6801e-03],
          [1.3782e-05],
          [1.3951e-05],
          [1.1979e-05],
          [2.1685e-04],
          [4.0505e-04],
          [1.3126e-05],
          [1.4572e-05],
          [1.7432e-05],
          [2.1586e-05],
          [2.2391e-05],
          [2.2790e-05],
          [2.0347e-05],
          [1.7404e-05],
          [4.4499e-04],
          [4.6630e-05],
          [4.0562e-04],
          [1.1869e-05],
          [1.0905e-05],
          [1.3337e-05],
          [1.4632e-05],
          [1.8791e-05],
          [1.6192e-05],
          [1.8398e-05],
          [2.8364e-05],
          [1.5371e-05],
          [1.2444e-05],
          [1.0988e-05],
          [1.3968e-05],
          [1.7401e-05],
          [1.8036e-05],
          [2.3874e-05],
          [2.6190e-05],
          [2.6235e-05],
          [2.1154e-05],
          [1.8310e-04],
          [1.0222e-04],
          [2.0896e-05],
          [3.8850e-04],
          [1.2273e-05],
          [9.8781e-06],
          [1.0578e-05],
          [1.4017e-05],
          [1.3731e-05],
          [1.2923e-05],
          [1.2980e-05],
          [1.3557e-05],
          [1.1696e-05],
          [1.2600e-05],
          [1.2534e-05],
          [1.3715e-05],
          [1.4020e-05],
          [1.3715e-05],
          [1.5315e-05],
          [2.2953e-05],
          [9.2090e-04],
          [9.8131e-04],
          [2.3774e-05],
          [1.6827e-05],
          [1.6967e-05],
          [1.5508e-05],
          [1.7708e-05],
          [1.4385e-05],
          [1.2913e-05],
          [1.2684e-05],
          [1.0950e-05],
          [1.0979e-05],
          [1.3671e-05],
          [1.3210e-05],
          [1.4269e-05],
          [1.6169e-05],
          [2.1602e-05],
          [2.8218e-05],
          [4.0778e-05],
          [4.9079e-05],
          [5.2295e-05],
          [4.2760e-05],
          [5.5934e-05],
          [5.7510e-05],
          [4.2715e-05],
          [6.7096e-04],
          [3.7072e-04],
          [2.7228e-04],
          [8.7101e-04],
          [1.6808e-05],
          [1.6374e-05],
          [1.4845e-05],
          [1.8167e-05],
          [1.9677e-05],
          [2.2195e-05],
          [1.7530e-05],
          [1.8663e-05],
          [1.9359e-05],
          [1.9136e-05],
          [1.6795e-05],
          [4.6478e-04],
          [5.2549e-04],
          [1.9095e-05],
          [1.8668e-05],
          [2.1189e-05],
          [2.6046e-05],
          [2.5113e-05],
          [1.9158e-04],
          [3.2643e-05],
          [5.4325e-04],
          [1.5046e-05],
          [2.6620e-05],
          [1.6828e-04],
          [1.9576e-05],
          [3.9555e-04],
          [1.1782e-05],
          [1.9338e-05],
          [1.0637e-05],
          [5.0448e-04],
          [3.1296e-05],
          [1.5822e-03],
          [1.6973e-05],
          [2.3831e-05],
          [2.4047e-05],
          [2.3485e-05],
          [2.1955e-05],
          [1.7853e-05],
          [1.7950e-04],
          [2.5943e-04],
          [1.4749e-05],
          [1.3422e-05],
          [1.2664e-05],
          [1.1885e-05],
          [1.2522e-05],
          [1.1502e-05],
          [1.8147e-05],
          [4.1965e-04],
          [4.8147e-04],
          [1.2306e-05],
          [1.3716e-05],
          [1.3772e-05],
          [1.3194e-05],
          [5.0892e-04],
          [2.6109e-05],
          [1.7285e-05],
          [1.2489e-03],
          [1.2061e-05],
          [1.1306e-05],
          [1.1369e-05],
          [1.1302e-05],
          [1.3702e-05],
          [1.1710e-05],
          [1.1237e-05],
          [1.1658e-05],
          [3.8984e-05],
          [1.5139e-05],
          [1.2628e-05],
          [1.2527e-05],
          [1.0338e-05],
          [1.1867e-05],
          [1.1113e-05],
          [1.0322e-05],
          [1.1231e-05],
          [5.3976e-04],
          [2.7908e-04],
          [1.7947e-05],
          [1.3573e-05],
          [1.2000e-05],
          [1.5764e-05],
          [2.1010e-05],
          [2.2540e-05],
          [1.5846e-05],
          [1.8682e-05],
          [1.7962e-05],
          [1.2198e-05],
          [3.4421e-04],
          [1.1563e-04],
          [2.3491e-05],
          [3.5720e-04],
          [1.0184e-05],
          [2.9935e-04],
          [2.4493e-04],
          [2.0667e-05],
          [2.6050e-05],
          [2.6176e-05],
          [2.3212e-05],
          [2.5995e-05],
          [3.0798e-05],
          [3.8149e-05],
          [3.4019e-05],
          [4.1433e-05],
          [4.2850e-05],
          [3.8052e-05],
          [3.2983e-05],
          [4.5952e-05],
          [3.9589e-05],
          [1.2440e-04],
          [1.4459e-05],
          [1.7487e-05],
          [3.1743e-04],
          [2.2173e-04],
          [3.1787e-05],
          [2.8887e-04],
          [1.5905e-04],
          [3.2187e-05],
          [4.2078e-04],
          [1.0307e-05],
          [1.0543e-05],
          [9.9244e-06],
          [8.4548e-06],
          [9.2981e-06],
          [8.8390e-06],
          [2.8336e-05],
          [1.1540e-05],
          [1.4165e-05],
          [1.0474e-05],
          [4.1161e-04],
          [3.5886e-05],
          [1.6398e-04],
          [1.6829e-04],
          [1.1713e-05],
          [1.1058e-05],
          [1.0893e-05],
          [1.0543e-05],
          [1.0542e-05],
          [1.4658e-05],
          [5.8086e-04],
          [3.2399e-05],
          [9.2100e-04],
          [1.4155e-05],
          [1.1055e-05],
          [1.1709e-05],
          [1.2061e-05],
          [1.2303e-05],
          [1.2332e-05],
          [1.2750e-05],
          [1.5375e-05],
          [1.4976e-05],
          [1.7972e-05],
          [2.2545e-05],
          [2.0386e-05],
          [4.2975e-04],
          [4.1685e-04],
          [1.6161e-05],
          [1.4767e-05],
          [4.2335e-05],
          [1.1226e-05],
          [1.1410e-05],
          [1.4857e-05],
          [1.7458e-05],
          [1.8209e-05],
          [1.3609e-05],
          [1.1834e-05],
          [1.2015e-05],
          [9.2445e-06],
          [9.9917e-06],
          [1.0224e-05],
          [1.1449e-05],
          [1.0999e-05],
          [1.1097e-05],
          [1.0595e-05],
          [1.6728e-05],
          [1.2040e-05],
          [1.3226e-05],
          [1.5081e-05],
          [2.2974e-05],
          [2.0439e-05],
          [1.5890e-05],
          [2.3024e-05],
          [2.0130e-05],
          [3.3648e-05],
          [1.9835e-05],
          [2.3593e-05],
          [2.4952e-05],
          [2.6753e-05],
          [1.8601e-05],
          [2.0141e-05],
          [2.2304e-05],
          [1.7115e-05],
          [1.6820e-05],
          [1.5455e-05],
          [1.5011e-05],
          [1.5195e-05],
          [1.4691e-05],
          [1.4236e-05],
          [3.3879e-04],
          [2.9188e-05],
          [1.5926e-03],
          [1.5300e-05],
          [1.5293e-05],
          [1.4961e-05],
          [1.3914e-05],
          [1.4174e-05],
          [1.1341e-05],
          [1.0814e-05],
          [9.9480e-06],
          [9.8643e-06],
          [1.0181e-05],
          [1.1121e-05],
          [1.0759e-05],
          [1.3259e-05],
          [1.2467e-05],
          [4.4525e-04],
          [6.5825e-05],
          [9.0575e-04],
          [1.1880e-05],
          [1.0974e-05],
          [8.6123e-06],
          [1.4246e-05],
          [5.2902e-04],
          [5.0544e-04],
          [1.1740e-05],
          [1.4170e-05],
          [1.6388e-05],
          [2.4428e-05],
          [3.1270e-05],
          [4.0589e-05],
          [3.9296e-05],
          [3.3091e-05],
          [2.9508e-05],
          [2.7165e-05],
          [2.0837e-05],
          [1.5040e-05],
          [1.0864e-05],
          [1.0062e-05],
          [1.0953e-05],
          [1.0817e-05],
          [1.2059e-05],
          [3.4964e-05],
          [3.8327e-05],
          [3.1325e-05],
          [3.5931e-05],
          [2.3386e-05],
          [2.4642e-05],
          [2.0873e-05],
          [2.0715e-05],
          [1.5101e-05],
          [2.1732e-04],
          [3.0763e-04],
          [2.0037e-05],
          [1.9388e-05],
          [1.8679e-05],
          [1.7581e-05],
          [1.9399e-05],
          [1.8822e-05],
          [1.7342e-05],
          [9.6201e-05],
          [7.2322e-05],
          [2.2743e-04],
          [4.4093e-04],
          [1.6809e-05],
          [1.4755e-05],
          [1.5351e-05],
          [1.5774e-05],
          [1.4536e-05],
          [3.4777e-04],
          [9.3649e-05],
          [1.3189e-05],
          [3.8059e-05],
          [2.6175e-04],
          [1.9053e-05],
          [1.9692e-04],
          [1.6056e-05],
          [3.6193e-04],
          [1.9193e-05],
          [1.5516e-05],
          [1.1914e-05],
          [1.2425e-05],
          [1.7721e-05],
          [6.3597e-05],
          [7.2591e-06]]]])
