# Using CPU
# Loading Embeddings...
# Making Predictions...
torch.Size([1, 1, 442, 138])
tensor([[[[1.9509e-04],
          [2.4063e-05],
          [8.3250e-05],
          [6.4520e-05],
          [2.1903e-05],
          [5.3029e-05],
          [3.4064e-05],
          [4.3890e-05],
          [4.1246e-05],
          [4.6153e-05],
          [3.0307e-05],
          [2.0428e-05],
          [8.1139e-04],
          [1.3430e-04],
          [2.1304e-05],
          [2.5451e-05],
          [2.9679e-05],
          [7.1692e-05],
          [1.1335e-04],
          [1.5549e-04],
          [1.7574e-04],
          [1.0880e-04],
          [8.7018e-05],
          [3.3758e-05],
          [3.5037e-05],
          [3.1596e-05],
          [3.0415e-05],
          [2.1338e-05],
          [2.3355e-05],
          [2.2383e-05],
          [1.9235e-05],
          [2.4324e-05],
          [2.0915e-05],
          [6.7651e-05],
          [2.4883e-05],
          [2.2457e-05],
          [5.6165e-04],
          [3.7656e-05],
          [7.7745e-05],
          [3.3026e-05],
          [4.9264e-05],
          [1.1142e-05],
          [1.1350e-05],
          [1.1460e-05],
          [1.5722e-05],
          [1.4150e-05],
          [1.3909e-05],
          [1.7707e-05],
          [1.6072e-05],
          [6.3977e-04],
          [1.6191e-04],
          [1.9460e-05],
          [1.6652e-05],
          [9.3661e-05],
          [3.6659e-05],
          [1.3103e-05],
          [1.1816e-05],
          [1.6402e-05],
          [1.4000e-05],
          [1.4500e-05],
          [1.6926e-05],
          [1.6122e-05],
          [6.0311e-04],
          [1.1935e-04],
          [2.4389e-05],
          [2.1470e-05],
          [1.7074e-05],
          [1.5049e-05],
          [2.1796e-05],
          [2.1514e-05],
          [1.6269e-05],
          [6.2069e-04],
          [2.4038e-05],
          [2.3181e-05],
          [1.6246e-05],
          [1.4891e-05],
          [8.0609e-05],
          [1.2756e-05],
          [1.3962e-05],
          [1.2905e-05],
          [7.2224e-04],
          [1.4473e-04],
          [1.7483e-05],
          [1.1017e-05],
          [1.1497e-05],
          [1.2207e-05],
          [1.3182e-05],
          [1.3380e-05],
          [2.0381e-05],
          [2.0509e-05],
          [8.5835e-05],
          [6.4348e-05],
          [1.4178e-04],
          [3.1382e-05],
          [3.9142e-05],
          [5.5912e-05],
          [7.7408e-05],
          [1.4654e-04],
          [2.0720e-04],
          [2.6055e-04],
          [4.2873e-04],
          [2.4542e-04],
          [1.5865e-04],
          [7.1635e-05],
          [4.6820e-05],
          [2.4742e-05],
          [1.9978e-05],
          [1.7292e-05],
          [1.6753e-05],
          [1.7073e-05],
          [1.9292e-05],
          [2.9079e-05],
          [3.3501e-04],
          [1.6834e-05],
          [2.9416e-04],
          [1.5151e-05],
          [1.2529e-05],
          [1.1487e-05],
          [1.2246e-05],
          [1.4200e-05],
          [1.4311e-05],
          [1.7203e-05],
          [1.9293e-05],
          [2.0010e-05],
          [2.3819e-05],
          [3.0268e-05],
          [3.3799e-05],
          [3.5641e-05],
          [3.1024e-05],
          [3.5418e-05],
          [2.6512e-05],
          [8.5819e-04],
          [1.4047e-04],
          [1.9351e-05],
          [1.7387e-05],
          [1.4818e-05],
          [1.2456e-05],
          [1.2831e-05],
          [1.3986e-05],
          [1.3901e-05],
          [1.9909e-05],
          [1.6636e-05],
          [2.0141e-05],
          [1.5336e-05],
          [1.7981e-05],
          [1.5748e-05],
          [1.6460e-05],
          [1.6293e-05],
          [1.8762e-05],
          [2.3397e-05],
          [2.0836e-05],
          [2.2042e-05],
          [2.2843e-05],
          [2.1115e-05],
          [1.8948e-05],
          [1.9438e-05],
          [5.3663e-05],
          [2.5521e-05],
          [6.0080e-05],
          [6.6052e-05],
          [1.5369e-05],
          [1.3012e-05],
          [1.3520e-05],
          [1.0936e-05],
          [1.1675e-05],
          [1.2211e-05],
          [1.2106e-05],
          [1.3566e-05],
          [1.3996e-05],
          [1.8141e-05],
          [1.7889e-05],
          [1.5476e-04],
          [6.0804e-05],
          [1.9261e-05],
          [2.0744e-05],
          [2.8541e-05],
          [2.1842e-05],
          [2.0539e-05],
          [4.7281e-04],
          [6.4189e-05],
          [2.0998e-04],
          [2.3694e-05],
          [1.8095e-05],
          [5.1083e-04],
          [1.9150e-05],
          [2.1645e-04],
          [3.5552e-05],
          [4.4158e-05],
          [3.3841e-05],
          [7.2526e-05],
          [2.0614e-05],
          [4.1985e-05],
          [1.3826e-05],
          [1.3846e-05],
          [1.3601e-05],
          [1.4587e-05],
          [1.6568e-05],
          [1.9454e-05],
          [6.6947e-04],
          [1.0732e-04],
          [2.9678e-05],
          [3.1213e-05],
          [2.4822e-05],
          [2.3212e-05],
          [2.9127e-05],
          [2.5663e-05],
          [2.0350e-05],
          [1.4191e-04],
          [8.7706e-05],
          [2.1557e-05],
          [2.3300e-05],
          [2.7325e-05],
          [2.6607e-05],
          [2.5017e-04],
          [4.2823e-05],
          [2.2024e-05],
          [1.1312e-04],
          [1.4545e-05],
          [1.3774e-05],
          [1.5047e-05],
          [1.8805e-05],
          [1.6048e-05],
          [2.6098e-05],
          [1.7585e-05],
          [1.6491e-05],
          [1.1767e-05],
          [1.2964e-05],
          [1.0606e-05],
          [1.2807e-05],
          [1.9216e-05],
          [1.1039e-05],
          [1.4273e-05],
          [1.4083e-05],
          [1.3689e-05],
          [1.1178e-04],
          [6.0291e-05],
          [1.5185e-05],
          [1.8006e-05],
          [2.8041e-05],
          [3.1092e-05],
          [4.6902e-05],
          [5.7745e-05],
          [4.2069e-05],
          [3.9754e-05],
          [5.5533e-05],
          [3.1253e-05],
          [4.4418e-05],
          [2.3274e-04],
          [1.7419e-05],
          [1.5674e-04],
          [1.1862e-05],
          [1.2050e-04],
          [4.7740e-05],
          [1.3118e-05],
          [1.5077e-05],
          [2.0281e-05],
          [2.1943e-05],
          [2.1050e-05],
          [2.2632e-05],
          [2.5563e-05],
          [2.8064e-05],
          [4.3542e-05],
          [5.3605e-05],
          [6.1702e-05],
          [7.0200e-05],
          [8.1627e-05],
          [7.0448e-05],
          [3.5363e-04],
          [2.8717e-05],
          [3.4948e-05],
          [1.1342e-04],
          [2.8419e-05],
          [4.2574e-05],
          [4.0299e-05],
          [1.0847e-04],
          [5.1787e-05],
          [1.6535e-04],
          [1.5832e-05],
          [1.6632e-05],
          [1.4442e-05],
          [1.5238e-05],
          [1.5356e-05],
          [1.9086e-05],
          [3.9859e-05],
          [2.8707e-05],
          [4.1948e-05],
          [2.5745e-05],
          [9.0723e-04],
          [2.1830e-05],
          [1.3155e-04],
          [2.6272e-05],
          [1.7141e-05],
          [1.4684e-05],
          [1.5047e-05],
          [2.0819e-05],
          [2.1276e-05],
          [2.4289e-05],
          [1.7623e-04],
          [2.2341e-05],
          [1.1088e-04],
          [2.3134e-05],
          [2.6180e-05],
          [1.8354e-05],
          [2.6843e-05],
          [1.9207e-05],
          [1.9771e-05],
          [1.4588e-05],
          [1.1060e-05],
          [1.8172e-05],
          [1.6877e-05],
          [1.4441e-05],
          [1.4470e-05],
          [2.0335e-04],
          [7.8390e-05],
          [1.3978e-05],
          [1.2867e-05],
          [1.9497e-05],
          [1.5156e-05],
          [1.9336e-05],
          [2.6792e-05],
          [4.9482e-05],
          [4.2667e-05],
          [4.3578e-05],
          [2.5258e-05],
          [2.1373e-05],
          [1.3901e-05],
          [1.0988e-05],
          [1.1858e-05],
          [1.2165e-05],
          [1.2351e-05],
          [1.1390e-05],
          [1.1157e-05],
          [1.3498e-05],
          [1.4439e-05],
          [1.7897e-05],
          [2.0929e-05],
          [2.1952e-05],
          [2.4867e-05],
          [2.3880e-05],
          [3.0400e-05],
          [2.4157e-05],
          [3.4751e-05],
          [1.9970e-05],
          [2.0180e-05],
          [1.9128e-05],
          [1.7499e-05],
          [1.1506e-05],
          [1.3745e-05],
          [1.1985e-05],
          [1.1561e-05],
          [1.3058e-05],
          [1.4833e-05],
          [1.5371e-05],
          [1.4590e-05],
          [1.1693e-05],
          [1.0993e-05],
          [4.0235e-05],
          [1.6206e-05],
          [2.9080e-05],
          [1.0381e-05],
          [1.0952e-05],
          [1.0582e-05],
          [1.0855e-05],
          [1.0767e-05],
          [1.4746e-05],
          [1.1253e-05],
          [9.1216e-06],
          [9.1143e-06],
          [1.0110e-05],
          [1.0025e-05],
          [1.0528e-05],
          [1.0097e-05],
          [1.1064e-05],
          [4.9003e-05],
          [1.3576e-04],
          [1.1634e-04],
          [1.1718e-05],
          [1.2512e-05],
          [1.3657e-05],
          [2.1612e-05],
          [2.8939e-04],
          [1.3082e-04],
          [2.8910e-05],
          [2.2273e-05],
          [1.3973e-05],
          [1.4253e-05],
          [1.1668e-05],
          [1.3906e-05],
          [1.9266e-05],
          [2.8605e-05],
          [3.2130e-05],
          [2.2595e-05],
          [2.8553e-05],
          [2.4695e-05],
          [1.0849e-05],
          [1.1400e-05],
          [1.2125e-05],
          [9.6846e-06],
          [1.2071e-05],
          [2.0891e-05],
          [3.1926e-05],
          [4.5509e-05],
          [4.9059e-05],
          [4.5549e-05],
          [5.6087e-05],
          [5.9450e-05],
          [4.2441e-05],
          [2.6214e-05],
          [3.5363e-04],
          [7.4318e-05],
          [1.5913e-05],
          [1.5232e-05],
          [1.4234e-05],
          [1.6993e-05],
          [1.6119e-05],
          [1.8696e-05],
          [1.5399e-05],
          [2.5585e-05],
          [2.3256e-05],
          [1.0303e-04],
          [5.8271e-05],
          [2.6654e-05],
          [2.8292e-05],
          [3.8212e-05],
          [3.0810e-05],
          [3.0204e-05],
          [1.7062e-04],
          [1.8869e-04],
          [2.1760e-05],
          [8.8299e-05],
          [6.5388e-05],
          [1.6983e-05],
          [2.6202e-04],
          [2.2355e-05],
          [2.5049e-04],
          [1.7870e-05],
          [2.1480e-05],
          [2.2726e-05],
          [2.3327e-05],
          [2.4203e-05],
          [3.0450e-05],
          [9.1746e-06]]]])
