# Using CPU
# Loading Embeddings...
# Making Predictions...
torch.Size([1, 1, 442, 251])
tensor([[[[1.6229e-04],
          [2.5192e-05],
          [1.1277e-04],
          [2.7315e-05],
          [8.7526e-06],
          [4.6456e-04],
          [5.4103e-04],
          [1.2362e-05],
          [5.0757e-04],
          [6.9913e-04],
          [1.5322e-05],
          [1.5379e-05],
          [4.5918e-04],
          [2.5551e-04],
          [1.1606e-05],
          [1.0778e-05],
          [1.0208e-05],
          [1.1240e-05],
          [1.3058e-05],
          [2.2317e-05],
          [6.0718e-04],
          [2.7300e-05],
          [2.8522e-04],
          [1.4594e-05],
          [1.7518e-05],
          [2.3624e-05],
          [3.1013e-05],
          [5.2027e-05],
          [5.1942e-05],
          [6.5535e-05],
          [4.3061e-05],
          [6.2792e-05],
          [4.4541e-05],
          [5.1841e-05],
          [4.2155e-05],
          [4.2478e-05],
          [1.1023e-03],
          [3.3071e-05],
          [1.7955e-04],
          [3.6988e-04],
          [2.5767e-04],
          [2.1849e-05],
          [2.0355e-05],
          [2.2372e-05],
          [1.6676e-05],
          [1.5866e-05],
          [1.3087e-05],
          [1.6796e-05],
          [1.9528e-05],
          [6.5465e-04],
          [2.3816e-04],
          [1.4528e-05],
          [1.3956e-05],
          [4.6225e-04],
          [3.3953e-04],
          [1.5341e-05],
          [1.6364e-05],
          [1.6329e-05],
          [1.9921e-05],
          [2.3696e-05],
          [2.2374e-05],
          [2.0975e-05],
          [5.0831e-04],
          [3.1268e-04],
          [1.4771e-05],
          [1.5792e-05],
          [1.4761e-05],
          [1.6886e-05],
          [1.6730e-05],
          [1.3368e-05],
          [1.3708e-05],
          [3.9753e-04],
          [2.5258e-05],
          [2.2885e-05],
          [1.4653e-05],
          [2.1352e-05],
          [5.0923e-04],
          [1.3594e-05],
          [1.3474e-05],
          [1.2476e-05],
          [3.7307e-04],
          [1.7670e-04],
          [1.2049e-05],
          [1.3029e-05],
          [1.4636e-05],
          [1.7263e-05],
          [1.8245e-05],
          [2.0080e-05],
          [1.6301e-05],
          [1.4747e-05],
          [4.1187e-04],
          [1.1668e-04],
          [2.6443e-04],
          [1.4350e-05],
          [1.2630e-05],
          [1.7063e-05],
          [1.8614e-05],
          [2.3154e-05],
          [2.0748e-05],
          [2.2854e-05],
          [2.3754e-05],
          [1.7088e-05],
          [1.3627e-05],
          [1.2201e-05],
          [1.3683e-05],
          [1.8918e-05],
          [2.1839e-05],
          [2.6488e-05],
          [2.7224e-05],
          [2.8021e-05],
          [2.2689e-05],
          [2.7936e-04],
          [1.4262e-04],
          [1.6795e-05],
          [2.4845e-04],
          [1.4992e-05],
          [1.3886e-05],
          [1.0002e-05],
          [1.3330e-05],
          [1.5427e-05],
          [1.2934e-05],
          [1.3936e-05],
          [2.0818e-05],
          [1.1202e-05],
          [1.3535e-05],
          [1.2767e-05],
          [1.4915e-05],
          [1.4221e-05],
          [1.8077e-05],
          [1.8028e-05],
          [1.8336e-05],
          [4.8284e-04],
          [5.1077e-04],
          [1.9955e-05],
          [2.4747e-05],
          [1.9257e-05],
          [1.7240e-05],
          [1.8654e-05],
          [1.5067e-05],
          [1.3876e-05],
          [1.2339e-05],
          [1.1955e-05],
          [1.0071e-05],
          [1.1951e-05],
          [1.5195e-05],
          [2.0273e-05],
          [2.1932e-05],
          [3.0778e-05],
          [4.0416e-05],
          [6.1600e-05],
          [6.1971e-05],
          [5.1452e-05],
          [5.6232e-05],
          [4.8236e-05],
          [4.3958e-05],
          [4.0282e-05],
          [9.4986e-04],
          [3.8991e-04],
          [2.5363e-04],
          [6.6137e-04],
          [1.4690e-05],
          [1.5805e-05],
          [1.5042e-05],
          [1.7461e-05],
          [1.7193e-05],
          [2.2494e-05],
          [1.6831e-05],
          [1.8779e-05],
          [1.8673e-05],
          [1.9898e-05],
          [1.5443e-05],
          [6.4901e-04],
          [2.8441e-04],
          [1.9803e-05],
          [2.7144e-05],
          [5.4541e-05],
          [3.2455e-05],
          [3.0804e-05],
          [4.9860e-04],
          [4.8912e-05],
          [4.2891e-04],
          [2.2232e-05],
          [1.7218e-05],
          [6.3935e-04],
          [1.8274e-05],
          [2.1711e-04],
          [1.9204e-05],
          [1.8428e-05],
          [2.0110e-05],
          [4.5878e-04],
          [4.2541e-05],
          [1.7820e-03],
          [1.9261e-05],
          [2.5650e-05],
          [2.7215e-05],
          [2.6935e-05],
          [2.5773e-05],
          [2.3970e-05],
          [4.1269e-04],
          [1.7071e-04],
          [1.6524e-05],
          [1.4254e-05],
          [1.4379e-05],
          [1.4588e-05],
          [2.0612e-05],
          [2.1793e-05],
          [2.4147e-05],
          [5.3005e-04],
          [3.6685e-04],
          [2.2894e-05],
          [1.7988e-05],
          [1.6519e-05],
          [1.4883e-05],
          [7.5310e-04],
          [3.8165e-05],
          [2.9799e-05],
          [4.5337e-04],
          [1.9203e-05],
          [1.7015e-05],
          [1.6131e-05],
          [1.5362e-05],
          [1.7712e-05],
          [1.8655e-05],
          [1.5780e-05],
          [1.5734e-05],
          [1.8633e-05],
          [1.7809e-05],
          [1.5425e-05],
          [1.3912e-05],
          [1.1491e-05],
          [1.4638e-05],
          [1.4447e-05],
          [1.3878e-05],
          [1.6864e-05],
          [4.1089e-04],
          [2.1925e-04],
          [1.8224e-05],
          [1.7340e-05],
          [1.9345e-05],
          [2.7703e-05],
          [2.2988e-05],
          [2.1429e-05],
          [2.0821e-05],
          [2.2679e-05],
          [1.8620e-05],
          [1.4404e-05],
          [2.3285e-04],
          [5.6948e-04],
          [2.2178e-05],
          [2.2503e-04],
          [1.1369e-05],
          [3.9727e-04],
          [1.4252e-04],
          [1.7704e-05],
          [2.2858e-05],
          [2.6478e-05],
          [2.3912e-05],
          [3.2071e-05],
          [3.6091e-05],
          [4.6422e-05],
          [4.3027e-05],
          [4.9786e-05],
          [5.5097e-05],
          [5.2509e-05],
          [1.4184e-04],
          [6.2187e-05],
          [1.1748e-04],
          [1.7998e-04],
          [2.0363e-05],
          [2.1097e-05],
          [2.6982e-04],
          [4.1184e-04],
          [3.4616e-05],
          [1.2457e-04],
          [2.1326e-04],
          [6.7496e-05],
          [2.9446e-04],
          [1.6025e-05],
          [1.2503e-05],
          [9.6836e-06],
          [1.0084e-05],
          [9.8510e-06],
          [9.1951e-06],
          [2.2707e-05],
          [1.1930e-05],
          [1.5672e-05],
          [1.4315e-05],
          [8.3223e-04],
          [3.1336e-05],
          [1.0688e-04],
          [8.1822e-05],
          [1.3739e-05],
          [1.0407e-05],
          [9.7427e-06],
          [9.3029e-06],
          [9.8374e-06],
          [1.1306e-05],
          [4.5393e-04],
          [2.5816e-05],
          [3.5494e-04],
          [1.3160e-05],
          [1.1208e-05],
          [1.4368e-05],
          [1.4231e-05],
          [1.4617e-05],
          [1.5469e-05],
          [1.4752e-05],
          [2.0009e-05],
          [1.7518e-05],
          [2.3256e-05],
          [2.8075e-05],
          [2.6837e-05],
          [9.0901e-04],
          [2.3100e-04],
          [2.1263e-05],
          [1.7813e-05],
          [3.4007e-05],
          [1.3567e-05],
          [1.4802e-05],
          [2.0409e-05],
          [2.0071e-05],
          [1.9285e-05],
          [1.9956e-05],
          [2.3638e-05],
          [2.4098e-05],
          [1.9935e-05],
          [1.7913e-05],
          [1.8592e-05],
          [1.8472e-05],
          [1.9305e-05],
          [2.2821e-05],
          [2.4102e-05],
          [2.2305e-05],
          [2.3645e-05],
          [2.1274e-05],
          [2.2458e-05],
          [2.2839e-05],
          [2.3035e-05],
          [2.3412e-05],
          [2.7604e-05],
          [3.0203e-05],
          [2.7644e-05],
          [2.8000e-05],
          [2.6943e-05],
          [3.3497e-05],
          [2.9199e-05],
          [2.4526e-05],
          [2.0462e-05],
          [2.2894e-05],
          [2.1123e-05],
          [1.9188e-05],
          [1.4107e-05],
          [1.2958e-05],
          [1.3289e-05],
          [1.6428e-05],
          [1.6646e-05],
          [3.7270e-04],
          [4.3806e-05],
          [2.0560e-03],
          [1.9622e-05],
          [2.2832e-05],
          [2.1023e-05],
          [1.8484e-05],
          [2.4686e-05],
          [2.3859e-05],
          [2.7475e-05],
          [2.3529e-05],
          [2.1854e-05],
          [2.1236e-05],
          [2.5281e-05],
          [2.0732e-05],
          [1.8084e-05],
          [1.6572e-05],
          [4.4409e-04],
          [1.1288e-04],
          [5.4092e-04],
          [1.4693e-05],
          [1.2619e-05],
          [1.3224e-05],
          [1.8268e-05],
          [5.0653e-04],
          [3.3058e-04],
          [1.2291e-05],
          [1.3150e-05],
          [1.2836e-05],
          [1.9239e-05],
          [1.9682e-05],
          [2.5433e-05],
          [3.0615e-05],
          [2.5303e-05],
          [2.2569e-05],
          [2.9019e-05],
          [3.0082e-05],
          [3.0892e-05],
          [2.2490e-05],
          [2.4915e-05],
          [2.0775e-05],
          [2.1154e-05],
          [1.8957e-05],
          [5.3701e-05],
          [3.4630e-05],
          [4.5629e-05],
          [4.1191e-05],
          [3.0148e-05],
          [2.6694e-05],
          [2.0649e-05],
          [1.8262e-05],
          [1.6028e-05],
          [4.2315e-04],
          [1.9742e-04],
          [1.7982e-05],
          [1.7537e-05],
          [1.5016e-05],
          [1.3223e-05],
          [1.6896e-05],
          [1.8477e-05],
          [2.3028e-05],
          [1.1733e-04],
          [1.3147e-04],
          [2.9616e-04],
          [4.4625e-04],
          [2.2243e-05],
          [1.8441e-05],
          [1.7800e-05],
          [1.9762e-05],
          [1.2616e-05],
          [4.4020e-04],
          [5.0269e-04],
          [1.4527e-05],
          [7.8826e-05],
          [1.7221e-04],
          [1.7411e-05],
          [3.1660e-04],
          [2.0700e-05],
          [2.8468e-04],
          [1.6363e-05],
          [1.3060e-05],
          [1.0611e-05],
          [1.3366e-05],
          [1.0962e-05],
          [4.6336e-05],
          [8.0689e-06]]]])
