# Using CPU
# Loading Embeddings...
# Making Predictions...
torch.Size([1, 1, 442, 275])
tensor([[[[1.2042e-04],
          [2.8745e-05],
          [7.7307e-05],
          [3.4977e-05],
          [1.5576e-05],
          [2.9392e-04],
          [1.8636e-04],
          [3.0123e-05],
          [2.5938e-04],
          [1.6822e-04],
          [2.4334e-05],
          [2.1031e-05],
          [3.8843e-04],
          [2.1864e-04],
          [3.6319e-05],
          [1.8567e-05],
          [1.6984e-05],
          [1.4354e-05],
          [1.4330e-05],
          [4.2060e-05],
          [5.3055e-04],
          [2.2302e-05],
          [1.3692e-04],
          [2.0326e-05],
          [2.1105e-05],
          [2.8372e-05],
          [3.9867e-05],
          [6.8614e-05],
          [8.0780e-05],
          [1.0352e-04],
          [1.0305e-04],
          [1.3186e-04],
          [1.2471e-04],
          [1.3671e-04],
          [1.0658e-04],
          [9.4559e-05],
          [2.9941e-03],
          [1.8421e-04],
          [1.4252e-04],
          [1.5786e-04],
          [1.2943e-04],
          [3.0543e-05],
          [2.7811e-05],
          [2.9488e-05],
          [2.0553e-05],
          [2.4016e-05],
          [1.8757e-05],
          [1.9777e-05],
          [2.0364e-05],
          [1.7440e-04],
          [1.1716e-04],
          [2.1235e-05],
          [1.8193e-05],
          [3.5867e-04],
          [1.3472e-04],
          [1.9401e-05],
          [1.8409e-05],
          [1.8746e-05],
          [2.1199e-05],
          [2.3590e-05],
          [2.4902e-05],
          [2.0801e-05],
          [4.1490e-04],
          [1.9463e-04],
          [3.4692e-05],
          [2.8640e-05],
          [2.3136e-05],
          [2.6068e-05],
          [3.2918e-05],
          [2.7821e-05],
          [2.2296e-05],
          [3.3505e-04],
          [3.1437e-05],
          [2.2169e-05],
          [1.9621e-05],
          [2.1693e-05],
          [2.6039e-04],
          [1.7479e-05],
          [1.6595e-05],
          [1.6282e-05],
          [1.9111e-04],
          [1.2703e-04],
          [1.6162e-05],
          [1.5801e-05],
          [1.6346e-05],
          [2.0724e-05],
          [1.9977e-05],
          [2.0480e-05],
          [1.9860e-05],
          [1.8979e-05],
          [3.4137e-04],
          [8.2968e-05],
          [1.8206e-04],
          [2.3445e-05],
          [1.8276e-05],
          [2.5753e-05],
          [2.5891e-05],
          [2.5370e-05],
          [1.9559e-05],
          [2.0901e-05],
          [4.5053e-05],
          [2.3672e-05],
          [1.8458e-05],
          [1.6205e-05],
          [1.7689e-05],
          [2.2761e-05],
          [2.5111e-05],
          [2.5996e-05],
          [2.7944e-05],
          [2.8410e-05],
          [2.3937e-05],
          [1.2001e-04],
          [1.6367e-04],
          [3.3339e-05],
          [2.1729e-04],
          [1.9096e-05],
          [1.7453e-05],
          [1.9817e-05],
          [1.5041e-05],
          [1.7044e-05],
          [2.0657e-05],
          [1.7623e-05],
          [2.1108e-05],
          [1.9933e-05],
          [2.6338e-05],
          [2.2063e-05],
          [2.6830e-05],
          [2.8524e-05],
          [2.8991e-05],
          [3.9576e-05],
          [1.7635e-04],
          [3.9034e-04],
          [7.8885e-04],
          [3.6946e-04],
          [1.1561e-04],
          [5.0935e-05],
          [2.6836e-05],
          [2.2386e-05],
          [2.3126e-05],
          [1.9794e-05],
          [1.7358e-05],
          [2.0008e-05],
          [1.8590e-05],
          [2.1230e-05],
          [2.1075e-05],
          [2.3247e-05],
          [2.5247e-05],
          [3.3649e-05],
          [4.2723e-05],
          [6.2849e-05],
          [6.3569e-05],
          [5.3214e-05],
          [6.0781e-05],
          [6.5534e-05],
          [6.6926e-05],
          [5.5856e-05],
          [4.1657e-04],
          [7.8244e-05],
          [1.7084e-04],
          [1.7290e-04],
          [2.1657e-05],
          [3.6803e-05],
          [7.9692e-05],
          [6.1000e-05],
          [2.6131e-05],
          [2.1596e-05],
          [2.3934e-05],
          [2.1784e-05],
          [2.4606e-05],
          [2.4470e-05],
          [2.4237e-05],
          [3.3863e-04],
          [1.2609e-04],
          [2.3714e-05],
          [2.5465e-05],
          [2.6995e-05],
          [3.1769e-05],
          [2.9133e-05],
          [3.4567e-04],
          [7.0062e-05],
          [2.7310e-04],
          [1.9733e-05],
          [1.9499e-05],
          [1.7201e-04],
          [2.1954e-05],
          [1.5055e-04],
          [2.0260e-05],
          [1.9949e-05],
          [2.0058e-05],
          [3.6160e-04],
          [2.1707e-05],
          [1.8732e-04],
          [2.0079e-05],
          [2.4990e-05],
          [2.6127e-05],
          [2.6326e-05],
          [2.4108e-05],
          [2.2427e-05],
          [3.1383e-04],
          [1.3542e-04],
          [2.5559e-05],
          [2.4388e-05],
          [2.5519e-05],
          [1.9792e-05],
          [2.3327e-05],
          [2.4375e-05],
          [2.5808e-05],
          [2.9319e-04],
          [9.2278e-05],
          [2.1978e-05],
          [2.2076e-05],
          [2.2850e-05],
          [2.0999e-05],
          [2.0763e-04],
          [2.9979e-05],
          [2.5687e-05],
          [1.9261e-04],
          [1.9863e-05],
          [1.9509e-05],
          [1.7967e-05],
          [2.3849e-05],
          [2.4747e-05],
          [2.8087e-05],
          [2.3736e-05],
          [2.3138e-05],
          [3.2644e-05],
          [2.5008e-05],
          [2.2053e-05],
          [3.0201e-05],
          [2.8187e-05],
          [1.9063e-05],
          [2.3270e-05],
          [1.9862e-05],
          [2.0335e-05],
          [2.4878e-04],
          [7.6115e-05],
          [2.7753e-05],
          [2.1997e-05],
          [2.4196e-05],
          [2.4126e-05],
          [3.1061e-05],
          [2.6966e-05],
          [2.1136e-05],
          [4.1676e-05],
          [2.2950e-05],
          [1.7308e-05],
          [3.1665e-04],
          [1.3317e-04],
          [3.1702e-05],
          [2.3651e-04],
          [1.6862e-05],
          [1.9767e-04],
          [1.0441e-04],
          [2.4878e-05],
          [3.0128e-05],
          [2.9815e-05],
          [3.0889e-05],
          [3.6905e-05],
          [3.6720e-05],
          [4.5688e-05],
          [4.0564e-05],
          [3.9470e-05],
          [3.7306e-05],
          [5.0124e-05],
          [5.1026e-05],
          [4.0309e-05],
          [3.4578e-05],
          [3.9561e-04],
          [2.8962e-05],
          [1.9462e-05],
          [2.3278e-04],
          [9.9404e-05],
          [3.0715e-05],
          [9.3076e-05],
          [1.6070e-04],
          [4.6801e-05],
          [3.0132e-04],
          [1.3932e-05],
          [1.7538e-05],
          [1.3487e-05],
          [1.0672e-05],
          [1.0607e-05],
          [1.3276e-05],
          [4.2950e-05],
          [1.2423e-05],
          [1.6817e-05],
          [1.3483e-05],
          [3.6818e-04],
          [2.9932e-05],
          [9.0095e-05],
          [4.4985e-05],
          [1.8899e-05],
          [1.7488e-05],
          [1.5162e-05],
          [1.6243e-05],
          [1.8686e-05],
          [1.4888e-05],
          [4.0118e-04],
          [1.9439e-05],
          [1.7707e-04],
          [1.9340e-05],
          [1.9521e-05],
          [2.2673e-05],
          [1.9881e-05],
          [2.2645e-05],
          [2.1945e-05],
          [2.3183e-05],
          [2.0818e-05],
          [2.7677e-05],
          [2.7759e-05],
          [2.5452e-05],
          [2.9311e-05],
          [2.1248e-04],
          [1.2531e-04],
          [2.1797e-05],
          [2.0224e-05],
          [2.3641e-05],
          [1.4174e-05],
          [1.6473e-05],
          [2.4797e-05],
          [3.1933e-05],
          [2.7146e-05],
          [2.9072e-05],
          [1.8462e-05],
          [1.9639e-05],
          [1.4024e-05],
          [1.3873e-05],
          [1.6040e-05],
          [1.9670e-05],
          [1.4399e-05],
          [1.6412e-05],
          [1.8000e-05],
          [1.7326e-05],
          [2.0131e-05],
          [2.8154e-05],
          [2.5901e-05],
          [2.3082e-05],
          [2.5794e-05],
          [2.4825e-05],
          [3.6146e-05],
          [4.1417e-05],
          [4.3207e-05],
          [2.6028e-05],
          [3.2739e-05],
          [3.2911e-05],
          [3.0937e-05],
          [2.2659e-05],
          [3.9691e-05],
          [2.2336e-05],
          [2.4427e-05],
          [2.2437e-05],
          [2.1689e-05],
          [2.3503e-05],
          [2.2528e-05],
          [2.9319e-05],
          [2.0132e-05],
          [3.3670e-04],
          [3.1153e-05],
          [2.6537e-04],
          [1.9180e-05],
          [2.0714e-05],
          [2.1858e-05],
          [1.9790e-05],
          [2.3707e-05],
          [2.2473e-05],
          [2.5840e-05],
          [1.8914e-05],
          [1.8399e-05],
          [1.8784e-05],
          [1.7460e-05],
          [1.5555e-05],
          [1.8244e-05],
          [1.5441e-05],
          [2.2646e-04],
          [4.5899e-05],
          [2.8731e-04],
          [1.7813e-05],
          [1.5587e-05],
          [1.1115e-05],
          [1.2616e-05],
          [4.9665e-04],
          [1.9487e-04],
          [1.2506e-05],
          [1.3655e-05],
          [2.0930e-05],
          [3.5309e-05],
          [3.1775e-05],
          [3.8963e-05],
          [6.7389e-05],
          [5.5791e-05],
          [5.9529e-05],
          [3.6511e-05],
          [4.4573e-05],
          [2.4266e-05],
          [3.2040e-05],
          [2.5767e-05],
          [3.0980e-05],
          [2.1454e-05],
          [1.8175e-05],
          [1.4158e-04],
          [3.8883e-05],
          [4.2843e-05],
          [6.2599e-05],
          [2.6258e-05],
          [2.5147e-05],
          [2.4663e-05],
          [2.7362e-05],
          [2.1391e-05],
          [2.5834e-04],
          [1.1268e-04],
          [2.2254e-05],
          [1.9165e-05],
          [2.0840e-05],
          [1.6312e-05],
          [2.8006e-05],
          [2.5686e-05],
          [3.0988e-05],
          [1.0931e-04],
          [7.7294e-05],
          [3.3400e-04],
          [1.4308e-04],
          [2.3059e-05],
          [1.9572e-05],
          [1.6765e-05],
          [1.6478e-05],
          [1.6435e-05],
          [2.4577e-04],
          [1.8869e-04],
          [1.7789e-05],
          [5.7194e-05],
          [1.1642e-04],
          [2.2036e-05],
          [3.9073e-04],
          [2.9745e-05],
          [3.1505e-04],
          [2.4356e-05],
          [1.5908e-05],
          [1.2387e-05],
          [2.0689e-05],
          [1.5013e-05],
          [6.3770e-05],
          [6.3937e-06]]]])
