# Using CPU
# Loading Embeddings...
# Making Predictions...
torch.Size([1, 1, 442, 258])
tensor([[[[1.1689e-04],
          [3.9538e-05],
          [9.1844e-05],
          [5.3467e-05],
          [1.8557e-05],
          [4.5952e-04],
          [7.1980e-04],
          [3.0369e-05],
          [3.2221e-04],
          [8.2935e-04],
          [2.6022e-05],
          [2.0521e-05],
          [4.0712e-04],
          [2.2181e-04],
          [4.1636e-05],
          [2.4426e-05],
          [2.3913e-05],
          [2.3536e-05],
          [2.6262e-05],
          [3.1663e-05],
          [1.2132e-03],
          [2.8004e-05],
          [4.7327e-04],
          [2.4828e-05],
          [2.6601e-05],
          [3.0079e-05],
          [2.9395e-05],
          [4.6562e-05],
          [4.3560e-05],
          [5.0699e-05],
          [5.0537e-05],
          [5.8746e-05],
          [5.5143e-05],
          [6.0210e-05],
          [4.8423e-05],
          [4.2364e-05],
          [8.6432e-04],
          [4.8465e-05],
          [1.8332e-04],
          [1.7434e-04],
          [3.7794e-04],
          [2.5030e-05],
          [2.2182e-05],
          [2.1342e-05],
          [2.4005e-05],
          [2.3001e-05],
          [2.0930e-05],
          [2.4503e-05],
          [2.0710e-05],
          [2.8795e-04],
          [2.5995e-04],
          [2.7942e-05],
          [2.8193e-05],
          [6.9824e-04],
          [4.1522e-04],
          [3.0611e-05],
          [2.3213e-05],
          [2.3689e-05],
          [2.2305e-05],
          [2.4074e-05],
          [2.5945e-05],
          [1.8814e-05],
          [3.9739e-04],
          [2.3444e-04],
          [2.8653e-05],
          [3.2765e-05],
          [3.5527e-05],
          [3.8637e-05],
          [4.0087e-05],
          [3.8210e-05],
          [2.7477e-05],
          [3.6363e-04],
          [2.4387e-05],
          [3.6466e-05],
          [1.4762e-05],
          [1.9121e-05],
          [1.2727e-03],
          [2.0053e-05],
          [2.3388e-05],
          [1.7732e-05],
          [2.3123e-04],
          [1.4897e-04],
          [2.2279e-05],
          [1.8418e-05],
          [1.8857e-05],
          [1.7295e-05],
          [2.1772e-05],
          [1.8484e-05],
          [2.0332e-05],
          [1.9978e-05],
          [6.4535e-04],
          [3.1468e-05],
          [2.4098e-04],
          [2.1152e-05],
          [2.2288e-05],
          [3.6017e-05],
          [3.8945e-05],
          [4.5280e-05],
          [4.7560e-05],
          [8.6655e-05],
          [7.9392e-05],
          [7.1157e-05],
          [3.3246e-05],
          [2.7510e-05],
          [2.5770e-05],
          [2.7393e-05],
          [2.5637e-05],
          [2.5477e-05],
          [2.5365e-05],
          [2.3091e-05],
          [2.0146e-05],
          [1.2152e-04],
          [1.4265e-04],
          [2.0933e-05],
          [2.5989e-04],
          [1.6860e-05],
          [1.8326e-05],
          [2.0682e-05],
          [1.6905e-05],
          [1.9810e-05],
          [2.0652e-05],
          [2.0541e-05],
          [2.6317e-05],
          [2.7058e-05],
          [3.0873e-05],
          [2.6660e-05],
          [3.1446e-05],
          [4.0833e-05],
          [4.1408e-05],
          [4.7812e-05],
          [2.8721e-05],
          [5.2750e-04],
          [3.7231e-04],
          [4.2262e-05],
          [3.1097e-05],
          [2.9621e-05],
          [2.6136e-05],
          [3.0078e-05],
          [2.6426e-05],
          [2.3826e-05],
          [2.5394e-05],
          [2.6055e-05],
          [2.4216e-05],
          [2.4130e-05],
          [2.4663e-05],
          [2.5764e-05],
          [2.4748e-05],
          [2.2532e-05],
          [2.8530e-05],
          [3.8202e-05],
          [3.8703e-05],
          [4.6438e-05],
          [4.1536e-05],
          [4.9894e-05],
          [4.0349e-05],
          [3.6824e-05],
          [4.0809e-04],
          [3.2479e-04],
          [2.5291e-04],
          [8.0722e-04],
          [3.1182e-05],
          [3.0755e-05],
          [3.3253e-05],
          [3.3552e-05],
          [3.4245e-05],
          [2.9224e-05],
          [2.9060e-05],
          [2.8428e-05],
          [2.7066e-05],
          [2.6231e-05],
          [2.2803e-05],
          [4.7427e-04],
          [5.1602e-04],
          [2.2119e-05],
          [2.5556e-05],
          [4.0680e-05],
          [2.8387e-05],
          [2.8213e-05],
          [3.4170e-04],
          [3.0596e-05],
          [2.6313e-04],
          [1.6155e-05],
          [1.7024e-05],
          [4.1717e-04],
          [2.1895e-05],
          [2.1823e-04],
          [5.4968e-05],
          [6.8440e-05],
          [4.0037e-05],
          [6.2045e-04],
          [2.8666e-05],
          [1.5859e-03],
          [2.4317e-05],
          [2.1333e-05],
          [2.2526e-05],
          [2.2744e-05],
          [2.5313e-05],
          [2.0312e-05],
          [3.5184e-04],
          [1.5928e-04],
          [2.1409e-05],
          [2.5065e-05],
          [2.2670e-05],
          [2.1829e-05],
          [2.7254e-05],
          [2.7748e-05],
          [2.5799e-05],
          [5.5658e-04],
          [5.0341e-04],
          [2.4002e-05],
          [2.2540e-05],
          [2.2180e-05],
          [1.9471e-05],
          [4.1430e-04],
          [2.5499e-05],
          [2.2514e-05],
          [7.3647e-04],
          [2.1864e-05],
          [2.3453e-05],
          [2.7801e-05],
          [3.1134e-05],
          [3.3823e-05],
          [3.5299e-05],
          [3.3461e-05],
          [3.0625e-05],
          [4.5510e-05],
          [3.7588e-05],
          [3.2538e-05],
          [4.1774e-05],
          [3.8817e-05],
          [2.8021e-05],
          [3.0602e-05],
          [2.6782e-05],
          [2.3664e-05],
          [4.5979e-04],
          [2.9207e-04],
          [2.2450e-05],
          [2.2411e-05],
          [2.8601e-05],
          [3.3311e-05],
          [2.8085e-05],
          [2.5182e-05],
          [2.6667e-05],
          [3.8967e-05],
          [2.4549e-05],
          [2.5616e-05],
          [2.9074e-04],
          [1.7441e-04],
          [2.1517e-05],
          [1.6831e-04],
          [1.8940e-05],
          [2.3121e-04],
          [2.0070e-04],
          [2.2627e-05],
          [2.9704e-05],
          [2.7664e-05],
          [2.8557e-05],
          [3.1555e-05],
          [3.7090e-05],
          [4.4659e-05],
          [3.9118e-05],
          [5.4541e-05],
          [6.0602e-05],
          [8.1658e-05],
          [1.1953e-04],
          [6.3427e-05],
          [7.9985e-05],
          [1.7021e-04],
          [2.2127e-05],
          [2.1605e-05],
          [2.0678e-04],
          [2.1868e-04],
          [3.0744e-05],
          [2.4116e-04],
          [1.4791e-04],
          [3.0060e-05],
          [2.5390e-04],
          [1.3897e-05],
          [1.6115e-05],
          [1.6371e-05],
          [1.6309e-05],
          [1.7406e-05],
          [1.7332e-05],
          [2.9536e-05],
          [2.1983e-05],
          [2.3053e-05],
          [1.8650e-05],
          [5.4300e-04],
          [2.0973e-05],
          [8.8768e-05],
          [1.0554e-04],
          [1.6666e-05],
          [1.4309e-05],
          [1.5621e-05],
          [1.6685e-05],
          [1.7811e-05],
          [1.6791e-05],
          [5.8485e-04],
          [2.1005e-05],
          [7.9420e-04],
          [2.1889e-05],
          [2.4868e-05],
          [2.5775e-05],
          [2.9109e-05],
          [2.8823e-05],
          [2.9414e-05],
          [3.4185e-05],
          [3.4283e-05],
          [3.6550e-05],
          [3.2550e-05],
          [3.3572e-05],
          [3.6322e-05],
          [5.2682e-04],
          [4.5057e-04],
          [2.7140e-05],
          [2.6989e-05],
          [2.1261e-05],
          [2.2890e-05],
          [2.1536e-05],
          [2.6551e-05],
          [2.2786e-05],
          [2.4094e-05],
          [2.1093e-05],
          [2.3918e-05],
          [2.0753e-05],
          [1.9517e-05],
          [2.1316e-05],
          [1.6645e-05],
          [1.8654e-05],
          [1.3700e-05],
          [2.0883e-05],
          [2.1167e-05],
          [2.2776e-05],
          [2.5104e-05],
          [3.0650e-05],
          [3.3400e-05],
          [3.2886e-05],
          [3.4815e-05],
          [3.6722e-05],
          [3.8068e-05],
          [3.9329e-05],
          [3.3700e-05],
          [3.1143e-05],
          [2.8961e-05],
          [3.0012e-05],
          [3.1005e-05],
          [2.1158e-05],
          [3.7554e-05],
          [3.4108e-05],
          [2.2255e-05],
          [2.3973e-05],
          [2.0082e-05],
          [2.5077e-05],
          [1.9460e-05],
          [2.3510e-05],
          [2.4345e-05],
          [2.5479e-04],
          [4.2562e-05],
          [1.8546e-03],
          [2.2946e-05],
          [2.7810e-05],
          [2.9696e-05],
          [2.7853e-05],
          [3.1301e-05],
          [3.2262e-05],
          [3.5561e-05],
          [2.5186e-05],
          [2.2810e-05],
          [1.9649e-05],
          [2.0844e-05],
          [2.0491e-05],
          [2.5673e-05],
          [2.0210e-05],
          [3.1374e-04],
          [7.2861e-05],
          [6.7439e-04],
          [1.9955e-05],
          [1.7642e-05],
          [1.7367e-05],
          [1.7113e-05],
          [6.7184e-04],
          [4.9001e-04],
          [2.3985e-05],
          [2.5672e-05],
          [3.3436e-05],
          [4.0616e-05],
          [6.2385e-05],
          [5.8281e-05],
          [7.9029e-05],
          [6.2867e-05],
          [4.6308e-05],
          [3.6551e-05],
          [4.5441e-05],
          [3.1202e-05],
          [2.3447e-05],
          [2.8339e-05],
          [2.4645e-05],
          [2.2416e-05],
          [2.1628e-05],
          [1.4545e-04],
          [4.9924e-05],
          [4.0424e-05],
          [8.1089e-05],
          [3.3878e-05],
          [2.6684e-05],
          [2.3486e-05],
          [2.1438e-05],
          [1.6065e-05],
          [2.9747e-04],
          [2.0516e-04],
          [2.2537e-05],
          [2.3414e-05],
          [3.0811e-05],
          [2.3726e-05],
          [2.6854e-05],
          [2.4949e-05],
          [3.5047e-05],
          [1.4732e-04],
          [9.7526e-05],
          [4.9652e-04],
          [4.2868e-04],
          [2.6546e-05],
          [1.8946e-05],
          [1.5927e-05],
          [1.8794e-05],
          [1.3477e-05],
          [4.1049e-04],
          [6.9230e-05],
          [1.5107e-05],
          [4.1117e-05],
          [1.2626e-04],
          [1.8225e-05],
          [1.7965e-04],
          [1.6208e-05],
          [2.7182e-04],
          [1.6983e-05],
          [1.5144e-05],
          [1.4767e-05],
          [2.2346e-05],
          [1.5089e-05],
          [4.3108e-05],
          [7.4838e-06]]]])
