# Using CPU
# Loading Embeddings...
# Making Predictions...
torch.Size([1, 1, 442, 238])
tensor([[[[2.2663e-04],
          [3.7717e-05],
          [1.8642e-04],
          [3.0973e-05],
          [1.4236e-05],
          [6.7508e-04],
          [2.3425e-03],
          [1.4128e-05],
          [5.2460e-04],
          [2.4892e-03],
          [1.6791e-05],
          [1.5296e-05],
          [1.0796e-03],
          [7.8166e-04],
          [2.9439e-05],
          [1.3346e-05],
          [1.6801e-05],
          [1.9608e-05],
          [2.9056e-05],
          [3.1014e-05],
          [1.1241e-03],
          [2.9461e-05],
          [1.3028e-03],
          [2.2998e-05],
          [1.4939e-05],
          [1.7151e-05],
          [2.0733e-05],
          [3.1659e-05],
          [3.2621e-05],
          [4.0224e-05],
          [3.7107e-05],
          [4.1681e-05],
          [4.1255e-05],
          [4.0818e-05],
          [3.9387e-05],
          [3.2694e-05],
          [9.9702e-04],
          [2.8586e-05],
          [4.0066e-04],
          [2.2263e-04],
          [8.1009e-04],
          [1.7766e-05],
          [1.5577e-05],
          [1.6482e-05],
          [1.4557e-05],
          [1.4175e-05],
          [1.2731e-05],
          [1.1703e-05],
          [1.1593e-05],
          [3.9715e-04],
          [7.0961e-04],
          [1.4049e-05],
          [1.1290e-05],
          [9.1943e-04],
          [1.2417e-03],
          [1.4103e-05],
          [1.4093e-05],
          [1.3084e-05],
          [1.5165e-05],
          [1.8966e-05],
          [1.7771e-05],
          [1.7399e-05],
          [4.2889e-04],
          [5.2863e-04],
          [1.7183e-05],
          [1.5285e-05],
          [1.4301e-05],
          [1.3636e-05],
          [1.3818e-05],
          [1.4081e-05],
          [1.4611e-05],
          [5.8485e-04],
          [1.9938e-05],
          [4.1919e-05],
          [1.5619e-05],
          [2.5528e-05],
          [4.0255e-03],
          [1.5315e-05],
          [1.2959e-05],
          [1.6153e-05],
          [6.5436e-04],
          [4.3814e-04],
          [1.1772e-05],
          [1.1972e-05],
          [1.3063e-05],
          [1.3777e-05],
          [1.5731e-05],
          [1.7787e-05],
          [1.6439e-05],
          [1.5789e-05],
          [7.2965e-04],
          [8.1827e-05],
          [6.7271e-04],
          [2.6600e-05],
          [3.2833e-05],
          [5.0613e-05],
          [4.8439e-05],
          [6.7161e-05],
          [6.3108e-05],
          [6.7070e-05],
          [5.3074e-05],
          [4.3937e-05],
          [2.9383e-05],
          [1.8843e-05],
          [1.6319e-05],
          [1.7756e-05],
          [1.9759e-05],
          [2.2534e-05],
          [2.2377e-05],
          [2.4501e-05],
          [2.3273e-05],
          [3.9776e-04],
          [2.6962e-04],
          [2.1085e-05],
          [5.0989e-04],
          [1.8126e-05],
          [1.4165e-05],
          [1.2158e-05],
          [1.1982e-05],
          [1.3803e-05],
          [1.4568e-05],
          [1.2316e-05],
          [1.5759e-05],
          [1.2435e-05],
          [1.4851e-05],
          [1.5086e-05],
          [1.8787e-05],
          [1.8504e-05],
          [2.2707e-05],
          [2.3246e-05],
          [2.3837e-05],
          [1.0885e-03],
          [5.4541e-04],
          [2.0781e-05],
          [2.4055e-05],
          [2.0442e-05],
          [1.5716e-05],
          [1.5726e-05],
          [1.3465e-05],
          [1.5071e-05],
          [1.3329e-05],
          [1.3333e-05],
          [1.0589e-05],
          [1.3675e-05],
          [1.5750e-05],
          [1.9474e-05],
          [2.0316e-05],
          [2.5885e-05],
          [3.0117e-05],
          [3.7844e-05],
          [3.6290e-05],
          [3.5223e-05],
          [3.3680e-05],
          [3.6438e-05],
          [3.1405e-05],
          [3.0158e-05],
          [9.8987e-04],
          [1.0405e-03],
          [4.4229e-04],
          [2.7249e-03],
          [1.6200e-05],
          [1.4409e-05],
          [1.5068e-05],
          [1.4642e-05],
          [1.4867e-05],
          [1.7913e-05],
          [1.5600e-05],
          [1.6572e-05],
          [1.7177e-05],
          [2.0921e-05],
          [1.8694e-05],
          [6.8884e-04],
          [1.5822e-03],
          [2.2423e-05],
          [2.9526e-05],
          [5.5425e-05],
          [2.9383e-05],
          [2.7060e-05],
          [4.4124e-04],
          [4.8954e-05],
          [7.6641e-04],
          [2.0986e-05],
          [1.4465e-05],
          [5.2829e-04],
          [2.4100e-05],
          [4.8940e-04],
          [6.0948e-05],
          [7.4340e-05],
          [4.7398e-05],
          [1.2421e-03],
          [3.6676e-05],
          [6.2433e-03],
          [1.7214e-05],
          [1.9431e-05],
          [2.0338e-05],
          [2.0192e-05],
          [2.2860e-05],
          [2.1688e-05],
          [4.5883e-04],
          [4.7461e-04],
          [2.1887e-05],
          [1.9963e-05],
          [1.7693e-05],
          [1.4441e-05],
          [1.7330e-05],
          [1.7479e-05],
          [1.9221e-05],
          [6.6365e-04],
          [1.3747e-03],
          [1.4064e-05],
          [1.3889e-05],
          [1.5037e-05],
          [1.5449e-05],
          [5.3834e-04],
          [2.7607e-05],
          [1.8964e-05],
          [2.6210e-03],
          [1.8146e-05],
          [1.6188e-05],
          [1.1349e-05],
          [1.4032e-05],
          [1.3452e-05],
          [1.2107e-05],
          [1.2917e-05],
          [1.2165e-05],
          [1.3369e-05],
          [1.2177e-05],
          [1.2446e-05],
          [1.0908e-05],
          [1.1141e-05],
          [9.7432e-06],
          [1.0816e-05],
          [1.1093e-05],
          [1.2495e-05],
          [7.4418e-04],
          [6.3728e-04],
          [1.3297e-05],
          [1.4727e-05],
          [1.4821e-05],
          [2.4226e-05],
          [2.4420e-05],
          [2.9242e-05],
          [2.9685e-05],
          [3.0428e-05],
          [3.1875e-05],
          [1.9621e-05],
          [1.2625e-03],
          [3.3257e-04],
          [3.2669e-05],
          [9.4462e-04],
          [1.5386e-05],
          [3.6931e-04],
          [4.0747e-04],
          [1.8243e-05],
          [1.9570e-05],
          [2.1397e-05],
          [1.9689e-05],
          [2.2018e-05],
          [2.4276e-05],
          [2.9900e-05],
          [3.3825e-05],
          [5.1625e-05],
          [4.9101e-05],
          [5.8268e-05],
          [1.6163e-04],
          [9.5556e-05],
          [1.3862e-04],
          [4.3258e-04],
          [2.9401e-05],
          [2.6085e-05],
          [5.1180e-04],
          [3.1278e-04],
          [4.4781e-05],
          [8.0815e-04],
          [3.3155e-04],
          [7.4255e-05],
          [7.6550e-04],
          [1.8228e-05],
          [1.1510e-05],
          [1.2577e-05],
          [1.0071e-05],
          [1.0769e-05],
          [1.4907e-05],
          [2.1987e-05],
          [2.5204e-05],
          [2.9629e-05],
          [2.2453e-05],
          [9.0144e-04],
          [3.2564e-05],
          [1.9524e-04],
          [1.2410e-04],
          [1.2353e-05],
          [1.2589e-05],
          [1.1207e-05],
          [1.0401e-05],
          [1.0868e-05],
          [1.4313e-05],
          [8.7021e-04],
          [2.3154e-05],
          [2.9645e-03],
          [1.9631e-05],
          [1.6959e-05],
          [1.2378e-05],
          [1.3007e-05],
          [1.1534e-05],
          [1.1287e-05],
          [1.1562e-05],
          [1.4411e-05],
          [1.3407e-05],
          [1.7314e-05],
          [1.9319e-05],
          [2.3223e-05],
          [5.0786e-04],
          [1.2126e-03],
          [1.6970e-05],
          [1.3907e-05],
          [1.2699e-05],
          [1.1196e-05],
          [1.2147e-05],
          [1.9613e-05],
          [2.0831e-05],
          [2.4204e-05],
          [1.9357e-05],
          [2.1915e-05],
          [1.7225e-05],
          [1.3920e-05],
          [1.2043e-05],
          [1.1122e-05],
          [1.2316e-05],
          [1.2681e-05],
          [1.2301e-05],
          [1.1857e-05],
          [1.2880e-05],
          [1.2548e-05],
          [1.5810e-05],
          [1.7900e-05],
          [1.9569e-05],
          [2.6565e-05],
          [2.6595e-05],
          [3.9542e-05],
          [4.2172e-05],
          [3.5025e-05],
          [2.0586e-05],
          [2.3317e-05],
          [2.7136e-05],
          [2.2084e-05],
          [2.1831e-05],
          [1.7264e-05],
          [1.8348e-05],
          [2.1913e-05],
          [2.2886e-05],
          [2.2930e-05],
          [1.8110e-05],
          [1.5773e-05],
          [1.6751e-05],
          [1.7138e-05],
          [1.0990e-03],
          [4.2301e-05],
          [7.8342e-03],
          [1.6717e-05],
          [1.7042e-05],
          [1.4753e-05],
          [1.5269e-05],
          [1.4091e-05],
          [1.3341e-05],
          [1.2384e-05],
          [1.1154e-05],
          [1.0418e-05],
          [1.0476e-05],
          [1.1501e-05],
          [1.0394e-05],
          [1.1883e-05],
          [1.1530e-05],
          [1.4341e-03],
          [1.1215e-04],
          [3.0428e-03],
          [1.6181e-05],
          [1.1549e-05],
          [1.0963e-05],
          [1.3036e-05],
          [7.6821e-04],
          [1.5396e-03],
          [1.3587e-05],
          [1.4306e-05],
          [1.2626e-05],
          [1.6416e-05],
          [2.0961e-05],
          [2.7790e-05],
          [3.5438e-05],
          [4.0709e-05],
          [3.4177e-05],
          [3.3641e-05],
          [2.3518e-05],
          [1.5086e-05],
          [1.1331e-05],
          [1.0083e-05],
          [1.1078e-05],
          [1.0409e-05],
          [1.3365e-05],
          [3.3831e-05],
          [6.1554e-05],
          [8.5897e-05],
          [9.1054e-05],
          [7.0048e-05],
          [6.9171e-05],
          [3.6040e-05],
          [2.4079e-05],
          [1.8139e-05],
          [4.7820e-04],
          [4.9646e-04],
          [1.6602e-05],
          [1.5387e-05],
          [1.3131e-05],
          [1.3123e-05],
          [1.3864e-05],
          [1.4644e-05],
          [1.4137e-05],
          [4.7236e-04],
          [2.0651e-04],
          [6.5701e-04],
          [1.4176e-03],
          [2.0857e-05],
          [1.7676e-05],
          [2.3718e-05],
          [1.4994e-05],
          [1.5229e-05],
          [4.4141e-04],
          [1.3720e-04],
          [1.9166e-05],
          [6.9044e-05],
          [2.4667e-04],
          [1.8345e-05],
          [9.5080e-04],
          [3.7241e-05],
          [1.0245e-03],
          [1.8033e-05],
          [1.2259e-05],
          [1.3817e-05],
          [1.4999e-05],
          [1.4382e-05],
          [1.9538e-04],
          [9.6823e-06]]]])
