# Using CPU
# Loading Embeddings...
# Making Predictions...
torch.Size([1, 1, 442, 246])
tensor([[[[1.1382e-04],
          [3.0695e-05],
          [1.0447e-04],
          [6.6459e-05],
          [8.1237e-06],
          [3.2893e-04],
          [1.0102e-03],
          [3.7895e-05],
          [3.2743e-04],
          [1.3040e-03],
          [1.2927e-05],
          [1.3236e-05],
          [3.1004e-04],
          [3.2366e-04],
          [5.6249e-05],
          [1.2060e-05],
          [2.7880e-05],
          [1.1879e-05],
          [1.3337e-05],
          [1.8048e-05],
          [5.2648e-04],
          [3.8031e-05],
          [7.3534e-04],
          [1.4585e-05],
          [1.1009e-05],
          [1.3590e-05],
          [1.6122e-05],
          [2.2732e-05],
          [2.3779e-05],
          [2.9060e-05],
          [2.6657e-05],
          [2.8900e-05],
          [3.2302e-05],
          [7.8781e-05],
          [2.1695e-05],
          [1.9438e-05],
          [2.8934e-04],
          [2.2169e-05],
          [1.8571e-04],
          [4.9351e-05],
          [5.9274e-04],
          [1.3652e-05],
          [1.2622e-05],
          [1.4342e-05],
          [1.6082e-05],
          [1.4555e-05],
          [1.0744e-05],
          [1.0685e-05],
          [1.2660e-05],
          [1.3783e-04],
          [4.7628e-04],
          [1.3133e-05],
          [1.0973e-05],
          [4.4095e-04],
          [5.5856e-04],
          [1.1171e-05],
          [1.0722e-05],
          [1.8858e-05],
          [1.7748e-05],
          [1.2965e-05],
          [1.2112e-05],
          [1.1668e-05],
          [2.6127e-04],
          [3.0580e-04],
          [1.3473e-05],
          [1.2579e-05],
          [1.2903e-05],
          [1.2835e-05],
          [1.2673e-05],
          [1.3175e-05],
          [1.0990e-05],
          [1.5696e-04],
          [2.2858e-05],
          [1.6675e-05],
          [1.2322e-05],
          [2.0348e-05],
          [1.8184e-03],
          [1.1769e-05],
          [1.0469e-05],
          [1.0409e-05],
          [1.4442e-04],
          [2.0765e-04],
          [1.2118e-05],
          [9.8191e-06],
          [9.8583e-06],
          [1.0618e-05],
          [1.1494e-05],
          [1.2692e-05],
          [1.1075e-05],
          [1.1619e-05],
          [3.1253e-04],
          [4.6058e-05],
          [2.8591e-04],
          [1.4320e-05],
          [1.1480e-05],
          [1.3838e-05],
          [1.3215e-05],
          [3.0095e-05],
          [1.5325e-05],
          [1.8807e-05],
          [2.0749e-05],
          [1.9217e-05],
          [1.6778e-05],
          [1.6879e-05],
          [1.3702e-05],
          [1.2994e-05],
          [1.1314e-05],
          [1.1988e-05],
          [1.2757e-05],
          [1.3113e-05],
          [1.1306e-05],
          [1.6462e-04],
          [1.1164e-04],
          [1.3368e-05],
          [2.3256e-04],
          [1.3202e-05],
          [9.7809e-06],
          [1.2317e-05],
          [1.1174e-05],
          [1.0806e-05],
          [1.2509e-05],
          [1.0600e-05],
          [2.7383e-05],
          [1.0374e-05],
          [1.3974e-05],
          [1.0489e-05],
          [1.0689e-05],
          [1.0558e-05],
          [1.2941e-05],
          [1.5624e-05],
          [1.9410e-05],
          [4.1082e-04],
          [4.7443e-04],
          [4.3464e-05],
          [2.2844e-05],
          [1.9284e-05],
          [1.7195e-05],
          [1.9973e-05],
          [1.7055e-05],
          [1.7392e-05],
          [1.4011e-05],
          [1.5105e-05],
          [1.1648e-05],
          [1.3774e-05],
          [1.2058e-05],
          [1.1473e-05],
          [1.1881e-05],
          [1.4490e-05],
          [1.6567e-05],
          [2.1411e-05],
          [2.1609e-05],
          [2.7691e-05],
          [3.8046e-05],
          [4.8327e-05],
          [4.5009e-05],
          [5.0835e-05],
          [3.9247e-04],
          [4.3859e-04],
          [2.0069e-04],
          [1.3463e-03],
          [1.4846e-05],
          [1.4496e-05],
          [1.5579e-05],
          [2.1640e-05],
          [1.7576e-05],
          [2.4313e-05],
          [2.2275e-05],
          [2.2478e-05],
          [2.6806e-05],
          [2.6130e-05],
          [1.4972e-05],
          [3.9703e-04],
          [6.0356e-04],
          [1.2635e-05],
          [1.4316e-05],
          [2.4457e-05],
          [2.7032e-05],
          [1.4142e-05],
          [1.3381e-04],
          [3.4733e-05],
          [1.1613e-04],
          [1.3862e-05],
          [2.4748e-05],
          [1.0182e-04],
          [1.3044e-05],
          [4.1123e-04],
          [1.5319e-05],
          [1.3964e-05],
          [1.4275e-05],
          [5.9038e-04],
          [6.2525e-05],
          [2.3337e-03],
          [1.1784e-05],
          [1.2981e-05],
          [1.2424e-05],
          [1.2827e-05],
          [1.3511e-05],
          [1.2889e-05],
          [2.0976e-04],
          [3.4027e-04],
          [1.0862e-05],
          [1.0556e-05],
          [1.1195e-05],
          [1.0469e-05],
          [1.1119e-05],
          [1.3118e-05],
          [1.1918e-05],
          [2.8975e-04],
          [9.4721e-04],
          [1.3437e-05],
          [1.2072e-05],
          [1.2586e-05],
          [1.1663e-05],
          [3.8840e-04],
          [2.6673e-05],
          [1.6410e-05],
          [1.5865e-03],
          [1.1278e-05],
          [1.9526e-05],
          [1.3594e-05],
          [1.5392e-05],
          [1.3434e-05],
          [1.4131e-05],
          [1.1321e-05],
          [1.3142e-05],
          [2.1271e-05],
          [1.4806e-05],
          [1.4217e-05],
          [1.5278e-05],
          [1.3447e-05],
          [1.4416e-05],
          [1.4367e-05],
          [1.1231e-05],
          [1.2719e-05],
          [3.1284e-04],
          [4.7035e-04],
          [2.0244e-05],
          [1.3219e-05],
          [1.2448e-05],
          [1.6463e-05],
          [2.1433e-05],
          [2.5441e-05],
          [2.2392e-05],
          [2.7721e-05],
          [2.3517e-05],
          [1.5155e-05],
          [6.4233e-04],
          [1.1596e-04],
          [1.4772e-05],
          [1.7516e-04],
          [9.1560e-06],
          [2.3498e-04],
          [3.3457e-04],
          [1.2802e-05],
          [1.6930e-05],
          [1.9204e-05],
          [1.6167e-05],
          [2.1983e-05],
          [2.4734e-05],
          [2.9098e-05],
          [2.4080e-05],
          [2.6848e-05],
          [2.3538e-05],
          [2.4792e-05],
          [3.0660e-05],
          [3.3242e-05],
          [4.7741e-05],
          [1.5734e-04],
          [1.7956e-05],
          [1.9658e-05],
          [2.1090e-04],
          [2.3395e-04],
          [1.9752e-05],
          [1.6044e-04],
          [8.1275e-05],
          [2.7099e-05],
          [1.1289e-04],
          [1.2872e-05],
          [1.1161e-05],
          [1.0151e-05],
          [9.2890e-06],
          [1.0010e-05],
          [1.0914e-05],
          [1.3258e-05],
          [1.0972e-05],
          [1.5256e-05],
          [1.1233e-05],
          [3.0121e-04],
          [2.0397e-05],
          [6.3403e-05],
          [3.0117e-04],
          [1.0440e-05],
          [9.6342e-06],
          [1.0163e-05],
          [1.0463e-05],
          [9.9102e-06],
          [9.7959e-06],
          [4.1286e-04],
          [2.6542e-05],
          [1.8796e-03],
          [1.2769e-05],
          [1.1424e-05],
          [1.1150e-05],
          [1.2757e-05],
          [1.1707e-05],
          [1.4577e-05],
          [1.2684e-05],
          [1.6377e-05],
          [1.5416e-05],
          [1.9371e-05],
          [1.8673e-05],
          [2.0405e-05],
          [2.6982e-04],
          [9.0690e-04],
          [1.5907e-05],
          [1.7488e-05],
          [2.3985e-05],
          [1.3143e-05],
          [1.2072e-05],
          [1.3084e-05],
          [1.4354e-05],
          [1.4877e-05],
          [1.3840e-05],
          [1.2326e-05],
          [1.3264e-05],
          [1.0571e-05],
          [1.1175e-05],
          [1.0185e-05],
          [1.1537e-05],
          [1.2172e-05],
          [1.1278e-05],
          [1.1302e-05],
          [1.3856e-05],
          [1.3935e-05],
          [1.3789e-05],
          [1.7684e-05],
          [1.7505e-05],
          [1.8093e-05],
          [1.5380e-05],
          [1.8780e-05],
          [2.1617e-05],
          [2.0024e-05],
          [2.1165e-05],
          [2.2735e-05],
          [3.0961e-05],
          [3.0882e-05],
          [2.3504e-05],
          [2.0403e-05],
          [2.1678e-05],
          [2.0848e-05],
          [1.9179e-05],
          [1.7147e-05],
          [1.4290e-05],
          [1.2951e-05],
          [1.2629e-05],
          [1.5429e-05],
          [4.5147e-04],
          [7.1981e-05],
          [3.1171e-03],
          [1.8785e-05],
          [1.7347e-05],
          [1.6402e-05],
          [1.4685e-05],
          [1.5179e-05],
          [1.2939e-05],
          [1.1456e-05],
          [1.0257e-05],
          [9.6885e-06],
          [1.2735e-05],
          [1.0613e-05],
          [1.0963e-05],
          [1.3566e-05],
          [1.3088e-05],
          [4.5688e-04],
          [6.2985e-05],
          [1.6160e-03],
          [1.1883e-05],
          [1.1996e-05],
          [1.4214e-05],
          [2.2774e-05],
          [3.1475e-04],
          [1.3489e-03],
          [1.1744e-05],
          [1.2430e-05],
          [1.4311e-05],
          [2.4755e-05],
          [3.3487e-05],
          [4.1245e-05],
          [4.3471e-05],
          [3.5529e-05],
          [2.5230e-05],
          [1.8820e-05],
          [1.5675e-05],
          [1.2479e-05],
          [1.1733e-05],
          [1.1097e-05],
          [9.8060e-06],
          [1.1912e-05],
          [1.2096e-05],
          [2.6997e-05],
          [4.5897e-05],
          [4.7789e-05],
          [4.5656e-05],
          [2.9179e-05],
          [2.3358e-05],
          [1.7644e-05],
          [1.4852e-05],
          [1.1908e-05],
          [1.3696e-04],
          [4.0689e-04],
          [1.3785e-05],
          [1.4062e-05],
          [1.3442e-05],
          [1.4621e-05],
          [1.8721e-05],
          [2.3023e-05],
          [2.1456e-05],
          [9.4449e-05],
          [7.6043e-05],
          [1.1751e-04],
          [8.0067e-04],
          [2.3246e-05],
          [1.8853e-05],
          [1.4842e-05],
          [1.7580e-05],
          [1.0758e-05],
          [1.7393e-04],
          [7.8850e-05],
          [1.6247e-05],
          [5.3404e-05],
          [2.8279e-04],
          [1.2959e-05],
          [2.0922e-04],
          [1.5824e-05],
          [1.7537e-04],
          [1.3564e-05],
          [1.0347e-05],
          [8.9130e-06],
          [1.2884e-05],
          [2.5602e-05],
          [7.7348e-05],
          [1.2611e-05]]]])
