# Using CPU
# Loading Embeddings...
# Making Predictions...
torch.Size([1, 1, 442, 274])
tensor([[[[1.1138e-04],
          [4.2869e-05],
          [7.6955e-05],
          [3.0263e-05],
          [1.3633e-05],
          [1.1381e-04],
          [3.0658e-04],
          [3.0420e-05],
          [1.1783e-04],
          [2.5590e-04],
          [2.2279e-05],
          [2.1375e-05],
          [2.8725e-04],
          [2.0757e-04],
          [3.4868e-05],
          [1.4565e-05],
          [1.9716e-05],
          [1.7096e-05],
          [1.6492e-05],
          [4.6729e-05],
          [1.9793e-04],
          [2.2499e-05],
          [1.4516e-04],
          [2.1867e-05],
          [1.8863e-05],
          [2.4560e-05],
          [3.4664e-05],
          [6.1864e-05],
          [7.1079e-05],
          [9.1567e-05],
          [7.8184e-05],
          [8.9331e-05],
          [8.4331e-05],
          [9.6514e-05],
          [7.5422e-05],
          [6.6643e-05],
          [8.9337e-04],
          [1.1730e-04],
          [2.6371e-04],
          [1.6965e-04],
          [1.9585e-04],
          [2.3750e-05],
          [2.3946e-05],
          [2.5620e-05],
          [1.8485e-05],
          [2.3269e-05],
          [1.9634e-05],
          [1.9254e-05],
          [1.7261e-05],
          [1.7240e-04],
          [1.3190e-04],
          [2.1625e-05],
          [1.8648e-05],
          [1.2366e-04],
          [1.6204e-04],
          [2.0375e-05],
          [1.7294e-05],
          [1.7281e-05],
          [2.1426e-05],
          [1.9415e-05],
          [2.2068e-05],
          [1.5933e-05],
          [2.5455e-04],
          [1.9712e-04],
          [2.8932e-05],
          [2.2763e-05],
          [2.4123e-05],
          [2.6173e-05],
          [2.9999e-05],
          [2.6719e-05],
          [2.0753e-05],
          [2.7155e-04],
          [2.3589e-05],
          [1.9226e-05],
          [1.8471e-05],
          [2.0159e-05],
          [3.3850e-04],
          [1.6379e-05],
          [1.5367e-05],
          [1.3232e-05],
          [2.1395e-04],
          [1.3842e-04],
          [1.6424e-05],
          [1.7427e-05],
          [1.4532e-05],
          [1.7719e-05],
          [1.7974e-05],
          [1.9659e-05],
          [1.9099e-05],
          [1.8591e-05],
          [1.2889e-04],
          [4.3948e-05],
          [2.1395e-04],
          [2.1294e-05],
          [1.7084e-05],
          [2.3065e-05],
          [2.6519e-05],
          [2.5730e-05],
          [2.4892e-05],
          [2.1601e-05],
          [5.0867e-05],
          [2.7193e-05],
          [1.9576e-05],
          [1.8923e-05],
          [2.0486e-05],
          [2.4106e-05],
          [2.1754e-05],
          [2.2505e-05],
          [2.2794e-05],
          [2.2944e-05],
          [2.0386e-05],
          [6.8233e-05],
          [1.1047e-04],
          [2.4710e-05],
          [2.0117e-04],
          [1.5955e-05],
          [1.7139e-05],
          [2.3633e-05],
          [1.3709e-05],
          [1.6486e-05],
          [1.6389e-05],
          [1.8225e-05],
          [1.8884e-05],
          [2.2473e-05],
          [2.5053e-05],
          [2.4645e-05],
          [2.5595e-05],
          [2.8940e-05],
          [2.8891e-05],
          [4.3070e-05],
          [7.1812e-05],
          [2.7704e-04],
          [2.4376e-04],
          [1.4053e-04],
          [6.0870e-05],
          [2.9972e-05],
          [1.9541e-05],
          [2.2422e-05],
          [2.6075e-05],
          [2.0041e-05],
          [1.7266e-05],
          [2.2254e-05],
          [1.8858e-05],
          [2.0863e-05],
          [1.8730e-05],
          [1.9438e-05],
          [2.1288e-05],
          [2.7572e-05],
          [3.5067e-05],
          [5.0227e-05],
          [5.1939e-05],
          [4.8595e-05],
          [4.7081e-05],
          [5.4971e-05],
          [5.8548e-05],
          [4.3118e-05],
          [2.1876e-04],
          [1.1621e-04],
          [8.9677e-05],
          [1.7609e-04],
          [2.2946e-05],
          [2.3215e-05],
          [4.1098e-05],
          [3.5034e-05],
          [2.6978e-05],
          [1.9119e-05],
          [2.0443e-05],
          [1.9216e-05],
          [2.2759e-05],
          [1.9268e-05],
          [1.9224e-05],
          [1.4575e-04],
          [1.5443e-04],
          [1.8800e-05],
          [2.1322e-05],
          [2.5558e-05],
          [2.5488e-05],
          [2.3340e-05],
          [1.9930e-04],
          [3.9044e-05],
          [2.4646e-04],
          [1.9744e-05],
          [2.1234e-05],
          [1.7692e-04],
          [2.2525e-05],
          [1.4883e-04],
          [2.4221e-05],
          [3.0840e-05],
          [1.8829e-05],
          [1.0760e-04],
          [3.2169e-05],
          [2.5407e-04],
          [1.8938e-05],
          [2.0641e-05],
          [2.1006e-05],
          [2.1395e-05],
          [2.0632e-05],
          [2.2853e-05],
          [2.2634e-04],
          [1.3877e-04],
          [2.2687e-05],
          [2.2683e-05],
          [2.2789e-05],
          [2.0696e-05],
          [2.2981e-05],
          [2.7207e-05],
          [3.2571e-05],
          [1.1338e-04],
          [1.2824e-04],
          [2.3980e-05],
          [2.1198e-05],
          [2.1737e-05],
          [2.1605e-05],
          [1.4726e-04],
          [3.0327e-05],
          [2.3603e-05],
          [2.5223e-04],
          [2.0548e-05],
          [1.6312e-05],
          [1.7789e-05],
          [2.3010e-05],
          [2.2127e-05],
          [2.6869e-05],
          [2.4700e-05],
          [2.2627e-05],
          [3.3349e-05],
          [3.1022e-05],
          [2.2465e-05],
          [2.9487e-05],
          [3.5953e-05],
          [1.7880e-05],
          [2.0759e-05],
          [1.9473e-05],
          [1.7909e-05],
          [1.0987e-04],
          [7.9295e-05],
          [3.5028e-05],
          [2.0993e-05],
          [2.3663e-05],
          [3.2491e-05],
          [3.2223e-05],
          [2.7590e-05],
          [2.1404e-05],
          [3.6031e-05],
          [2.3811e-05],
          [1.6144e-05],
          [1.5037e-04],
          [1.1315e-04],
          [2.4569e-05],
          [1.9015e-04],
          [1.5730e-05],
          [1.1896e-04],
          [1.2986e-04],
          [2.2466e-05],
          [2.5880e-05],
          [2.8581e-05],
          [2.7744e-05],
          [3.4492e-05],
          [3.8610e-05],
          [4.6873e-05],
          [3.8422e-05],
          [4.6361e-05],
          [4.8529e-05],
          [5.9771e-05],
          [4.3639e-05],
          [4.3003e-05],
          [3.0005e-05],
          [2.1671e-04],
          [2.4246e-05],
          [1.9882e-05],
          [2.1067e-04],
          [7.0467e-05],
          [2.0119e-05],
          [1.1923e-04],
          [1.5245e-04],
          [2.6575e-05],
          [2.4456e-04],
          [1.3932e-05],
          [1.9085e-05],
          [1.6477e-05],
          [1.1998e-05],
          [1.3735e-05],
          [1.8678e-05],
          [4.7504e-05],
          [1.6204e-05],
          [1.5436e-05],
          [1.2188e-05],
          [5.5297e-04],
          [2.0910e-05],
          [7.3610e-05],
          [4.1506e-05],
          [1.6834e-05],
          [1.6852e-05],
          [1.4333e-05],
          [1.6277e-05],
          [1.8592e-05],
          [2.9150e-05],
          [1.5434e-04],
          [2.0255e-05],
          [2.0685e-04],
          [2.0242e-05],
          [1.9184e-05],
          [2.0317e-05],
          [1.8817e-05],
          [2.0099e-05],
          [2.0517e-05],
          [2.2361e-05],
          [2.2057e-05],
          [2.4982e-05],
          [2.5607e-05],
          [2.7155e-05],
          [3.4532e-05],
          [2.4387e-04],
          [1.8667e-04],
          [2.2819e-05],
          [2.4683e-05],
          [5.1995e-05],
          [1.4084e-05],
          [1.6642e-05],
          [2.0299e-05],
          [2.3145e-05],
          [2.0622e-05],
          [1.6560e-05],
          [1.6646e-05],
          [1.4010e-05],
          [1.3477e-05],
          [1.4420e-05],
          [1.6643e-05],
          [1.9154e-05],
          [1.4711e-05],
          [1.8094e-05],
          [2.0085e-05],
          [1.9057e-05],
          [1.8642e-05],
          [2.6050e-05],
          [2.3397e-05],
          [5.6015e-05],
          [2.6633e-05],
          [2.6255e-05],
          [3.2118e-05],
          [2.9172e-05],
          [6.6439e-05],
          [2.2978e-05],
          [2.1035e-05],
          [2.4054e-05],
          [3.0509e-05],
          [1.7422e-05],
          [2.9223e-05],
          [2.1198e-05],
          [1.8699e-05],
          [2.0630e-05],
          [1.6323e-05],
          [2.1412e-05],
          [2.3684e-05],
          [2.4948e-05],
          [1.8597e-05],
          [1.7798e-04],
          [2.9518e-05],
          [3.5101e-04],
          [2.0847e-05],
          [2.4067e-05],
          [2.6959e-05],
          [2.1715e-05],
          [2.0176e-05],
          [2.6263e-05],
          [3.0474e-05],
          [2.4863e-05],
          [2.0235e-05],
          [2.9451e-05],
          [2.3496e-05],
          [1.9116e-05],
          [2.1704e-05],
          [1.6275e-05],
          [1.1372e-04],
          [8.3938e-05],
          [2.5520e-04],
          [2.0974e-05],
          [1.6271e-05],
          [1.0897e-05],
          [2.1845e-05],
          [2.1120e-04],
          [1.7381e-04],
          [1.5547e-05],
          [1.9172e-05],
          [2.2126e-05],
          [4.0151e-05],
          [4.0086e-05],
          [4.3954e-05],
          [6.3696e-05],
          [4.9697e-05],
          [3.6899e-05],
          [3.2034e-05],
          [3.6142e-05],
          [2.1376e-05],
          [1.6983e-05],
          [1.5179e-05],
          [3.1072e-05],
          [1.6793e-05],
          [1.6097e-05],
          [4.2464e-05],
          [3.1116e-05],
          [3.1970e-05],
          [4.9509e-05],
          [2.1954e-05],
          [2.9813e-05],
          [2.3253e-05],
          [2.5260e-05],
          [1.7590e-05],
          [1.6477e-04],
          [1.2274e-04],
          [2.1050e-05],
          [2.1018e-05],
          [1.6970e-05],
          [1.7773e-05],
          [2.1115e-05],
          [1.8665e-05],
          [4.0777e-05],
          [5.3486e-05],
          [4.7936e-05],
          [8.8103e-05],
          [1.2964e-04],
          [2.8134e-05],
          [1.8355e-05],
          [1.5648e-05],
          [1.9442e-05],
          [1.5571e-05],
          [1.8799e-04],
          [7.9953e-05],
          [1.7796e-05],
          [6.7621e-05],
          [9.3532e-05],
          [1.6388e-05],
          [1.8976e-04],
          [2.4435e-05],
          [3.2876e-04],
          [2.0416e-05],
          [1.3479e-05],
          [1.1004e-05],
          [1.7222e-05],
          [1.2711e-05],
          [5.8501e-05],
          [8.2794e-06]]]])
