# Using CPU
# Loading Embeddings...
# Making Predictions...
torch.Size([1, 1, 442, 284])
tensor([[[[1.3456e-04],
          [3.1760e-05],
          [1.1170e-04],
          [2.0402e-05],
          [1.2028e-05],
          [6.8868e-04],
          [3.9461e-04],
          [1.5318e-05],
          [3.8911e-04],
          [4.2675e-04],
          [1.7848e-05],
          [1.6282e-05],
          [6.0999e-04],
          [2.2901e-04],
          [1.1315e-05],
          [1.1042e-05],
          [1.0700e-05],
          [1.0895e-05],
          [1.2590e-05],
          [1.6039e-05],
          [5.5447e-04],
          [2.4874e-05],
          [2.5968e-04],
          [1.1931e-05],
          [1.9172e-05],
          [2.7691e-05],
          [3.7661e-05],
          [6.7788e-05],
          [8.6895e-05],
          [1.2873e-04],
          [1.1659e-04],
          [1.3817e-04],
          [1.4902e-04],
          [1.3639e-04],
          [1.0568e-04],
          [7.6397e-05],
          [4.8395e-04],
          [4.9791e-05],
          [1.5449e-04],
          [1.8417e-04],
          [1.8226e-04],
          [2.3717e-05],
          [2.2777e-05],
          [2.3458e-05],
          [1.6726e-05],
          [1.5785e-05],
          [1.2503e-05],
          [1.3748e-05],
          [2.3914e-05],
          [1.0113e-03],
          [2.2687e-04],
          [1.1135e-05],
          [1.5620e-05],
          [6.9039e-04],
          [2.0000e-04],
          [1.5938e-05],
          [1.6975e-05],
          [1.5480e-05],
          [1.8432e-05],
          [2.2317e-05],
          [2.2851e-05],
          [2.1967e-05],
          [8.1332e-04],
          [3.0343e-04],
          [1.8052e-05],
          [1.8205e-05],
          [1.6889e-05],
          [1.5253e-05],
          [1.7040e-05],
          [1.5208e-05],
          [1.5284e-05],
          [6.0847e-04],
          [1.9219e-05],
          [3.3971e-05],
          [1.4327e-05],
          [2.0538e-05],
          [6.5366e-04],
          [1.6671e-05],
          [1.2220e-05],
          [1.4519e-05],
          [3.9709e-04],
          [1.5280e-04],
          [1.1376e-05],
          [1.3042e-05],
          [1.4090e-05],
          [1.7204e-05],
          [1.7928e-05],
          [1.9231e-05],
          [1.5829e-05],
          [1.4475e-05],
          [7.3370e-04],
          [5.3866e-05],
          [2.1100e-04],
          [1.3695e-05],
          [1.2629e-05],
          [1.2787e-05],
          [1.5632e-05],
          [2.0340e-05],
          [1.9474e-05],
          [2.2486e-05],
          [2.1679e-05],
          [1.7543e-05],
          [1.3198e-05],
          [1.2324e-05],
          [1.2698e-05],
          [1.9058e-05],
          [2.2112e-05],
          [2.7395e-05],
          [2.9135e-05],
          [3.0744e-05],
          [2.4794e-05],
          [1.2096e-04],
          [1.2525e-04],
          [2.9570e-05],
          [2.7061e-04],
          [1.6125e-05],
          [1.4112e-05],
          [1.1315e-05],
          [1.4464e-05],
          [1.5743e-05],
          [1.5249e-05],
          [1.1451e-05],
          [2.2907e-05],
          [1.1922e-05],
          [1.4624e-05],
          [1.3609e-05],
          [1.6034e-05],
          [1.6643e-05],
          [1.9537e-05],
          [2.0589e-05],
          [1.9905e-05],
          [4.8082e-04],
          [3.3767e-04],
          [2.6393e-05],
          [2.7780e-05],
          [2.6790e-05],
          [2.3304e-05],
          [2.3612e-05],
          [1.9120e-05],
          [1.9326e-05],
          [1.6080e-05],
          [1.5779e-05],
          [1.1452e-05],
          [1.2834e-05],
          [1.6000e-05],
          [2.2830e-05],
          [2.5398e-05],
          [3.6117e-05],
          [4.5669e-05],
          [7.3807e-05],
          [7.6963e-05],
          [8.5295e-05],
          [8.5087e-05],
          [8.9222e-05],
          [8.2393e-05],
          [5.9224e-05],
          [5.8365e-04],
          [1.9969e-04],
          [5.2433e-04],
          [3.9189e-04],
          [2.0069e-05],
          [1.6370e-05],
          [1.5090e-05],
          [1.6872e-05],
          [1.8154e-05],
          [2.0398e-05],
          [1.9954e-05],
          [2.0105e-05],
          [2.4000e-05],
          [2.1921e-05],
          [2.0361e-05],
          [8.7406e-04],
          [2.5839e-04],
          [3.1756e-05],
          [4.0038e-05],
          [4.4847e-05],
          [4.7546e-05],
          [4.1436e-05],
          [6.3415e-04],
          [4.6399e-05],
          [4.3681e-04],
          [1.7032e-05],
          [1.3394e-05],
          [7.9968e-04],
          [2.3035e-05],
          [2.5413e-04],
          [2.1119e-05],
          [2.3701e-05],
          [1.8984e-05],
          [1.3282e-03],
          [3.3173e-05],
          [5.8014e-04],
          [1.9096e-05],
          [2.5566e-05],
          [2.7380e-05],
          [2.7446e-05],
          [3.1074e-05],
          [2.4001e-05],
          [5.3563e-04],
          [1.8076e-04],
          [1.8815e-05],
          [1.6365e-05],
          [1.5034e-05],
          [1.3794e-05],
          [1.9971e-05],
          [1.9671e-05],
          [2.3602e-05],
          [1.5701e-03],
          [2.3465e-04],
          [2.2236e-05],
          [1.7529e-05],
          [1.5453e-05],
          [1.3985e-05],
          [2.2308e-03],
          [4.2738e-05],
          [2.9452e-05],
          [4.4117e-04],
          [1.8223e-05],
          [2.4415e-05],
          [1.5249e-05],
          [1.3920e-05],
          [1.6602e-05],
          [1.7212e-05],
          [1.4544e-05],
          [1.4271e-05],
          [1.8388e-05],
          [1.8703e-05],
          [1.8519e-05],
          [1.4862e-05],
          [1.2170e-05],
          [1.2124e-05],
          [1.3476e-05],
          [1.2559e-05],
          [1.7944e-05],
          [1.6023e-03],
          [1.2062e-04],
          [1.7444e-05],
          [1.6720e-05],
          [1.9198e-05],
          [2.2597e-05],
          [2.4805e-05],
          [1.9981e-05],
          [1.4932e-05],
          [1.8932e-05],
          [1.9444e-05],
          [1.2170e-05],
          [2.6599e-04],
          [1.3054e-04],
          [2.9557e-05],
          [2.2020e-04],
          [1.1812e-05],
          [6.0439e-04],
          [1.4249e-04],
          [2.0693e-05],
          [2.5726e-05],
          [2.8832e-05],
          [2.7079e-05],
          [3.1664e-05],
          [3.3960e-05],
          [4.9519e-05],
          [5.0421e-05],
          [7.7014e-05],
          [9.1681e-05],
          [1.3681e-04],
          [1.2972e-04],
          [1.3566e-04],
          [8.5555e-05],
          [1.7973e-04],
          [3.4893e-05],
          [3.2845e-05],
          [3.1057e-04],
          [1.4826e-04],
          [2.6584e-05],
          [1.3230e-04],
          [2.7157e-04],
          [3.1636e-05],
          [3.0754e-04],
          [1.3636e-05],
          [1.1387e-05],
          [1.0122e-05],
          [1.0085e-05],
          [9.3978e-06],
          [9.6488e-06],
          [2.1030e-05],
          [9.8151e-06],
          [1.3050e-05],
          [1.1726e-05],
          [7.7620e-04],
          [3.2778e-05],
          [1.1731e-04],
          [5.3708e-05],
          [1.1492e-05],
          [1.0813e-05],
          [1.0324e-05],
          [1.0112e-05],
          [9.3901e-06],
          [1.1902e-05],
          [1.5806e-03],
          [4.2009e-05],
          [4.3662e-04],
          [1.5629e-05],
          [1.2091e-05],
          [1.3981e-05],
          [1.2920e-05],
          [1.3690e-05],
          [1.4317e-05],
          [1.4463e-05],
          [1.9949e-05],
          [1.7982e-05],
          [2.4343e-05],
          [2.4336e-05],
          [2.6937e-05],
          [1.7899e-03],
          [2.3029e-04],
          [1.9869e-05],
          [1.6690e-05],
          [1.3760e-05],
          [1.1340e-05],
          [1.3512e-05],
          [1.6287e-05],
          [1.7913e-05],
          [1.5245e-05],
          [2.1663e-05],
          [1.4302e-05],
          [1.6134e-05],
          [1.3569e-05],
          [1.2688e-05],
          [1.3632e-05],
          [1.7538e-05],
          [1.7361e-05],
          [1.8236e-05],
          [1.9346e-05],
          [2.1478e-05],
          [1.9991e-05],
          [1.7635e-05],
          [1.8935e-05],
          [1.9147e-05],
          [1.8420e-05],
          [1.9756e-05],
          [2.0263e-05],
          [2.1849e-05],
          [2.1118e-05],
          [2.2375e-05],
          [2.2274e-05],
          [2.7699e-05],
          [2.5446e-05],
          [2.3715e-05],
          [1.9383e-05],
          [2.1781e-05],
          [1.9982e-05],
          [1.8087e-05],
          [1.1871e-05],
          [1.2949e-05],
          [1.3876e-05],
          [1.5525e-05],
          [1.6726e-05],
          [2.8826e-04],
          [4.3370e-05],
          [5.2978e-04],
          [2.1541e-05],
          [2.2238e-05],
          [1.9863e-05],
          [1.8442e-05],
          [1.8204e-05],
          [1.6195e-05],
          [1.6137e-05],
          [1.4799e-05],
          [1.3020e-05],
          [1.3169e-05],
          [1.9304e-05],
          [1.6176e-05],
          [2.0869e-05],
          [1.8123e-05],
          [5.2436e-04],
          [1.3519e-04],
          [4.2799e-04],
          [1.2868e-05],
          [1.1367e-05],
          [1.0473e-05],
          [1.2266e-05],
          [8.7928e-04],
          [3.3328e-04],
          [1.4145e-05],
          [1.3403e-05],
          [1.3089e-05],
          [1.5303e-05],
          [1.8699e-05],
          [2.2082e-05],
          [3.2859e-05],
          [2.7780e-05],
          [2.8148e-05],
          [2.0767e-05],
          [1.6408e-05],
          [1.5037e-05],
          [1.3538e-05],
          [1.3447e-05],
          [1.3156e-05],
          [1.3631e-05],
          [1.3250e-05],
          [4.6689e-05],
          [3.8000e-05],
          [4.6872e-05],
          [9.5817e-05],
          [3.1387e-05],
          [3.1260e-05],
          [2.1802e-05],
          [2.0580e-05],
          [1.6267e-05],
          [7.8822e-04],
          [1.8896e-04],
          [1.9230e-05],
          [1.7840e-05],
          [1.6088e-05],
          [1.3900e-05],
          [1.9527e-05],
          [2.0474e-05],
          [1.8302e-05],
          [9.9058e-05],
          [5.7831e-05],
          [6.2503e-04],
          [2.1138e-04],
          [2.2369e-05],
          [1.8924e-05],
          [1.8317e-05],
          [1.7335e-05],
          [1.2785e-05],
          [5.2002e-04],
          [7.3818e-05],
          [1.6207e-05],
          [5.2535e-05],
          [1.1710e-04],
          [1.8581e-05],
          [2.2578e-04],
          [2.1558e-05],
          [3.0616e-04],
          [1.6510e-05],
          [1.3414e-05],
          [1.1277e-05],
          [1.1555e-05],
          [1.2151e-05],
          [3.6674e-05],
          [5.4017e-06]]]])
