# Using CPU
# Loading Embeddings...
# Making Predictions...
torch.Size([1, 1, 442, 261])
tensor([[[[2.4134e-04],
          [4.1759e-05],
          [1.0227e-04],
          [3.2572e-05],
          [1.0459e-05],
          [4.9147e-04],
          [7.8660e-04],
          [1.3831e-05],
          [3.4942e-04],
          [8.5169e-04],
          [1.7473e-05],
          [1.6854e-05],
          [5.5040e-04],
          [3.0605e-04],
          [1.6937e-05],
          [1.1388e-05],
          [1.1898e-05],
          [1.3667e-05],
          [1.6033e-05],
          [1.7151e-05],
          [1.0315e-03],
          [2.9583e-05],
          [5.0369e-04],
          [1.3855e-05],
          [1.9256e-05],
          [2.7100e-05],
          [3.6002e-05],
          [5.7909e-05],
          [6.7976e-05],
          [8.3254e-05],
          [7.8105e-05],
          [9.6225e-05],
          [9.0157e-05],
          [9.5823e-05],
          [7.4316e-05],
          [6.0754e-05],
          [1.4398e-03],
          [6.4790e-05],
          [2.4097e-04],
          [2.4691e-04],
          [4.0094e-04],
          [2.3608e-05],
          [2.2773e-05],
          [2.4460e-05],
          [1.8267e-05],
          [1.6942e-05],
          [1.3712e-05],
          [1.4697e-05],
          [1.6390e-05],
          [3.8849e-04],
          [3.7392e-04],
          [1.2690e-05],
          [1.5368e-05],
          [6.3751e-04],
          [4.7437e-04],
          [1.7387e-05],
          [1.8571e-05],
          [1.7567e-05],
          [2.0641e-05],
          [2.5429e-05],
          [2.5668e-05],
          [2.5227e-05],
          [6.0050e-04],
          [4.1063e-04],
          [2.0440e-05],
          [1.9759e-05],
          [1.7779e-05],
          [2.0885e-05],
          [1.8520e-05],
          [1.6081e-05],
          [1.5589e-05],
          [3.4893e-04],
          [2.2333e-05],
          [2.8435e-05],
          [1.8411e-05],
          [2.2432e-05],
          [1.3170e-03],
          [1.6018e-05],
          [1.6414e-05],
          [1.6975e-05],
          [3.4165e-04],
          [1.9151e-04],
          [1.1940e-05],
          [1.3354e-05],
          [1.5541e-05],
          [1.9075e-05],
          [2.0027e-05],
          [2.1266e-05],
          [1.7726e-05],
          [1.6186e-05],
          [5.0746e-04],
          [3.8184e-05],
          [2.6747e-04],
          [1.2758e-05],
          [1.6081e-05],
          [2.4384e-05],
          [2.4804e-05],
          [3.3402e-05],
          [3.1136e-05],
          [3.2519e-05],
          [2.9800e-05],
          [2.2257e-05],
          [1.5851e-05],
          [1.4599e-05],
          [1.4565e-05],
          [2.2284e-05],
          [2.6141e-05],
          [3.1924e-05],
          [3.2033e-05],
          [3.3548e-05],
          [2.7651e-05],
          [1.7858e-04],
          [1.3614e-04],
          [3.1002e-05],
          [2.6072e-04],
          [1.8731e-05],
          [1.6114e-05],
          [1.3201e-05],
          [1.6533e-05],
          [1.8190e-05],
          [1.7809e-05],
          [1.3327e-05],
          [1.4891e-05],
          [1.2161e-05],
          [1.5217e-05],
          [1.4514e-05],
          [1.7627e-05],
          [1.7858e-05],
          [2.1885e-05],
          [2.3675e-05],
          [2.4394e-05],
          [4.9623e-04],
          [4.1378e-04],
          [2.8234e-05],
          [3.2990e-05],
          [3.1086e-05],
          [2.6107e-05],
          [2.6179e-05],
          [2.1080e-05],
          [2.2941e-05],
          [1.8287e-05],
          [1.7333e-05],
          [1.2167e-05],
          [1.4151e-05],
          [1.7165e-05],
          [2.4413e-05],
          [2.6626e-05],
          [3.9115e-05],
          [4.9535e-05],
          [7.7837e-05],
          [7.8870e-05],
          [8.2066e-05],
          [7.3755e-05],
          [8.6340e-05],
          [6.8630e-05],
          [5.9717e-05],
          [6.0226e-04],
          [3.4226e-04],
          [2.3934e-04],
          [8.0624e-04],
          [1.7542e-05],
          [1.8019e-05],
          [1.6808e-05],
          [1.9391e-05],
          [2.0813e-05],
          [2.4964e-05],
          [2.3261e-05],
          [2.3858e-05],
          [2.4558e-05],
          [2.5682e-05],
          [2.3111e-05],
          [6.1699e-04],
          [5.6464e-04],
          [3.3905e-05],
          [4.3882e-05],
          [5.8901e-05],
          [5.0849e-05],
          [4.6174e-05],
          [5.3512e-04],
          [5.3720e-05],
          [4.8736e-04],
          [1.9278e-05],
          [2.2726e-05],
          [6.4751e-04],
          [2.0148e-05],
          [3.2054e-04],
          [2.6525e-05],
          [2.9299e-05],
          [2.6843e-05],
          [6.5367e-04],
          [3.6430e-05],
          [1.4308e-03],
          [2.2806e-05],
          [2.9503e-05],
          [3.1596e-05],
          [3.1321e-05],
          [3.5408e-05],
          [2.7548e-05],
          [4.6676e-04],
          [2.9453e-04],
          [2.2646e-05],
          [1.8291e-05],
          [1.9002e-05],
          [2.0910e-05],
          [2.2491e-05],
          [2.8439e-05],
          [3.2024e-05],
          [4.8271e-04],
          [5.3832e-04],
          [3.0716e-05],
          [2.1244e-05],
          [2.0688e-05],
          [1.5940e-05],
          [4.4797e-04],
          [3.0489e-05],
          [2.8963e-05],
          [9.4851e-04],
          [2.1200e-05],
          [2.1245e-05],
          [1.9210e-05],
          [1.8059e-05],
          [1.9406e-05],
          [2.3864e-05],
          [1.8370e-05],
          [1.7638e-05],
          [1.9997e-05],
          [1.8045e-05],
          [1.8865e-05],
          [1.3443e-05],
          [1.1423e-05],
          [1.1269e-05],
          [1.4590e-05],
          [1.5386e-05],
          [1.8579e-05],
          [5.1067e-04],
          [3.1625e-04],
          [1.8114e-05],
          [1.7465e-05],
          [1.9263e-05],
          [2.6898e-05],
          [2.1586e-05],
          [2.1570e-05],
          [2.0004e-05],
          [2.2021e-05],
          [2.2270e-05],
          [1.4928e-05],
          [4.2729e-04],
          [1.4589e-04],
          [2.2371e-05],
          [2.2681e-04],
          [1.0654e-05],
          [2.6127e-04],
          [2.2719e-04],
          [2.1760e-05],
          [2.5058e-05],
          [2.8283e-05],
          [2.6224e-05],
          [3.4546e-05],
          [3.9020e-05],
          [5.4212e-05],
          [5.6889e-05],
          [8.9158e-05],
          [1.0474e-04],
          [1.5317e-04],
          [1.7337e-04],
          [1.5982e-04],
          [1.5351e-04],
          [4.0578e-04],
          [4.2162e-05],
          [3.9103e-05],
          [3.0204e-04],
          [3.6164e-04],
          [3.9509e-05],
          [2.4543e-04],
          [2.7024e-04],
          [4.4657e-05],
          [3.3694e-04],
          [1.4749e-05],
          [1.2961e-05],
          [1.1861e-05],
          [1.1117e-05],
          [9.6923e-06],
          [1.1336e-05],
          [2.0881e-05],
          [1.4780e-05],
          [1.8130e-05],
          [1.7595e-05],
          [5.9235e-04],
          [2.8963e-05],
          [1.0140e-04],
          [1.3598e-04],
          [1.1706e-05],
          [1.1706e-05],
          [1.1314e-05],
          [1.0790e-05],
          [1.1237e-05],
          [1.4802e-05],
          [5.1820e-04],
          [3.5372e-05],
          [8.2294e-04],
          [1.5605e-05],
          [1.5028e-05],
          [1.2991e-05],
          [1.3053e-05],
          [1.3624e-05],
          [1.4050e-05],
          [1.4387e-05],
          [1.8604e-05],
          [1.7281e-05],
          [2.2857e-05],
          [2.8709e-05],
          [2.9114e-05],
          [6.5778e-04],
          [4.9546e-04],
          [2.1603e-05],
          [1.8165e-05],
          [1.5904e-05],
          [1.1494e-05],
          [1.4551e-05],
          [1.9019e-05],
          [2.0072e-05],
          [1.9113e-05],
          [2.2919e-05],
          [2.1540e-05],
          [2.4545e-05],
          [1.8039e-05],
          [1.6504e-05],
          [1.7877e-05],
          [1.7100e-05],
          [2.0393e-05],
          [1.9590e-05],
          [1.8499e-05],
          [2.0938e-05],
          [2.0790e-05],
          [1.6226e-05],
          [1.9455e-05],
          [1.9964e-05],
          [1.9544e-05],
          [2.1978e-05],
          [2.4510e-05],
          [2.5302e-05],
          [3.2224e-05],
          [2.5357e-05],
          [2.0561e-05],
          [2.4325e-05],
          [2.4740e-05],
          [2.0094e-05],
          [2.0006e-05],
          [1.8822e-05],
          [1.6085e-05],
          [1.4728e-05],
          [1.5464e-05],
          [1.5724e-05],
          [1.5211e-05],
          [1.5718e-05],
          [1.5809e-05],
          [4.3831e-04],
          [4.5782e-05],
          [1.4630e-03],
          [1.8660e-05],
          [2.1113e-05],
          [2.0578e-05],
          [1.7545e-05],
          [1.9687e-05],
          [1.9580e-05],
          [1.5944e-05],
          [1.7228e-05],
          [1.6170e-05],
          [1.5030e-05],
          [2.0638e-05],
          [1.7726e-05],
          [1.9302e-05],
          [1.8758e-05],
          [4.4462e-04],
          [5.9972e-05],
          [9.5021e-04],
          [1.4487e-05],
          [1.3359e-05],
          [1.0940e-05],
          [1.5659e-05],
          [6.1400e-04],
          [6.1440e-04],
          [1.2521e-05],
          [1.5234e-05],
          [1.8495e-05],
          [2.6415e-05],
          [3.4558e-05],
          [4.2925e-05],
          [4.3151e-05],
          [3.2267e-05],
          [2.6350e-05],
          [2.3784e-05],
          [3.3486e-05],
          [2.5352e-05],
          [1.7907e-05],
          [1.6072e-05],
          [1.9911e-05],
          [1.7472e-05],
          [1.4921e-05],
          [5.5707e-05],
          [3.4016e-05],
          [4.3500e-05],
          [5.4615e-05],
          [3.4318e-05],
          [2.9333e-05],
          [2.2655e-05],
          [2.1260e-05],
          [1.7724e-05],
          [3.2869e-04],
          [2.8617e-04],
          [2.1358e-05],
          [1.9587e-05],
          [1.6958e-05],
          [1.4473e-05],
          [1.7466e-05],
          [1.8405e-05],
          [2.2867e-05],
          [1.8240e-04],
          [1.0294e-04],
          [4.6302e-04],
          [4.5930e-04],
          [2.2710e-05],
          [1.7601e-05],
          [1.5171e-05],
          [1.9833e-05],
          [1.4322e-05],
          [3.6855e-04],
          [1.4660e-04],
          [1.6644e-05],
          [5.6332e-05],
          [1.7634e-04],
          [1.9786e-05],
          [2.2331e-04],
          [2.2936e-05],
          [2.3162e-04],
          [1.7395e-05],
          [1.3812e-05],
          [1.0717e-05],
          [1.3591e-05],
          [1.1181e-05],
          [7.6081e-05],
          [6.7803e-06]]]])
