# Using CPU
# Loading Embeddings...
# Making Predictions...
torch.Size([1, 1, 442, 268])
tensor([[[[1.1558e-04],
          [3.4149e-05],
          [1.0141e-04],
          [5.0813e-05],
          [1.1294e-05],
          [2.8037e-04],
          [1.5995e-04],
          [3.9925e-05],
          [1.6940e-04],
          [1.6833e-04],
          [1.4398e-05],
          [1.4669e-05],
          [2.6146e-04],
          [1.9896e-04],
          [7.8547e-05],
          [1.0062e-05],
          [1.3968e-05],
          [1.2827e-05],
          [1.3227e-05],
          [2.4132e-05],
          [4.5599e-04],
          [2.9331e-05],
          [1.4063e-04],
          [1.7877e-05],
          [1.6611e-05],
          [1.8500e-05],
          [1.8809e-05],
          [3.2179e-05],
          [2.8494e-05],
          [3.1089e-05],
          [2.9480e-05],
          [3.3098e-05],
          [3.2300e-05],
          [3.9343e-05],
          [3.4710e-05],
          [3.0738e-05],
          [8.0315e-04],
          [3.4015e-05],
          [1.3492e-04],
          [7.7946e-05],
          [2.1577e-04],
          [1.4413e-05],
          [1.4523e-05],
          [1.6184e-05],
          [1.3059e-05],
          [1.8513e-05],
          [1.1185e-05],
          [1.2721e-05],
          [1.1276e-05],
          [2.2271e-04],
          [1.5187e-04],
          [1.2375e-05],
          [1.1407e-05],
          [2.9388e-04],
          [1.2194e-04],
          [1.2784e-05],
          [1.2686e-05],
          [1.4302e-05],
          [1.5980e-05],
          [1.5231e-05],
          [1.5720e-05],
          [1.7245e-05],
          [4.1660e-04],
          [2.3953e-04],
          [1.8553e-05],
          [1.9617e-05],
          [1.9461e-05],
          [2.1490e-05],
          [2.2522e-05],
          [1.7722e-05],
          [1.2502e-05],
          [2.3929e-04],
          [2.7053e-05],
          [1.8688e-05],
          [1.4687e-05],
          [1.5950e-05],
          [2.3859e-04],
          [1.4823e-05],
          [1.1973e-05],
          [1.2257e-05],
          [1.9939e-04],
          [2.0542e-04],
          [1.1239e-05],
          [1.0507e-05],
          [1.0678e-05],
          [1.1790e-05],
          [1.3313e-05],
          [1.4607e-05],
          [1.4656e-05],
          [1.4180e-05],
          [3.2877e-04],
          [8.1087e-05],
          [2.4589e-04],
          [1.2792e-05],
          [1.3781e-05],
          [1.5140e-05],
          [1.6558e-05],
          [2.1382e-05],
          [1.9176e-05],
          [2.1838e-05],
          [1.8819e-05],
          [1.6136e-05],
          [1.3975e-05],
          [1.2816e-05],
          [1.3700e-05],
          [1.3743e-05],
          [1.4542e-05],
          [1.6125e-05],
          [1.6904e-05],
          [1.8374e-05],
          [1.6670e-05],
          [7.2182e-05],
          [1.4581e-04],
          [1.7591e-05],
          [2.5860e-04],
          [1.5780e-05],
          [1.0656e-05],
          [1.1241e-05],
          [1.0527e-05],
          [1.1841e-05],
          [1.1776e-05],
          [1.1297e-05],
          [1.2939e-05],
          [1.3091e-05],
          [1.4051e-05],
          [1.3196e-05],
          [1.5058e-05],
          [1.6476e-05],
          [1.9226e-05],
          [2.5825e-05],
          [1.9129e-05],
          [3.7646e-04],
          [2.7422e-04],
          [3.0295e-05],
          [2.0387e-05],
          [1.9759e-05],
          [1.6654e-05],
          [1.8456e-05],
          [1.5552e-05],
          [1.3011e-05],
          [1.2503e-05],
          [1.1732e-05],
          [1.1397e-05],
          [1.2121e-05],
          [1.2954e-05],
          [1.5969e-05],
          [1.6438e-05],
          [2.0315e-05],
          [2.3990e-05],
          [3.3264e-05],
          [3.3361e-05],
          [3.9724e-05],
          [3.4910e-05],
          [4.2031e-05],
          [3.1845e-05],
          [2.5426e-05],
          [1.7740e-04],
          [6.5955e-05],
          [2.4455e-04],
          [1.5853e-04],
          [1.7328e-05],
          [1.3087e-05],
          [1.4552e-05],
          [1.5152e-05],
          [1.8922e-05],
          [1.9576e-05],
          [1.9292e-05],
          [1.8581e-05],
          [2.0860e-05],
          [2.2465e-05],
          [1.6544e-05],
          [3.3289e-04],
          [1.8701e-04],
          [2.2493e-05],
          [2.3204e-05],
          [3.3950e-05],
          [1.9415e-05],
          [2.0025e-05],
          [2.5719e-04],
          [7.8541e-05],
          [2.7543e-04],
          [1.6408e-05],
          [1.4707e-05],
          [2.9420e-04],
          [1.2265e-05],
          [2.5010e-04],
          [1.4791e-05],
          [1.7891e-05],
          [1.4924e-05],
          [3.9103e-04],
          [2.5937e-05],
          [1.1286e-04],
          [1.3759e-05],
          [1.4592e-05],
          [1.4358e-05],
          [1.7055e-05],
          [1.9308e-05],
          [1.7282e-05],
          [2.9501e-04],
          [2.0335e-04],
          [1.9135e-05],
          [1.5916e-05],
          [1.4268e-05],
          [1.4539e-05],
          [1.6385e-05],
          [1.6282e-05],
          [1.5913e-05],
          [3.4160e-04],
          [1.5950e-04],
          [1.6190e-05],
          [1.4981e-05],
          [1.5489e-05],
          [1.3599e-05],
          [2.6994e-04],
          [4.3651e-05],
          [1.9645e-05],
          [3.9233e-04],
          [1.3425e-05],
          [1.1663e-05],
          [1.2278e-05],
          [1.4887e-05],
          [1.4120e-05],
          [1.5427e-05],
          [1.4825e-05],
          [1.4064e-05],
          [2.0340e-05],
          [1.7964e-05],
          [1.5565e-05],
          [1.7475e-05],
          [1.7453e-05],
          [1.2200e-05],
          [1.4758e-05],
          [1.3469e-05],
          [1.5993e-05],
          [1.8326e-04],
          [9.5991e-05],
          [1.5090e-05],
          [1.2652e-05],
          [1.5723e-05],
          [2.3787e-05],
          [1.7006e-05],
          [1.9237e-05],
          [1.4646e-05],
          [2.0023e-05],
          [2.1785e-05],
          [1.2265e-05],
          [1.6933e-04],
          [2.5483e-04],
          [2.6819e-05],
          [2.9784e-04],
          [9.8011e-06],
          [2.4740e-04],
          [1.2148e-04],
          [1.3577e-05],
          [1.6540e-05],
          [1.9264e-05],
          [1.6723e-05],
          [2.2494e-05],
          [2.6753e-05],
          [3.3441e-05],
          [3.5497e-05],
          [4.4485e-05],
          [6.4001e-05],
          [6.7256e-05],
          [1.2571e-04],
          [7.2882e-05],
          [8.8109e-05],
          [8.2953e-04],
          [4.7754e-05],
          [3.5168e-05],
          [3.2742e-04],
          [1.4177e-04],
          [3.2069e-05],
          [1.0798e-04],
          [1.2915e-04],
          [4.7536e-05],
          [2.8905e-04],
          [1.2066e-05],
          [1.1186e-05],
          [9.1909e-06],
          [9.4379e-06],
          [1.0148e-05],
          [9.4103e-06],
          [2.1586e-05],
          [1.1108e-05],
          [1.2790e-05],
          [1.2040e-05],
          [3.6494e-04],
          [2.4913e-05],
          [6.1836e-05],
          [4.4225e-05],
          [1.0697e-05],
          [1.0475e-05],
          [8.4859e-06],
          [9.8443e-06],
          [1.1239e-05],
          [1.0667e-05],
          [8.7605e-04],
          [2.3190e-05],
          [2.7820e-04],
          [1.3381e-05],
          [1.1997e-05],
          [1.2422e-05],
          [1.1428e-05],
          [1.0996e-05],
          [1.2895e-05],
          [1.2926e-05],
          [1.3705e-05],
          [1.7876e-05],
          [1.5602e-05],
          [1.6688e-05],
          [2.0775e-05],
          [2.2380e-04],
          [1.8047e-04],
          [1.6627e-05],
          [1.4192e-05],
          [1.5162e-05],
          [1.0747e-05],
          [1.2158e-05],
          [1.6554e-05],
          [1.9793e-05],
          [1.5328e-05],
          [1.5863e-05],
          [1.3930e-05],
          [1.3512e-05],
          [1.2658e-05],
          [1.2591e-05],
          [1.3103e-05],
          [1.3440e-05],
          [1.2648e-05],
          [1.2702e-05],
          [1.3297e-05],
          [1.3873e-05],
          [1.5207e-05],
          [1.7858e-05],
          [1.5300e-05],
          [1.4553e-05],
          [1.8064e-05],
          [1.4626e-05],
          [2.1601e-05],
          [2.1163e-05],
          [2.4489e-05],
          [1.6214e-05],
          [1.7496e-05],
          [1.6222e-05],
          [2.3484e-05],
          [1.4271e-05],
          [1.9944e-05],
          [2.4585e-05],
          [1.3320e-05],
          [1.7067e-05],
          [1.1439e-05],
          [1.5646e-05],
          [1.2596e-05],
          [1.7197e-05],
          [1.2398e-05],
          [9.5029e-05],
          [1.9429e-05],
          [9.8543e-05],
          [1.4680e-05],
          [1.5884e-05],
          [1.4757e-05],
          [1.5167e-05],
          [1.6040e-05],
          [1.8071e-05],
          [1.6460e-05],
          [1.6124e-05],
          [1.5374e-05],
          [1.5388e-05],
          [1.4252e-05],
          [1.2621e-05],
          [1.6017e-05],
          [1.4056e-05],
          [1.4570e-04],
          [4.9992e-05],
          [2.7841e-04],
          [1.3636e-05],
          [1.0699e-05],
          [8.8617e-06],
          [1.0877e-05],
          [8.1507e-04],
          [1.8717e-04],
          [1.0419e-05],
          [1.1198e-05],
          [1.2048e-05],
          [1.6795e-05],
          [1.9418e-05],
          [3.1553e-05],
          [4.3990e-05],
          [3.6599e-05],
          [3.2772e-05],
          [2.2969e-05],
          [2.1107e-05],
          [1.7436e-05],
          [1.3946e-05],
          [1.1254e-05],
          [1.4884e-05],
          [1.2751e-05],
          [1.2721e-05],
          [5.7396e-05],
          [2.6566e-05],
          [3.3528e-05],
          [3.7456e-05],
          [2.8323e-05],
          [2.8016e-05],
          [2.4451e-05],
          [2.1716e-05],
          [1.6155e-05],
          [1.9112e-04],
          [1.1693e-04],
          [1.7299e-05],
          [1.3373e-05],
          [1.4387e-05],
          [1.5147e-05],
          [2.1129e-05],
          [1.9251e-05],
          [2.9753e-05],
          [4.6424e-05],
          [8.7352e-05],
          [1.6960e-04],
          [1.2518e-04],
          [2.0689e-05],
          [1.8989e-05],
          [1.4897e-05],
          [1.8905e-05],
          [1.3032e-05],
          [2.1526e-04],
          [3.5688e-04],
          [1.7591e-05],
          [6.9543e-05],
          [2.2014e-04],
          [1.5488e-05],
          [4.3573e-04],
          [2.6994e-05],
          [3.5556e-04],
          [1.6552e-05],
          [1.0998e-05],
          [9.9964e-06],
          [1.2648e-05],
          [1.6687e-05],
          [4.6191e-05],
          [4.9282e-06]]]])
