# Using CPU
# Loading Embeddings...
# Making Predictions...
torch.Size([1, 1, 442, 263])
tensor([[[[1.2192e-04],
          [3.5598e-05],
          [1.1647e-04],
          [4.1354e-05],
          [1.6903e-05],
          [3.1525e-04],
          [1.8152e-04],
          [3.0717e-05],
          [2.1196e-04],
          [2.3602e-04],
          [2.1354e-05],
          [2.2141e-05],
          [3.5143e-04],
          [2.4324e-04],
          [4.5833e-05],
          [2.9183e-05],
          [2.4775e-05],
          [2.2401e-05],
          [2.3109e-05],
          [1.8843e-05],
          [8.0310e-04],
          [3.0663e-05],
          [2.2282e-04],
          [2.3081e-05],
          [2.2708e-05],
          [2.7346e-05],
          [4.0709e-05],
          [7.3022e-05],
          [8.4848e-05],
          [1.0688e-04],
          [1.0827e-04],
          [1.2663e-04],
          [1.2463e-04],
          [1.3331e-04],
          [1.0138e-04],
          [8.6157e-05],
          [3.8245e-04],
          [8.3005e-05],
          [1.4360e-04],
          [8.9909e-05],
          [1.9253e-04],
          [3.1348e-05],
          [3.2077e-05],
          [3.1323e-05],
          [2.0953e-05],
          [4.3450e-05],
          [3.0102e-05],
          [2.7752e-05],
          [2.7882e-05],
          [2.4314e-04],
          [1.7502e-04],
          [2.6103e-05],
          [2.6317e-05],
          [3.8079e-04],
          [1.8946e-04],
          [3.1094e-05],
          [2.4618e-05],
          [2.1640e-05],
          [3.7894e-05],
          [3.1361e-05],
          [2.9665e-05],
          [2.8275e-05],
          [3.2597e-04],
          [1.7083e-04],
          [3.3462e-05],
          [3.8567e-05],
          [4.3606e-05],
          [4.0798e-05],
          [5.4015e-05],
          [3.6409e-05],
          [3.0587e-05],
          [2.9881e-04],
          [4.8249e-05],
          [3.2802e-05],
          [2.7695e-05],
          [2.7986e-05],
          [3.7513e-04],
          [2.5419e-05],
          [2.2283e-05],
          [2.2377e-05],
          [2.4479e-04],
          [1.8258e-04],
          [2.7022e-05],
          [2.2419e-05],
          [2.4883e-05],
          [2.3998e-05],
          [2.5147e-05],
          [3.2243e-05],
          [3.0540e-05],
          [2.7571e-05],
          [3.6492e-04],
          [5.5486e-05],
          [3.0025e-04],
          [2.4063e-05],
          [3.0244e-05],
          [3.5875e-05],
          [4.7572e-05],
          [5.7550e-05],
          [5.2579e-05],
          [4.5690e-05],
          [4.2088e-05],
          [3.1930e-05],
          [2.7116e-05],
          [2.6764e-05],
          [2.5256e-05],
          [2.4836e-05],
          [2.0564e-05],
          [2.5156e-05],
          [2.7966e-05],
          [2.5855e-05],
          [1.8942e-05],
          [6.9936e-05],
          [1.5883e-04],
          [3.1780e-05],
          [2.3870e-04],
          [2.3272e-05],
          [1.6258e-05],
          [3.0649e-05],
          [2.2731e-05],
          [2.3545e-05],
          [2.3455e-05],
          [2.7070e-05],
          [2.4408e-05],
          [2.6856e-05],
          [3.4487e-05],
          [2.8962e-05],
          [3.0211e-05],
          [3.9223e-05],
          [4.1770e-05],
          [5.0740e-05],
          [3.5663e-05],
          [7.4868e-04],
          [3.0922e-04],
          [4.8509e-05],
          [3.8274e-05],
          [3.2321e-05],
          [2.8031e-05],
          [4.5967e-05],
          [4.3536e-05],
          [3.1446e-05],
          [2.4524e-05],
          [3.0300e-05],
          [2.5511e-05],
          [2.9718e-05],
          [2.3522e-05],
          [2.5107e-05],
          [2.2520e-05],
          [3.5637e-05],
          [2.7721e-05],
          [4.5818e-05],
          [4.2807e-05],
          [5.2849e-05],
          [5.2050e-05],
          [5.9733e-05],
          [6.3858e-05],
          [4.5123e-05],
          [1.9900e-04],
          [1.5276e-04],
          [1.7483e-04],
          [2.4675e-04],
          [2.8741e-05],
          [2.8296e-05],
          [3.4779e-05],
          [4.0152e-05],
          [4.0486e-05],
          [3.8405e-05],
          [4.2111e-05],
          [3.5128e-05],
          [4.4172e-05],
          [2.8192e-05],
          [2.0745e-05],
          [3.5097e-04],
          [1.5938e-04],
          [2.3744e-05],
          [2.3672e-05],
          [2.9547e-05],
          [2.8265e-05],
          [2.6348e-05],
          [2.2900e-04],
          [6.7388e-05],
          [2.1511e-04],
          [2.3434e-05],
          [1.9616e-05],
          [2.1859e-04],
          [2.8956e-05],
          [2.7898e-04],
          [3.2217e-05],
          [3.7599e-05],
          [2.5703e-05],
          [3.3701e-04],
          [3.9115e-05],
          [7.3819e-04],
          [2.2357e-05],
          [2.5158e-05],
          [2.2145e-05],
          [2.6349e-05],
          [2.6668e-05],
          [2.0169e-05],
          [2.8659e-04],
          [1.8503e-04],
          [2.0306e-05],
          [2.5492e-05],
          [2.8807e-05],
          [2.4508e-05],
          [2.7603e-05],
          [3.2619e-05],
          [2.3925e-05],
          [3.2138e-04],
          [1.5382e-04],
          [2.3579e-05],
          [2.3416e-05],
          [1.9722e-05],
          [2.3994e-05],
          [2.8360e-04],
          [3.5383e-05],
          [3.2404e-05],
          [3.7082e-04],
          [2.4214e-05],
          [2.3342e-05],
          [2.4627e-05],
          [3.2053e-05],
          [3.6545e-05],
          [3.2214e-05],
          [3.5814e-05],
          [2.9153e-05],
          [4.5938e-05],
          [4.2283e-05],
          [3.0650e-05],
          [4.6500e-05],
          [4.9026e-05],
          [3.3294e-05],
          [3.6173e-05],
          [2.8041e-05],
          [2.0670e-05],
          [2.6472e-04],
          [1.1090e-04],
          [2.5049e-05],
          [2.3616e-05],
          [2.9325e-05],
          [3.8608e-05],
          [3.5153e-05],
          [3.2885e-05],
          [2.4475e-05],
          [3.9598e-05],
          [4.3281e-05],
          [1.9909e-05],
          [1.1409e-04],
          [1.3612e-04],
          [3.2321e-05],
          [1.9244e-04],
          [1.9673e-05],
          [1.9379e-04],
          [1.0568e-04],
          [3.0194e-05],
          [3.6632e-05],
          [3.2888e-05],
          [2.7359e-05],
          [3.0620e-05],
          [3.3691e-05],
          [4.0090e-05],
          [3.5837e-05],
          [5.1012e-05],
          [5.8655e-05],
          [8.1257e-05],
          [6.2839e-05],
          [6.4134e-05],
          [4.2001e-05],
          [1.6317e-04],
          [2.2125e-05],
          [2.1867e-05],
          [1.5369e-04],
          [1.2693e-04],
          [3.0577e-05],
          [9.4739e-05],
          [1.1985e-04],
          [3.0354e-05],
          [2.0017e-04],
          [1.6863e-05],
          [1.7972e-05],
          [1.8526e-05],
          [1.8511e-05],
          [1.9594e-05],
          [1.8182e-05],
          [1.8847e-05],
          [2.1488e-05],
          [2.5504e-05],
          [2.0165e-05],
          [3.8295e-04],
          [3.7678e-05],
          [8.6092e-05],
          [4.8654e-05],
          [1.9176e-05],
          [2.0384e-05],
          [1.8181e-05],
          [1.8607e-05],
          [2.5738e-05],
          [2.1747e-05],
          [3.7917e-04],
          [3.0122e-05],
          [2.6190e-04],
          [2.0161e-05],
          [1.9674e-05],
          [2.6179e-05],
          [2.1878e-05],
          [2.4401e-05],
          [2.6153e-05],
          [2.7052e-05],
          [3.0408e-05],
          [3.2451e-05],
          [3.2380e-05],
          [2.8353e-05],
          [3.3984e-05],
          [3.1423e-04],
          [1.4051e-04],
          [2.5430e-05],
          [2.3448e-05],
          [1.8670e-05],
          [1.8024e-05],
          [1.8328e-05],
          [2.0295e-05],
          [2.4042e-05],
          [2.1815e-05],
          [2.5781e-05],
          [2.4067e-05],
          [2.3278e-05],
          [1.7031e-05],
          [1.7095e-05],
          [2.1297e-05],
          [1.8099e-05],
          [1.8404e-05],
          [2.2399e-05],
          [2.6077e-05],
          [2.4729e-05],
          [2.8091e-05],
          [4.0227e-05],
          [4.3136e-05],
          [3.5940e-05],
          [3.9288e-05],
          [3.8845e-05],
          [3.4678e-05],
          [3.7241e-05],
          [3.0331e-05],
          [3.3546e-05],
          [3.1270e-05],
          [2.9816e-05],
          [6.5530e-05],
          [2.8097e-05],
          [4.1711e-05],
          [5.6754e-05],
          [2.3349e-05],
          [2.8515e-05],
          [2.0374e-05],
          [2.5049e-05],
          [2.1555e-05],
          [3.3721e-05],
          [2.5411e-05],
          [1.9463e-04],
          [6.4259e-05],
          [1.1187e-03],
          [2.3833e-05],
          [3.0785e-05],
          [3.1209e-05],
          [3.1898e-05],
          [3.2500e-05],
          [3.0499e-05],
          [3.4140e-05],
          [2.9897e-05],
          [2.2276e-05],
          [2.7909e-05],
          [2.7800e-05],
          [1.9999e-05],
          [2.5873e-05],
          [2.1146e-05],
          [1.5553e-04],
          [6.6175e-05],
          [3.7079e-04],
          [2.2284e-05],
          [1.8241e-05],
          [1.4449e-05],
          [1.4249e-05],
          [3.5496e-04],
          [1.9911e-04],
          [1.6411e-05],
          [1.6179e-05],
          [2.2987e-05],
          [3.9830e-05],
          [5.1525e-05],
          [4.8039e-05],
          [7.1593e-05],
          [5.4153e-05],
          [3.2984e-05],
          [3.1400e-05],
          [3.8046e-05],
          [2.3007e-05],
          [2.8902e-05],
          [3.4420e-05],
          [4.2099e-05],
          [2.9400e-05],
          [2.1717e-05],
          [1.2782e-04],
          [3.8482e-05],
          [4.7184e-05],
          [1.0678e-04],
          [3.2036e-05],
          [4.7114e-05],
          [2.5342e-05],
          [2.5763e-05],
          [1.9102e-05],
          [2.0406e-04],
          [1.5485e-04],
          [2.8423e-05],
          [3.0188e-05],
          [3.3296e-05],
          [3.2227e-05],
          [2.9625e-05],
          [2.8117e-05],
          [6.9397e-05],
          [6.7379e-05],
          [9.0019e-05],
          [3.0033e-04],
          [2.4629e-04],
          [3.4957e-05],
          [2.0647e-05],
          [1.9204e-05],
          [2.7300e-05],
          [1.4064e-05],
          [2.9509e-04],
          [1.1080e-04],
          [1.9425e-05],
          [4.2467e-05],
          [1.5984e-04],
          [2.1698e-05],
          [2.2443e-04],
          [2.3606e-05],
          [2.0024e-04],
          [2.9420e-05],
          [1.9351e-05],
          [1.7449e-05],
          [2.3571e-05],
          [1.6016e-05],
          [3.0840e-05],
          [8.7617e-06]]]])
