# Using CPU
# Loading Embeddings...
# Making Predictions...
torch.Size([1, 1, 442, 267])
tensor([[[[9.5541e-05],
          [3.3399e-05],
          [8.5687e-05],
          [5.2883e-05],
          [1.0937e-05],
          [3.1314e-04],
          [7.0869e-04],
          [3.0757e-05],
          [2.0146e-04],
          [8.0393e-04],
          [1.6130e-05],
          [1.4578e-05],
          [2.4363e-04],
          [2.0977e-04],
          [4.7772e-05],
          [1.3533e-05],
          [1.1300e-05],
          [1.1396e-05],
          [1.2624e-05],
          [2.9038e-05],
          [3.0895e-04],
          [2.0507e-05],
          [3.5532e-04],
          [1.7131e-05],
          [1.6496e-05],
          [2.2610e-05],
          [3.4727e-05],
          [6.3568e-05],
          [7.8949e-05],
          [1.0589e-04],
          [1.0378e-04],
          [1.2519e-04],
          [1.1801e-04],
          [1.2985e-04],
          [9.9913e-05],
          [7.7953e-05],
          [2.4993e-04],
          [5.1430e-05],
          [2.5337e-04],
          [8.8962e-05],
          [5.4865e-04],
          [2.3576e-05],
          [2.2900e-05],
          [2.3526e-05],
          [1.6563e-05],
          [1.6496e-05],
          [1.3379e-05],
          [1.2491e-05],
          [1.2757e-05],
          [1.7906e-04],
          [2.6958e-04],
          [1.0539e-05],
          [9.1659e-06],
          [3.6335e-04],
          [4.0623e-04],
          [1.1260e-05],
          [1.2584e-05],
          [1.3704e-05],
          [1.4629e-05],
          [1.6807e-05],
          [1.6994e-05],
          [1.4827e-05],
          [1.7849e-04],
          [2.8284e-04],
          [1.3339e-05],
          [1.4531e-05],
          [1.7066e-05],
          [1.6905e-05],
          [1.8245e-05],
          [1.5127e-05],
          [1.2109e-05],
          [2.9559e-04],
          [1.5523e-05],
          [1.5447e-05],
          [1.1410e-05],
          [1.3024e-05],
          [1.0563e-03],
          [1.3628e-05],
          [1.3308e-05],
          [1.1945e-05],
          [1.4456e-04],
          [1.2120e-04],
          [1.1517e-05],
          [1.2942e-05],
          [1.4989e-05],
          [1.7907e-05],
          [1.9091e-05],
          [1.9876e-05],
          [1.6248e-05],
          [1.3622e-05],
          [2.7109e-04],
          [3.2074e-05],
          [1.7595e-04],
          [1.1597e-05],
          [1.0754e-05],
          [1.4847e-05],
          [1.5058e-05],
          [2.0821e-05],
          [2.0574e-05],
          [2.3724e-05],
          [2.6121e-05],
          [1.7581e-05],
          [1.3338e-05],
          [1.1063e-05],
          [1.3306e-05],
          [1.4159e-05],
          [1.4819e-05],
          [1.7872e-05],
          [1.9540e-05],
          [1.9896e-05],
          [1.5077e-05],
          [1.5688e-04],
          [6.0040e-05],
          [1.7999e-05],
          [2.0231e-04],
          [1.1819e-05],
          [1.0688e-05],
          [1.0932e-05],
          [1.1357e-05],
          [1.1653e-05],
          [1.3431e-05],
          [1.0496e-05],
          [1.4793e-05],
          [1.5208e-05],
          [1.2025e-05],
          [1.2744e-05],
          [1.2463e-05],
          [1.3433e-05],
          [1.5347e-05],
          [1.9454e-05],
          [1.4157e-05],
          [3.1814e-04],
          [4.1143e-04],
          [1.7921e-05],
          [1.7184e-05],
          [1.4885e-05],
          [1.3350e-05],
          [1.3362e-05],
          [1.1940e-05],
          [1.4426e-05],
          [1.1527e-05],
          [1.0358e-05],
          [9.9660e-06],
          [1.0053e-05],
          [1.1702e-05],
          [1.4380e-05],
          [1.5967e-05],
          [2.0417e-05],
          [2.6854e-05],
          [4.0193e-05],
          [4.4773e-05],
          [4.8873e-05],
          [6.0098e-05],
          [7.0416e-05],
          [7.3925e-05],
          [4.8499e-05],
          [2.5522e-04],
          [3.9567e-04],
          [1.3420e-04],
          [7.2659e-04],
          [5.1265e-05],
          [1.5245e-05],
          [1.5298e-05],
          [1.4117e-05],
          [2.0845e-05],
          [1.8248e-05],
          [2.1617e-05],
          [2.0599e-05],
          [2.7140e-05],
          [2.5473e-05],
          [2.0459e-05],
          [2.9060e-04],
          [6.2035e-04],
          [1.7207e-05],
          [1.9497e-05],
          [3.6277e-05],
          [3.3997e-05],
          [2.0899e-05],
          [2.1214e-04],
          [3.2177e-05],
          [2.5209e-04],
          [1.4101e-05],
          [3.1065e-05],
          [1.6873e-04],
          [1.3616e-05],
          [1.7609e-04],
          [1.9101e-05],
          [2.0242e-05],
          [1.6970e-05],
          [3.0922e-04],
          [3.0710e-05],
          [1.4675e-03],
          [1.4037e-05],
          [1.7693e-05],
          [1.7333e-05],
          [1.7297e-05],
          [1.7758e-05],
          [1.5607e-05],
          [1.9168e-04],
          [2.9062e-04],
          [1.3555e-05],
          [1.2906e-05],
          [1.5161e-05],
          [1.5188e-05],
          [1.9478e-05],
          [2.1651e-05],
          [1.9090e-05],
          [1.9783e-04],
          [3.8110e-04],
          [1.7889e-05],
          [1.6361e-05],
          [1.6031e-05],
          [1.2967e-05],
          [2.4553e-04],
          [1.9510e-05],
          [1.5200e-05],
          [8.8136e-04],
          [1.5565e-05],
          [1.2407e-05],
          [1.1356e-05],
          [1.3351e-05],
          [1.2548e-05],
          [1.5197e-05],
          [1.2614e-05],
          [1.4309e-05],
          [1.8136e-05],
          [1.6834e-05],
          [1.5041e-05],
          [1.6896e-05],
          [1.2970e-05],
          [1.3941e-05],
          [1.3585e-05],
          [1.4650e-05],
          [1.2412e-05],
          [2.4992e-04],
          [2.6661e-04],
          [1.6270e-05],
          [1.2781e-05],
          [1.3297e-05],
          [1.9155e-05],
          [2.2401e-05],
          [2.6199e-05],
          [1.4561e-05],
          [2.8795e-05],
          [1.9525e-05],
          [1.1701e-05],
          [1.9948e-04],
          [5.9688e-05],
          [1.9838e-05],
          [1.7172e-04],
          [1.0646e-05],
          [1.8957e-04],
          [2.5659e-04],
          [2.1122e-05],
          [2.5123e-05],
          [2.6114e-05],
          [2.2521e-05],
          [2.4350e-05],
          [2.3187e-05],
          [2.9427e-05],
          [2.6615e-05],
          [3.0637e-05],
          [2.8423e-05],
          [4.0296e-05],
          [7.9068e-05],
          [6.7438e-05],
          [9.2494e-05],
          [8.3451e-05],
          [1.5141e-05],
          [1.7782e-05],
          [2.9911e-04],
          [2.5492e-04],
          [2.9671e-05],
          [2.6046e-04],
          [1.9061e-04],
          [3.3746e-05],
          [2.0903e-04],
          [1.1769e-05],
          [1.0546e-05],
          [9.2728e-06],
          [9.6078e-06],
          [8.8322e-06],
          [1.0954e-05],
          [3.1126e-05],
          [1.1007e-05],
          [1.2280e-05],
          [1.1078e-05],
          [1.7387e-04],
          [2.8668e-05],
          [5.5301e-05],
          [1.6114e-04],
          [1.0000e-05],
          [9.4324e-06],
          [9.8564e-06],
          [9.6111e-06],
          [9.8129e-06],
          [1.1765e-05],
          [3.0306e-04],
          [1.9959e-05],
          [5.4925e-04],
          [1.2795e-05],
          [1.2482e-05],
          [1.2233e-05],
          [1.2109e-05],
          [1.2549e-05],
          [1.2056e-05],
          [1.2343e-05],
          [1.6555e-05],
          [1.4226e-05],
          [1.8454e-05],
          [1.9895e-05],
          [2.3426e-05],
          [2.6287e-04],
          [4.9249e-04],
          [1.8543e-05],
          [1.6566e-05],
          [3.1946e-05],
          [1.1232e-05],
          [1.3224e-05],
          [1.5521e-05],
          [1.6533e-05],
          [1.6976e-05],
          [1.8429e-05],
          [1.3937e-05],
          [1.3978e-05],
          [1.1285e-05],
          [1.1957e-05],
          [1.2910e-05],
          [1.9240e-05],
          [1.8533e-05],
          [1.4370e-05],
          [1.4468e-05],
          [1.6428e-05],
          [1.7333e-05],
          [1.5289e-05],
          [1.5303e-05],
          [1.7612e-05],
          [1.6932e-05],
          [1.6682e-05],
          [1.8385e-05],
          [2.0555e-05],
          [3.5845e-05],
          [2.0122e-05],
          [2.5576e-05],
          [3.1520e-05],
          [2.6682e-05],
          [2.1258e-05],
          [2.2417e-05],
          [2.4307e-05],
          [1.6635e-05],
          [1.6083e-05],
          [1.3622e-05],
          [1.4817e-05],
          [1.2470e-05],
          [1.5531e-05],
          [1.5198e-05],
          [2.3165e-04],
          [3.4170e-05],
          [1.2412e-03],
          [1.6458e-05],
          [1.7425e-05],
          [1.5201e-05],
          [1.5460e-05],
          [1.7128e-05],
          [1.5154e-05],
          [1.3951e-05],
          [1.4249e-05],
          [1.3642e-05],
          [1.3262e-05],
          [1.2726e-05],
          [1.2546e-05],
          [1.6089e-05],
          [1.5363e-05],
          [3.0746e-04],
          [5.5832e-05],
          [5.9263e-04],
          [1.1203e-05],
          [1.1204e-05],
          [9.9081e-06],
          [1.2632e-05],
          [2.2281e-04],
          [3.4357e-04],
          [1.2743e-05],
          [1.3597e-05],
          [1.9432e-05],
          [2.2936e-05],
          [3.0602e-05],
          [4.2570e-05],
          [4.5084e-05],
          [3.9174e-05],
          [2.9595e-05],
          [2.1553e-05],
          [1.8206e-05],
          [1.5048e-05],
          [1.0346e-05],
          [1.0366e-05],
          [1.0678e-05],
          [1.2780e-05],
          [1.3400e-05],
          [9.4475e-05],
          [2.8266e-05],
          [3.5698e-05],
          [4.0602e-05],
          [2.2042e-05],
          [3.5943e-05],
          [2.3687e-05],
          [2.5280e-05],
          [1.7444e-05],
          [1.7756e-04],
          [2.8796e-04],
          [1.9805e-05],
          [1.9874e-05],
          [1.7967e-05],
          [1.5800e-05],
          [2.3911e-05],
          [1.9756e-05],
          [2.6851e-05],
          [8.3326e-05],
          [8.5103e-05],
          [1.1876e-04],
          [2.9796e-04],
          [2.2618e-05],
          [1.8080e-05],
          [1.6735e-05],
          [1.6662e-05],
          [1.2334e-05],
          [3.1164e-04],
          [1.0582e-04],
          [1.3220e-05],
          [3.7962e-05],
          [2.6777e-04],
          [1.5529e-05],
          [1.0628e-04],
          [1.4986e-05],
          [2.5652e-04],
          [1.7888e-05],
          [1.3924e-05],
          [1.1139e-05],
          [1.4124e-05],
          [1.9593e-05],
          [3.0728e-05],
          [8.1383e-06]]]])
