# Using CPU
# Loading Embeddings...
# Making Predictions...
torch.Size([1, 1, 442, 248])
tensor([[[[8.2354e-05],
          [2.8443e-05],
          [6.7695e-05],
          [4.3554e-05],
          [9.2847e-06],
          [2.9990e-04],
          [4.9785e-04],
          [2.6020e-05],
          [2.4040e-04],
          [7.4703e-04],
          [1.3529e-05],
          [1.3577e-05],
          [2.1382e-04],
          [1.9946e-04],
          [4.4382e-05],
          [1.2587e-05],
          [1.2818e-05],
          [1.4588e-05],
          [1.9739e-05],
          [2.3002e-05],
          [2.9310e-04],
          [2.4920e-05],
          [4.0798e-04],
          [1.5799e-05],
          [1.8872e-05],
          [2.1636e-05],
          [3.2828e-05],
          [4.3661e-05],
          [4.5154e-05],
          [5.3812e-05],
          [4.9676e-05],
          [5.1582e-05],
          [4.3959e-05],
          [5.5260e-05],
          [4.0852e-05],
          [4.1510e-05],
          [2.7403e-04],
          [4.4514e-05],
          [1.6358e-04],
          [5.8748e-05],
          [4.0907e-04],
          [2.0769e-05],
          [1.9546e-05],
          [2.1662e-05],
          [1.6521e-05],
          [1.8914e-05],
          [1.3373e-05],
          [1.3664e-05],
          [1.3072e-05],
          [1.3067e-04],
          [3.3560e-04],
          [1.4122e-05],
          [1.3495e-05],
          [3.5347e-04],
          [4.4257e-04],
          [1.3842e-05],
          [1.3175e-05],
          [1.4945e-05],
          [1.7121e-05],
          [1.8755e-05],
          [1.9181e-05],
          [1.6751e-05],
          [2.1922e-04],
          [2.3845e-04],
          [1.5137e-05],
          [1.8417e-05],
          [1.9892e-05],
          [1.9451e-05],
          [2.1278e-05],
          [1.7923e-05],
          [1.5999e-05],
          [2.0082e-04],
          [2.1087e-05],
          [2.1722e-05],
          [1.4451e-05],
          [1.6882e-05],
          [1.1404e-03],
          [1.4133e-05],
          [1.5191e-05],
          [1.3918e-05],
          [1.3347e-04],
          [1.4742e-04],
          [1.5975e-05],
          [1.5318e-05],
          [1.7069e-05],
          [1.9156e-05],
          [2.1939e-05],
          [2.0439e-05],
          [1.9492e-05],
          [1.7114e-05],
          [2.5149e-04],
          [4.2569e-05],
          [2.0763e-04],
          [1.8332e-05],
          [2.3898e-05],
          [3.5844e-05],
          [3.8365e-05],
          [5.7324e-05],
          [3.9325e-05],
          [4.4083e-05],
          [3.0645e-05],
          [2.3302e-05],
          [1.5838e-05],
          [1.7375e-05],
          [1.6881e-05],
          [1.9701e-05],
          [2.1436e-05],
          [2.2078e-05],
          [2.1986e-05],
          [2.1195e-05],
          [1.6505e-05],
          [1.8686e-04],
          [8.3442e-05],
          [2.0505e-05],
          [2.2776e-04],
          [1.3678e-05],
          [1.2491e-05],
          [1.0544e-05],
          [1.3325e-05],
          [1.4712e-05],
          [1.6895e-05],
          [1.4961e-05],
          [1.7429e-05],
          [1.3844e-05],
          [1.8602e-05],
          [1.6427e-05],
          [1.8687e-05],
          [2.0247e-05],
          [2.0452e-05],
          [2.5517e-05],
          [1.4376e-04],
          [3.0782e-04],
          [4.7568e-04],
          [2.4192e-04],
          [7.4124e-05],
          [4.1002e-05],
          [3.1212e-05],
          [3.3711e-05],
          [2.5602e-05],
          [2.1144e-05],
          [1.9401e-05],
          [1.8286e-05],
          [1.2131e-05],
          [1.6054e-05],
          [1.4995e-05],
          [1.6968e-05],
          [2.0282e-05],
          [2.3291e-05],
          [2.9503e-05],
          [4.6314e-05],
          [4.1692e-05],
          [5.2783e-05],
          [4.3521e-05],
          [5.3938e-05],
          [4.3817e-05],
          [4.1728e-05],
          [3.9594e-04],
          [2.7249e-04],
          [1.7380e-04],
          [7.1148e-04],
          [1.8375e-05],
          [2.5129e-05],
          [5.3990e-05],
          [5.1614e-05],
          [2.5764e-05],
          [2.5609e-05],
          [2.5479e-05],
          [2.4557e-05],
          [2.7270e-05],
          [2.6094e-05],
          [2.1912e-05],
          [3.7456e-04],
          [4.7838e-04],
          [2.5881e-05],
          [2.4430e-05],
          [2.6808e-05],
          [2.6408e-05],
          [2.2924e-05],
          [1.5978e-04],
          [5.1057e-05],
          [1.8009e-04],
          [1.8912e-05],
          [2.1351e-05],
          [1.2901e-04],
          [1.3757e-05],
          [2.1530e-04],
          [1.5795e-05],
          [1.8138e-05],
          [1.4744e-05],
          [4.9343e-04],
          [4.5303e-05],
          [1.2285e-03],
          [1.7645e-05],
          [2.2922e-05],
          [2.0481e-05],
          [2.1843e-05],
          [2.2680e-05],
          [1.7450e-05],
          [1.7412e-04],
          [2.5776e-04],
          [1.7474e-05],
          [1.6909e-05],
          [1.5694e-05],
          [1.5552e-05],
          [1.6370e-05],
          [1.3093e-05],
          [1.2951e-05],
          [2.4164e-04],
          [3.8317e-04],
          [1.3829e-05],
          [1.2583e-05],
          [1.4126e-05],
          [1.3879e-05],
          [2.8245e-04],
          [2.5281e-05],
          [1.5332e-05],
          [1.0104e-03],
          [1.5012e-05],
          [1.4457e-05],
          [1.1773e-05],
          [1.3727e-05],
          [1.4873e-05],
          [1.3740e-05],
          [1.2966e-05],
          [1.3598e-05],
          [1.3830e-05],
          [1.5949e-05],
          [1.5985e-05],
          [1.3232e-05],
          [1.1819e-05],
          [1.1718e-05],
          [1.2064e-05],
          [1.2590e-05],
          [1.2600e-05],
          [2.8466e-04],
          [2.9336e-04],
          [1.6788e-05],
          [1.5380e-05],
          [1.3204e-05],
          [1.8560e-05],
          [1.9476e-05],
          [2.5336e-05],
          [2.2159e-05],
          [2.9591e-05],
          [2.1304e-05],
          [1.3772e-05],
          [4.3394e-04],
          [8.5588e-05],
          [2.3641e-05],
          [1.3280e-04],
          [1.1233e-05],
          [2.2062e-04],
          [1.9652e-04],
          [1.7283e-05],
          [2.2671e-05],
          [2.5072e-05],
          [2.3318e-05],
          [3.1846e-05],
          [3.6546e-05],
          [4.3839e-05],
          [3.6542e-05],
          [4.6948e-05],
          [4.7211e-05],
          [6.0227e-05],
          [4.6611e-05],
          [4.8140e-05],
          [5.4212e-05],
          [1.3543e-04],
          [1.6490e-05],
          [1.8975e-05],
          [1.9938e-04],
          [2.0297e-04],
          [1.8633e-05],
          [1.7282e-04],
          [1.5179e-04],
          [3.7500e-05],
          [1.8614e-04],
          [1.2955e-05],
          [1.1302e-05],
          [1.1615e-05],
          [9.3886e-06],
          [1.0124e-05],
          [1.0928e-05],
          [2.8500e-05],
          [1.5298e-05],
          [1.8721e-05],
          [1.4565e-05],
          [1.8504e-04],
          [2.2028e-05],
          [4.9454e-05],
          [1.6412e-04],
          [1.1833e-05],
          [1.0742e-05],
          [1.1419e-05],
          [1.1816e-05],
          [1.1931e-05],
          [1.0918e-05],
          [3.1253e-04],
          [2.1358e-05],
          [7.9601e-04],
          [1.2579e-05],
          [1.3161e-05],
          [1.2874e-05],
          [1.4023e-05],
          [1.3593e-05],
          [1.3463e-05],
          [1.4003e-05],
          [1.8434e-05],
          [1.7310e-05],
          [2.3623e-05],
          [2.7174e-05],
          [3.1507e-05],
          [2.6017e-04],
          [4.6542e-04],
          [2.2378e-05],
          [1.7900e-05],
          [1.6384e-05],
          [1.2381e-05],
          [1.3623e-05],
          [1.9964e-05],
          [2.2149e-05],
          [2.2453e-05],
          [2.0937e-05],
          [2.3369e-05],
          [1.9014e-05],
          [1.2965e-05],
          [1.1556e-05],
          [1.1790e-05],
          [1.3968e-05],
          [1.2009e-05],
          [1.2510e-05],
          [1.1528e-05],
          [1.3434e-05],
          [1.2700e-05],
          [1.4399e-05],
          [1.8274e-05],
          [1.8412e-05],
          [2.6704e-05],
          [2.2126e-05],
          [3.0163e-05],
          [2.8374e-05],
          [2.8549e-05],
          [1.7788e-05],
          [2.8282e-05],
          [2.3459e-05],
          [2.6986e-05],
          [1.7006e-05],
          [2.5264e-05],
          [2.9763e-05],
          [1.6127e-05],
          [1.6944e-05],
          [1.7172e-05],
          [2.1964e-05],
          [1.6146e-05],
          [1.4546e-05],
          [1.4243e-05],
          [4.0209e-04],
          [5.1413e-05],
          [1.6172e-03],
          [1.8605e-05],
          [1.9750e-05],
          [1.6845e-05],
          [1.6619e-05],
          [1.6197e-05],
          [1.3542e-05],
          [1.2953e-05],
          [1.1491e-05],
          [1.0921e-05],
          [1.1278e-05],
          [1.0904e-05],
          [1.1712e-05],
          [1.5626e-05],
          [1.5642e-05],
          [3.9080e-04],
          [5.5335e-05],
          [8.6227e-04],
          [1.4027e-05],
          [1.0937e-05],
          [9.7897e-06],
          [1.1437e-05],
          [2.4729e-04],
          [5.3790e-04],
          [1.2294e-05],
          [1.1308e-05],
          [1.3925e-05],
          [1.8165e-05],
          [2.3471e-05],
          [3.1475e-05],
          [4.6145e-05],
          [4.6487e-05],
          [4.5305e-05],
          [4.8942e-05],
          [3.0054e-05],
          [1.7901e-05],
          [1.1820e-05],
          [1.1718e-05],
          [1.1325e-05],
          [1.2990e-05],
          [1.2746e-05],
          [3.9033e-05],
          [3.4179e-05],
          [4.1788e-05],
          [4.4316e-05],
          [3.4592e-05],
          [3.2084e-05],
          [2.1734e-05],
          [2.0969e-05],
          [1.6163e-05],
          [1.3195e-04],
          [2.8592e-04],
          [1.9035e-05],
          [1.8429e-05],
          [1.9484e-05],
          [1.7737e-05],
          [2.1676e-05],
          [2.2970e-05],
          [2.9674e-05],
          [8.4125e-05],
          [7.9349e-05],
          [1.2248e-04],
          [4.0991e-04],
          [2.6416e-05],
          [2.0268e-05],
          [1.5776e-05],
          [1.7025e-05],
          [1.3069e-05],
          [1.8503e-04],
          [1.5816e-04],
          [1.8740e-05],
          [7.7544e-05],
          [2.7596e-04],
          [1.3613e-05],
          [2.3606e-04],
          [2.4652e-05],
          [2.4667e-04],
          [2.4284e-05],
          [1.4976e-05],
          [1.2061e-05],
          [1.2764e-05],
          [1.3520e-05],
          [5.8551e-05],
          [8.6495e-06]]]])
