# Using CPU
# Loading Embeddings...
# Making Predictions...
torch.Size([1, 1, 442, 314])
tensor([[[[1.4788e-04],
          [5.2275e-05],
          [1.0509e-04],
          [1.8048e-05],
          [1.0971e-05],
          [4.1977e-04],
          [2.0085e-04],
          [1.8008e-05],
          [2.9802e-04],
          [2.8368e-04],
          [2.0757e-05],
          [2.1749e-05],
          [3.7555e-04],
          [1.7745e-04],
          [2.0658e-05],
          [1.4972e-05],
          [1.4965e-05],
          [1.3571e-05],
          [1.7547e-05],
          [3.0546e-05],
          [2.9257e-04],
          [1.9845e-05],
          [1.2580e-04],
          [1.3671e-05],
          [2.1379e-05],
          [2.8122e-05],
          [3.9812e-05],
          [7.1274e-05],
          [9.7502e-05],
          [1.3425e-04],
          [1.2352e-04],
          [1.3691e-04],
          [1.3728e-04],
          [1.4172e-04],
          [1.1567e-04],
          [8.3317e-05],
          [4.3273e-04],
          [5.3668e-05],
          [1.3821e-04],
          [6.8779e-05],
          [1.8630e-04],
          [2.7305e-05],
          [2.6681e-05],
          [2.9936e-05],
          [2.2017e-05],
          [2.1309e-05],
          [1.7383e-05],
          [1.4534e-05],
          [1.8777e-05],
          [2.8310e-04],
          [1.6247e-04],
          [1.5890e-05],
          [1.4505e-05],
          [2.7867e-04],
          [1.5301e-04],
          [1.8681e-05],
          [1.9883e-05],
          [2.0027e-05],
          [2.6173e-05],
          [3.0873e-05],
          [3.0984e-05],
          [2.9525e-05],
          [3.1314e-04],
          [2.4259e-04],
          [2.0999e-05],
          [2.2591e-05],
          [2.6234e-05],
          [3.1820e-05],
          [2.8985e-05],
          [2.2761e-05],
          [1.6637e-05],
          [3.4093e-04],
          [2.7746e-05],
          [2.1383e-05],
          [1.9556e-05],
          [2.1687e-05],
          [3.1039e-04],
          [1.7781e-05],
          [1.8075e-05],
          [1.4297e-05],
          [2.7832e-04],
          [1.4458e-04],
          [1.4958e-05],
          [1.6459e-05],
          [1.7978e-05],
          [2.1543e-05],
          [2.3978e-05],
          [2.7856e-05],
          [2.3787e-05],
          [2.0658e-05],
          [2.7304e-04],
          [8.9902e-05],
          [2.1602e-04],
          [1.9609e-05],
          [2.7320e-05],
          [3.7097e-05],
          [3.8315e-05],
          [4.1974e-05],
          [2.8189e-05],
          [3.1514e-05],
          [2.4255e-05],
          [2.0558e-05],
          [1.6852e-05],
          [1.6800e-05],
          [1.5720e-05],
          [2.2721e-05],
          [2.4629e-05],
          [3.0895e-05],
          [3.3179e-05],
          [3.3808e-05],
          [2.8328e-05],
          [2.2550e-04],
          [1.9239e-04],
          [1.9927e-05],
          [3.0557e-04],
          [2.0291e-05],
          [1.8054e-05],
          [1.5192e-05],
          [1.9394e-05],
          [2.0700e-05],
          [2.0150e-05],
          [1.6110e-05],
          [1.6675e-05],
          [1.7161e-05],
          [1.6737e-05],
          [1.7903e-05],
          [2.0143e-05],
          [2.3602e-05],
          [2.5201e-05],
          [3.9867e-05],
          [2.8350e-05],
          [5.2048e-04],
          [2.1435e-04],
          [3.4898e-05],
          [3.5597e-05],
          [3.7121e-05],
          [3.0297e-05],
          [3.1498e-05],
          [2.3529e-05],
          [2.6317e-05],
          [2.0851e-05],
          [1.8664e-05],
          [1.4931e-05],
          [1.4918e-05],
          [1.8427e-05],
          [2.3542e-05],
          [2.4837e-05],
          [3.4483e-05],
          [4.7644e-05],
          [6.8341e-05],
          [6.9309e-05],
          [7.9290e-05],
          [7.6206e-05],
          [9.6134e-05],
          [8.5528e-05],
          [6.6708e-05],
          [3.1707e-04],
          [1.8706e-04],
          [1.9825e-04],
          [2.3597e-04],
          [2.0623e-05],
          [1.9951e-05],
          [2.5114e-05],
          [2.1274e-05],
          [2.6511e-05],
          [2.7734e-05],
          [2.9394e-05],
          [2.8710e-05],
          [3.1491e-05],
          [2.9982e-05],
          [2.8362e-05],
          [2.8477e-04],
          [1.8566e-04],
          [3.9853e-05],
          [4.7701e-05],
          [5.0903e-05],
          [5.1288e-05],
          [4.6376e-05],
          [2.4891e-04],
          [5.0288e-05],
          [3.1958e-04],
          [2.1764e-05],
          [1.7239e-05],
          [2.4771e-04],
          [2.2186e-05],
          [2.5299e-04],
          [1.7639e-05],
          [1.9970e-05],
          [1.5467e-05],
          [6.4347e-04],
          [2.3183e-05],
          [6.2135e-04],
          [2.5535e-05],
          [3.2782e-05],
          [3.3736e-05],
          [3.3483e-05],
          [3.7913e-05],
          [3.1187e-05],
          [3.3846e-04],
          [1.6050e-04],
          [2.7295e-05],
          [2.2280e-05],
          [2.2379e-05],
          [1.6548e-05],
          [1.5376e-05],
          [1.5289e-05],
          [1.5938e-05],
          [5.9774e-04],
          [2.6620e-04],
          [1.5193e-05],
          [1.5734e-05],
          [1.7691e-05],
          [1.8290e-05],
          [6.3956e-04],
          [3.8857e-05],
          [2.1195e-05],
          [6.2261e-04],
          [1.7994e-05],
          [1.4896e-05],
          [1.4171e-05],
          [1.6999e-05],
          [1.6532e-05],
          [2.0976e-05],
          [1.8227e-05],
          [2.3554e-05],
          [4.1139e-05],
          [3.4718e-05],
          [3.0686e-05],
          [4.3945e-05],
          [3.2568e-05],
          [2.2501e-05],
          [2.2859e-05],
          [1.7025e-05],
          [1.4738e-05],
          [5.5121e-04],
          [1.8947e-04],
          [1.6741e-05],
          [2.0076e-05],
          [2.1302e-05],
          [2.8780e-05],
          [1.9964e-05],
          [3.3934e-05],
          [2.0773e-05],
          [3.1636e-05],
          [4.3218e-05],
          [1.5733e-05],
          [5.2665e-04],
          [2.7893e-04],
          [2.4294e-05],
          [2.3958e-04],
          [1.2060e-05],
          [2.6615e-04],
          [1.8731e-04],
          [2.1120e-05],
          [2.3962e-05],
          [2.8021e-05],
          [2.7935e-05],
          [3.3359e-05],
          [3.6981e-05],
          [5.1809e-05],
          [5.1029e-05],
          [7.5674e-05],
          [9.0588e-05],
          [1.3460e-04],
          [1.3133e-04],
          [1.5317e-04],
          [9.1542e-05],
          [2.6262e-04],
          [4.3808e-05],
          [4.7187e-05],
          [3.2844e-04],
          [1.5902e-04],
          [2.8027e-05],
          [1.3567e-04],
          [1.6030e-04],
          [3.7477e-05],
          [3.2339e-04],
          [1.7477e-05],
          [1.5677e-05],
          [1.3807e-05],
          [1.0429e-05],
          [1.0623e-05],
          [1.1270e-05],
          [1.9333e-05],
          [1.3608e-05],
          [1.6381e-05],
          [1.4283e-05],
          [5.6428e-04],
          [3.6369e-05],
          [1.2606e-04],
          [4.3197e-05],
          [1.3597e-05],
          [1.3844e-05],
          [1.2790e-05],
          [1.1955e-05],
          [1.2758e-05],
          [1.1498e-05],
          [6.5773e-04],
          [2.5071e-05],
          [2.7331e-04],
          [1.4359e-05],
          [1.2888e-05],
          [1.3580e-05],
          [1.2815e-05],
          [1.3337e-05],
          [1.5544e-05],
          [1.7939e-05],
          [1.8598e-05],
          [2.5743e-05],
          [2.3811e-05],
          [2.7277e-05],
          [3.3988e-05],
          [5.7001e-04],
          [2.4600e-04],
          [2.3438e-05],
          [1.8887e-05],
          [1.6198e-05],
          [1.5504e-05],
          [1.5584e-05],
          [1.9843e-05],
          [1.8820e-05],
          [1.7366e-05],
          [1.4757e-05],
          [1.5204e-05],
          [1.6642e-05],
          [1.3995e-05],
          [1.2975e-05],
          [1.2128e-05],
          [1.8222e-05],
          [1.3857e-05],
          [1.5110e-05],
          [1.6731e-05],
          [2.0223e-05],
          [2.2717e-05],
          [2.5247e-05],
          [2.9256e-05],
          [2.8758e-05],
          [3.1055e-05],
          [2.4824e-05],
          [2.9976e-05],
          [3.0047e-05],
          [3.2629e-05],
          [3.1006e-05],
          [3.5422e-05],
          [2.6169e-05],
          [6.1413e-05],
          [2.5486e-05],
          [3.2641e-05],
          [4.2458e-05],
          [2.8069e-05],
          [2.5264e-05],
          [1.7779e-05],
          [2.0171e-05],
          [1.8942e-05],
          [1.9850e-05],
          [2.1622e-05],
          [1.2311e-03],
          [3.5673e-05],
          [8.6767e-04],
          [1.9104e-05],
          [2.1006e-05],
          [2.9498e-05],
          [2.1706e-05],
          [2.1567e-05],
          [2.4833e-05],
          [2.1711e-05],
          [1.6761e-05],
          [1.5081e-05],
          [1.7806e-05],
          [1.4899e-05],
          [1.3165e-05],
          [1.8862e-05],
          [1.6990e-05],
          [6.0274e-04],
          [8.5418e-05],
          [3.4090e-04],
          [1.5298e-05],
          [1.3026e-05],
          [1.2160e-05],
          [1.4165e-05],
          [3.6095e-04],
          [1.7933e-04],
          [1.6848e-05],
          [1.9324e-05],
          [3.5533e-05],
          [5.1004e-05],
          [5.7294e-05],
          [7.5549e-05],
          [8.7108e-05],
          [5.6339e-05],
          [4.0673e-05],
          [2.9044e-05],
          [3.3239e-05],
          [1.6945e-05],
          [1.2938e-05],
          [1.3611e-05],
          [1.8026e-05],
          [1.8366e-05],
          [1.8054e-05],
          [1.7412e-04],
          [5.2923e-05],
          [5.3316e-05],
          [2.5848e-04],
          [3.8923e-05],
          [5.0620e-05],
          [2.3914e-05],
          [2.5745e-05],
          [2.1545e-05],
          [2.3512e-04],
          [1.4993e-04],
          [2.4198e-05],
          [2.2788e-05],
          [1.8886e-05],
          [1.9338e-05],
          [2.7379e-05],
          [2.8279e-05],
          [5.3068e-05],
          [1.5384e-04],
          [9.4506e-05],
          [2.9804e-04],
          [2.5097e-04],
          [3.2662e-05],
          [1.7710e-05],
          [1.8167e-05],
          [2.1194e-05],
          [1.6203e-05],
          [2.5312e-04],
          [1.3779e-04],
          [1.6672e-05],
          [5.1416e-05],
          [1.2909e-04],
          [2.2481e-05],
          [3.1348e-04],
          [1.8173e-05],
          [2.3395e-04],
          [1.9396e-05],
          [1.5485e-05],
          [1.1607e-05],
          [1.5449e-05],
          [1.3102e-05],
          [3.9587e-04],
          [7.3698e-06]]]])
