# Using CPU
# Loading Embeddings...
# Making Predictions...
torch.Size([1, 1, 442, 252])
tensor([[[[1.3565e-04],
          [3.4636e-05],
          [1.0564e-04],
          [2.5025e-05],
          [8.9695e-06],
          [5.3365e-04],
          [4.9208e-04],
          [1.6635e-05],
          [3.9487e-04],
          [5.9210e-04],
          [2.1679e-05],
          [1.9026e-05],
          [4.4903e-04],
          [3.0942e-04],
          [2.4250e-05],
          [1.1216e-05],
          [1.1666e-05],
          [1.3149e-05],
          [1.7125e-05],
          [1.8132e-05],
          [8.7974e-04],
          [2.8866e-05],
          [3.0728e-04],
          [1.6294e-05],
          [2.3500e-05],
          [3.1648e-05],
          [4.7243e-05],
          [8.3716e-05],
          [1.0503e-04],
          [1.2977e-04],
          [1.2937e-04],
          [1.3842e-04],
          [1.3643e-04],
          [1.3968e-04],
          [1.0793e-04],
          [8.3963e-05],
          [7.1889e-04],
          [8.4001e-05],
          [1.8626e-04],
          [1.4371e-04],
          [2.9769e-04],
          [3.1863e-05],
          [3.1058e-05],
          [3.3249e-05],
          [2.2949e-05],
          [2.0010e-05],
          [1.5915e-05],
          [1.3821e-05],
          [1.8812e-05],
          [2.7054e-04],
          [2.5906e-04],
          [1.2008e-05],
          [1.1813e-05],
          [5.8513e-04],
          [3.3119e-04],
          [1.6410e-05],
          [1.6761e-05],
          [1.6430e-05],
          [2.0791e-05],
          [2.3743e-05],
          [2.7003e-05],
          [2.2174e-05],
          [3.7964e-04],
          [2.5955e-04],
          [1.5690e-05],
          [1.6917e-05],
          [1.6212e-05],
          [1.5365e-05],
          [1.6772e-05],
          [1.6910e-05],
          [1.6905e-05],
          [4.1584e-04],
          [3.0420e-05],
          [3.1696e-05],
          [1.5276e-05],
          [2.3220e-05],
          [6.9499e-04],
          [1.6354e-05],
          [1.5540e-05],
          [1.3369e-05],
          [2.2122e-04],
          [1.8747e-04],
          [1.9521e-05],
          [1.8684e-05],
          [2.0697e-05],
          [2.6429e-05],
          [2.6775e-05],
          [2.7229e-05],
          [2.3528e-05],
          [1.9994e-05],
          [4.8999e-04],
          [6.2673e-05],
          [2.7415e-04],
          [1.4912e-05],
          [1.7131e-05],
          [2.4507e-05],
          [2.3489e-05],
          [3.6271e-05],
          [3.8816e-05],
          [4.2508e-05],
          [3.6785e-05],
          [2.6749e-05],
          [1.6182e-05],
          [1.2324e-05],
          [1.5049e-05],
          [2.0668e-05],
          [2.2502e-05],
          [2.8224e-05],
          [3.1368e-05],
          [3.4346e-05],
          [2.4133e-05],
          [2.3216e-04],
          [1.3605e-04],
          [1.7712e-05],
          [2.5180e-04],
          [1.5409e-05],
          [1.3111e-05],
          [1.1400e-05],
          [1.3957e-05],
          [1.5946e-05],
          [1.6241e-05],
          [1.3620e-05],
          [1.5322e-05],
          [1.2621e-05],
          [1.3626e-05],
          [1.4907e-05],
          [1.5842e-05],
          [1.5666e-05],
          [1.8475e-05],
          [1.9410e-05],
          [1.7778e-05],
          [4.4775e-04],
          [4.8846e-04],
          [2.2657e-05],
          [2.8353e-05],
          [2.4487e-05],
          [2.1872e-05],
          [2.3999e-05],
          [1.8348e-05],
          [1.6734e-05],
          [1.4869e-05],
          [1.3140e-05],
          [1.0382e-05],
          [1.2579e-05],
          [1.4251e-05],
          [1.8413e-05],
          [2.0588e-05],
          [2.8469e-05],
          [3.8922e-05],
          [5.8783e-05],
          [5.9816e-05],
          [6.7924e-05],
          [6.8504e-05],
          [8.3088e-05],
          [8.8919e-05],
          [6.9200e-05],
          [5.5052e-04],
          [3.5530e-04],
          [2.7346e-04],
          [5.1545e-04],
          [1.9679e-05],
          [1.8060e-05],
          [1.7013e-05],
          [1.7343e-05],
          [1.8703e-05],
          [2.2857e-05],
          [2.0030e-05],
          [2.2789e-05],
          [2.3627e-05],
          [2.2512e-05],
          [1.9525e-05],
          [4.9580e-04],
          [2.9064e-04],
          [2.3485e-05],
          [3.1896e-05],
          [3.1103e-05],
          [3.3441e-05],
          [3.1892e-05],
          [2.9969e-04],
          [7.5498e-05],
          [2.8045e-04],
          [1.7395e-05],
          [1.6628e-05],
          [2.4356e-04],
          [1.6228e-05],
          [2.2147e-04],
          [1.6901e-05],
          [1.3768e-05],
          [1.1762e-05],
          [7.4490e-04],
          [2.5758e-05],
          [1.5688e-03],
          [2.0389e-05],
          [2.8477e-05],
          [2.6193e-05],
          [2.6384e-05],
          [2.5880e-05],
          [2.3003e-05],
          [3.3146e-04],
          [2.0553e-04],
          [1.9108e-05],
          [1.7146e-05],
          [1.6405e-05],
          [1.4567e-05],
          [1.6775e-05],
          [1.7362e-05],
          [1.3527e-05],
          [4.2746e-04],
          [3.1296e-04],
          [1.5465e-05],
          [1.4046e-05],
          [1.5939e-05],
          [1.6767e-05],
          [4.5158e-04],
          [2.7647e-05],
          [1.6498e-05],
          [5.8599e-04],
          [1.4717e-05],
          [1.3892e-05],
          [1.2610e-05],
          [1.2791e-05],
          [1.7668e-05],
          [1.6013e-05],
          [1.4797e-05],
          [1.4717e-05],
          [1.6163e-05],
          [1.6063e-05],
          [1.5390e-05],
          [1.2695e-05],
          [1.1765e-05],
          [1.1953e-05],
          [1.1955e-05],
          [1.2236e-05],
          [1.2473e-05],
          [5.3334e-04],
          [1.8623e-04],
          [1.6133e-05],
          [1.7813e-05],
          [1.6081e-05],
          [1.7402e-05],
          [1.7501e-05],
          [2.2072e-05],
          [1.8161e-05],
          [2.3581e-05],
          [2.5403e-05],
          [1.4786e-05],
          [5.0396e-04],
          [2.9937e-04],
          [1.5038e-05],
          [2.5080e-04],
          [1.5544e-05],
          [2.8832e-04],
          [1.6933e-04],
          [2.9178e-05],
          [3.1284e-05],
          [3.2514e-05],
          [2.8533e-05],
          [3.6153e-05],
          [3.8693e-05],
          [3.7214e-05],
          [3.2565e-05],
          [4.2131e-05],
          [3.6383e-05],
          [4.6731e-05],
          [6.8506e-05],
          [6.3724e-05],
          [6.2882e-05],
          [2.3772e-04],
          [1.8996e-05],
          [1.9519e-05],
          [2.0307e-04],
          [3.1707e-04],
          [2.5430e-05],
          [1.3953e-04],
          [2.2052e-04],
          [4.7687e-05],
          [1.9366e-04],
          [1.4962e-05],
          [1.1550e-05],
          [1.0836e-05],
          [9.6063e-06],
          [9.2579e-06],
          [9.0077e-06],
          [2.4958e-05],
          [1.3804e-05],
          [1.6746e-05],
          [1.4036e-05],
          [4.0261e-04],
          [2.7387e-05],
          [9.2350e-05],
          [9.0570e-05],
          [1.5816e-05],
          [1.2091e-05],
          [1.2092e-05],
          [1.1195e-05],
          [1.0768e-05],
          [1.0244e-05],
          [5.1218e-04],
          [2.0051e-05],
          [4.2508e-04],
          [1.3443e-05],
          [1.3227e-05],
          [1.6448e-05],
          [1.6557e-05],
          [1.7523e-05],
          [1.7668e-05],
          [1.7173e-05],
          [1.9530e-05],
          [1.9319e-05],
          [2.2991e-05],
          [2.7487e-05],
          [2.5973e-05],
          [4.4196e-04],
          [2.9620e-04],
          [2.2762e-05],
          [1.8362e-05],
          [1.5543e-05],
          [1.3699e-05],
          [1.2876e-05],
          [1.6806e-05],
          [1.7455e-05],
          [1.6212e-05],
          [1.8181e-05],
          [1.3990e-05],
          [1.3573e-05],
          [1.1796e-05],
          [1.4537e-05],
          [1.5508e-05],
          [1.6447e-05],
          [1.4564e-05],
          [1.5642e-05],
          [1.4805e-05],
          [1.6432e-05],
          [1.4298e-05],
          [1.3681e-05],
          [1.6321e-05],
          [1.8510e-05],
          [2.1779e-05],
          [1.7611e-05],
          [2.6991e-05],
          [2.3919e-05],
          [2.3322e-05],
          [1.6782e-05],
          [1.8886e-05],
          [1.9843e-05],
          [1.8591e-05],
          [1.6923e-05],
          [1.8127e-05],
          [1.5634e-05],
          [1.4768e-05],
          [1.4496e-05],
          [1.3944e-05],
          [1.2896e-05],
          [1.3939e-05],
          [1.7272e-05],
          [1.6105e-05],
          [5.6868e-04],
          [4.4000e-05],
          [1.6306e-03],
          [2.0831e-05],
          [1.9761e-05],
          [1.9193e-05],
          [1.6360e-05],
          [1.4640e-05],
          [1.2679e-05],
          [9.4965e-06],
          [9.3890e-06],
          [8.7948e-06],
          [1.0479e-05],
          [1.0898e-05],
          [1.3262e-05],
          [1.5859e-05],
          [1.5108e-05],
          [5.6860e-04],
          [8.6565e-05],
          [7.4959e-04],
          [1.3397e-05],
          [1.1363e-05],
          [1.0713e-05],
          [1.0759e-05],
          [5.5309e-04],
          [3.9691e-04],
          [1.3373e-05],
          [1.2572e-05],
          [1.5040e-05],
          [2.3296e-05],
          [3.0195e-05],
          [3.5813e-05],
          [3.7293e-05],
          [3.4366e-05],
          [3.0295e-05],
          [3.0695e-05],
          [2.1746e-05],
          [1.3391e-05],
          [1.1119e-05],
          [9.7791e-06],
          [1.1598e-05],
          [1.0439e-05],
          [1.1091e-05],
          [3.7895e-05],
          [3.2277e-05],
          [4.0318e-05],
          [3.5831e-05],
          [2.8081e-05],
          [3.0393e-05],
          [2.8117e-05],
          [2.8277e-05],
          [2.3140e-05],
          [2.1530e-04],
          [2.3378e-04],
          [2.9631e-05],
          [2.4230e-05],
          [2.0326e-05],
          [1.7706e-05],
          [1.7225e-05],
          [1.7356e-05],
          [1.7621e-05],
          [2.1046e-04],
          [1.3139e-04],
          [3.5152e-04],
          [5.1405e-04],
          [1.9916e-05],
          [1.8462e-05],
          [1.7463e-05],
          [1.6767e-05],
          [1.5927e-05],
          [4.4880e-04],
          [1.9226e-04],
          [1.7182e-05],
          [1.0386e-04],
          [1.8055e-04],
          [2.1835e-05],
          [2.8257e-04],
          [3.7759e-05],
          [3.8125e-04],
          [4.3658e-05],
          [2.3142e-05],
          [1.4225e-05],
          [1.4200e-05],
          [1.3636e-05],
          [9.6350e-05],
          [7.6835e-06]]]])
