# Using CPU
# Loading Embeddings...
# Making Predictions...
torch.Size([1, 1, 442, 274])
tensor([[[[1.8864e-04],
          [4.0035e-05],
          [1.5402e-04],
          [2.2540e-05],
          [1.4514e-05],
          [6.4945e-04],
          [2.0166e-03],
          [1.4320e-05],
          [4.5871e-04],
          [2.1282e-03],
          [1.7163e-05],
          [1.5466e-05],
          [8.3833e-04],
          [6.1087e-04],
          [2.7651e-05],
          [1.1800e-05],
          [1.4583e-05],
          [1.7262e-05],
          [2.5680e-05],
          [2.6397e-05],
          [1.1072e-03],
          [2.7144e-05],
          [1.1291e-03],
          [2.4315e-05],
          [1.4752e-05],
          [1.7016e-05],
          [2.0561e-05],
          [2.9180e-05],
          [3.0897e-05],
          [3.4892e-05],
          [3.4026e-05],
          [3.5319e-05],
          [3.3317e-05],
          [3.9378e-05],
          [3.8119e-05],
          [3.1338e-05],
          [8.1555e-04],
          [4.3714e-05],
          [3.5759e-04],
          [2.1347e-04],
          [6.7682e-04],
          [1.5643e-05],
          [1.5255e-05],
          [1.6582e-05],
          [1.4709e-05],
          [1.3938e-05],
          [1.2876e-05],
          [1.3236e-05],
          [1.6110e-05],
          [3.1498e-04],
          [6.2834e-04],
          [1.3310e-05],
          [1.1287e-05],
          [1.0870e-03],
          [1.1132e-03],
          [1.4100e-05],
          [1.4066e-05],
          [1.3008e-05],
          [1.4888e-05],
          [1.8897e-05],
          [1.7941e-05],
          [1.7544e-05],
          [4.2774e-04],
          [4.3552e-04],
          [1.7762e-05],
          [1.5444e-05],
          [1.4353e-05],
          [1.2568e-05],
          [1.4110e-05],
          [1.4205e-05],
          [1.4826e-05],
          [5.4221e-04],
          [1.9028e-05],
          [4.6686e-05],
          [1.5701e-05],
          [2.8551e-05],
          [3.2920e-03],
          [1.7028e-05],
          [1.2931e-05],
          [1.6975e-05],
          [4.8476e-04],
          [3.4936e-04],
          [1.1598e-05],
          [1.1635e-05],
          [1.3211e-05],
          [1.3754e-05],
          [1.5606e-05],
          [1.7430e-05],
          [1.6513e-05],
          [1.5622e-05],
          [7.3049e-04],
          [6.2351e-05],
          [5.2525e-04],
          [1.9728e-05],
          [2.3706e-05],
          [3.6697e-05],
          [3.7360e-05],
          [4.9863e-05],
          [5.2548e-05],
          [5.2550e-05],
          [4.3689e-05],
          [3.9892e-05],
          [2.8356e-05],
          [1.8114e-05],
          [1.4444e-05],
          [1.7322e-05],
          [2.0199e-05],
          [2.2886e-05],
          [2.2554e-05],
          [2.5122e-05],
          [2.3659e-05],
          [3.7483e-04],
          [1.7451e-04],
          [2.4234e-05],
          [5.0777e-04],
          [1.7821e-05],
          [1.4736e-05],
          [1.2490e-05],
          [1.2361e-05],
          [1.4497e-05],
          [1.5141e-05],
          [1.2690e-05],
          [1.5985e-05],
          [1.1532e-05],
          [1.5138e-05],
          [1.5639e-05],
          [1.9540e-05],
          [1.9324e-05],
          [2.3606e-05],
          [2.3474e-05],
          [2.4783e-05],
          [8.2138e-04],
          [4.4527e-04],
          [2.0991e-05],
          [2.3515e-05],
          [2.0309e-05],
          [1.6112e-05],
          [1.6633e-05],
          [1.4393e-05],
          [1.5986e-05],
          [1.3829e-05],
          [1.3793e-05],
          [1.0724e-05],
          [1.3894e-05],
          [1.5955e-05],
          [2.0025e-05],
          [2.0360e-05],
          [2.7138e-05],
          [3.0572e-05],
          [3.8650e-05],
          [3.7016e-05],
          [3.4140e-05],
          [3.3797e-05],
          [3.4374e-05],
          [3.0916e-05],
          [3.0334e-05],
          [6.3624e-04],
          [9.0670e-04],
          [3.5574e-04],
          [2.2994e-03],
          [2.5161e-05],
          [1.3149e-05],
          [1.3370e-05],
          [1.4323e-05],
          [1.4710e-05],
          [1.7518e-05],
          [1.6054e-05],
          [1.6736e-05],
          [1.7544e-05],
          [2.0861e-05],
          [1.9745e-05],
          [6.7915e-04],
          [1.3992e-03],
          [2.3537e-05],
          [3.0809e-05],
          [6.2703e-05],
          [2.8090e-05],
          [2.7812e-05],
          [4.7375e-04],
          [4.9958e-05],
          [5.9138e-04],
          [2.2489e-05],
          [1.4757e-05],
          [3.9366e-04],
          [1.8621e-05],
          [3.7506e-04],
          [4.6685e-05],
          [5.8365e-05],
          [3.9399e-05],
          [1.1534e-03],
          [3.7110e-05],
          [5.2711e-03],
          [1.7335e-05],
          [1.9423e-05],
          [2.0282e-05],
          [2.0249e-05],
          [2.3356e-05],
          [2.1731e-05],
          [3.7390e-04],
          [4.2382e-04],
          [2.3052e-05],
          [2.0742e-05],
          [1.8069e-05],
          [1.4739e-05],
          [1.5279e-05],
          [1.6824e-05],
          [2.4979e-05],
          [6.6731e-04],
          [1.1825e-03],
          [1.3098e-05],
          [1.4059e-05],
          [1.5360e-05],
          [1.5675e-05],
          [5.1279e-04],
          [2.5811e-05],
          [2.0458e-05],
          [2.1080e-03],
          [1.6968e-05],
          [1.2556e-05],
          [1.1621e-05],
          [1.2735e-05],
          [1.3386e-05],
          [1.1962e-05],
          [1.2241e-05],
          [1.1788e-05],
          [2.4410e-05],
          [1.3777e-05],
          [1.1822e-05],
          [1.0847e-05],
          [1.0128e-05],
          [9.5758e-06],
          [1.0762e-05],
          [1.0854e-05],
          [1.2479e-05],
          [7.0634e-04],
          [5.8789e-04],
          [1.3257e-05],
          [1.4892e-05],
          [1.3561e-05],
          [2.0270e-05],
          [2.1578e-05],
          [2.3943e-05],
          [2.6011e-05],
          [2.6249e-05],
          [2.7771e-05],
          [1.8311e-05],
          [1.2905e-03],
          [2.1572e-04],
          [3.0065e-05],
          [7.1462e-04],
          [1.6047e-05],
          [3.9353e-04],
          [3.1352e-04],
          [1.6310e-05],
          [1.7788e-05],
          [1.9403e-05],
          [1.8653e-05],
          [2.1517e-05],
          [2.2520e-05],
          [3.0514e-05],
          [3.4561e-05],
          [5.4145e-05],
          [5.4014e-05],
          [6.5803e-05],
          [1.9164e-04],
          [9.4027e-05],
          [1.6677e-04],
          [2.9487e-04],
          [3.2181e-05],
          [2.7406e-05],
          [4.4521e-04],
          [3.6023e-04],
          [2.9310e-05],
          [7.0013e-04],
          [3.5033e-04],
          [4.5050e-05],
          [6.0599e-04],
          [1.9003e-05],
          [1.2044e-05],
          [1.2910e-05],
          [1.0387e-05],
          [9.7449e-06],
          [1.1606e-05],
          [2.4883e-05],
          [1.8713e-05],
          [2.2570e-05],
          [1.8199e-05],
          [5.8196e-04],
          [3.9682e-05],
          [1.5935e-04],
          [1.1048e-04],
          [1.2186e-05],
          [1.2980e-05],
          [1.1414e-05],
          [1.0592e-05],
          [9.5906e-06],
          [1.2562e-05],
          [8.0646e-04],
          [2.2170e-05],
          [2.3475e-03],
          [1.5113e-05],
          [1.2230e-05],
          [1.1454e-05],
          [1.1722e-05],
          [1.1173e-05],
          [1.1371e-05],
          [1.1536e-05],
          [1.4508e-05],
          [1.2415e-05],
          [1.6059e-05],
          [1.7099e-05],
          [2.0064e-05],
          [5.4629e-04],
          [1.0098e-03],
          [1.5704e-05],
          [1.4032e-05],
          [4.3810e-05],
          [1.1060e-05],
          [1.1411e-05],
          [1.6702e-05],
          [1.7434e-05],
          [1.9591e-05],
          [1.8092e-05],
          [1.8177e-05],
          [1.4978e-05],
          [1.2262e-05],
          [1.0412e-05],
          [1.0240e-05],
          [1.3070e-05],
          [1.1582e-05],
          [1.1073e-05],
          [1.1504e-05],
          [1.3988e-05],
          [1.1421e-05],
          [1.4736e-05],
          [1.6035e-05],
          [1.7538e-05],
          [2.4784e-05],
          [2.2708e-05],
          [3.4515e-05],
          [3.6212e-05],
          [3.0796e-05],
          [1.8139e-05],
          [2.0262e-05],
          [2.2926e-05],
          [2.3238e-05],
          [1.8579e-05],
          [1.7233e-05],
          [1.5846e-05],
          [1.8991e-05],
          [1.9833e-05],
          [2.0543e-05],
          [1.5771e-05],
          [1.6256e-05],
          [1.3569e-05],
          [1.4571e-05],
          [1.0672e-03],
          [4.6948e-05],
          [6.4343e-03],
          [1.5326e-05],
          [1.5808e-05],
          [1.3427e-05],
          [1.3441e-05],
          [1.3247e-05],
          [1.1848e-05],
          [1.0875e-05],
          [1.0274e-05],
          [1.0122e-05],
          [1.0579e-05],
          [1.0861e-05],
          [1.0336e-05],
          [1.2127e-05],
          [1.1525e-05],
          [1.5019e-03],
          [8.7644e-05],
          [2.5954e-03],
          [1.5577e-05],
          [1.1468e-05],
          [1.1584e-05],
          [2.1028e-05],
          [8.4964e-04],
          [1.3037e-03],
          [1.3514e-05],
          [1.2266e-05],
          [1.1658e-05],
          [1.7162e-05],
          [1.9232e-05],
          [2.5455e-05],
          [3.3337e-05],
          [3.4560e-05],
          [3.0032e-05],
          [3.0072e-05],
          [2.2904e-05],
          [1.6613e-05],
          [1.0730e-05],
          [1.0249e-05],
          [1.1223e-05],
          [1.0671e-05],
          [1.2689e-05],
          [2.7944e-05],
          [4.7013e-05],
          [6.5928e-05],
          [6.7022e-05],
          [5.3382e-05],
          [4.9811e-05],
          [2.7162e-05],
          [2.2084e-05],
          [1.8221e-05],
          [4.2386e-04],
          [4.4504e-04],
          [1.6246e-05],
          [1.5198e-05],
          [1.3098e-05],
          [1.1956e-05],
          [1.3267e-05],
          [1.3967e-05],
          [1.2687e-05],
          [4.9306e-04],
          [1.8586e-04],
          [5.6431e-04],
          [1.2056e-03],
          [1.7636e-05],
          [1.7677e-05],
          [1.8775e-05],
          [1.5082e-05],
          [1.5578e-05],
          [5.0211e-04],
          [1.6100e-04],
          [1.6194e-05],
          [4.8639e-05],
          [2.0414e-04],
          [1.7875e-05],
          [4.5319e-04],
          [1.9371e-05],
          [8.4444e-04],
          [1.8708e-05],
          [1.2369e-05],
          [1.4070e-05],
          [1.6193e-05],
          [1.2193e-05],
          [1.6635e-04],
          [9.5016e-06]]]])
