# Using CPU
# Loading Embeddings...
# Making Predictions...
torch.Size([1, 1, 442, 265])
tensor([[[[7.7570e-05],
          [3.2407e-05],
          [4.4616e-05],
          [5.9576e-05],
          [1.6552e-05],
          [1.9014e-04],
          [6.1455e-05],
          [5.0118e-05],
          [1.1764e-04],
          [5.6513e-05],
          [1.7694e-05],
          [1.5357e-05],
          [1.9181e-04],
          [1.1651e-04],
          [3.0229e-05],
          [3.8260e-05],
          [2.9371e-05],
          [4.1414e-05],
          [4.7405e-05],
          [4.7725e-05],
          [1.6645e-04],
          [3.7328e-05],
          [4.4142e-05],
          [2.4214e-05],
          [1.8791e-05],
          [2.1522e-05],
          [2.4623e-05],
          [3.8582e-05],
          [5.0564e-05],
          [5.5286e-05],
          [5.9952e-05],
          [7.1282e-05],
          [7.3714e-05],
          [1.6341e-04],
          [7.8983e-05],
          [7.3743e-05],
          [5.9183e-04],
          [8.8451e-05],
          [1.3287e-04],
          [1.0503e-04],
          [9.2866e-05],
          [2.6101e-05],
          [2.4610e-05],
          [3.5873e-05],
          [2.7330e-05],
          [2.9752e-05],
          [2.0872e-05],
          [2.1759e-05],
          [2.0454e-05],
          [1.4079e-04],
          [6.5854e-05],
          [3.1060e-05],
          [2.3936e-05],
          [2.1436e-04],
          [4.8662e-05],
          [2.6286e-05],
          [1.9285e-05],
          [2.1071e-05],
          [2.1654e-05],
          [3.4404e-05],
          [3.5880e-05],
          [3.1434e-05],
          [3.6902e-04],
          [1.6413e-04],
          [2.2915e-05],
          [2.7241e-05],
          [3.3894e-05],
          [4.2491e-05],
          [3.8488e-05],
          [2.3783e-05],
          [1.8569e-05],
          [2.5390e-04],
          [2.3783e-05],
          [1.9102e-05],
          [2.1612e-05],
          [1.9852e-05],
          [9.0159e-05],
          [2.2886e-05],
          [2.2520e-05],
          [2.0849e-05],
          [1.2099e-04],
          [1.0524e-04],
          [2.4412e-05],
          [1.4396e-05],
          [1.3957e-05],
          [1.5032e-05],
          [1.7057e-05],
          [1.8630e-05],
          [2.3308e-05],
          [2.0807e-05],
          [1.5792e-04],
          [4.4140e-05],
          [9.3170e-05],
          [2.6108e-05],
          [3.3873e-05],
          [2.5437e-05],
          [3.8026e-05],
          [4.7057e-05],
          [3.8669e-05],
          [5.3792e-05],
          [4.5300e-05],
          [4.7109e-05],
          [3.9263e-05],
          [3.3199e-05],
          [2.5916e-05],
          [1.9227e-05],
          [1.8182e-05],
          [2.2682e-05],
          [2.3115e-05],
          [2.4906e-05],
          [2.2817e-05],
          [4.6563e-05],
          [1.1951e-04],
          [2.0922e-05],
          [1.5651e-04],
          [2.6396e-05],
          [1.8877e-05],
          [1.5387e-05],
          [1.8863e-05],
          [2.4881e-05],
          [2.2945e-05],
          [1.7421e-05],
          [1.9377e-05],
          [2.0112e-05],
          [2.1167e-05],
          [2.3475e-05],
          [2.3198e-05],
          [2.4032e-05],
          [3.3735e-05],
          [5.3326e-05],
          [1.7815e-04],
          [3.3168e-04],
          [4.9677e-04],
          [3.2068e-04],
          [1.4452e-04],
          [7.4401e-05],
          [3.8719e-05],
          [4.2561e-05],
          [3.2821e-05],
          [3.2609e-05],
          [2.2895e-05],
          [1.9633e-05],
          [1.6881e-05],
          [2.2052e-05],
          [2.1356e-05],
          [2.8226e-05],
          [2.8994e-05],
          [4.1849e-05],
          [5.0795e-05],
          [1.0840e-04],
          [9.7953e-05],
          [1.4223e-04],
          [1.4699e-04],
          [2.5216e-04],
          [1.7165e-04],
          [1.8617e-04],
          [1.2305e-04],
          [7.7713e-05],
          [8.7006e-05],
          [6.3605e-05],
          [3.3631e-05],
          [5.0731e-05],
          [8.6065e-05],
          [7.8761e-05],
          [5.7844e-05],
          [5.5007e-05],
          [6.2816e-05],
          [5.9064e-05],
          [7.1970e-05],
          [6.8229e-05],
          [5.5238e-05],
          [1.7029e-04],
          [9.3035e-05],
          [6.3939e-05],
          [6.5811e-05],
          [5.6303e-05],
          [5.7645e-05],
          [4.9467e-05],
          [2.7431e-04],
          [7.2994e-05],
          [2.4732e-04],
          [3.1198e-05],
          [2.5916e-05],
          [1.1648e-04],
          [2.0947e-05],
          [7.6609e-05],
          [3.3180e-05],
          [3.7862e-05],
          [2.7879e-05],
          [1.5365e-04],
          [2.7381e-05],
          [5.1194e-05],
          [2.8697e-05],
          [3.4949e-05],
          [3.0547e-05],
          [2.5415e-05],
          [2.8338e-05],
          [2.4464e-05],
          [2.2186e-04],
          [1.3490e-04],
          [2.0407e-05],
          [2.1724e-05],
          [2.1930e-05],
          [2.0752e-05],
          [2.5155e-05],
          [2.6638e-05],
          [2.6888e-05],
          [1.0929e-04],
          [4.5738e-05],
          [2.3228e-05],
          [1.9628e-05],
          [2.2549e-05],
          [2.1021e-05],
          [1.4754e-04],
          [3.7906e-05],
          [2.8560e-05],
          [1.3493e-04],
          [2.4448e-05],
          [2.1748e-05],
          [2.5902e-05],
          [2.8914e-05],
          [3.4422e-05],
          [3.8697e-05],
          [3.3851e-05],
          [3.1920e-05],
          [4.5248e-05],
          [3.6859e-05],
          [3.8084e-05],
          [3.4713e-05],
          [3.0825e-05],
          [2.7463e-05],
          [2.7782e-05],
          [2.1905e-05],
          [2.0007e-05],
          [1.2040e-04],
          [5.9019e-05],
          [2.3990e-05],
          [2.5085e-05],
          [3.3637e-05],
          [3.1651e-05],
          [4.2951e-05],
          [2.8289e-05],
          [2.3477e-05],
          [4.5438e-05],
          [2.3670e-05],
          [1.8803e-05],
          [7.1440e-05],
          [5.9946e-05],
          [2.7627e-05],
          [1.6187e-04],
          [1.6513e-05],
          [1.0813e-04],
          [8.3680e-05],
          [2.2745e-05],
          [2.6148e-05],
          [2.6359e-05],
          [2.2502e-05],
          [2.7222e-05],
          [3.1539e-05],
          [4.7081e-05],
          [4.3918e-05],
          [6.8751e-05],
          [8.7837e-05],
          [1.5639e-04],
          [1.4936e-04],
          [1.5132e-04],
          [1.0386e-04],
          [6.8323e-04],
          [4.4835e-05],
          [6.1364e-05],
          [2.4501e-04],
          [6.3729e-05],
          [2.9270e-05],
          [8.7153e-05],
          [1.0053e-04],
          [3.8178e-05],
          [1.9559e-04],
          [1.3821e-05],
          [1.1618e-05],
          [1.1318e-05],
          [1.4259e-05],
          [1.8941e-05],
          [2.3165e-05],
          [3.0928e-05],
          [3.1838e-05],
          [4.1830e-05],
          [2.9640e-05],
          [1.5059e-04],
          [2.6557e-05],
          [7.5390e-05],
          [3.0144e-05],
          [1.3794e-05],
          [1.2932e-05],
          [1.4422e-05],
          [1.5139e-05],
          [1.7396e-05],
          [2.1813e-05],
          [1.7659e-04],
          [2.2667e-05],
          [5.9797e-05],
          [2.0230e-05],
          [2.2216e-05],
          [1.9866e-05],
          [2.3911e-05],
          [1.9088e-05],
          [2.2193e-05],
          [2.4027e-05],
          [2.9217e-05],
          [3.2621e-05],
          [2.9665e-05],
          [3.7402e-05],
          [3.9769e-05],
          [2.4638e-04],
          [1.4163e-04],
          [2.1281e-05],
          [2.2156e-05],
          [2.3365e-05],
          [2.1272e-05],
          [2.6185e-05],
          [3.7265e-05],
          [3.6324e-05],
          [3.2634e-05],
          [2.6398e-05],
          [2.5174e-05],
          [2.4647e-05],
          [1.8755e-05],
          [1.6796e-05],
          [1.5614e-05],
          [2.0293e-05],
          [2.1480e-05],
          [1.7598e-05],
          [2.2091e-05],
          [2.7847e-05],
          [2.9870e-05],
          [3.9571e-05],
          [4.5203e-05],
          [4.5678e-05],
          [4.6652e-05],
          [4.2440e-05],
          [5.2904e-05],
          [5.9311e-05],
          [5.2099e-05],
          [4.4649e-05],
          [3.0742e-05],
          [3.9428e-05],
          [3.3804e-05],
          [2.1440e-05],
          [3.9248e-05],
          [3.4892e-05],
          [2.0830e-05],
          [2.7943e-05],
          [1.9510e-05],
          [2.4964e-05],
          [2.0469e-05],
          [2.3817e-05],
          [2.8674e-05],
          [8.2661e-05],
          [2.8815e-05],
          [5.6963e-05],
          [2.5456e-05],
          [2.6310e-05],
          [3.3433e-05],
          [2.6781e-05],
          [3.1201e-05],
          [3.3902e-05],
          [2.4143e-05],
          [2.2316e-05],
          [1.9399e-05],
          [1.8533e-05],
          [2.1115e-05],
          [1.9630e-05],
          [2.5976e-05],
          [2.7286e-05],
          [1.0358e-04],
          [7.3983e-05],
          [1.0997e-04],
          [1.9779e-05],
          [1.6219e-05],
          [1.7813e-05],
          [1.9105e-05],
          [1.3672e-04],
          [4.8905e-05],
          [2.7766e-05],
          [2.8986e-05],
          [4.0494e-05],
          [5.1062e-05],
          [6.2397e-05],
          [7.6705e-05],
          [8.4773e-05],
          [7.8288e-05],
          [4.9753e-05],
          [3.9883e-05],
          [3.6440e-05],
          [2.3341e-05],
          [1.6246e-05],
          [1.6553e-05],
          [1.7851e-05],
          [2.1774e-05],
          [1.6347e-05],
          [7.1902e-05],
          [2.7569e-05],
          [2.8569e-05],
          [1.0220e-04],
          [2.1501e-05],
          [3.7213e-05],
          [2.3743e-05],
          [3.1498e-05],
          [1.9173e-05],
          [1.3190e-04],
          [8.3166e-05],
          [3.0091e-05],
          [2.3341e-05],
          [2.2840e-05],
          [2.0608e-05],
          [3.1106e-05],
          [2.5841e-05],
          [2.7378e-05],
          [4.6179e-05],
          [6.3112e-05],
          [8.6098e-05],
          [3.5687e-05],
          [3.0256e-05],
          [1.7967e-05],
          [1.4427e-05],
          [2.0048e-05],
          [1.3566e-05],
          [2.0672e-04],
          [9.7856e-05],
          [2.5731e-05],
          [8.9651e-05],
          [7.0598e-05],
          [1.5607e-05],
          [1.3114e-04],
          [3.0625e-05],
          [3.7214e-04],
          [2.3280e-05],
          [1.5974e-05],
          [1.1319e-05],
          [1.6331e-05],
          [1.1350e-05],
          [8.9605e-06],
          [3.9997e-06]]]])
