# Using CPU
# Loading Embeddings...
# Making Predictions...
torch.Size([1, 1, 442, 263])
tensor([[[[2.4488e-04],
          [4.0643e-05],
          [1.2157e-04],
          [3.5997e-05],
          [9.1557e-06],
          [4.9537e-04],
          [1.2078e-03],
          [2.7885e-05],
          [4.0772e-04],
          [1.2192e-03],
          [2.0116e-05],
          [1.8554e-05],
          [8.6875e-04],
          [2.7139e-04],
          [5.7085e-05],
          [1.1224e-05],
          [1.0246e-05],
          [1.1470e-05],
          [1.6490e-05],
          [1.7597e-05],
          [1.0247e-03],
          [2.8006e-05],
          [7.8446e-04],
          [1.8249e-05],
          [1.6944e-05],
          [1.7489e-05],
          [1.9818e-05],
          [2.6368e-05],
          [2.6498e-05],
          [2.8032e-05],
          [2.9605e-05],
          [2.9890e-05],
          [2.7186e-05],
          [2.5991e-05],
          [2.6021e-05],
          [2.6324e-05],
          [9.8799e-04],
          [3.2702e-05],
          [3.6183e-04],
          [1.4184e-04],
          [5.8045e-04],
          [1.7195e-05],
          [1.5484e-05],
          [1.7302e-05],
          [1.4984e-05],
          [1.4832e-05],
          [1.3730e-05],
          [1.2802e-05],
          [1.5704e-05],
          [4.0730e-04],
          [5.0131e-04],
          [1.3900e-05],
          [1.4920e-05],
          [8.6315e-04],
          [6.2978e-04],
          [1.4988e-05],
          [1.4639e-05],
          [1.3772e-05],
          [1.6632e-05],
          [1.9925e-05],
          [1.7588e-05],
          [1.6305e-05],
          [5.7261e-04],
          [3.3227e-04],
          [1.6554e-05],
          [1.5525e-05],
          [1.5000e-05],
          [1.4188e-05],
          [1.5200e-05],
          [1.5944e-05],
          [1.6357e-05],
          [5.4788e-04],
          [2.8120e-05],
          [2.5078e-05],
          [1.6976e-05],
          [2.8217e-05],
          [2.2708e-03],
          [1.4808e-05],
          [1.3682e-05],
          [1.1733e-05],
          [5.2222e-04],
          [1.9685e-04],
          [1.3359e-05],
          [1.1962e-05],
          [1.3373e-05],
          [1.4150e-05],
          [1.6602e-05],
          [1.9859e-05],
          [1.8717e-05],
          [1.7171e-05],
          [5.1461e-04],
          [9.8122e-05],
          [4.0340e-04],
          [1.6924e-05],
          [1.9305e-05],
          [2.5778e-05],
          [2.9032e-05],
          [4.0030e-05],
          [3.3002e-05],
          [3.6478e-05],
          [3.0234e-05],
          [2.3784e-05],
          [1.4294e-05],
          [1.3059e-05],
          [1.4562e-05],
          [1.9515e-05],
          [2.2186e-05],
          [2.4611e-05],
          [2.4859e-05],
          [2.7284e-05],
          [2.5123e-05],
          [2.1912e-04],
          [2.4940e-04],
          [2.0245e-05],
          [3.8669e-04],
          [1.5295e-05],
          [1.1908e-05],
          [1.1295e-05],
          [1.0912e-05],
          [1.2973e-05],
          [1.3709e-05],
          [1.2690e-05],
          [1.9179e-05],
          [1.2332e-05],
          [1.6451e-05],
          [1.7589e-05],
          [2.2339e-05],
          [1.9889e-05],
          [2.2980e-05],
          [2.3996e-05],
          [2.5561e-05],
          [8.5979e-04],
          [4.7526e-04],
          [1.9291e-05],
          [2.2012e-05],
          [1.6154e-05],
          [1.2931e-05],
          [1.3409e-05],
          [1.1710e-05],
          [1.1554e-05],
          [1.0989e-05],
          [1.1917e-05],
          [1.0791e-05],
          [1.4955e-05],
          [1.7238e-05],
          [2.0988e-05],
          [2.1226e-05],
          [2.6601e-05],
          [3.0938e-05],
          [3.7101e-05],
          [3.4328e-05],
          [2.6076e-05],
          [3.1388e-05],
          [3.5363e-05],
          [2.7396e-05],
          [2.9712e-05],
          [6.5112e-04],
          [4.9975e-04],
          [2.8274e-04],
          [1.2962e-03],
          [1.6455e-05],
          [1.4396e-05],
          [1.5043e-05],
          [1.5697e-05],
          [1.4546e-05],
          [1.8391e-05],
          [1.4805e-05],
          [1.6549e-05],
          [1.6294e-05],
          [1.7997e-05],
          [1.5490e-05],
          [4.8193e-04],
          [8.4502e-04],
          [1.8437e-05],
          [2.3036e-05],
          [4.3695e-05],
          [2.4364e-05],
          [2.3492e-05],
          [4.2834e-04],
          [5.4476e-05],
          [2.9477e-04],
          [1.9894e-05],
          [1.6893e-05],
          [2.4085e-04],
          [1.9228e-05],
          [3.4977e-04],
          [2.1608e-05],
          [2.4132e-05],
          [1.8074e-05],
          [7.9412e-04],
          [3.5404e-05],
          [1.9986e-03],
          [1.9031e-05],
          [2.0971e-05],
          [2.1768e-05],
          [2.1880e-05],
          [2.1732e-05],
          [2.2636e-05],
          [4.0969e-04],
          [3.6129e-04],
          [2.3366e-05],
          [2.1348e-05],
          [1.8636e-05],
          [1.6720e-05],
          [1.6153e-05],
          [1.4035e-05],
          [1.3307e-05],
          [5.6824e-04],
          [8.0359e-04],
          [1.3251e-05],
          [1.5018e-05],
          [1.6145e-05],
          [1.6353e-05],
          [3.1581e-04],
          [3.1217e-05],
          [1.5098e-05],
          [1.3959e-03],
          [1.6521e-05],
          [1.3482e-05],
          [1.1882e-05],
          [1.2008e-05],
          [1.4558e-05],
          [1.2947e-05],
          [1.1806e-05],
          [1.2205e-05],
          [1.4425e-05],
          [1.4473e-05],
          [1.1063e-05],
          [1.1012e-05],
          [1.0381e-05],
          [1.1032e-05],
          [1.1241e-05],
          [1.2060e-05],
          [1.2887e-05],
          [5.7053e-04],
          [4.3692e-04],
          [1.5733e-05],
          [1.5825e-05],
          [1.2582e-05],
          [1.6983e-05],
          [2.0707e-05],
          [2.0992e-05],
          [1.8680e-05],
          [2.9094e-05],
          [2.3244e-05],
          [1.4824e-05],
          [4.8469e-04],
          [7.0108e-04],
          [2.6084e-05],
          [3.6661e-04],
          [1.1466e-05],
          [2.5933e-04],
          [3.0864e-04],
          [1.4962e-05],
          [1.7139e-05],
          [1.8917e-05],
          [2.1337e-05],
          [2.4067e-05],
          [2.4690e-05],
          [3.1583e-05],
          [3.3709e-05],
          [3.8020e-05],
          [3.7015e-05],
          [3.4674e-05],
          [9.2906e-05],
          [5.4041e-05],
          [6.7023e-05],
          [2.3508e-04],
          [2.9108e-05],
          [2.3953e-05],
          [4.6330e-04],
          [3.1519e-04],
          [2.2203e-05],
          [4.4724e-04],
          [2.0366e-04],
          [5.4159e-05],
          [2.9012e-04],
          [1.5204e-05],
          [1.0010e-05],
          [1.0414e-05],
          [9.5306e-06],
          [1.0495e-05],
          [9.8946e-06],
          [1.4190e-05],
          [1.4136e-05],
          [1.7591e-05],
          [1.4117e-05],
          [8.0490e-04],
          [3.0050e-05],
          [1.4123e-04],
          [1.3250e-04],
          [1.2071e-05],
          [9.4730e-06],
          [1.0740e-05],
          [9.6573e-06],
          [9.7301e-06],
          [9.5889e-06],
          [4.5372e-04],
          [1.8417e-05],
          [1.5715e-03],
          [1.4729e-05],
          [1.0641e-05],
          [1.1264e-05],
          [1.1199e-05],
          [1.2050e-05],
          [1.1656e-05],
          [1.2260e-05],
          [1.3129e-05],
          [1.3184e-05],
          [1.4589e-05],
          [1.6760e-05],
          [1.7095e-05],
          [4.9611e-04],
          [7.2517e-04],
          [1.5809e-05],
          [1.3602e-05],
          [3.3042e-05],
          [1.1236e-05],
          [1.1686e-05],
          [1.6304e-05],
          [1.8691e-05],
          [1.7366e-05],
          [1.6960e-05],
          [1.5720e-05],
          [1.4787e-05],
          [1.0864e-05],
          [1.0556e-05],
          [1.0390e-05],
          [1.0506e-05],
          [1.0952e-05],
          [1.0660e-05],
          [1.0938e-05],
          [1.1898e-05],
          [1.1901e-05],
          [1.4549e-05],
          [1.5517e-05],
          [1.7752e-05],
          [1.9863e-05],
          [1.6778e-05],
          [2.3345e-05],
          [2.2198e-05],
          [2.5403e-05],
          [1.6907e-05],
          [1.9678e-05],
          [2.0578e-05],
          [2.3580e-05],
          [1.7641e-05],
          [1.7443e-05],
          [1.6898e-05],
          [1.7854e-05],
          [1.7191e-05],
          [1.5858e-05],
          [1.5337e-05],
          [1.2227e-05],
          [1.2645e-05],
          [1.2512e-05],
          [6.7835e-04],
          [3.6561e-05],
          [2.1894e-03],
          [1.5052e-05],
          [1.4600e-05],
          [1.3899e-05],
          [1.2960e-05],
          [1.2909e-05],
          [1.1144e-05],
          [9.8136e-06],
          [1.0264e-05],
          [1.0208e-05],
          [1.0615e-05],
          [1.0295e-05],
          [1.0305e-05],
          [1.1727e-05],
          [1.1536e-05],
          [7.8605e-04],
          [1.5640e-04],
          [1.3827e-03],
          [1.5838e-05],
          [1.1348e-05],
          [1.0154e-05],
          [1.2024e-05],
          [5.8239e-04],
          [9.2856e-04],
          [1.6475e-05],
          [1.7491e-05],
          [1.7464e-05],
          [1.8939e-05],
          [2.5084e-05],
          [3.1026e-05],
          [3.3519e-05],
          [3.0565e-05],
          [2.8389e-05],
          [2.6618e-05],
          [2.0056e-05],
          [1.6076e-05],
          [1.0924e-05],
          [1.0627e-05],
          [9.8939e-06],
          [1.2907e-05],
          [1.2767e-05],
          [2.6284e-05],
          [3.2683e-05],
          [4.4295e-05],
          [4.1049e-05],
          [2.9810e-05],
          [2.5705e-05],
          [2.7749e-05],
          [2.5719e-05],
          [2.1078e-05],
          [3.3764e-04],
          [3.5810e-04],
          [1.7448e-05],
          [1.6969e-05],
          [1.4689e-05],
          [1.4958e-05],
          [2.1048e-05],
          [2.0343e-05],
          [1.9181e-05],
          [2.0631e-04],
          [9.0379e-05],
          [4.6491e-04],
          [7.0292e-04],
          [1.8406e-05],
          [1.5649e-05],
          [1.5731e-05],
          [1.6969e-05],
          [1.8204e-05],
          [3.7501e-04],
          [2.9888e-04],
          [1.6385e-05],
          [8.9458e-05],
          [2.5099e-04],
          [1.7186e-05],
          [1.4118e-03],
          [2.7678e-05],
          [8.2922e-04],
          [1.5053e-05],
          [1.3712e-05],
          [1.1339e-05],
          [1.1009e-05],
          [1.0555e-05],
          [2.1377e-04],
          [8.2289e-06]]]])
