# Using CPU
# Loading Embeddings...
# Making Predictions...
torch.Size([1, 1, 442, 263])
tensor([[[[1.7346e-04],
          [4.9770e-05],
          [6.2832e-05],
          [2.8918e-05],
          [2.0450e-05],
          [2.2591e-04],
          [2.3818e-04],
          [4.8914e-05],
          [1.4403e-04],
          [3.7407e-04],
          [3.4033e-05],
          [2.9989e-05],
          [4.2501e-04],
          [1.6557e-04],
          [7.6010e-05],
          [4.1621e-05],
          [4.1927e-05],
          [3.6548e-05],
          [4.2157e-05],
          [3.9765e-05],
          [3.6596e-04],
          [3.5821e-05],
          [1.4163e-04],
          [4.0510e-05],
          [3.4997e-05],
          [3.3185e-05],
          [3.7324e-05],
          [6.5975e-05],
          [7.8669e-05],
          [9.5844e-05],
          [9.7807e-05],
          [1.2605e-04],
          [1.1937e-04],
          [1.4175e-04],
          [1.1397e-04],
          [8.9583e-05],
          [1.4300e-03],
          [7.1648e-05],
          [2.5369e-04],
          [1.8213e-04],
          [2.1547e-04],
          [3.5086e-05],
          [2.7220e-05],
          [3.2267e-05],
          [2.1831e-05],
          [3.5173e-05],
          [2.6537e-05],
          [2.5808e-05],
          [2.7299e-05],
          [1.7430e-04],
          [1.3550e-04],
          [3.4655e-05],
          [3.6720e-05],
          [2.8796e-04],
          [1.6320e-04],
          [3.1546e-05],
          [3.0189e-05],
          [2.2146e-05],
          [3.6336e-05],
          [2.8244e-05],
          [2.9535e-05],
          [2.4218e-05],
          [4.4693e-04],
          [2.4541e-04],
          [5.5620e-05],
          [4.8659e-05],
          [4.4565e-05],
          [4.5949e-05],
          [6.0158e-05],
          [4.2292e-05],
          [2.6887e-05],
          [3.1624e-04],
          [3.4623e-05],
          [2.7494e-05],
          [2.9507e-05],
          [3.1789e-05],
          [3.2286e-04],
          [3.5369e-05],
          [3.5402e-05],
          [2.4801e-05],
          [2.7325e-04],
          [1.0796e-04],
          [2.5298e-05],
          [2.6228e-05],
          [2.6400e-05],
          [2.3320e-05],
          [2.2011e-05],
          [3.0720e-05],
          [2.7564e-05],
          [2.5238e-05],
          [2.4184e-04],
          [1.2671e-04],
          [1.4776e-04],
          [3.4820e-05],
          [2.9259e-05],
          [3.9476e-05],
          [4.1217e-05],
          [4.5626e-05],
          [3.9756e-05],
          [4.8140e-05],
          [4.8490e-05],
          [4.8966e-05],
          [4.1913e-05],
          [3.7080e-05],
          [3.5399e-05],
          [3.4072e-05],
          [2.6823e-05],
          [2.9674e-05],
          [3.0592e-05],
          [2.7676e-05],
          [2.2315e-05],
          [1.9637e-04],
          [1.3444e-04],
          [2.0296e-05],
          [1.7391e-04],
          [2.0196e-05],
          [2.1232e-05],
          [3.6265e-05],
          [2.3647e-05],
          [2.6142e-05],
          [2.3994e-05],
          [2.7374e-05],
          [2.8739e-05],
          [3.1691e-05],
          [3.4876e-05],
          [3.2875e-05],
          [3.2360e-05],
          [3.7417e-05],
          [5.4513e-05],
          [9.1255e-05],
          [3.3542e-04],
          [4.8110e-04],
          [7.2420e-04],
          [6.0828e-04],
          [1.8595e-04],
          [1.1600e-04],
          [6.7680e-05],
          [6.4005e-05],
          [4.4675e-05],
          [3.6149e-05],
          [3.1808e-05],
          [3.5297e-05],
          [2.7915e-05],
          [3.3616e-05],
          [3.0580e-05],
          [3.0554e-05],
          [2.8088e-05],
          [3.4853e-05],
          [4.0156e-05],
          [6.7167e-05],
          [7.5343e-05],
          [9.1023e-05],
          [9.1861e-05],
          [1.1603e-04],
          [9.9334e-05],
          [8.4703e-05],
          [2.7221e-04],
          [2.0875e-04],
          [1.2244e-04],
          [3.4225e-04],
          [4.7519e-05],
          [6.7923e-05],
          [1.5617e-04],
          [2.3551e-04],
          [1.0326e-04],
          [7.3161e-05],
          [6.8943e-05],
          [4.6044e-05],
          [4.0775e-05],
          [2.8407e-05],
          [2.7323e-05],
          [2.4979e-04],
          [1.2160e-04],
          [2.9751e-05],
          [3.3466e-05],
          [3.5871e-05],
          [3.9339e-05],
          [3.6534e-05],
          [2.9852e-04],
          [5.5022e-05],
          [2.6542e-04],
          [2.6377e-05],
          [2.4569e-05],
          [1.4605e-04],
          [2.3813e-05],
          [1.1361e-04],
          [3.6907e-05],
          [3.9040e-05],
          [3.2119e-05],
          [2.4853e-04],
          [4.1260e-05],
          [8.5400e-04],
          [2.6280e-05],
          [2.8802e-05],
          [2.5777e-05],
          [2.6615e-05],
          [2.8868e-05],
          [2.6232e-05],
          [2.7849e-04],
          [1.5306e-04],
          [3.2141e-05],
          [3.4009e-05],
          [3.3368e-05],
          [2.8555e-05],
          [3.5910e-05],
          [3.4902e-05],
          [3.3210e-05],
          [2.0380e-04],
          [1.6456e-04],
          [3.2252e-05],
          [2.5114e-05],
          [2.1100e-05],
          [2.1664e-05],
          [2.1265e-04],
          [4.1556e-05],
          [2.6654e-05],
          [1.7919e-04],
          [3.7211e-05],
          [3.6528e-05],
          [3.4325e-05],
          [3.9382e-05],
          [4.5489e-05],
          [4.1812e-05],
          [4.7722e-05],
          [3.7773e-05],
          [5.7879e-05],
          [5.2667e-05],
          [4.0476e-05],
          [4.6816e-05],
          [5.3585e-05],
          [3.6503e-05],
          [4.1033e-05],
          [2.8150e-05],
          [2.4330e-05],
          [1.6613e-04],
          [1.0098e-04],
          [3.7168e-05],
          [3.1159e-05],
          [3.8833e-05],
          [4.0079e-05],
          [4.8687e-05],
          [2.9195e-05],
          [2.6605e-05],
          [4.7331e-05],
          [2.9759e-05],
          [2.0360e-05],
          [3.6447e-04],
          [4.9907e-04],
          [2.2993e-05],
          [1.6573e-04],
          [2.9806e-05],
          [1.4136e-04],
          [9.5277e-05],
          [2.1806e-05],
          [2.7620e-05],
          [3.0265e-05],
          [2.6840e-05],
          [3.3422e-05],
          [3.8110e-05],
          [4.9243e-05],
          [4.4407e-05],
          [6.7379e-05],
          [7.7781e-05],
          [1.2359e-04],
          [9.7741e-05],
          [9.6713e-05],
          [6.3067e-05],
          [2.5859e-04],
          [3.3219e-05],
          [3.2566e-05],
          [1.8985e-04],
          [1.6891e-04],
          [2.9363e-05],
          [8.3511e-05],
          [1.3911e-04],
          [6.7589e-05],
          [2.3175e-04],
          [1.7806e-05],
          [2.0234e-05],
          [1.8566e-05],
          [1.5317e-05],
          [2.1135e-05],
          [1.9967e-05],
          [3.9105e-05],
          [2.4440e-05],
          [3.1937e-05],
          [3.4267e-05],
          [3.2200e-04],
          [2.6834e-05],
          [7.5034e-05],
          [4.5813e-05],
          [2.2075e-05],
          [2.0394e-05],
          [2.1439e-05],
          [1.9837e-05],
          [2.4316e-05],
          [2.5317e-05],
          [2.6504e-04],
          [2.8361e-05],
          [2.0909e-04],
          [2.9483e-05],
          [2.4485e-05],
          [3.2428e-05],
          [2.8597e-05],
          [2.8777e-05],
          [3.1293e-05],
          [3.1423e-05],
          [3.5832e-05],
          [4.4223e-05],
          [4.0612e-05],
          [3.6603e-05],
          [3.4289e-05],
          [3.1388e-04],
          [1.1815e-04],
          [4.1002e-05],
          [3.8048e-05],
          [2.6018e-05],
          [2.6630e-05],
          [2.7857e-05],
          [3.6762e-05],
          [2.9239e-05],
          [3.2839e-05],
          [2.3072e-05],
          [2.8603e-05],
          [2.9580e-05],
          [2.0854e-05],
          [1.7773e-05],
          [1.9538e-05],
          [2.6260e-05],
          [1.7714e-05],
          [2.2148e-05],
          [2.6582e-05],
          [2.9930e-05],
          [3.1827e-05],
          [4.5823e-05],
          [4.6006e-05],
          [4.7476e-05],
          [5.0644e-05],
          [4.7964e-05],
          [5.2458e-05],
          [5.0293e-05],
          [5.5804e-05],
          [4.6973e-05],
          [3.6118e-05],
          [2.7725e-05],
          [3.0067e-05],
          [2.0019e-05],
          [3.6396e-05],
          [2.8368e-05],
          [2.3063e-05],
          [2.8829e-05],
          [1.8794e-05],
          [2.7498e-05],
          [2.3243e-05],
          [3.3672e-05],
          [2.9649e-05],
          [6.4099e-04],
          [5.9148e-05],
          [1.2049e-03],
          [3.6539e-05],
          [4.0340e-05],
          [3.9365e-05],
          [3.3380e-05],
          [3.7925e-05],
          [4.3456e-05],
          [3.1663e-05],
          [2.2414e-05],
          [1.9627e-05],
          [2.5689e-05],
          [2.5561e-05],
          [2.0287e-05],
          [2.7716e-05],
          [1.7220e-05],
          [2.9795e-04],
          [6.9014e-05],
          [1.9008e-04],
          [3.2187e-05],
          [2.2319e-05],
          [2.0695e-05],
          [2.1522e-05],
          [3.2983e-04],
          [1.1746e-04],
          [2.4822e-05],
          [2.9686e-05],
          [4.4083e-05],
          [6.2038e-05],
          [8.1173e-05],
          [1.0385e-04],
          [1.5499e-04],
          [1.2062e-04],
          [6.8642e-05],
          [5.4242e-05],
          [7.4919e-05],
          [3.3412e-05],
          [3.9010e-05],
          [3.1301e-05],
          [3.5009e-05],
          [3.1054e-05],
          [1.8947e-05],
          [1.0627e-04],
          [2.7319e-05],
          [3.4503e-05],
          [1.1810e-04],
          [2.4740e-05],
          [2.8024e-05],
          [2.4639e-05],
          [2.6516e-05],
          [2.0828e-05],
          [2.8166e-04],
          [1.3550e-04],
          [3.4288e-05],
          [3.2629e-05],
          [3.1500e-05],
          [2.8216e-05],
          [3.0465e-05],
          [2.9864e-05],
          [4.1030e-05],
          [1.2161e-04],
          [7.4541e-05],
          [1.4308e-04],
          [2.1478e-04],
          [2.7528e-05],
          [1.8657e-05],
          [1.5237e-05],
          [1.5312e-05],
          [1.3894e-05],
          [2.3550e-04],
          [3.2015e-04],
          [2.3001e-05],
          [7.5766e-05],
          [1.0433e-04],
          [1.9978e-05],
          [4.9622e-04],
          [2.2675e-05],
          [2.8408e-04],
          [2.5105e-05],
          [2.2423e-05],
          [1.8250e-05],
          [2.9186e-05],
          [1.6756e-05],
          [1.5888e-04],
          [8.2601e-06]]]])
