# Using CPU
# Loading Embeddings...
# Making Predictions...
torch.Size([1, 1, 442, 262])
tensor([[[[9.5172e-05],
          [3.5092e-05],
          [6.6113e-05],
          [4.1041e-05],
          [6.3286e-05],
          [1.8174e-04],
          [1.8234e-04],
          [9.6983e-05],
          [1.4328e-04],
          [1.7561e-04],
          [9.1552e-05],
          [9.3557e-05],
          [2.4193e-04],
          [1.6266e-04],
          [1.1715e-04],
          [5.0420e-05],
          [3.9246e-05],
          [1.4489e-05],
          [1.7066e-05],
          [2.0445e-05],
          [2.3836e-04],
          [2.1678e-05],
          [1.2561e-04],
          [4.2952e-05],
          [7.5980e-05],
          [8.5913e-05],
          [8.2133e-05],
          [9.4090e-05],
          [8.7574e-05],
          [1.2083e-04],
          [1.2951e-04],
          [1.3227e-04],
          [1.2538e-04],
          [1.3528e-04],
          [1.0531e-04],
          [1.3493e-04],
          [3.4336e-04],
          [2.7290e-04],
          [1.2649e-04],
          [1.1672e-04],
          [1.4718e-04],
          [9.0581e-05],
          [6.6655e-05],
          [6.8193e-05],
          [5.8721e-05],
          [1.0147e-04],
          [5.7489e-05],
          [6.4128e-05],
          [6.5978e-05],
          [1.4040e-04],
          [1.1285e-04],
          [8.4621e-05],
          [8.1228e-05],
          [2.1951e-04],
          [1.1978e-04],
          [7.7233e-05],
          [6.6357e-05],
          [5.8135e-05],
          [7.8462e-05],
          [6.2775e-05],
          [6.3503e-05],
          [6.1957e-05],
          [2.2429e-04],
          [1.5887e-04],
          [1.4403e-04],
          [9.4881e-05],
          [1.0428e-04],
          [9.2751e-05],
          [1.0778e-04],
          [8.4311e-05],
          [7.3655e-05],
          [2.2493e-04],
          [6.3735e-05],
          [8.3590e-05],
          [8.3465e-05],
          [7.3444e-05],
          [3.2762e-04],
          [6.2567e-05],
          [5.0790e-05],
          [5.2335e-05],
          [1.5701e-04],
          [9.4542e-05],
          [4.8485e-05],
          [5.8811e-05],
          [5.4020e-05],
          [5.5277e-05],
          [5.5504e-05],
          [6.8772e-05],
          [6.6533e-05],
          [6.7994e-05],
          [2.0125e-04],
          [6.6238e-05],
          [1.3477e-04],
          [1.0166e-04],
          [7.5235e-05],
          [7.4022e-05],
          [6.5134e-05],
          [4.2163e-05],
          [1.7459e-05],
          [1.7137e-05],
          [2.0362e-05],
          [1.6540e-05],
          [1.6756e-05],
          [1.7452e-05],
          [2.5073e-05],
          [5.5616e-05],
          [5.1100e-05],
          [6.3281e-05],
          [7.3809e-05],
          [5.8653e-05],
          [5.4852e-05],
          [6.3510e-05],
          [7.3956e-05],
          [9.4858e-05],
          [1.5622e-04],
          [5.6790e-05],
          [5.8141e-05],
          [8.8255e-05],
          [5.7648e-05],
          [5.5331e-05],
          [5.6388e-05],
          [5.8925e-05],
          [6.1596e-05],
          [6.4245e-05],
          [7.8949e-05],
          [7.2901e-05],
          [8.1474e-05],
          [8.7229e-05],
          [1.0037e-04],
          [1.1063e-04],
          [9.3314e-05],
          [2.8637e-04],
          [2.2510e-04],
          [1.5043e-04],
          [1.0021e-04],
          [9.3511e-05],
          [7.8635e-05],
          [9.0528e-05],
          [9.6850e-05],
          [9.0625e-05],
          [7.3479e-05],
          [8.1467e-05],
          [8.2081e-05],
          [8.4035e-05],
          [7.4437e-05],
          [7.4722e-05],
          [7.4050e-05],
          [7.7235e-05],
          [8.0888e-05],
          [1.0982e-04],
          [1.0435e-04],
          [1.7338e-04],
          [1.2943e-04],
          [2.1583e-04],
          [1.1244e-04],
          [1.3348e-04],
          [1.9644e-04],
          [1.1076e-04],
          [1.0312e-04],
          [1.7410e-04],
          [8.1053e-05],
          [9.1336e-05],
          [9.2083e-05],
          [9.1463e-05],
          [9.2321e-05],
          [8.7154e-05],
          [9.3961e-05],
          [8.0969e-05],
          [8.1549e-05],
          [7.2881e-05],
          [6.7812e-05],
          [2.3355e-04],
          [1.4691e-04],
          [9.0646e-05],
          [8.5598e-05],
          [8.0114e-05],
          [8.9214e-05],
          [7.2673e-05],
          [1.7174e-04],
          [1.0799e-04],
          [1.7387e-04],
          [7.2922e-05],
          [9.1349e-05],
          [2.7907e-04],
          [6.4885e-05],
          [1.3179e-04],
          [4.6216e-05],
          [4.2669e-05],
          [4.0220e-05],
          [2.0927e-04],
          [4.4894e-05],
          [2.4013e-04],
          [6.3410e-05],
          [8.0080e-05],
          [6.2795e-05],
          [6.5071e-05],
          [6.7640e-05],
          [5.5323e-05],
          [1.6312e-04],
          [1.2591e-04],
          [6.5605e-05],
          [6.7869e-05],
          [6.2673e-05],
          [5.5236e-05],
          [6.3324e-05],
          [6.4232e-05],
          [5.0655e-05],
          [1.6247e-04],
          [1.0407e-04],
          [5.9527e-05],
          [4.9790e-05],
          [5.6523e-05],
          [5.7060e-05],
          [1.4606e-04],
          [4.3484e-05],
          [8.5889e-05],
          [2.5846e-04],
          [6.9274e-05],
          [6.2785e-05],
          [5.1935e-05],
          [6.6816e-05],
          [7.5499e-05],
          [7.4514e-05],
          [5.3029e-05],
          [4.4688e-05],
          [4.7563e-05],
          [6.0052e-05],
          [4.3605e-05],
          [4.5200e-05],
          [6.6132e-05],
          [5.9256e-05],
          [7.2540e-05],
          [6.3069e-05],
          [4.3524e-05],
          [1.6162e-04],
          [8.8951e-05],
          [7.7804e-05],
          [5.5678e-05],
          [2.4322e-05],
          [3.5339e-05],
          [3.3648e-05],
          [1.6974e-05],
          [1.3535e-05],
          [3.6467e-05],
          [1.9490e-05],
          [2.0017e-05],
          [1.2949e-04],
          [9.5589e-05],
          [3.8414e-05],
          [1.2918e-04],
          [5.3056e-05],
          [1.1165e-04],
          [9.2095e-05],
          [6.4984e-05],
          [7.4150e-05],
          [8.2923e-05],
          [6.2795e-05],
          [5.9362e-05],
          [5.7551e-05],
          [5.7192e-05],
          [5.4388e-05],
          [6.1076e-05],
          [5.6933e-05],
          [7.2384e-05],
          [6.9618e-05],
          [7.2690e-05],
          [4.6288e-05],
          [1.0248e-04],
          [2.0985e-05],
          [2.1832e-05],
          [1.9452e-04],
          [8.7177e-05],
          [2.2980e-05],
          [1.3382e-04],
          [1.3151e-04],
          [4.1930e-05],
          [1.6124e-04],
          [3.3299e-05],
          [5.3549e-05],
          [3.3031e-05],
          [1.5673e-05],
          [9.3487e-06],
          [9.2529e-06],
          [1.0503e-05],
          [1.0961e-05],
          [1.2214e-05],
          [1.1357e-05],
          [2.0588e-04],
          [2.6406e-05],
          [5.0898e-05],
          [7.0724e-05],
          [3.8545e-05],
          [3.4100e-05],
          [3.3863e-05],
          [2.6890e-05],
          [2.8431e-05],
          [2.7246e-05],
          [2.2299e-04],
          [3.4434e-05],
          [1.6270e-04],
          [4.4685e-05],
          [3.6534e-05],
          [4.7058e-05],
          [4.4208e-05],
          [4.6192e-05],
          [4.4506e-05],
          [4.5320e-05],
          [5.5989e-05],
          [5.8330e-05],
          [7.6767e-05],
          [6.0623e-05],
          [7.1243e-05],
          [1.5370e-04],
          [1.2540e-04],
          [2.8309e-05],
          [3.1195e-05],
          [2.9618e-05],
          [2.5826e-05],
          [1.2631e-05],
          [1.4976e-05],
          [1.3562e-05],
          [1.3421e-05],
          [1.5473e-05],
          [1.3834e-05],
          [1.6214e-05],
          [1.4615e-05],
          [3.2840e-05],
          [3.2624e-05],
          [3.2166e-05],
          [2.7815e-05],
          [2.1858e-05],
          [2.1753e-05],
          [2.1619e-05],
          [2.3426e-05],
          [2.5494e-05],
          [2.1316e-05],
          [1.7196e-05],
          [2.2416e-05],
          [2.5077e-05],
          [1.6641e-05],
          [1.8229e-05],
          [1.9021e-05],
          [1.9455e-05],
          [2.2298e-05],
          [2.6248e-05],
          [2.4540e-05],
          [1.8760e-05],
          [4.0731e-05],
          [2.2136e-05],
          [1.5279e-05],
          [1.8486e-05],
          [1.1791e-05],
          [2.1107e-05],
          [1.6348e-05],
          [3.1340e-05],
          [2.5049e-05],
          [1.2529e-04],
          [3.4141e-05],
          [2.0965e-04],
          [3.8172e-05],
          [4.6093e-05],
          [3.7929e-05],
          [4.7064e-05],
          [4.3820e-05],
          [4.5381e-05],
          [4.6954e-05],
          [5.9597e-05],
          [4.4775e-05],
          [6.0278e-05],
          [5.0835e-05],
          [4.5851e-05],
          [4.6027e-05],
          [3.9987e-05],
          [1.4289e-04],
          [6.0150e-05],
          [2.2988e-04],
          [4.5129e-05],
          [3.9411e-05],
          [2.6449e-05],
          [1.6151e-05],
          [2.3777e-04],
          [1.2964e-04],
          [1.2731e-05],
          [1.7887e-05],
          [1.9065e-05],
          [2.3680e-05],
          [5.8604e-05],
          [4.5099e-05],
          [1.0081e-04],
          [7.3644e-05],
          [4.4199e-05],
          [4.9837e-05],
          [4.0758e-05],
          [4.3718e-05],
          [2.9454e-05],
          [4.7028e-05],
          [5.5859e-05],
          [3.8498e-05],
          [2.7716e-05],
          [1.6290e-04],
          [3.6656e-05],
          [3.1678e-05],
          [7.9379e-05],
          [2.6614e-05],
          [3.0480e-05],
          [2.8507e-05],
          [2.7588e-05],
          [2.1064e-05],
          [1.3304e-04],
          [8.7463e-05],
          [4.7847e-05],
          [5.2922e-05],
          [6.3369e-05],
          [4.0174e-05],
          [4.0194e-05],
          [2.8264e-05],
          [3.1433e-05],
          [6.1189e-05],
          [8.0340e-05],
          [1.3873e-04],
          [8.3488e-05],
          [2.4612e-05],
          [1.9037e-05],
          [1.7982e-05],
          [1.5115e-05],
          [1.6861e-05],
          [1.8127e-04],
          [1.4823e-04],
          [2.7543e-05],
          [5.1074e-05],
          [1.0078e-04],
          [1.6463e-05],
          [1.6386e-04],
          [2.5003e-05],
          [2.3188e-04],
          [3.1004e-05],
          [4.2233e-05],
          [3.7914e-05],
          [3.5509e-05],
          [2.2733e-05],
          [1.7903e-05],
          [4.7397e-06]]]])
