# Using CPU
# Loading Embeddings...
# Making Predictions...
torch.Size([1, 1, 442, 270])
tensor([[[[2.8915e-04],
          [3.5885e-05],
          [8.9373e-05],
          [2.1385e-05],
          [9.4887e-06],
          [5.6028e-04],
          [7.1761e-04],
          [1.4221e-05],
          [4.2105e-04],
          [7.1483e-04],
          [1.9329e-05],
          [1.7869e-05],
          [6.2062e-04],
          [1.6628e-04],
          [1.4021e-05],
          [2.2705e-05],
          [1.0817e-05],
          [1.1738e-05],
          [1.4227e-05],
          [2.7489e-05],
          [5.6927e-04],
          [2.5659e-05],
          [3.6927e-04],
          [1.6707e-05],
          [1.8444e-05],
          [2.3032e-05],
          [3.1444e-05],
          [5.2480e-05],
          [6.2259e-05],
          [8.2680e-05],
          [8.4135e-05],
          [9.7695e-05],
          [8.9351e-05],
          [9.7411e-05],
          [7.2769e-05],
          [5.6484e-05],
          [1.3888e-03],
          [6.3445e-05],
          [2.1141e-04],
          [1.4400e-04],
          [2.6228e-04],
          [2.3282e-05],
          [2.2126e-05],
          [2.4440e-05],
          [1.7210e-05],
          [1.8135e-05],
          [1.4041e-05],
          [1.3371e-05],
          [1.4324e-05],
          [1.8433e-04],
          [2.9648e-04],
          [1.2504e-05],
          [1.1387e-05],
          [4.9302e-04],
          [3.5345e-04],
          [1.5730e-05],
          [1.6582e-05],
          [1.6307e-05],
          [2.0301e-05],
          [2.3995e-05],
          [2.5164e-05],
          [2.4733e-05],
          [5.7332e-04],
          [2.0643e-04],
          [2.0514e-05],
          [1.8699e-05],
          [1.6816e-05],
          [1.5899e-05],
          [1.7714e-05],
          [1.5418e-05],
          [1.5971e-05],
          [2.4355e-04],
          [3.3387e-05],
          [1.8684e-05],
          [1.7125e-05],
          [2.0167e-05],
          [1.0616e-03],
          [1.3871e-05],
          [1.4081e-05],
          [1.1506e-05],
          [3.7672e-04],
          [1.5280e-04],
          [1.2279e-05],
          [1.2932e-05],
          [1.4503e-05],
          [1.7873e-05],
          [1.8325e-05],
          [2.0257e-05],
          [1.8415e-05],
          [1.7040e-05],
          [3.8487e-04],
          [7.3376e-05],
          [1.8376e-04],
          [1.2996e-05],
          [1.9425e-05],
          [3.4273e-05],
          [3.9613e-05],
          [5.8154e-05],
          [3.7936e-05],
          [3.7632e-05],
          [3.0466e-05],
          [1.8445e-05],
          [1.2460e-05],
          [1.2374e-05],
          [1.5115e-05],
          [1.9653e-05],
          [2.3378e-05],
          [2.8186e-05],
          [2.8564e-05],
          [2.9137e-05],
          [2.7669e-05],
          [1.4777e-04],
          [2.0577e-04],
          [2.3949e-05],
          [1.8766e-04],
          [1.9035e-05],
          [1.6546e-05],
          [1.3536e-05],
          [1.6442e-05],
          [1.9051e-05],
          [1.8054e-05],
          [1.4619e-05],
          [1.5709e-05],
          [1.2650e-05],
          [1.5637e-05],
          [1.6272e-05],
          [1.9940e-05],
          [1.9889e-05],
          [2.4239e-05],
          [2.6015e-05],
          [2.5555e-05],
          [4.6106e-04],
          [2.2408e-04],
          [2.4285e-05],
          [2.7934e-05],
          [2.5203e-05],
          [2.1691e-05],
          [2.3620e-05],
          [1.9635e-05],
          [2.1938e-05],
          [1.8830e-05],
          [1.7956e-05],
          [1.3197e-05],
          [1.5636e-05],
          [1.8364e-05],
          [2.4915e-05],
          [2.6064e-05],
          [3.4982e-05],
          [4.0382e-05],
          [5.1652e-05],
          [5.0021e-05],
          [5.8598e-05],
          [5.8346e-05],
          [7.2003e-05],
          [5.9097e-05],
          [5.2866e-05],
          [3.1624e-04],
          [3.2413e-04],
          [1.7891e-04],
          [7.0343e-04],
          [1.8863e-05],
          [1.6674e-05],
          [1.5197e-05],
          [1.6727e-05],
          [1.9868e-05],
          [2.2777e-05],
          [2.1711e-05],
          [2.1607e-05],
          [2.3358e-05],
          [2.5052e-05],
          [2.3620e-05],
          [4.1022e-04],
          [4.2562e-04],
          [3.1925e-05],
          [4.1643e-05],
          [4.9900e-05],
          [4.0157e-05],
          [3.9089e-05],
          [3.8216e-04],
          [6.3571e-05],
          [2.4896e-04],
          [1.9726e-05],
          [1.5794e-05],
          [3.3838e-04],
          [1.6365e-05],
          [1.5359e-04],
          [1.8868e-05],
          [2.1032e-05],
          [1.8794e-05],
          [4.8511e-04],
          [2.5902e-05],
          [1.2658e-03],
          [1.9818e-05],
          [2.4430e-05],
          [2.6066e-05],
          [2.7097e-05],
          [3.2115e-05],
          [2.7897e-05],
          [3.9705e-04],
          [1.7962e-04],
          [2.5726e-05],
          [2.1747e-05],
          [1.8710e-05],
          [1.7870e-05],
          [2.3894e-05],
          [3.0394e-05],
          [2.6988e-05],
          [3.1646e-04],
          [4.4563e-04],
          [2.4177e-05],
          [1.8282e-05],
          [1.6344e-05],
          [1.6311e-05],
          [3.0698e-04],
          [4.1925e-05],
          [2.2008e-05],
          [6.0596e-04],
          [1.6171e-05],
          [1.4374e-05],
          [1.3885e-05],
          [1.4667e-05],
          [1.7120e-05],
          [1.8854e-05],
          [1.5105e-05],
          [1.4609e-05],
          [3.6935e-05],
          [1.4388e-05],
          [1.5079e-05],
          [1.1499e-05],
          [1.1012e-05],
          [1.0591e-05],
          [1.3995e-05],
          [1.2836e-05],
          [1.3138e-05],
          [4.1027e-04],
          [2.2949e-04],
          [1.6257e-05],
          [1.6931e-05],
          [1.6445e-05],
          [2.2486e-05],
          [2.0114e-05],
          [1.8049e-05],
          [1.7977e-05],
          [2.4496e-05],
          [1.7821e-05],
          [1.2487e-05],
          [2.9842e-04],
          [2.3764e-04],
          [2.2961e-05],
          [1.7349e-04],
          [1.2356e-05],
          [2.3050e-04],
          [1.5417e-04],
          [2.2003e-05],
          [2.5387e-05],
          [2.7364e-05],
          [2.6186e-05],
          [3.4469e-05],
          [3.7790e-05],
          [4.9245e-05],
          [5.2463e-05],
          [8.5968e-05],
          [9.5287e-05],
          [1.1955e-04],
          [1.4704e-04],
          [1.5806e-04],
          [1.2397e-04],
          [6.9265e-04],
          [6.4153e-05],
          [4.8812e-05],
          [1.9482e-04],
          [3.0080e-04],
          [2.9738e-05],
          [1.9436e-04],
          [1.6596e-04],
          [4.1837e-05],
          [1.9041e-04],
          [1.7423e-05],
          [1.3924e-05],
          [1.2580e-05],
          [1.0662e-05],
          [9.8913e-06],
          [1.3432e-05],
          [2.3554e-05],
          [1.2960e-05],
          [1.6519e-05],
          [1.4296e-05],
          [4.4954e-04],
          [3.0679e-05],
          [8.4827e-05],
          [7.9761e-05],
          [1.1832e-05],
          [1.1363e-05],
          [1.1754e-05],
          [1.1146e-05],
          [1.0532e-05],
          [1.9282e-05],
          [3.6392e-04],
          [1.8878e-05],
          [6.9955e-04],
          [1.3684e-05],
          [1.1492e-05],
          [1.4171e-05],
          [1.3390e-05],
          [1.4150e-05],
          [1.3355e-05],
          [1.3941e-05],
          [1.6414e-05],
          [1.6792e-05],
          [2.3471e-05],
          [2.6335e-05],
          [3.2797e-05],
          [4.2380e-04],
          [3.6495e-04],
          [2.4551e-05],
          [2.0410e-05],
          [6.2542e-05],
          [1.2303e-05],
          [1.4151e-05],
          [1.9164e-05],
          [1.8684e-05],
          [1.8601e-05],
          [2.6062e-05],
          [2.2982e-05],
          [2.4542e-05],
          [2.0100e-05],
          [1.8576e-05],
          [1.9015e-05],
          [1.6786e-05],
          [2.0912e-05],
          [2.3182e-05],
          [2.3511e-05],
          [2.2171e-05],
          [2.1368e-05],
          [1.7615e-05],
          [1.9061e-05],
          [2.2740e-05],
          [1.9674e-05],
          [2.1248e-05],
          [2.3656e-05],
          [2.5260e-05],
          [3.7066e-05],
          [2.4330e-05],
          [2.1255e-05],
          [2.5527e-05],
          [2.2945e-05],
          [2.0181e-05],
          [1.6785e-05],
          [1.8684e-05],
          [1.7884e-05],
          [1.6174e-05],
          [1.5550e-05],
          [1.7258e-05],
          [1.1945e-05],
          [1.7780e-05],
          [1.5732e-05],
          [2.7166e-04],
          [3.5688e-05],
          [1.5006e-03],
          [1.9013e-05],
          [2.0514e-05],
          [1.8108e-05],
          [1.7588e-05],
          [2.1951e-05],
          [2.2274e-05],
          [2.3698e-05],
          [2.1037e-05],
          [2.2260e-05],
          [2.1189e-05],
          [2.6546e-05],
          [2.1318e-05],
          [2.0438e-05],
          [1.6954e-05],
          [3.8736e-04],
          [6.7917e-05],
          [7.7290e-04],
          [1.3053e-05],
          [1.1494e-05],
          [1.1193e-05],
          [1.3187e-05],
          [3.1641e-04],
          [5.0483e-04],
          [1.4066e-05],
          [1.4294e-05],
          [1.4135e-05],
          [1.5409e-05],
          [2.0876e-05],
          [2.5443e-05],
          [3.1823e-05],
          [3.1095e-05],
          [2.8805e-05],
          [3.2997e-05],
          [3.3558e-05],
          [3.1502e-05],
          [2.5625e-05],
          [2.4091e-05],
          [2.2552e-05],
          [1.9349e-05],
          [1.6198e-05],
          [7.0963e-05],
          [2.9231e-05],
          [4.2660e-05],
          [4.5035e-05],
          [3.2086e-05],
          [3.0091e-05],
          [2.3025e-05],
          [2.3188e-05],
          [1.9282e-05],
          [2.2491e-04],
          [1.9560e-04],
          [2.1482e-05],
          [1.8639e-05],
          [1.5573e-05],
          [1.3854e-05],
          [1.7509e-05],
          [1.8528e-05],
          [2.0592e-05],
          [1.0056e-04],
          [1.3188e-04],
          [2.2358e-04],
          [4.8605e-04],
          [2.4059e-05],
          [2.0397e-05],
          [1.6398e-05],
          [1.8980e-05],
          [1.6472e-05],
          [3.0238e-04],
          [1.6395e-04],
          [1.8387e-05],
          [6.8321e-05],
          [1.1937e-04],
          [2.0812e-05],
          [2.8481e-04],
          [1.7484e-05],
          [2.5427e-04],
          [1.7192e-05],
          [1.3749e-05],
          [1.1524e-05],
          [1.2954e-05],
          [1.8629e-05],
          [7.0702e-05],
          [6.2241e-06]]]])
