# Using CPU
# Loading Embeddings...
# Making Predictions...
torch.Size([1, 1, 442, 271])
tensor([[[[1.0223e-04],
          [2.3024e-05],
          [6.9889e-05],
          [1.7665e-05],
          [1.0783e-05],
          [1.7545e-04],
          [3.0081e-04],
          [1.5408e-05],
          [1.2969e-04],
          [3.6881e-04],
          [1.5036e-05],
          [1.4352e-05],
          [3.2134e-04],
          [1.5829e-04],
          [1.9794e-05],
          [1.2563e-05],
          [1.4804e-05],
          [1.4772e-05],
          [1.4420e-05],
          [1.6293e-05],
          [2.0187e-04],
          [2.2713e-05],
          [2.3207e-04],
          [1.4398e-05],
          [1.7808e-05],
          [2.5399e-05],
          [3.4373e-05],
          [5.5811e-05],
          [6.8771e-05],
          [8.7371e-05],
          [8.7612e-05],
          [9.9471e-05],
          [9.6231e-05],
          [1.0147e-04],
          [8.0343e-05],
          [6.5346e-05],
          [1.7122e-03],
          [6.0862e-05],
          [2.4080e-04],
          [1.3926e-04],
          [2.0257e-04],
          [2.2669e-05],
          [1.8258e-05],
          [1.8654e-05],
          [1.4016e-05],
          [1.5188e-05],
          [1.2714e-05],
          [1.1958e-05],
          [1.2884e-05],
          [1.2512e-04],
          [1.7631e-04],
          [1.3577e-05],
          [1.0909e-05],
          [1.9754e-04],
          [1.8122e-04],
          [1.5436e-05],
          [1.5353e-05],
          [1.4006e-05],
          [1.5498e-05],
          [1.8311e-05],
          [1.8981e-05],
          [1.9253e-05],
          [4.0068e-04],
          [1.9497e-04],
          [1.9761e-05],
          [1.8661e-05],
          [2.1857e-05],
          [2.5585e-05],
          [2.0717e-05],
          [2.3391e-05],
          [1.4073e-05],
          [2.1342e-04],
          [2.1191e-05],
          [2.7034e-05],
          [1.4674e-05],
          [1.9248e-05],
          [6.4430e-04],
          [1.4010e-05],
          [1.2637e-05],
          [1.2448e-05],
          [1.3575e-04],
          [1.1545e-04],
          [1.3027e-05],
          [1.1401e-05],
          [1.3493e-05],
          [1.6503e-05],
          [1.7041e-05],
          [1.8062e-05],
          [1.5490e-05],
          [1.4325e-05],
          [1.6859e-04],
          [3.8970e-05],
          [1.7566e-04],
          [1.3712e-05],
          [1.2813e-05],
          [1.9914e-05],
          [2.1069e-05],
          [2.9511e-05],
          [2.6239e-05],
          [3.0196e-05],
          [2.8777e-05],
          [2.2303e-05],
          [1.5494e-05],
          [1.4872e-05],
          [1.5893e-05],
          [2.0110e-05],
          [2.3000e-05],
          [2.8179e-05],
          [2.8866e-05],
          [2.9860e-05],
          [2.4817e-05],
          [7.8662e-05],
          [1.0247e-04],
          [2.1661e-05],
          [2.3134e-04],
          [1.7491e-05],
          [1.5694e-05],
          [1.2805e-05],
          [1.5722e-05],
          [1.6518e-05],
          [1.6425e-05],
          [1.2135e-05],
          [2.2602e-05],
          [1.4115e-05],
          [1.4591e-05],
          [1.6475e-05],
          [1.6918e-05],
          [1.8381e-05],
          [2.1378e-05],
          [5.5419e-05],
          [3.4458e-04],
          [7.6116e-04],
          [1.3398e-03],
          [6.4194e-04],
          [1.9882e-04],
          [7.2983e-05],
          [2.9305e-05],
          [2.6072e-05],
          [2.0859e-05],
          [2.1259e-05],
          [1.7070e-05],
          [1.5909e-05],
          [1.1192e-05],
          [1.2658e-05],
          [1.6025e-05],
          [2.2952e-05],
          [2.6098e-05],
          [3.6883e-05],
          [4.4739e-05],
          [7.1597e-05],
          [7.2749e-05],
          [8.1030e-05],
          [7.0597e-05],
          [8.1826e-05],
          [6.4061e-05],
          [5.5522e-05],
          [1.6842e-04],
          [1.7161e-04],
          [8.7203e-05],
          [3.4672e-04],
          [1.8044e-05],
          [4.0007e-05],
          [1.0792e-04],
          [9.1418e-05],
          [3.5293e-05],
          [2.7149e-05],
          [2.5091e-05],
          [2.0803e-05],
          [2.1536e-05],
          [2.3439e-05],
          [2.2052e-05],
          [1.8656e-04],
          [2.1834e-04],
          [3.3727e-05],
          [4.3298e-05],
          [4.8485e-05],
          [4.5822e-05],
          [4.1626e-05],
          [2.9870e-04],
          [3.7085e-05],
          [2.6057e-04],
          [1.5577e-05],
          [1.4995e-05],
          [1.3099e-04],
          [1.3104e-05],
          [1.7115e-04],
          [1.5441e-05],
          [1.3400e-05],
          [1.3461e-05],
          [2.0531e-04],
          [2.0019e-05],
          [5.0932e-04],
          [1.9703e-05],
          [2.4382e-05],
          [2.6180e-05],
          [2.6277e-05],
          [3.1339e-05],
          [2.4567e-05],
          [2.7753e-04],
          [1.5453e-04],
          [2.1124e-05],
          [1.7781e-05],
          [1.6290e-05],
          [1.1975e-05],
          [1.4128e-05],
          [1.6438e-05],
          [1.3820e-05],
          [1.2558e-04],
          [1.9298e-04],
          [1.5044e-05],
          [1.2240e-05],
          [1.3072e-05],
          [1.3633e-05],
          [1.7519e-04],
          [2.6723e-05],
          [1.9606e-05],
          [4.6445e-04],
          [1.3558e-05],
          [1.8027e-05],
          [1.2478e-05],
          [1.4090e-05],
          [1.7027e-05],
          [1.5312e-05],
          [1.5780e-05],
          [1.4609e-05],
          [1.8978e-05],
          [1.9265e-05],
          [1.5727e-05],
          [1.7557e-05],
          [1.9449e-05],
          [1.2563e-05],
          [1.4998e-05],
          [1.3442e-05],
          [1.3759e-05],
          [1.7987e-04],
          [1.1744e-04],
          [2.1304e-05],
          [1.4402e-05],
          [1.7706e-05],
          [2.7919e-05],
          [2.6930e-05],
          [2.1239e-05],
          [2.2238e-05],
          [3.5267e-05],
          [2.4879e-05],
          [1.3921e-05],
          [1.0460e-04],
          [7.8680e-05],
          [1.7249e-05],
          [1.8821e-04],
          [1.0735e-05],
          [1.2384e-04],
          [1.2169e-04],
          [1.9244e-05],
          [2.5474e-05],
          [2.9141e-05],
          [2.4418e-05],
          [3.0645e-05],
          [3.1358e-05],
          [4.1508e-05],
          [4.3600e-05],
          [7.8170e-05],
          [9.6505e-05],
          [1.5371e-04],
          [1.5179e-04],
          [1.6322e-04],
          [9.8144e-05],
          [4.8680e-04],
          [3.9129e-05],
          [3.6710e-05],
          [1.4669e-04],
          [1.3535e-04],
          [2.9402e-05],
          [1.5466e-04],
          [1.8628e-04],
          [2.6267e-05],
          [2.4928e-04],
          [1.2856e-05],
          [1.1471e-05],
          [1.0610e-05],
          [8.7839e-06],
          [1.0168e-05],
          [1.2004e-05],
          [1.6089e-05],
          [1.4274e-05],
          [1.5283e-05],
          [1.3353e-05],
          [2.4262e-04],
          [1.9363e-05],
          [5.2623e-05],
          [6.8341e-05],
          [1.1300e-05],
          [1.1195e-05],
          [1.0766e-05],
          [1.0547e-05],
          [1.2181e-05],
          [1.1333e-05],
          [1.9030e-04],
          [1.8905e-05],
          [4.2826e-04],
          [1.3266e-05],
          [1.3152e-05],
          [1.4820e-05],
          [1.5903e-05],
          [1.5712e-05],
          [1.5937e-05],
          [1.5120e-05],
          [2.0048e-05],
          [1.7244e-05],
          [2.2931e-05],
          [2.3817e-05],
          [2.8975e-05],
          [2.0834e-04],
          [2.2340e-04],
          [2.0659e-05],
          [1.7843e-05],
          [1.7281e-05],
          [1.2955e-05],
          [1.4788e-05],
          [1.5138e-05],
          [1.9569e-05],
          [1.6707e-05],
          [1.4523e-05],
          [1.4000e-05],
          [1.2938e-05],
          [1.1204e-05],
          [1.1356e-05],
          [1.2287e-05],
          [1.5014e-05],
          [1.3155e-05],
          [1.3730e-05],
          [1.4193e-05],
          [1.5419e-05],
          [1.3858e-05],
          [1.8394e-05],
          [1.6339e-05],
          [1.6281e-05],
          [1.8082e-05],
          [1.8806e-05],
          [2.4404e-05],
          [2.3963e-05],
          [2.6022e-05],
          [1.7413e-05],
          [1.9091e-05],
          [2.2780e-05],
          [2.8761e-05],
          [1.7052e-05],
          [2.3164e-05],
          [2.6366e-05],
          [1.6540e-05],
          [1.8116e-05],
          [1.4662e-05],
          [1.4509e-05],
          [1.4300e-05],
          [1.4150e-05],
          [1.6778e-05],
          [1.3276e-04],
          [2.8551e-05],
          [5.3759e-04],
          [2.1648e-05],
          [2.2389e-05],
          [1.8660e-05],
          [1.7892e-05],
          [1.6490e-05],
          [1.4502e-05],
          [1.4466e-05],
          [1.2733e-05],
          [1.2628e-05],
          [1.3002e-05],
          [1.4125e-05],
          [1.4111e-05],
          [1.8608e-05],
          [1.6500e-05],
          [1.8121e-04],
          [4.3192e-05],
          [4.5821e-04],
          [1.3221e-05],
          [1.0894e-05],
          [1.0434e-05],
          [1.0568e-05],
          [1.5975e-04],
          [3.0324e-04],
          [1.3060e-05],
          [1.2812e-05],
          [1.6612e-05],
          [2.0503e-05],
          [2.4905e-05],
          [3.2307e-05],
          [3.7987e-05],
          [3.5342e-05],
          [2.9173e-05],
          [2.4756e-05],
          [1.8699e-05],
          [1.4394e-05],
          [1.1153e-05],
          [1.1055e-05],
          [1.3279e-05],
          [1.3077e-05],
          [1.3960e-05],
          [1.1596e-04],
          [3.4097e-05],
          [4.0443e-05],
          [4.5846e-05],
          [2.3687e-05],
          [2.6737e-05],
          [2.2934e-05],
          [2.1248e-05],
          [1.6583e-05],
          [1.8195e-04],
          [1.4331e-04],
          [1.9120e-05],
          [1.7315e-05],
          [1.7481e-05],
          [1.4278e-05],
          [2.2437e-05],
          [2.2323e-05],
          [3.6768e-05],
          [5.0277e-05],
          [7.0051e-05],
          [9.1772e-05],
          [1.8077e-04],
          [2.7681e-05],
          [1.9295e-05],
          [1.4942e-05],
          [2.0851e-05],
          [1.2784e-05],
          [2.2002e-04],
          [1.1503e-04],
          [1.4286e-05],
          [4.9229e-05],
          [1.0053e-04],
          [1.8904e-05],
          [2.3009e-04],
          [1.9045e-05],
          [2.7286e-04],
          [1.5679e-05],
          [1.1933e-05],
          [9.8001e-06],
          [1.5054e-05],
          [1.6800e-05],
          [1.2387e-05],
          [4.8376e-06]]]])
