# Using CPU
# Loading Embeddings...
# Making Predictions...
torch.Size([1, 1, 442, 252])
tensor([[[[1.2773e-04],
          [4.6431e-05],
          [1.1473e-04],
          [4.8910e-05],
          [9.8982e-06],
          [3.4446e-04],
          [2.0457e-03],
          [1.6113e-05],
          [2.3036e-04],
          [2.1978e-03],
          [1.6167e-05],
          [1.4168e-05],
          [3.5213e-04],
          [3.4338e-04],
          [1.1944e-05],
          [1.0542e-05],
          [1.3314e-05],
          [1.3768e-05],
          [1.8377e-05],
          [1.6786e-05],
          [7.2936e-04],
          [2.7187e-05],
          [1.2083e-03],
          [2.0089e-05],
          [1.7789e-05],
          [2.4540e-05],
          [3.2842e-05],
          [4.8359e-05],
          [5.6254e-05],
          [7.5124e-05],
          [7.7335e-05],
          [9.1689e-05],
          [9.2310e-05],
          [9.4338e-05],
          [7.2761e-05],
          [5.7599e-05],
          [1.8662e-03],
          [8.3997e-05],
          [4.9730e-04],
          [1.5735e-04],
          [1.3009e-03],
          [2.3379e-05],
          [1.9245e-05],
          [2.0021e-05],
          [1.4897e-05],
          [1.5900e-05],
          [1.2462e-05],
          [1.5134e-05],
          [1.5456e-05],
          [2.0488e-04],
          [8.2389e-04],
          [1.0884e-05],
          [1.1940e-05],
          [4.2479e-04],
          [1.1028e-03],
          [1.2403e-05],
          [1.2823e-05],
          [1.2065e-05],
          [1.5024e-05],
          [1.6621e-05],
          [1.5471e-05],
          [1.4559e-05],
          [3.6191e-04],
          [5.5153e-04],
          [1.4014e-05],
          [1.2999e-05],
          [1.4462e-05],
          [1.3013e-05],
          [1.4611e-05],
          [1.4226e-05],
          [1.3161e-05],
          [3.0670e-04],
          [2.8849e-05],
          [4.0284e-05],
          [1.3708e-05],
          [1.9328e-05],
          [4.4296e-03],
          [1.4229e-05],
          [1.3188e-05],
          [1.2270e-05],
          [3.6521e-04],
          [2.5061e-04],
          [1.1641e-05],
          [1.1994e-05],
          [1.4045e-05],
          [1.6595e-05],
          [1.6024e-05],
          [1.7050e-05],
          [1.5605e-05],
          [1.4259e-05],
          [3.6850e-04],
          [5.0188e-05],
          [4.7453e-04],
          [1.4436e-05],
          [1.8430e-05],
          [2.6746e-05],
          [2.8407e-05],
          [3.4256e-05],
          [2.9921e-05],
          [3.2506e-05],
          [2.8371e-05],
          [2.1187e-05],
          [1.3600e-05],
          [1.2382e-05],
          [1.2576e-05],
          [1.4733e-05],
          [1.7535e-05],
          [1.7895e-05],
          [1.8054e-05],
          [1.8920e-05],
          [1.7811e-05],
          [9.7489e-05],
          [2.2522e-04],
          [1.9265e-05],
          [5.1486e-04],
          [1.7794e-05],
          [1.0703e-05],
          [1.0445e-05],
          [1.1384e-05],
          [1.1699e-05],
          [1.2040e-05],
          [1.0541e-05],
          [2.3575e-05],
          [1.0640e-05],
          [1.2882e-05],
          [1.3231e-05],
          [1.5426e-05],
          [1.6460e-05],
          [1.6335e-05],
          [1.7462e-05],
          [3.2374e-05],
          [4.1907e-04],
          [5.9193e-04],
          [5.3183e-05],
          [2.5541e-05],
          [1.9018e-05],
          [1.6385e-05],
          [1.3583e-05],
          [1.2562e-05],
          [1.1613e-05],
          [1.1691e-05],
          [1.1447e-05],
          [1.0349e-05],
          [1.3631e-05],
          [1.0494e-05],
          [1.1937e-05],
          [1.3725e-05],
          [1.8040e-05],
          [2.2036e-05],
          [3.1777e-05],
          [3.4313e-05],
          [4.0831e-05],
          [4.6840e-05],
          [4.5685e-05],
          [5.5729e-05],
          [4.4521e-05],
          [2.5828e-04],
          [8.3969e-04],
          [1.7376e-04],
          [2.3490e-03],
          [1.5433e-05],
          [1.5268e-05],
          [1.6272e-05],
          [1.8755e-05],
          [1.2882e-05],
          [1.5509e-05],
          [1.4314e-05],
          [1.5529e-05],
          [1.4540e-05],
          [1.4692e-05],
          [1.3589e-05],
          [2.7328e-04],
          [1.7606e-03],
          [1.9159e-05],
          [1.9951e-05],
          [2.3816e-05],
          [3.4633e-05],
          [2.3090e-05],
          [2.9886e-04],
          [5.4767e-05],
          [3.7250e-04],
          [1.3665e-05],
          [3.4480e-05],
          [3.0558e-04],
          [1.3448e-05],
          [4.1418e-04],
          [1.1699e-05],
          [1.2694e-05],
          [1.2105e-05],
          [4.2387e-04],
          [5.1189e-05],
          [4.9800e-03],
          [1.4596e-05],
          [1.8348e-05],
          [1.8029e-05],
          [1.6863e-05],
          [1.7777e-05],
          [1.6635e-05],
          [2.7900e-04],
          [5.7813e-04],
          [1.4979e-05],
          [1.3681e-05],
          [1.5017e-05],
          [1.3320e-05],
          [1.5248e-05],
          [1.5231e-05],
          [1.4550e-05],
          [3.0904e-04],
          [1.4403e-03],
          [1.3520e-05],
          [1.3449e-05],
          [1.3255e-05],
          [1.3002e-05],
          [3.2110e-04],
          [3.3350e-05],
          [2.4020e-05],
          [2.8999e-03],
          [1.5876e-05],
          [2.5269e-05],
          [1.2876e-05],
          [1.1287e-05],
          [1.2990e-05],
          [1.1893e-05],
          [1.1766e-05],
          [1.1769e-05],
          [1.5846e-05],
          [1.6474e-05],
          [1.6828e-05],
          [1.2132e-05],
          [1.1320e-05],
          [1.1827e-05],
          [1.0751e-05],
          [9.7260e-06],
          [1.1003e-05],
          [3.3736e-04],
          [8.1799e-04],
          [1.7289e-05],
          [1.2495e-05],
          [1.1648e-05],
          [1.5632e-05],
          [1.6206e-05],
          [2.1107e-05],
          [1.7399e-05],
          [2.2116e-05],
          [2.3554e-05],
          [1.4695e-05],
          [2.2586e-04],
          [2.1628e-04],
          [1.7493e-05],
          [2.7665e-04],
          [1.2764e-05],
          [1.8477e-04],
          [6.4862e-04],
          [2.4542e-05],
          [2.9405e-05],
          [3.4535e-05],
          [2.6219e-05],
          [3.0285e-05],
          [3.1986e-05],
          [3.2852e-05],
          [2.4694e-05],
          [2.4644e-05],
          [3.4686e-05],
          [4.0991e-05],
          [4.5203e-05],
          [9.1736e-05],
          [3.8688e-05],
          [4.7091e-04],
          [3.4021e-05],
          [2.4090e-05],
          [8.0199e-04],
          [1.4971e-04],
          [2.8190e-05],
          [7.7818e-04],
          [1.5541e-04],
          [3.6399e-05],
          [3.7269e-04],
          [1.6491e-05],
          [1.0840e-05],
          [1.0567e-05],
          [8.9459e-06],
          [9.1365e-06],
          [9.7192e-06],
          [1.7827e-05],
          [1.5655e-05],
          [1.8823e-05],
          [1.4458e-05],
          [8.5157e-04],
          [2.8062e-05],
          [1.3839e-04],
          [3.4978e-04],
          [1.2531e-05],
          [1.2428e-05],
          [1.1331e-05],
          [1.0252e-05],
          [1.0164e-05],
          [9.7344e-06],
          [4.3311e-04],
          [3.2615e-05],
          [2.5156e-03],
          [1.4249e-05],
          [1.2414e-05],
          [1.4985e-05],
          [1.5938e-05],
          [1.5595e-05],
          [1.6859e-05],
          [1.6049e-05],
          [2.2372e-05],
          [1.7807e-05],
          [2.3267e-05],
          [2.3772e-05],
          [3.4691e-05],
          [2.5177e-04],
          [1.3403e-03],
          [2.3783e-05],
          [2.0342e-05],
          [2.1663e-05],
          [1.3194e-05],
          [1.3567e-05],
          [2.0606e-05],
          [2.5606e-05],
          [2.1424e-05],
          [1.7198e-05],
          [1.9800e-05],
          [1.7943e-05],
          [1.5427e-05],
          [1.3666e-05],
          [1.4593e-05],
          [1.6825e-05],
          [1.6543e-05],
          [1.8665e-05],
          [2.1752e-05],
          [2.1884e-05],
          [1.8491e-05],
          [1.9374e-05],
          [2.1803e-05],
          [2.1120e-05],
          [2.5454e-05],
          [2.1789e-05],
          [3.4527e-05],
          [3.4855e-05],
          [3.6661e-05],
          [2.3021e-05],
          [2.8606e-05],
          [2.6853e-05],
          [2.6876e-05],
          [2.0827e-05],
          [1.8376e-05],
          [1.9536e-05],
          [2.0414e-05],
          [1.8039e-05],
          [1.7040e-05],
          [1.6712e-05],
          [2.0448e-05],
          [1.5985e-05],
          [1.8443e-05],
          [2.5914e-04],
          [4.9490e-05],
          [5.1968e-03],
          [2.1377e-05],
          [2.1073e-05],
          [1.8657e-05],
          [1.7628e-05],
          [1.9471e-05],
          [1.8997e-05],
          [2.1210e-05],
          [1.7309e-05],
          [1.6466e-05],
          [1.5259e-05],
          [1.8531e-05],
          [1.4228e-05],
          [1.5520e-05],
          [1.4505e-05],
          [2.2973e-04],
          [6.5407e-05],
          [2.5147e-03],
          [1.2675e-05],
          [1.0203e-05],
          [9.5786e-06],
          [1.1399e-05],
          [5.0117e-04],
          [1.2248e-03],
          [1.6306e-05],
          [1.4623e-05],
          [1.6083e-05],
          [2.4228e-05],
          [2.5238e-05],
          [3.2080e-05],
          [4.6490e-05],
          [4.4964e-05],
          [3.8856e-05],
          [3.2266e-05],
          [3.0377e-05],
          [2.0879e-05],
          [2.0853e-05],
          [1.6293e-05],
          [1.7741e-05],
          [1.6108e-05],
          [1.5343e-05],
          [2.2535e-05],
          [3.8628e-05],
          [4.1540e-05],
          [4.5153e-05],
          [3.4449e-05],
          [2.9393e-05],
          [2.7126e-05],
          [2.5538e-05],
          [1.9109e-05],
          [2.3972e-04],
          [6.1666e-04],
          [1.8901e-05],
          [1.6733e-05],
          [1.4872e-05],
          [1.4079e-05],
          [1.4202e-05],
          [1.6205e-05],
          [1.5273e-05],
          [1.2906e-04],
          [1.5554e-04],
          [2.8675e-04],
          [1.1060e-03],
          [1.6821e-05],
          [1.7072e-05],
          [1.5523e-05],
          [1.3529e-05],
          [1.2477e-05],
          [3.1874e-04],
          [2.1614e-04],
          [1.9182e-05],
          [7.5411e-05],
          [5.4325e-04],
          [2.4593e-05],
          [6.2815e-04],
          [2.6086e-05],
          [3.6129e-04],
          [1.8067e-05],
          [1.3520e-05],
          [1.1861e-05],
          [1.1166e-05],
          [1.3114e-05],
          [4.4400e-05],
          [1.1967e-05]]]])
