# Using CPU
# Loading Embeddings...
# Making Predictions...
torch.Size([1, 1, 442, 255])
tensor([[[[1.0382e-04],
          [4.0478e-05],
          [1.1479e-04],
          [4.1213e-05],
          [2.1696e-05],
          [2.5230e-04],
          [1.0441e-03],
          [4.3464e-05],
          [1.6671e-04],
          [1.2053e-03],
          [3.1837e-05],
          [3.3771e-05],
          [3.6009e-04],
          [2.6618e-04],
          [4.4959e-05],
          [2.4045e-05],
          [2.5721e-05],
          [2.4323e-05],
          [2.4395e-05],
          [3.1311e-05],
          [2.9425e-04],
          [2.8620e-05],
          [7.0946e-04],
          [3.0746e-05],
          [3.3898e-05],
          [4.0307e-05],
          [4.0476e-05],
          [6.9385e-05],
          [8.4328e-05],
          [1.0624e-04],
          [1.0685e-04],
          [1.2309e-04],
          [1.2527e-04],
          [1.3687e-04],
          [1.0708e-04],
          [9.1273e-05],
          [1.6674e-03],
          [1.2738e-04],
          [2.5534e-04],
          [1.2023e-04],
          [6.2502e-04],
          [4.0294e-05],
          [3.2479e-05],
          [3.2796e-05],
          [3.4520e-05],
          [3.8639e-05],
          [2.7761e-05],
          [3.1108e-05],
          [2.8962e-05],
          [2.2746e-04],
          [4.7451e-04],
          [3.3310e-05],
          [3.0254e-05],
          [2.9726e-04],
          [6.0989e-04],
          [3.6372e-05],
          [3.2243e-05],
          [3.5489e-05],
          [3.6957e-05],
          [3.3591e-05],
          [3.6688e-05],
          [3.0103e-05],
          [2.7591e-04],
          [3.1620e-04],
          [4.4287e-05],
          [4.4403e-05],
          [5.0173e-05],
          [5.1832e-05],
          [5.0673e-05],
          [4.6943e-05],
          [3.7409e-05],
          [3.9634e-04],
          [3.7568e-05],
          [3.7341e-05],
          [3.9824e-05],
          [3.8854e-05],
          [2.1972e-03],
          [3.0736e-05],
          [3.2885e-05],
          [2.5553e-05],
          [2.0291e-04],
          [1.8015e-04],
          [2.6309e-05],
          [2.9875e-05],
          [2.5221e-05],
          [2.5956e-05],
          [2.9570e-05],
          [3.1188e-05],
          [2.7898e-05],
          [2.6558e-05],
          [2.5573e-04],
          [5.7830e-05],
          [2.6753e-04],
          [2.8089e-05],
          [2.7979e-05],
          [3.3206e-05],
          [3.6053e-05],
          [3.9430e-05],
          [2.9922e-05],
          [3.6725e-05],
          [3.5383e-05],
          [3.7666e-05],
          [3.4453e-05],
          [3.6351e-05],
          [3.4227e-05],
          [3.6085e-05],
          [3.2657e-05],
          [3.6611e-05],
          [3.1949e-05],
          [2.9795e-05],
          [2.7549e-05],
          [6.8142e-05],
          [1.1992e-04],
          [4.4439e-05],
          [2.9631e-04],
          [2.5138e-05],
          [2.7030e-05],
          [3.1634e-05],
          [2.3987e-05],
          [2.7731e-05],
          [2.6307e-05],
          [2.4930e-05],
          [2.8984e-05],
          [3.6285e-05],
          [3.4387e-05],
          [3.7649e-05],
          [4.0879e-05],
          [4.7691e-05],
          [5.1506e-05],
          [6.6161e-05],
          [4.4210e-05],
          [6.7491e-04],
          [4.3441e-04],
          [6.8915e-05],
          [4.7322e-05],
          [4.4748e-05],
          [3.7782e-05],
          [4.7732e-05],
          [3.4377e-05],
          [2.8360e-05],
          [3.4324e-05],
          [3.0958e-05],
          [3.0374e-05],
          [3.0911e-05],
          [3.1906e-05],
          [3.4083e-05],
          [3.4186e-05],
          [4.3106e-05],
          [4.0087e-05],
          [5.9152e-05],
          [4.6110e-05],
          [5.6150e-05],
          [5.6836e-05],
          [6.8721e-05],
          [8.0828e-05],
          [6.1547e-05],
          [1.6239e-04],
          [4.4521e-04],
          [1.4101e-04],
          [1.0914e-03],
          [4.0574e-05],
          [3.4483e-05],
          [4.5404e-05],
          [4.4538e-05],
          [5.1560e-05],
          [4.5166e-05],
          [4.1113e-05],
          [4.1290e-05],
          [4.0402e-05],
          [3.4855e-05],
          [3.3541e-05],
          [2.7980e-04],
          [6.5169e-04],
          [3.5652e-05],
          [3.4808e-05],
          [3.3674e-05],
          [4.8107e-05],
          [3.3982e-05],
          [2.7843e-04],
          [7.1748e-05],
          [2.5421e-04],
          [3.2453e-05],
          [2.8624e-05],
          [2.0794e-04],
          [3.0825e-05],
          [2.7517e-04],
          [2.5485e-05],
          [2.6869e-05],
          [2.4617e-05],
          [2.4862e-04],
          [4.4379e-05],
          [2.0418e-03],
          [3.0967e-05],
          [3.0787e-05],
          [3.1011e-05],
          [3.0740e-05],
          [2.5949e-05],
          [2.8200e-05],
          [2.6918e-04],
          [3.1306e-04],
          [3.0888e-05],
          [3.2419e-05],
          [3.1859e-05],
          [2.9034e-05],
          [3.1643e-05],
          [2.8648e-05],
          [3.0803e-05],
          [1.8433e-04],
          [7.3788e-04],
          [2.8973e-05],
          [2.9433e-05],
          [2.8031e-05],
          [2.5016e-05],
          [2.3287e-04],
          [2.9658e-05],
          [4.1121e-05],
          [1.1667e-03],
          [3.3902e-05],
          [3.2304e-05],
          [3.3926e-05],
          [4.2167e-05],
          [4.0172e-05],
          [4.6165e-05],
          [3.6245e-05],
          [4.0181e-05],
          [6.1108e-05],
          [4.8040e-05],
          [4.3278e-05],
          [5.8875e-05],
          [4.8201e-05],
          [3.6822e-05],
          [4.1285e-05],
          [3.4989e-05],
          [2.5724e-05],
          [2.3503e-04],
          [3.3571e-04],
          [2.8634e-05],
          [2.9425e-05],
          [3.5670e-05],
          [4.9812e-05],
          [3.3416e-05],
          [3.7764e-05],
          [2.7078e-05],
          [4.5195e-05],
          [4.5236e-05],
          [2.5627e-05],
          [1.8968e-04],
          [8.5130e-05],
          [3.3238e-05],
          [2.6506e-04],
          [2.8798e-05],
          [1.8890e-04],
          [3.9605e-04],
          [2.9874e-05],
          [3.0889e-05],
          [3.2877e-05],
          [2.9982e-05],
          [3.0591e-05],
          [3.0920e-05],
          [3.0301e-05],
          [2.9976e-05],
          [3.2361e-05],
          [2.9688e-05],
          [4.2322e-05],
          [3.7596e-05],
          [5.3570e-05],
          [2.9157e-05],
          [2.1262e-04],
          [1.6395e-05],
          [1.7551e-05],
          [2.8873e-04],
          [9.3593e-05],
          [2.3479e-05],
          [3.1675e-04],
          [1.7295e-04],
          [6.2294e-05],
          [2.1770e-04],
          [2.3598e-05],
          [2.6757e-05],
          [2.2422e-05],
          [1.9095e-05],
          [1.8071e-05],
          [1.5803e-05],
          [3.5800e-05],
          [1.9830e-05],
          [2.2216e-05],
          [1.6853e-05],
          [2.4278e-04],
          [3.7531e-05],
          [6.1082e-05],
          [1.9229e-04],
          [2.4908e-05],
          [2.5150e-05],
          [2.2573e-05],
          [2.4091e-05],
          [2.4143e-05],
          [2.3976e-05],
          [3.2577e-04],
          [3.0664e-05],
          [1.2629e-03],
          [2.6874e-05],
          [3.0459e-05],
          [2.8617e-05],
          [3.1061e-05],
          [3.0576e-05],
          [3.5019e-05],
          [3.7138e-05],
          [4.0856e-05],
          [4.5832e-05],
          [4.2175e-05],
          [4.1306e-05],
          [4.1466e-05],
          [2.2700e-04],
          [7.2097e-04],
          [3.0030e-05],
          [3.3208e-05],
          [2.4295e-05],
          [2.3059e-05],
          [2.1157e-05],
          [2.9506e-05],
          [3.1335e-05],
          [2.7085e-05],
          [2.6970e-05],
          [2.6117e-05],
          [2.3501e-05],
          [1.8987e-05],
          [1.8286e-05],
          [2.0824e-05],
          [2.7157e-05],
          [1.6738e-05],
          [2.3840e-05],
          [2.7802e-05],
          [3.2289e-05],
          [3.5612e-05],
          [4.4503e-05],
          [4.8701e-05],
          [4.7953e-05],
          [5.0769e-05],
          [4.5160e-05],
          [4.6470e-05],
          [4.7743e-05],
          [4.4275e-05],
          [4.4262e-05],
          [3.9958e-05],
          [3.3412e-05],
          [4.8285e-05],
          [2.8393e-05],
          [4.1743e-05],
          [4.4069e-05],
          [2.6130e-05],
          [3.3081e-05],
          [2.3805e-05],
          [3.1619e-05],
          [2.6801e-05],
          [3.2124e-05],
          [3.5136e-05],
          [2.8386e-04],
          [4.4316e-05],
          [2.2592e-03],
          [3.1870e-05],
          [3.4749e-05],
          [4.2872e-05],
          [3.7713e-05],
          [3.6323e-05],
          [3.6313e-05],
          [4.0428e-05],
          [3.5699e-05],
          [2.8057e-05],
          [3.2321e-05],
          [2.5581e-05],
          [2.3195e-05],
          [3.0742e-05],
          [2.6234e-05],
          [1.3283e-04],
          [5.8550e-05],
          [9.9022e-04],
          [2.6432e-05],
          [2.2511e-05],
          [1.6980e-05],
          [1.6713e-05],
          [2.8728e-04],
          [9.2855e-04],
          [2.1201e-05],
          [2.4053e-05],
          [3.0140e-05],
          [5.9938e-05],
          [6.6342e-05],
          [7.5490e-05],
          [7.6939e-05],
          [6.0467e-05],
          [4.8528e-05],
          [4.0065e-05],
          [5.3536e-05],
          [3.1673e-05],
          [3.4846e-05],
          [3.8501e-05],
          [3.6727e-05],
          [2.9645e-05],
          [2.8483e-05],
          [1.7780e-04],
          [5.1886e-05],
          [3.9957e-05],
          [1.1812e-04],
          [2.9450e-05],
          [4.0715e-05],
          [2.5289e-05],
          [2.5610e-05],
          [2.1913e-05],
          [2.0863e-04],
          [3.6649e-04],
          [3.3357e-05],
          [3.6518e-05],
          [4.3615e-05],
          [3.4565e-05],
          [3.8734e-05],
          [3.3027e-05],
          [5.4156e-05],
          [7.9809e-05],
          [1.2015e-04],
          [1.4681e-04],
          [6.5397e-04],
          [3.0546e-05],
          [2.0995e-05],
          [1.6974e-05],
          [2.3435e-05],
          [1.7511e-05],
          [3.2406e-04],
          [1.9510e-04],
          [1.9437e-05],
          [1.0198e-04],
          [2.1989e-04],
          [1.9078e-05],
          [2.6412e-04],
          [4.3117e-05],
          [3.7965e-04],
          [3.6208e-05],
          [2.3162e-05],
          [2.0833e-05],
          [3.3288e-05],
          [1.7329e-05],
          [5.0118e-05],
          [8.1388e-06]]]])
