# Using CPU
# Loading Embeddings...
# Making Predictions...
torch.Size([1, 1, 442, 285])
tensor([[[[1.1596e-04],
          [3.9713e-05],
          [9.7669e-05],
          [2.1109e-05],
          [1.0641e-05],
          [1.0284e-03],
          [1.0209e-03],
          [1.4880e-05],
          [6.4303e-04],
          [1.1357e-03],
          [2.0064e-05],
          [1.9968e-05],
          [7.8433e-04],
          [2.2731e-04],
          [1.7035e-05],
          [1.2260e-05],
          [1.3728e-05],
          [1.4169e-05],
          [1.2850e-05],
          [1.9726e-05],
          [6.1971e-04],
          [2.1962e-05],
          [5.9963e-04],
          [1.5000e-05],
          [2.1006e-05],
          [2.9333e-05],
          [4.0470e-05],
          [6.8278e-05],
          [7.7678e-05],
          [9.6972e-05],
          [9.0987e-05],
          [1.1042e-04],
          [9.5775e-05],
          [1.0997e-04],
          [8.6258e-05],
          [6.9861e-05],
          [1.4704e-03],
          [6.0796e-05],
          [2.3038e-04],
          [1.4066e-04],
          [4.1914e-04],
          [2.7261e-05],
          [2.5961e-05],
          [2.9245e-05],
          [2.1088e-05],
          [1.9660e-05],
          [1.5820e-05],
          [1.3812e-05],
          [1.9634e-05],
          [6.5760e-04],
          [4.3171e-04],
          [1.2123e-05],
          [1.4829e-05],
          [6.3168e-04],
          [5.0245e-04],
          [1.8484e-05],
          [2.0110e-05],
          [1.9523e-05],
          [2.4723e-05],
          [2.9710e-05],
          [2.9161e-05],
          [2.8270e-05],
          [5.1040e-04],
          [2.7291e-04],
          [2.1263e-05],
          [2.1892e-05],
          [1.8583e-05],
          [1.6696e-05],
          [1.8455e-05],
          [1.6040e-05],
          [1.6448e-05],
          [5.2812e-04],
          [3.8648e-05],
          [2.9629e-05],
          [1.8597e-05],
          [2.4541e-05],
          [1.9978e-03],
          [1.8510e-05],
          [1.6406e-05],
          [1.5039e-05],
          [4.2003e-04],
          [1.4783e-04],
          [1.3981e-05],
          [1.5532e-05],
          [1.7752e-05],
          [2.1040e-05],
          [2.2685e-05],
          [2.4876e-05],
          [1.9792e-05],
          [1.7546e-05],
          [6.5332e-04],
          [4.0988e-05],
          [2.6219e-04],
          [1.1184e-05],
          [1.2993e-05],
          [1.0460e-05],
          [1.2241e-05],
          [1.8839e-05],
          [1.8024e-05],
          [1.9828e-05],
          [1.9009e-05],
          [1.5163e-05],
          [1.1985e-05],
          [1.3953e-05],
          [1.5601e-05],
          [2.4280e-05],
          [2.8931e-05],
          [3.5742e-05],
          [3.6448e-05],
          [3.7492e-05],
          [3.0544e-05],
          [1.2400e-04],
          [1.3827e-04],
          [2.3674e-05],
          [2.5818e-04],
          [1.9567e-05],
          [1.7283e-05],
          [1.4134e-05],
          [1.9082e-05],
          [2.0379e-05],
          [1.9819e-05],
          [1.4711e-05],
          [1.6340e-05],
          [1.3209e-05],
          [1.6084e-05],
          [1.5378e-05],
          [1.8868e-05],
          [1.8948e-05],
          [2.3437e-05],
          [2.6542e-05],
          [2.6722e-05],
          [5.7983e-04],
          [4.0617e-04],
          [3.0768e-05],
          [3.5351e-05],
          [3.3825e-05],
          [2.6762e-05],
          [2.7294e-05],
          [2.1323e-05],
          [2.3848e-05],
          [1.9052e-05],
          [1.7926e-05],
          [1.2714e-05],
          [1.4566e-05],
          [1.8402e-05],
          [2.6015e-05],
          [2.8715e-05],
          [4.1875e-05],
          [5.5708e-05],
          [8.6358e-05],
          [8.9105e-05],
          [9.4215e-05],
          [8.4281e-05],
          [9.8464e-05],
          [7.6340e-05],
          [6.8455e-05],
          [6.7013e-04],
          [4.9590e-04],
          [4.0989e-04],
          [1.1066e-03],
          [2.0609e-05],
          [1.9280e-05],
          [1.8267e-05],
          [2.1389e-05],
          [2.3383e-05],
          [2.7442e-05],
          [2.6089e-05],
          [2.6725e-05],
          [2.7796e-05],
          [2.8049e-05],
          [2.4813e-05],
          [7.2476e-04],
          [6.5337e-04],
          [3.5929e-05],
          [4.6705e-05],
          [5.1746e-05],
          [5.4979e-05],
          [4.9794e-05],
          [3.4394e-04],
          [7.5969e-05],
          [3.1696e-04],
          [2.0691e-05],
          [1.6007e-05],
          [5.0738e-04],
          [1.6915e-05],
          [2.4873e-04],
          [1.7369e-05],
          [1.8961e-05],
          [1.5240e-05],
          [1.2905e-03],
          [2.4258e-05],
          [2.1266e-03],
          [2.4396e-05],
          [3.1917e-05],
          [3.4538e-05],
          [3.4614e-05],
          [3.8790e-05],
          [3.0399e-05],
          [4.3666e-04],
          [2.6376e-04],
          [2.5216e-05],
          [2.0915e-05],
          [1.9679e-05],
          [1.5071e-05],
          [1.5818e-05],
          [1.6404e-05],
          [1.7406e-05],
          [1.3466e-03],
          [6.3389e-04],
          [1.5087e-05],
          [1.3712e-05],
          [1.4987e-05],
          [1.5685e-05],
          [1.6653e-03],
          [4.1614e-05],
          [2.0739e-05],
          [1.0576e-03],
          [1.5863e-05],
          [1.4113e-05],
          [1.4118e-05],
          [1.2930e-05],
          [1.5214e-05],
          [1.2878e-05],
          [1.2542e-05],
          [1.3675e-05],
          [1.6767e-05],
          [1.9869e-05],
          [1.8095e-05],
          [1.5335e-05],
          [1.3463e-05],
          [1.1050e-05],
          [1.2231e-05],
          [1.1877e-05],
          [1.3262e-05],
          [1.0375e-03],
          [2.8048e-04],
          [1.5869e-05],
          [1.8084e-05],
          [1.3933e-05],
          [1.9473e-05],
          [1.7711e-05],
          [2.3132e-05],
          [1.6472e-05],
          [2.3241e-05],
          [2.4076e-05],
          [1.3500e-05],
          [3.5929e-04],
          [7.7725e-05],
          [2.3092e-05],
          [2.2726e-04],
          [1.1965e-05],
          [6.3068e-04],
          [2.0700e-04],
          [2.0949e-05],
          [2.4388e-05],
          [2.7755e-05],
          [2.9962e-05],
          [3.7893e-05],
          [4.2413e-05],
          [6.3189e-05],
          [6.5581e-05],
          [9.6927e-05],
          [1.1341e-04],
          [1.5898e-04],
          [1.6119e-04],
          [1.7148e-04],
          [1.0246e-04],
          [5.8073e-04],
          [4.9642e-05],
          [4.3057e-05],
          [3.4575e-04],
          [2.1158e-04],
          [3.1808e-05],
          [2.7044e-04],
          [1.8218e-04],
          [4.3453e-05],
          [2.7044e-04],
          [1.6398e-05],
          [1.4653e-05],
          [1.3179e-05],
          [1.0543e-05],
          [9.2746e-06],
          [1.0130e-05],
          [2.9866e-05],
          [1.2292e-05],
          [1.7865e-05],
          [1.2393e-05],
          [4.5066e-04],
          [3.7912e-05],
          [9.0290e-05],
          [1.0451e-04],
          [1.2981e-05],
          [1.3179e-05],
          [1.2484e-05],
          [1.1766e-05],
          [1.0612e-05],
          [1.0582e-05],
          [1.8222e-03],
          [3.7739e-05],
          [1.1969e-03],
          [1.4265e-05],
          [1.2582e-05],
          [1.4227e-05],
          [1.3240e-05],
          [1.4107e-05],
          [1.3856e-05],
          [1.4405e-05],
          [1.8863e-05],
          [1.7857e-05],
          [2.2776e-05],
          [2.7304e-05],
          [3.3166e-05],
          [1.5629e-03],
          [5.2071e-04],
          [2.4483e-05],
          [1.9579e-05],
          [1.5055e-05],
          [1.3672e-05],
          [1.2754e-05],
          [1.6892e-05],
          [2.1402e-05],
          [1.7826e-05],
          [1.4708e-05],
          [1.3845e-05],
          [1.3887e-05],
          [1.2292e-05],
          [1.2262e-05],
          [1.4057e-05],
          [1.5904e-05],
          [1.5388e-05],
          [1.6170e-05],
          [1.8167e-05],
          [1.9205e-05],
          [1.7094e-05],
          [1.7443e-05],
          [2.0137e-05],
          [2.0470e-05],
          [2.0138e-05],
          [2.0184e-05],
          [2.7480e-05],
          [2.5858e-05],
          [2.6328e-05],
          [2.4258e-05],
          [2.7699e-05],
          [2.8621e-05],
          [2.7973e-05],
          [2.3120e-05],
          [1.9787e-05],
          [2.0572e-05],
          [2.1181e-05],
          [1.7765e-05],
          [1.7205e-05],
          [1.2856e-05],
          [1.9320e-05],
          [1.7023e-05],
          [1.6195e-05],
          [3.4068e-04],
          [4.3336e-05],
          [1.8536e-03],
          [2.0951e-05],
          [2.1780e-05],
          [1.8725e-05],
          [1.8686e-05],
          [1.7333e-05],
          [1.4856e-05],
          [1.3456e-05],
          [1.2499e-05],
          [1.3183e-05],
          [1.2638e-05],
          [1.7239e-05],
          [1.4038e-05],
          [1.6512e-05],
          [1.5367e-05],
          [7.1938e-04],
          [1.5465e-04],
          [9.9736e-04],
          [1.3514e-05],
          [1.2165e-05],
          [9.0653e-06],
          [1.0772e-05],
          [8.8302e-04],
          [6.7174e-04],
          [1.3313e-05],
          [1.1985e-05],
          [1.2475e-05],
          [1.7703e-05],
          [1.9652e-05],
          [2.4682e-05],
          [2.3942e-05],
          [2.2563e-05],
          [2.2617e-05],
          [1.8723e-05],
          [1.5099e-05],
          [1.1714e-05],
          [1.0180e-05],
          [1.0501e-05],
          [1.1295e-05],
          [1.1512e-05],
          [1.3008e-05],
          [4.5828e-05],
          [3.4254e-05],
          [5.3142e-05],
          [1.3537e-04],
          [3.9504e-05],
          [3.6614e-05],
          [2.2035e-05],
          [2.3853e-05],
          [2.0648e-05],
          [6.1736e-04],
          [2.9023e-04],
          [2.3918e-05],
          [2.2520e-05],
          [1.9282e-05],
          [1.5879e-05],
          [2.7572e-05],
          [2.4063e-05],
          [2.7986e-05],
          [1.4122e-04],
          [9.4372e-05],
          [6.6420e-04],
          [5.6664e-04],
          [2.2273e-05],
          [1.7212e-05],
          [1.7650e-05],
          [1.6449e-05],
          [1.5741e-05],
          [5.1771e-04],
          [1.0393e-04],
          [1.8852e-05],
          [8.9951e-05],
          [1.7384e-04],
          [2.2239e-05],
          [1.8462e-04],
          [2.9763e-05],
          [2.7119e-04],
          [2.3997e-05],
          [1.5621e-05],
          [1.2012e-05],
          [1.2117e-05],
          [1.3020e-05],
          [3.7951e-05],
          [5.5654e-06]]]])
