# Using CPU
# Loading Embeddings...
# Making Predictions...
torch.Size([1, 1, 442, 259])
tensor([[[[1.9807e-04],
          [5.8123e-05],
          [2.9630e-04],
          [2.5899e-05],
          [8.4402e-06],
          [2.1440e-04],
          [6.2501e-04],
          [1.1531e-05],
          [1.3847e-04],
          [7.6022e-04],
          [1.2469e-05],
          [1.1832e-05],
          [4.7263e-04],
          [4.6979e-04],
          [1.0553e-05],
          [9.3547e-06],
          [1.0720e-05],
          [1.3679e-05],
          [1.6545e-05],
          [1.7198e-05],
          [5.4454e-04],
          [4.5049e-05],
          [5.6776e-04],
          [1.6471e-05],
          [1.2362e-05],
          [1.6010e-05],
          [2.2824e-05],
          [4.0196e-05],
          [4.6241e-05],
          [5.5746e-05],
          [5.5983e-05],
          [5.9358e-05],
          [6.2129e-05],
          [6.5014e-05],
          [5.0706e-05],
          [4.2193e-05],
          [5.1500e-04],
          [4.3043e-05],
          [2.9916e-04],
          [5.9852e-05],
          [5.9646e-04],
          [1.5681e-05],
          [1.3962e-05],
          [1.5556e-05],
          [1.2367e-05],
          [1.4062e-05],
          [1.1412e-05],
          [1.5586e-05],
          [1.4533e-05],
          [2.7020e-04],
          [4.3147e-04],
          [1.1068e-05],
          [1.1375e-05],
          [2.7869e-04],
          [4.1085e-04],
          [1.2286e-05],
          [1.2039e-05],
          [1.1183e-05],
          [1.3154e-05],
          [1.5797e-05],
          [1.5050e-05],
          [1.4063e-05],
          [3.4419e-04],
          [3.9415e-04],
          [1.3584e-05],
          [1.4447e-05],
          [1.5505e-05],
          [1.4078e-05],
          [1.4158e-05],
          [1.4358e-05],
          [1.1991e-05],
          [3.2970e-04],
          [2.4319e-05],
          [5.2829e-05],
          [1.1064e-05],
          [2.3838e-05],
          [1.9707e-03],
          [1.5176e-05],
          [1.1115e-05],
          [1.0568e-05],
          [4.0978e-04],
          [4.5384e-04],
          [1.0883e-05],
          [1.1340e-05],
          [1.1310e-05],
          [1.1951e-05],
          [1.2283e-05],
          [1.3502e-05],
          [1.1915e-05],
          [1.1479e-05],
          [2.8059e-04],
          [4.9939e-05],
          [7.0163e-04],
          [1.2112e-05],
          [1.8950e-05],
          [2.5314e-05],
          [2.4980e-05],
          [3.3787e-05],
          [3.3614e-05],
          [3.6077e-05],
          [3.4393e-05],
          [2.3505e-05],
          [1.6144e-05],
          [1.3311e-05],
          [1.2662e-05],
          [1.2789e-05],
          [1.3963e-05],
          [1.7471e-05],
          [1.8705e-05],
          [1.8483e-05],
          [1.6825e-05],
          [6.7203e-05],
          [1.8862e-04],
          [1.6497e-05],
          [5.3347e-04],
          [1.2989e-05],
          [1.0623e-05],
          [1.0278e-05],
          [1.1705e-05],
          [1.1936e-05],
          [1.2276e-05],
          [1.0615e-05],
          [2.2759e-05],
          [1.0673e-05],
          [1.1616e-05],
          [1.1433e-05],
          [1.2234e-05],
          [1.2610e-05],
          [1.3931e-05],
          [1.5785e-05],
          [1.8580e-05],
          [5.6377e-04],
          [1.6207e-03],
          [2.4983e-05],
          [1.7063e-05],
          [1.5373e-05],
          [1.3393e-05],
          [1.4208e-05],
          [1.2790e-05],
          [1.2775e-05],
          [1.2448e-05],
          [1.0954e-05],
          [9.1532e-06],
          [1.0289e-05],
          [1.0994e-05],
          [1.3593e-05],
          [1.3805e-05],
          [1.8099e-05],
          [2.1745e-05],
          [2.9972e-05],
          [2.9361e-05],
          [3.1458e-05],
          [3.5395e-05],
          [4.0152e-05],
          [3.7284e-05],
          [3.2212e-05],
          [2.3888e-04],
          [3.6921e-04],
          [1.6975e-04],
          [9.5727e-04],
          [1.8986e-05],
          [1.6625e-05],
          [1.4774e-05],
          [1.6510e-05],
          [1.6127e-05],
          [2.1351e-05],
          [1.8309e-05],
          [1.8267e-05],
          [1.8579e-05],
          [1.7611e-05],
          [1.5751e-05],
          [2.7143e-04],
          [5.2150e-04],
          [1.7420e-05],
          [1.9637e-05],
          [2.1246e-05],
          [2.2706e-05],
          [2.1056e-05],
          [2.5620e-04],
          [4.8932e-05],
          [5.6766e-04],
          [1.2963e-05],
          [2.0089e-05],
          [3.8847e-04],
          [1.5266e-05],
          [5.7595e-04],
          [1.2852e-05],
          [1.4573e-05],
          [1.3704e-05],
          [2.9140e-04],
          [5.7251e-05],
          [1.1931e-03],
          [1.6798e-05],
          [1.9082e-05],
          [1.9483e-05],
          [1.9482e-05],
          [2.3665e-05],
          [1.7599e-05],
          [2.8209e-04],
          [3.5851e-04],
          [1.5564e-05],
          [1.3470e-05],
          [1.3832e-05],
          [1.1914e-05],
          [1.2717e-05],
          [1.2828e-05],
          [1.1421e-05],
          [3.4033e-04],
          [4.8570e-04],
          [1.2492e-05],
          [1.2269e-05],
          [1.2361e-05],
          [1.2073e-05],
          [4.3723e-04],
          [2.3059e-05],
          [1.9966e-05],
          [1.4668e-03],
          [1.3442e-05],
          [1.4380e-05],
          [1.1891e-05],
          [1.1938e-05],
          [1.5784e-05],
          [1.2819e-05],
          [1.1496e-05],
          [1.2040e-05],
          [1.7661e-05],
          [1.4700e-05],
          [1.2919e-05],
          [1.4287e-05],
          [1.0597e-05],
          [1.2051e-05],
          [1.1237e-05],
          [1.1344e-05],
          [1.1539e-05],
          [2.6113e-04],
          [3.0624e-04],
          [2.2821e-05],
          [1.5523e-05],
          [1.3692e-05],
          [1.5765e-05],
          [1.6935e-05],
          [2.2469e-05],
          [1.6883e-05],
          [2.4238e-05],
          [2.4339e-05],
          [1.4373e-05],
          [1.4736e-04],
          [1.3921e-04],
          [2.0955e-05],
          [5.3704e-04],
          [1.1280e-05],
          [3.0384e-04],
          [3.1278e-04],
          [1.7291e-05],
          [2.2251e-05],
          [2.5800e-05],
          [2.4222e-05],
          [3.1934e-05],
          [3.6312e-05],
          [4.4341e-05],
          [3.7144e-05],
          [4.5039e-05],
          [4.8792e-05],
          [6.0841e-05],
          [4.6789e-05],
          [4.6624e-05],
          [3.4021e-05],
          [2.7038e-04],
          [1.6009e-05],
          [1.6828e-05],
          [4.0447e-04],
          [8.5926e-05],
          [2.4939e-05],
          [3.2283e-04],
          [1.5942e-04],
          [4.8385e-05],
          [4.3895e-04],
          [1.3091e-05],
          [1.0862e-05],
          [1.0349e-05],
          [1.0205e-05],
          [1.0495e-05],
          [1.0497e-05],
          [2.3156e-05],
          [1.6094e-05],
          [2.0241e-05],
          [1.3292e-05],
          [5.0354e-04],
          [3.2196e-05],
          [1.2023e-04],
          [1.3784e-04],
          [1.1256e-05],
          [9.9999e-06],
          [9.7713e-06],
          [9.9158e-06],
          [9.8605e-06],
          [1.1713e-05],
          [4.8158e-04],
          [3.7277e-05],
          [1.2485e-03],
          [1.4932e-05],
          [1.1862e-05],
          [1.3683e-05],
          [1.3344e-05],
          [1.4059e-05],
          [1.4231e-05],
          [1.4945e-05],
          [1.9525e-05],
          [1.7464e-05],
          [2.3877e-05],
          [2.6905e-05],
          [3.2500e-05],
          [5.1990e-04],
          [5.0731e-04],
          [2.1586e-05],
          [1.7911e-05],
          [1.8087e-05],
          [1.1754e-05],
          [1.2203e-05],
          [1.7037e-05],
          [1.9587e-05],
          [1.7607e-05],
          [1.5007e-05],
          [1.2878e-05],
          [1.2404e-05],
          [1.0966e-05],
          [1.1867e-05],
          [1.2333e-05],
          [1.4494e-05],
          [1.2559e-05],
          [1.3279e-05],
          [1.2398e-05],
          [1.4244e-05],
          [1.2943e-05],
          [1.3253e-05],
          [1.6231e-05],
          [1.8060e-05],
          [2.1841e-05],
          [1.8224e-05],
          [2.6441e-05],
          [2.6305e-05],
          [2.6418e-05],
          [1.9701e-05],
          [2.3333e-05],
          [2.4985e-05],
          [2.8195e-05],
          [1.9093e-05],
          [1.8455e-05],
          [1.9823e-05],
          [1.7541e-05],
          [1.6186e-05],
          [1.7572e-05],
          [1.5971e-05],
          [1.7279e-05],
          [1.4775e-05],
          [1.5836e-05],
          [1.4785e-04],
          [3.4602e-05],
          [9.1702e-04],
          [2.0490e-05],
          [2.0913e-05],
          [1.8527e-05],
          [1.7081e-05],
          [1.6343e-05],
          [1.4985e-05],
          [1.4066e-05],
          [1.3056e-05],
          [1.2690e-05],
          [1.2435e-05],
          [1.0663e-05],
          [1.2503e-05],
          [1.5787e-05],
          [1.6085e-05],
          [1.3642e-04],
          [7.9751e-05],
          [1.0634e-03],
          [1.2128e-05],
          [1.0973e-05],
          [1.0258e-05],
          [1.2429e-05],
          [6.6038e-04],
          [7.4135e-04],
          [1.7502e-05],
          [1.7862e-05],
          [1.6973e-05],
          [2.2893e-05],
          [2.4818e-05],
          [2.9062e-05],
          [3.7703e-05],
          [3.2722e-05],
          [3.0300e-05],
          [2.1867e-05],
          [1.8194e-05],
          [1.2452e-05],
          [1.3706e-05],
          [1.1391e-05],
          [1.3288e-05],
          [1.1325e-05],
          [1.1591e-05],
          [2.1326e-05],
          [3.6955e-05],
          [4.2884e-05],
          [5.2483e-05],
          [2.9532e-05],
          [2.4626e-05],
          [2.3525e-05],
          [2.0892e-05],
          [1.4699e-05],
          [1.8620e-04],
          [3.3130e-04],
          [1.5622e-05],
          [1.4464e-05],
          [1.3645e-05],
          [1.3777e-05],
          [1.7641e-05],
          [1.9667e-05],
          [1.9291e-05],
          [7.9333e-05],
          [4.5072e-05],
          [2.5275e-04],
          [4.5476e-04],
          [1.8999e-05],
          [1.6953e-05],
          [1.5431e-05],
          [1.3292e-05],
          [1.1137e-05],
          [1.9111e-04],
          [1.4274e-04],
          [1.5136e-05],
          [1.0427e-04],
          [3.8863e-04],
          [1.4808e-05],
          [2.4226e-04],
          [1.9377e-05],
          [3.6283e-04],
          [1.5427e-05],
          [1.1369e-05],
          [9.0614e-06],
          [9.9703e-06],
          [1.1104e-05],
          [2.7937e-05],
          [7.0909e-06]]]])
