# Using CPU
# Loading Embeddings...
# Making Predictions...
torch.Size([1, 1, 442, 262])
tensor([[[[1.5929e-04],
          [2.7343e-05],
          [1.5793e-04],
          [2.6998e-05],
          [9.3718e-06],
          [3.9843e-04],
          [1.3998e-04],
          [1.6972e-05],
          [2.5065e-04],
          [2.0974e-04],
          [1.9284e-05],
          [1.7708e-05],
          [7.2600e-04],
          [2.6748e-04],
          [1.3491e-05],
          [1.1268e-05],
          [1.1902e-05],
          [1.3693e-05],
          [1.4394e-05],
          [2.2728e-05],
          [6.2971e-04],
          [2.3228e-05],
          [1.4270e-04],
          [1.5841e-05],
          [1.9557e-05],
          [2.6332e-05],
          [3.9902e-05],
          [7.0391e-05],
          [8.6023e-05],
          [1.0934e-04],
          [1.1195e-04],
          [1.3070e-04],
          [1.2816e-04],
          [1.3667e-04],
          [1.0885e-04],
          [8.5052e-05],
          [5.3139e-04],
          [5.6146e-05],
          [1.8839e-04],
          [8.0686e-05],
          [1.8277e-04],
          [2.7876e-05],
          [2.8806e-05],
          [3.0988e-05],
          [2.1052e-05],
          [2.0811e-05],
          [1.5229e-05],
          [1.7316e-05],
          [1.8551e-05],
          [3.1236e-04],
          [1.7490e-04],
          [1.2456e-05],
          [1.3565e-05],
          [5.0775e-04],
          [1.2273e-04],
          [1.4330e-05],
          [1.5337e-05],
          [1.4809e-05],
          [1.9978e-05],
          [2.3631e-05],
          [2.6039e-05],
          [2.4028e-05],
          [3.2710e-04],
          [2.7055e-04],
          [1.7914e-05],
          [1.5957e-05],
          [1.6435e-05],
          [1.5434e-05],
          [1.6747e-05],
          [1.6724e-05],
          [1.5050e-05],
          [3.8981e-04],
          [2.6565e-05],
          [2.1212e-05],
          [1.4212e-05],
          [2.5933e-05],
          [2.0535e-04],
          [1.3554e-05],
          [1.5415e-05],
          [1.3213e-05],
          [3.9376e-04],
          [2.7528e-04],
          [1.3761e-05],
          [1.5653e-05],
          [1.8129e-05],
          [2.1275e-05],
          [2.2865e-05],
          [2.4423e-05],
          [2.0353e-05],
          [1.6963e-05],
          [4.0774e-04],
          [6.4290e-05],
          [3.4782e-04],
          [1.4199e-05],
          [1.4961e-05],
          [2.0822e-05],
          [2.1557e-05],
          [2.3783e-05],
          [2.5939e-05],
          [2.5436e-05],
          [2.7850e-05],
          [1.9371e-05],
          [1.5530e-05],
          [1.1284e-05],
          [1.1641e-05],
          [1.7431e-05],
          [2.0337e-05],
          [2.4127e-05],
          [2.2710e-05],
          [2.5388e-05],
          [2.2418e-05],
          [1.0986e-04],
          [1.5403e-04],
          [2.2657e-05],
          [3.0887e-04],
          [1.7744e-05],
          [1.4839e-05],
          [1.3001e-05],
          [1.4286e-05],
          [1.6794e-05],
          [1.6443e-05],
          [1.4155e-05],
          [1.3067e-05],
          [1.1500e-05],
          [1.3790e-05],
          [1.2855e-05],
          [1.3673e-05],
          [1.3686e-05],
          [1.7044e-05],
          [1.9252e-05],
          [2.9089e-05],
          [6.4994e-04],
          [8.3672e-04],
          [5.9125e-05],
          [2.9581e-05],
          [3.1206e-05],
          [2.6488e-05],
          [2.2696e-05],
          [1.8022e-05],
          [1.9123e-05],
          [1.4825e-05],
          [1.4010e-05],
          [1.0825e-05],
          [1.3098e-05],
          [1.6359e-05],
          [2.0836e-05],
          [2.2015e-05],
          [3.2239e-05],
          [4.2302e-05],
          [6.8553e-05],
          [7.1508e-05],
          [7.6680e-05],
          [7.4208e-05],
          [8.2928e-05],
          [7.3154e-05],
          [5.7079e-05],
          [3.2996e-04],
          [1.0991e-04],
          [1.9950e-04],
          [1.6891e-04],
          [1.6892e-05],
          [1.7973e-05],
          [1.8569e-05],
          [2.3389e-05],
          [1.8832e-05],
          [2.3583e-05],
          [2.2623e-05],
          [2.1377e-05],
          [1.9603e-05],
          [2.1708e-05],
          [2.0288e-05],
          [3.5553e-04],
          [1.7475e-04],
          [2.9143e-05],
          [3.4135e-05],
          [3.7477e-05],
          [4.4281e-05],
          [3.6977e-05],
          [2.8133e-04],
          [4.0920e-05],
          [4.6780e-04],
          [1.5700e-05],
          [1.5900e-05],
          [2.2941e-04],
          [2.1016e-05],
          [2.9297e-04],
          [1.4508e-05],
          [1.5949e-05],
          [1.3472e-05],
          [4.8988e-04],
          [2.3419e-05],
          [3.1151e-04],
          [1.8323e-05],
          [2.3765e-05],
          [2.5653e-05],
          [2.5597e-05],
          [2.7434e-05],
          [2.3757e-05],
          [3.4982e-04],
          [2.1229e-04],
          [1.7271e-05],
          [1.6243e-05],
          [1.7132e-05],
          [1.4989e-05],
          [1.5893e-05],
          [1.6109e-05],
          [1.2812e-05],
          [3.4271e-04],
          [1.0549e-04],
          [1.4288e-05],
          [1.3507e-05],
          [1.3731e-05],
          [1.4401e-05],
          [4.1919e-04],
          [3.1733e-05],
          [2.2677e-05],
          [3.3741e-04],
          [1.8355e-05],
          [1.3652e-05],
          [1.2610e-05],
          [1.2760e-05],
          [1.6580e-05],
          [1.3071e-05],
          [1.2078e-05],
          [1.2414e-05],
          [1.4819e-05],
          [1.6314e-05],
          [1.2635e-05],
          [1.1690e-05],
          [1.2021e-05],
          [1.1448e-05],
          [1.1808e-05],
          [1.1629e-05],
          [1.2659e-05],
          [4.3724e-04],
          [1.1796e-04],
          [1.5299e-05],
          [1.6599e-05],
          [1.4255e-05],
          [1.7004e-05],
          [1.7635e-05],
          [2.2038e-05],
          [1.8685e-05],
          [2.2105e-05],
          [2.5043e-05],
          [1.4833e-05],
          [3.2716e-04],
          [2.4004e-04],
          [2.7531e-05],
          [3.2520e-04],
          [1.2249e-05],
          [2.2366e-04],
          [1.6248e-04],
          [2.7655e-05],
          [3.5803e-05],
          [3.6548e-05],
          [3.1855e-05],
          [4.0038e-05],
          [4.4730e-05],
          [5.0334e-05],
          [4.4706e-05],
          [7.0052e-05],
          [8.3682e-05],
          [1.4951e-04],
          [1.1738e-04],
          [1.1702e-04],
          [8.2159e-05],
          [3.1202e-04],
          [3.7712e-05],
          [4.4146e-05],
          [3.2190e-04],
          [1.4928e-04],
          [2.8944e-05],
          [1.3720e-04],
          [1.5828e-04],
          [3.9078e-05],
          [3.8774e-04],
          [1.5152e-05],
          [1.1908e-05],
          [1.0952e-05],
          [9.1225e-06],
          [9.4879e-06],
          [9.6855e-06],
          [2.0961e-05],
          [1.2803e-05],
          [1.4875e-05],
          [1.1123e-05],
          [6.7814e-04],
          [3.4027e-05],
          [1.6211e-04],
          [6.0358e-05],
          [1.1584e-05],
          [1.0872e-05],
          [1.1493e-05],
          [1.0782e-05],
          [1.0881e-05],
          [1.0874e-05],
          [5.1192e-04],
          [2.8240e-05],
          [2.3071e-04],
          [1.3890e-05],
          [1.2739e-05],
          [1.8069e-05],
          [1.7465e-05],
          [1.8515e-05],
          [1.8073e-05],
          [1.8087e-05],
          [2.4417e-05],
          [2.1789e-05],
          [2.7708e-05],
          [3.1696e-05],
          [4.1256e-05],
          [6.4425e-04],
          [1.6587e-04],
          [2.8473e-05],
          [2.3424e-05],
          [2.1753e-05],
          [1.4305e-05],
          [1.2776e-05],
          [1.7003e-05],
          [2.1481e-05],
          [1.8092e-05],
          [1.4546e-05],
          [1.2839e-05],
          [1.2451e-05],
          [9.8789e-06],
          [1.3919e-05],
          [1.4386e-05],
          [1.7163e-05],
          [1.5742e-05],
          [1.6353e-05],
          [1.6942e-05],
          [1.9657e-05],
          [1.5939e-05],
          [1.5019e-05],
          [1.6525e-05],
          [1.6670e-05],
          [2.1170e-05],
          [1.7774e-05],
          [2.8551e-05],
          [2.9044e-05],
          [2.9440e-05],
          [2.2184e-05],
          [2.3699e-05],
          [2.9801e-05],
          [4.3367e-05],
          [2.6884e-05],
          [2.2719e-05],
          [4.4039e-05],
          [2.4499e-05],
          [2.3716e-05],
          [1.7478e-05],
          [2.2709e-05],
          [1.9751e-05],
          [1.8164e-05],
          [1.8139e-05],
          [2.4567e-04],
          [4.5563e-05],
          [3.4106e-04],
          [2.3879e-05],
          [2.5394e-05],
          [2.1466e-05],
          [2.1732e-05],
          [1.7994e-05],
          [1.6378e-05],
          [1.1426e-05],
          [1.0983e-05],
          [1.0225e-05],
          [1.1302e-05],
          [1.3027e-05],
          [1.3674e-05],
          [1.6759e-05],
          [1.6777e-05],
          [3.1850e-04],
          [9.1945e-05],
          [3.1265e-04],
          [1.5039e-05],
          [1.1320e-05],
          [8.9869e-06],
          [1.0689e-05],
          [5.3888e-04],
          [1.9362e-04],
          [1.3040e-05],
          [1.3508e-05],
          [1.2436e-05],
          [1.6811e-05],
          [2.0595e-05],
          [3.5430e-05],
          [5.1651e-05],
          [4.2173e-05],
          [3.5427e-05],
          [2.5711e-05],
          [2.1026e-05],
          [1.4407e-05],
          [1.0729e-05],
          [1.0814e-05],
          [1.2076e-05],
          [1.0677e-05],
          [1.1426e-05],
          [5.8618e-05],
          [2.8955e-05],
          [3.8118e-05],
          [4.9207e-05],
          [2.5887e-05],
          [2.9407e-05],
          [2.6975e-05],
          [2.9430e-05],
          [2.0300e-05],
          [3.5521e-04],
          [1.4432e-04],
          [2.3923e-05],
          [2.2549e-05],
          [2.0176e-05],
          [1.8435e-05],
          [1.7924e-05],
          [1.7579e-05],
          [3.5765e-05],
          [9.5997e-05],
          [5.3597e-05],
          [3.0977e-04],
          [1.1609e-04],
          [3.2118e-05],
          [1.7664e-05],
          [1.9692e-05],
          [1.6514e-05],
          [1.5104e-05],
          [2.6098e-04],
          [1.2245e-04],
          [2.0129e-05],
          [8.9396e-05],
          [1.2889e-04],
          [2.1118e-05],
          [3.7351e-04],
          [1.9626e-05],
          [4.3373e-04],
          [2.0935e-05],
          [1.7110e-05],
          [1.4109e-05],
          [1.4676e-05],
          [1.4219e-05],
          [5.8645e-05],
          [6.7530e-06]]]])
