# Using CPU
# Loading Embeddings...
# Making Predictions...
torch.Size([1, 1, 442, 275])
tensor([[[[1.1378e-04],
          [4.6062e-05],
          [1.8700e-04],
          [2.5449e-05],
          [1.0095e-05],
          [3.7274e-04],
          [8.2218e-04],
          [1.9002e-05],
          [2.6289e-04],
          [9.0014e-04],
          [2.0949e-05],
          [1.8845e-05],
          [3.0333e-04],
          [3.4412e-04],
          [1.2776e-05],
          [1.1581e-05],
          [1.3020e-05],
          [1.2272e-05],
          [1.5841e-05],
          [3.8195e-05],
          [5.5086e-04],
          [2.9396e-05],
          [6.6986e-04],
          [1.5591e-05],
          [2.1299e-05],
          [2.9008e-05],
          [4.7254e-05],
          [9.0594e-05],
          [1.1813e-04],
          [1.3506e-04],
          [1.3782e-04],
          [1.6541e-04],
          [1.6512e-04],
          [1.7849e-04],
          [1.4021e-04],
          [1.0869e-04],
          [4.7802e-04],
          [7.2005e-05],
          [2.9843e-04],
          [5.9404e-05],
          [5.8699e-04],
          [2.9737e-05],
          [3.1200e-05],
          [3.2096e-05],
          [1.9734e-05],
          [1.7949e-05],
          [1.3798e-05],
          [1.4960e-05],
          [1.3241e-05],
          [2.1300e-04],
          [4.5206e-04],
          [1.3505e-05],
          [1.2850e-05],
          [3.5734e-04],
          [5.3755e-04],
          [1.3979e-05],
          [1.6065e-05],
          [1.5909e-05],
          [2.0553e-05],
          [2.3074e-05],
          [2.4031e-05],
          [1.9440e-05],
          [3.2384e-04],
          [3.5849e-04],
          [1.4984e-05],
          [1.7328e-05],
          [1.8877e-05],
          [1.9336e-05],
          [2.1434e-05],
          [1.6307e-05],
          [1.5126e-05],
          [2.8919e-04],
          [2.6942e-05],
          [2.5820e-05],
          [1.5947e-05],
          [2.3780e-05],
          [1.7676e-03],
          [1.5123e-05],
          [1.4877e-05],
          [1.4067e-05],
          [1.8205e-04],
          [3.1685e-04],
          [1.4671e-05],
          [1.8934e-05],
          [2.2500e-05],
          [2.6862e-05],
          [2.8758e-05],
          [2.9522e-05],
          [2.5070e-05],
          [1.9075e-05],
          [4.1911e-04],
          [5.3497e-05],
          [4.5886e-04],
          [1.3552e-05],
          [1.4444e-05],
          [1.8020e-05],
          [2.0315e-05],
          [3.1108e-05],
          [2.5211e-05],
          [2.7965e-05],
          [2.6540e-05],
          [1.9313e-05],
          [1.5689e-05],
          [1.7132e-05],
          [1.5317e-05],
          [1.7291e-05],
          [1.9014e-05],
          [2.4145e-05],
          [2.4962e-05],
          [2.7366e-05],
          [2.0903e-05],
          [8.8116e-05],
          [1.3354e-04],
          [1.9167e-05],
          [3.5389e-04],
          [1.4858e-05],
          [1.1278e-05],
          [1.0332e-05],
          [1.4055e-05],
          [1.4409e-05],
          [1.3689e-05],
          [1.2746e-05],
          [1.6673e-05],
          [1.2089e-05],
          [1.4533e-05],
          [1.3921e-05],
          [1.5538e-05],
          [1.6350e-05],
          [1.7168e-05],
          [1.9315e-05],
          [1.6053e-05],
          [2.8628e-04],
          [7.4945e-04],
          [2.6295e-05],
          [3.1855e-05],
          [2.4668e-05],
          [2.3582e-05],
          [2.2936e-05],
          [1.7009e-05],
          [1.5346e-05],
          [1.4015e-05],
          [1.3814e-05],
          [1.3397e-05],
          [1.5100e-05],
          [1.3100e-05],
          [1.7040e-05],
          [1.8960e-05],
          [2.4937e-05],
          [3.1436e-05],
          [4.8511e-05],
          [5.4148e-05],
          [6.1014e-05],
          [7.6904e-05],
          [8.7386e-05],
          [9.0821e-05],
          [6.7579e-05],
          [3.0926e-04],
          [3.4452e-04],
          [2.1921e-04],
          [9.5189e-04],
          [1.6484e-05],
          [1.9243e-05],
          [2.0314e-05],
          [2.0878e-05],
          [2.2483e-05],
          [2.5408e-05],
          [2.0689e-05],
          [2.0167e-05],
          [2.1415e-05],
          [2.3727e-05],
          [1.7057e-05],
          [2.4402e-04],
          [6.4455e-04],
          [1.8491e-05],
          [2.2536e-05],
          [2.1499e-05],
          [2.5685e-05],
          [2.5859e-05],
          [2.2644e-04],
          [3.9498e-05],
          [4.9311e-04],
          [1.4005e-05],
          [2.1401e-05],
          [1.6173e-04],
          [1.4866e-05],
          [3.3729e-04],
          [1.2545e-05],
          [1.1744e-05],
          [1.1457e-05],
          [3.9110e-04],
          [4.6027e-05],
          [1.7263e-03],
          [1.7078e-05],
          [2.3709e-05],
          [2.3273e-05],
          [2.2725e-05],
          [2.2268e-05],
          [1.9651e-05],
          [2.5979e-04],
          [3.8705e-04],
          [1.6418e-05],
          [1.6378e-05],
          [1.6530e-05],
          [1.3549e-05],
          [1.5241e-05],
          [1.5107e-05],
          [1.1628e-05],
          [3.2274e-04],
          [6.1755e-04],
          [1.3851e-05],
          [1.3835e-05],
          [1.4217e-05],
          [1.4657e-05],
          [2.4209e-04],
          [2.9531e-05],
          [1.5445e-05],
          [1.4105e-03],
          [1.5245e-05],
          [1.3011e-05],
          [1.2064e-05],
          [1.4570e-05],
          [1.4695e-05],
          [1.2821e-05],
          [1.1960e-05],
          [1.3834e-05],
          [1.4731e-05],
          [1.5611e-05],
          [1.2768e-05],
          [1.3749e-05],
          [1.1317e-05],
          [1.1326e-05],
          [1.1501e-05],
          [1.1241e-05],
          [1.2186e-05],
          [2.4114e-04],
          [3.5799e-04],
          [1.8226e-05],
          [1.5582e-05],
          [1.3660e-05],
          [1.6557e-05],
          [3.3848e-05],
          [2.1510e-05],
          [1.7575e-05],
          [1.9367e-05],
          [2.0497e-05],
          [1.4088e-05],
          [1.9917e-04],
          [1.0652e-04],
          [2.5460e-05],
          [4.3476e-04],
          [1.2757e-05],
          [1.5738e-04],
          [2.9048e-04],
          [3.0344e-05],
          [3.9530e-05],
          [3.7878e-05],
          [3.2239e-05],
          [3.6449e-05],
          [3.7357e-05],
          [4.5398e-05],
          [3.6628e-05],
          [4.3204e-05],
          [4.7725e-05],
          [6.4392e-05],
          [4.8426e-05],
          [4.5760e-05],
          [3.0178e-05],
          [2.5497e-04],
          [2.8169e-05],
          [1.8604e-05],
          [4.0983e-04],
          [9.8845e-05],
          [2.0928e-05],
          [2.6521e-04],
          [1.5726e-04],
          [3.3070e-05],
          [4.9064e-04],
          [1.5892e-05],
          [1.0913e-05],
          [9.9327e-06],
          [1.0499e-05],
          [1.0192e-05],
          [1.0333e-05],
          [2.1575e-05],
          [1.3233e-05],
          [1.5914e-05],
          [1.2633e-05],
          [3.2794e-04],
          [3.4641e-05],
          [9.0452e-05],
          [1.9289e-04],
          [1.2664e-05],
          [1.1402e-05],
          [1.2115e-05],
          [1.2114e-05],
          [1.2009e-05],
          [1.1249e-05],
          [4.2267e-04],
          [2.3353e-05],
          [1.0035e-03],
          [1.3835e-05],
          [1.2892e-05],
          [1.5275e-05],
          [1.5510e-05],
          [1.5203e-05],
          [1.5686e-05],
          [1.5779e-05],
          [2.0509e-05],
          [2.0474e-05],
          [2.5744e-05],
          [3.1064e-05],
          [3.5498e-05],
          [3.5065e-04],
          [5.4383e-04],
          [2.5336e-05],
          [2.0848e-05],
          [2.2664e-05],
          [1.2970e-05],
          [1.2617e-05],
          [2.0028e-05],
          [2.2449e-05],
          [2.0898e-05],
          [3.0123e-05],
          [1.5416e-05],
          [1.3951e-05],
          [1.0726e-05],
          [1.2622e-05],
          [1.3667e-05],
          [1.6446e-05],
          [1.4813e-05],
          [1.5696e-05],
          [1.6096e-05],
          [1.8748e-05],
          [1.5089e-05],
          [1.3908e-05],
          [1.5736e-05],
          [1.6149e-05],
          [1.9127e-05],
          [2.0855e-05],
          [2.6956e-05],
          [2.2740e-05],
          [2.6772e-05],
          [1.6644e-05],
          [1.8598e-05],
          [1.8166e-05],
          [2.3194e-05],
          [1.5409e-05],
          [1.4103e-05],
          [2.2874e-05],
          [1.3348e-05],
          [1.5961e-05],
          [1.5157e-05],
          [1.6603e-05],
          [1.6670e-05],
          [1.6168e-05],
          [1.5351e-05],
          [1.9325e-04],
          [4.5030e-05],
          [1.5067e-03],
          [2.2368e-05],
          [2.3359e-05],
          [1.9539e-05],
          [1.9504e-05],
          [1.8236e-05],
          [1.7311e-05],
          [1.2703e-05],
          [1.2477e-05],
          [1.2470e-05],
          [1.2222e-05],
          [1.3911e-05],
          [1.4269e-05],
          [1.7429e-05],
          [1.6680e-05],
          [1.9548e-04],
          [6.9981e-05],
          [1.1344e-03],
          [1.3206e-05],
          [1.0552e-05],
          [1.0647e-05],
          [1.5560e-05],
          [3.5231e-04],
          [6.7174e-04],
          [1.3437e-05],
          [1.1664e-05],
          [1.2491e-05],
          [1.5702e-05],
          [1.9272e-05],
          [3.0883e-05],
          [4.7115e-05],
          [4.4844e-05],
          [3.9416e-05],
          [3.1888e-05],
          [2.2962e-05],
          [1.5313e-05],
          [1.1278e-05],
          [1.0813e-05],
          [1.0587e-05],
          [1.1802e-05],
          [1.1912e-05],
          [3.6275e-05],
          [2.8609e-05],
          [3.6295e-05],
          [4.4298e-05],
          [2.6277e-05],
          [2.7205e-05],
          [2.8279e-05],
          [3.0612e-05],
          [2.2521e-05],
          [2.1186e-04],
          [3.4692e-04],
          [2.7133e-05],
          [2.3958e-05],
          [2.2655e-05],
          [1.9913e-05],
          [2.0036e-05],
          [1.8156e-05],
          [2.5807e-05],
          [8.3168e-05],
          [8.3674e-05],
          [2.7591e-04],
          [4.8407e-04],
          [2.0493e-05],
          [1.7209e-05],
          [1.9295e-05],
          [1.6552e-05],
          [1.4654e-05],
          [1.9973e-04],
          [8.3833e-05],
          [1.4089e-05],
          [5.7241e-05],
          [3.4276e-04],
          [1.7806e-05],
          [2.6811e-04],
          [1.9306e-05],
          [3.5270e-04],
          [2.4640e-05],
          [1.9575e-05],
          [1.5669e-05],
          [1.6184e-05],
          [1.5145e-05],
          [3.1386e-05],
          [8.1442e-06]]]])
