# Using CPU
# Loading Embeddings...
# Making Predictions...
torch.Size([1, 1, 442, 265])
tensor([[[[3.0125e-04],
          [2.8392e-05],
          [1.2913e-04],
          [2.3796e-05],
          [8.8936e-06],
          [3.0715e-04],
          [5.5750e-04],
          [1.4823e-05],
          [2.3697e-04],
          [5.5440e-04],
          [1.9110e-05],
          [1.7143e-05],
          [3.3987e-04],
          [3.8293e-04],
          [1.4080e-05],
          [1.1113e-05],
          [1.0135e-05],
          [1.0355e-05],
          [1.0673e-05],
          [2.5090e-05],
          [4.2449e-04],
          [2.1690e-05],
          [4.3783e-04],
          [1.5459e-05],
          [2.0191e-05],
          [2.6172e-05],
          [3.7985e-05],
          [6.7454e-05],
          [8.4074e-05],
          [1.0899e-04],
          [1.0592e-04],
          [1.1402e-04],
          [1.2099e-04],
          [1.2794e-04],
          [9.9023e-05],
          [8.1300e-05],
          [1.5890e-03],
          [1.0679e-04],
          [2.4480e-04],
          [1.0943e-04],
          [4.7894e-04],
          [2.7743e-05],
          [2.4910e-05],
          [2.6533e-05],
          [1.8852e-05],
          [1.6848e-05],
          [1.4670e-05],
          [1.5004e-05],
          [1.5729e-05],
          [2.2384e-04],
          [3.4432e-04],
          [1.3079e-05],
          [1.1088e-05],
          [4.0939e-04],
          [3.3529e-04],
          [1.3387e-05],
          [1.5410e-05],
          [1.5460e-05],
          [1.9474e-05],
          [2.2396e-05],
          [2.2349e-05],
          [1.8225e-05],
          [3.1731e-04],
          [3.2437e-04],
          [1.5767e-05],
          [1.5033e-05],
          [1.5964e-05],
          [1.5130e-05],
          [1.6406e-05],
          [1.5226e-05],
          [1.4276e-05],
          [3.4195e-04],
          [3.6904e-05],
          [2.9334e-05],
          [1.3485e-05],
          [1.9247e-05],
          [1.7168e-03],
          [1.3613e-05],
          [1.3926e-05],
          [1.2145e-05],
          [3.2713e-04],
          [3.5266e-04],
          [1.3731e-05],
          [1.4130e-05],
          [1.6387e-05],
          [2.0004e-05],
          [1.9527e-05],
          [2.0885e-05],
          [1.7578e-05],
          [1.5421e-05],
          [4.0756e-04],
          [1.1707e-04],
          [4.3530e-04],
          [1.3650e-05],
          [1.9777e-05],
          [2.1931e-05],
          [2.8947e-05],
          [3.2890e-05],
          [2.3554e-05],
          [2.2723e-05],
          [2.4457e-05],
          [1.6358e-05],
          [1.2140e-05],
          [1.0236e-05],
          [1.2071e-05],
          [1.6740e-05],
          [1.7716e-05],
          [2.1951e-05],
          [2.4189e-05],
          [2.5534e-05],
          [1.9163e-05],
          [7.4449e-05],
          [1.8639e-04],
          [2.9177e-05],
          [4.3865e-04],
          [1.3323e-05],
          [1.0976e-05],
          [1.0489e-05],
          [1.3547e-05],
          [1.4053e-05],
          [1.4441e-05],
          [1.2543e-05],
          [1.8804e-05],
          [1.1095e-05],
          [1.1909e-05],
          [1.2215e-05],
          [1.2458e-05],
          [1.2486e-05],
          [1.5211e-05],
          [1.6062e-05],
          [2.5936e-05],
          [1.0763e-03],
          [1.5189e-03],
          [3.7318e-05],
          [2.2565e-05],
          [2.0111e-05],
          [1.9123e-05],
          [2.1255e-05],
          [1.6471e-05],
          [1.5510e-05],
          [1.2721e-05],
          [1.2273e-05],
          [1.0419e-05],
          [1.1525e-05],
          [1.2694e-05],
          [1.6182e-05],
          [1.7361e-05],
          [2.3502e-05],
          [3.0207e-05],
          [4.7872e-05],
          [5.3641e-05],
          [5.3471e-05],
          [5.8857e-05],
          [7.1518e-05],
          [7.3795e-05],
          [5.3279e-05],
          [2.2397e-04],
          [2.6683e-04],
          [1.8771e-04],
          [6.9625e-04],
          [1.6972e-05],
          [1.4993e-05],
          [1.7459e-05],
          [1.8843e-05],
          [1.6308e-05],
          [2.0433e-05],
          [1.8430e-05],
          [1.8095e-05],
          [1.7855e-05],
          [1.8705e-05],
          [1.4421e-05],
          [3.0804e-04],
          [4.1309e-04],
          [1.7334e-05],
          [2.0376e-05],
          [2.1351e-05],
          [2.5759e-05],
          [2.4910e-05],
          [2.8039e-04],
          [8.9410e-05],
          [6.7412e-04],
          [1.3899e-05],
          [2.2489e-05],
          [2.1844e-04],
          [2.4619e-05],
          [4.0582e-04],
          [1.2435e-05],
          [1.0407e-05],
          [1.1688e-05],
          [3.9735e-04],
          [2.4520e-05],
          [9.2154e-04],
          [1.6942e-05],
          [2.1723e-05],
          [2.1878e-05],
          [2.1403e-05],
          [2.3405e-05],
          [1.9803e-05],
          [2.4167e-04],
          [2.8359e-04],
          [1.6471e-05],
          [1.5059e-05],
          [1.4660e-05],
          [1.2977e-05],
          [1.4262e-05],
          [1.4009e-05],
          [1.1727e-05],
          [2.8450e-04],
          [4.8906e-04],
          [1.3698e-05],
          [1.3168e-05],
          [1.2803e-05],
          [1.3158e-05],
          [2.7090e-04],
          [3.4769e-05],
          [1.7633e-05],
          [1.0598e-03],
          [1.4239e-05],
          [1.6506e-05],
          [1.4166e-05],
          [1.6356e-05],
          [1.6788e-05],
          [1.3339e-05],
          [1.1622e-05],
          [1.2102e-05],
          [1.6041e-05],
          [1.3967e-05],
          [1.2284e-05],
          [1.2545e-05],
          [1.1046e-05],
          [1.0797e-05],
          [1.1707e-05],
          [1.1515e-05],
          [1.1575e-05],
          [2.2431e-04],
          [2.6397e-04],
          [1.7109e-05],
          [1.6237e-05],
          [1.4876e-05],
          [1.6250e-05],
          [1.4197e-05],
          [2.0381e-05],
          [1.6331e-05],
          [1.8369e-05],
          [1.8067e-05],
          [1.3563e-05],
          [1.5336e-04],
          [2.0951e-04],
          [2.9279e-05],
          [5.1301e-04],
          [1.1395e-05],
          [1.8556e-04],
          [2.6783e-04],
          [2.3377e-05],
          [2.8727e-05],
          [3.1989e-05],
          [3.0256e-05],
          [3.8623e-05],
          [4.3427e-05],
          [5.1382e-05],
          [4.1216e-05],
          [4.7505e-05],
          [4.4347e-05],
          [5.0704e-05],
          [4.0208e-05],
          [4.1293e-05],
          [3.4828e-05],
          [2.0531e-04],
          [1.6527e-05],
          [1.9746e-05],
          [3.5135e-04],
          [1.4285e-04],
          [3.7810e-05],
          [2.9986e-04],
          [2.0548e-04],
          [6.1903e-05],
          [4.7638e-04],
          [1.3855e-05],
          [1.0450e-05],
          [1.0219e-05],
          [9.1746e-06],
          [1.0439e-05],
          [1.0294e-05],
          [5.0313e-05],
          [1.0581e-05],
          [1.3909e-05],
          [1.1321e-05],
          [4.5800e-04],
          [3.4700e-05],
          [1.8871e-04],
          [1.2804e-04],
          [1.1056e-05],
          [1.1039e-05],
          [1.0969e-05],
          [1.0261e-05],
          [1.0615e-05],
          [1.0662e-05],
          [5.5540e-04],
          [2.5797e-05],
          [1.0913e-03],
          [1.5008e-05],
          [1.1998e-05],
          [1.5765e-05],
          [1.6185e-05],
          [1.6596e-05],
          [1.7311e-05],
          [1.7031e-05],
          [2.2742e-05],
          [1.9358e-05],
          [2.5588e-05],
          [2.8283e-05],
          [3.6916e-05],
          [2.6246e-04],
          [4.5750e-04],
          [2.4982e-05],
          [2.0754e-05],
          [1.6618e-05],
          [1.3170e-05],
          [1.1796e-05],
          [1.6375e-05],
          [2.1258e-05],
          [1.7980e-05],
          [2.0355e-05],
          [1.3745e-05],
          [1.3109e-05],
          [1.0035e-05],
          [1.2911e-05],
          [1.2966e-05],
          [1.5613e-05],
          [1.3557e-05],
          [1.4557e-05],
          [1.3916e-05],
          [1.6020e-05],
          [1.3524e-05],
          [1.2929e-05],
          [1.5940e-05],
          [1.7512e-05],
          [2.1047e-05],
          [1.8069e-05],
          [2.5843e-05],
          [2.5347e-05],
          [2.5934e-05],
          [1.8638e-05],
          [1.9808e-05],
          [2.4159e-05],
          [2.0911e-05],
          [1.9664e-05],
          [1.7519e-05],
          [1.8180e-05],
          [1.7486e-05],
          [1.6779e-05],
          [1.5300e-05],
          [1.4392e-05],
          [1.4653e-05],
          [1.7040e-05],
          [1.7188e-05],
          [1.4487e-04],
          [3.3043e-05],
          [1.0766e-03],
          [2.3281e-05],
          [2.3374e-05],
          [2.1102e-05],
          [1.8600e-05],
          [1.6461e-05],
          [1.3543e-05],
          [1.0416e-05],
          [9.6708e-06],
          [9.0882e-06],
          [1.0367e-05],
          [1.1322e-05],
          [1.2430e-05],
          [1.6544e-05],
          [1.6476e-05],
          [1.9657e-04],
          [1.1646e-04],
          [9.9475e-04],
          [1.2727e-05],
          [1.0808e-05],
          [1.0526e-05],
          [1.3468e-05],
          [5.5080e-04],
          [6.8422e-04],
          [1.6294e-05],
          [1.6066e-05],
          [1.5291e-05],
          [1.7473e-05],
          [2.1295e-05],
          [2.5199e-05],
          [3.2913e-05],
          [3.1593e-05],
          [2.6738e-05],
          [2.2300e-05],
          [1.7867e-05],
          [1.3246e-05],
          [1.1266e-05],
          [1.1238e-05],
          [1.0816e-05],
          [1.1331e-05],
          [1.1936e-05],
          [2.0420e-05],
          [3.0945e-05],
          [3.7446e-05],
          [4.9474e-05],
          [2.5700e-05],
          [2.5757e-05],
          [2.6518e-05],
          [2.2484e-05],
          [1.7766e-05],
          [1.9928e-04],
          [2.6486e-04],
          [2.0597e-05],
          [1.9067e-05],
          [1.6993e-05],
          [1.4885e-05],
          [1.6096e-05],
          [1.6447e-05],
          [1.5587e-05],
          [9.0301e-05],
          [4.6813e-05],
          [3.5496e-04],
          [3.7435e-04],
          [2.0369e-05],
          [1.7249e-05],
          [1.6759e-05],
          [1.4446e-05],
          [1.3634e-05],
          [2.9097e-04],
          [2.0349e-04],
          [2.1710e-05],
          [1.0195e-04],
          [2.8815e-04],
          [2.0526e-05],
          [3.5049e-04],
          [3.9723e-05],
          [5.4278e-04],
          [2.7801e-05],
          [1.5492e-05],
          [1.2515e-05],
          [1.1814e-05],
          [1.1825e-05],
          [3.0397e-05],
          [6.6657e-06]]]])
