# Using CPU
# Loading Embeddings...
# Making Predictions...
torch.Size([1, 1, 442, 306])
tensor([[[[2.0533e-04],
          [3.9817e-05],
          [1.2589e-04],
          [3.0299e-05],
          [9.3804e-06],
          [5.4673e-04],
          [7.4720e-04],
          [1.7030e-05],
          [3.8348e-04],
          [7.6915e-04],
          [1.6204e-05],
          [1.5143e-05],
          [1.3657e-03],
          [2.6809e-04],
          [4.4441e-05],
          [1.0778e-05],
          [1.1827e-05],
          [1.2904e-05],
          [1.8172e-05],
          [2.1775e-05],
          [1.1311e-03],
          [2.9627e-05],
          [4.0155e-04],
          [1.5709e-05],
          [2.0233e-05],
          [2.7727e-05],
          [3.8105e-05],
          [6.7153e-05],
          [7.1644e-05],
          [1.0668e-04],
          [7.3579e-05],
          [1.0722e-04],
          [7.4699e-05],
          [7.7291e-05],
          [6.0341e-05],
          [5.1293e-05],
          [8.6413e-04],
          [4.4154e-05],
          [1.8679e-04],
          [1.0250e-04],
          [3.0612e-04],
          [2.2480e-05],
          [2.0917e-05],
          [2.1465e-05],
          [1.7387e-05],
          [1.6548e-05],
          [1.2482e-05],
          [1.1955e-05],
          [1.4130e-05],
          [4.6401e-04],
          [2.9123e-04],
          [1.1717e-05],
          [1.2145e-05],
          [7.7542e-04],
          [3.9415e-04],
          [1.5001e-05],
          [1.6541e-05],
          [1.5521e-05],
          [1.8134e-05],
          [2.5671e-05],
          [2.4628e-05],
          [2.1920e-05],
          [4.5054e-04],
          [2.3858e-04],
          [1.6998e-05],
          [1.6727e-05],
          [1.6993e-05],
          [1.4955e-05],
          [1.5556e-05],
          [1.5443e-05],
          [1.6119e-05],
          [5.4450e-04],
          [3.1223e-05],
          [2.8752e-05],
          [1.5079e-05],
          [2.2624e-05],
          [1.3069e-03],
          [1.2837e-05],
          [1.5383e-05],
          [1.0875e-05],
          [6.3096e-04],
          [1.9362e-04],
          [1.1593e-05],
          [1.3211e-05],
          [1.6008e-05],
          [1.8720e-05],
          [2.0519e-05],
          [2.2064e-05],
          [1.8464e-05],
          [1.6626e-05],
          [6.5484e-04],
          [9.7192e-05],
          [3.1930e-04],
          [1.6503e-05],
          [1.8244e-05],
          [2.7084e-05],
          [3.0791e-05],
          [4.6759e-05],
          [3.7407e-05],
          [4.0264e-05],
          [3.3721e-05],
          [2.5288e-05],
          [1.5825e-05],
          [1.2634e-05],
          [1.5960e-05],
          [2.1916e-05],
          [2.6339e-05],
          [3.0228e-05],
          [3.0647e-05],
          [3.1985e-05],
          [2.6050e-05],
          [1.8938e-04],
          [2.8991e-04],
          [2.0383e-05],
          [3.2099e-04],
          [1.9119e-05],
          [1.7484e-05],
          [1.2508e-05],
          [1.4915e-05],
          [1.8967e-05],
          [1.8582e-05],
          [1.2211e-05],
          [1.6228e-05],
          [1.2297e-05],
          [1.4759e-05],
          [1.7797e-05],
          [1.6752e-05],
          [1.7201e-05],
          [2.1537e-05],
          [2.2864e-05],
          [2.3310e-05],
          [1.3240e-03],
          [3.5888e-04],
          [3.2144e-05],
          [3.6236e-05],
          [3.8791e-05],
          [3.1209e-05],
          [3.2303e-05],
          [2.4955e-05],
          [2.8006e-05],
          [2.1147e-05],
          [1.9467e-05],
          [1.2543e-05],
          [1.4172e-05],
          [1.7507e-05],
          [2.4240e-05],
          [2.7493e-05],
          [4.1407e-05],
          [5.1467e-05],
          [8.5192e-05],
          [8.2823e-05],
          [1.0032e-04],
          [9.8087e-05],
          [1.3537e-04],
          [9.9749e-05],
          [9.0426e-05],
          [5.9689e-04],
          [3.4442e-04],
          [2.9830e-04],
          [7.5355e-04],
          [4.5381e-05],
          [1.7329e-05],
          [1.6007e-05],
          [1.7701e-05],
          [2.1596e-05],
          [2.8052e-05],
          [2.8713e-05],
          [2.8076e-05],
          [3.1608e-05],
          [3.0953e-05],
          [2.7811e-05],
          [5.7950e-04],
          [4.2240e-04],
          [3.5630e-05],
          [4.4169e-05],
          [4.4670e-05],
          [4.6813e-05],
          [3.9391e-05],
          [5.1607e-04],
          [6.7134e-05],
          [2.9848e-04],
          [1.6522e-05],
          [1.5250e-05],
          [4.6282e-04],
          [2.3249e-05],
          [2.3396e-04],
          [1.8641e-05],
          [1.9372e-05],
          [1.6431e-05],
          [1.0166e-03],
          [3.8752e-05],
          [1.2733e-03],
          [2.2155e-05],
          [2.9114e-05],
          [2.8635e-05],
          [2.8814e-05],
          [3.0179e-05],
          [2.9543e-05],
          [4.5764e-04],
          [1.8469e-04],
          [1.8911e-05],
          [1.6980e-05],
          [1.5670e-05],
          [1.9704e-05],
          [1.2623e-05],
          [1.4808e-05],
          [3.3290e-05],
          [5.3144e-04],
          [4.8527e-04],
          [1.1669e-05],
          [1.2593e-05],
          [1.4674e-05],
          [1.4115e-05],
          [5.0074e-04],
          [3.0754e-05],
          [2.0694e-05],
          [6.6055e-04],
          [1.5788e-05],
          [2.0007e-05],
          [1.5108e-05],
          [1.5733e-05],
          [1.3003e-05],
          [1.1440e-05],
          [1.1327e-05],
          [1.1817e-05],
          [1.4855e-05],
          [1.2810e-05],
          [1.3433e-05],
          [1.1802e-05],
          [9.7299e-06],
          [9.6739e-06],
          [1.0016e-05],
          [1.0042e-05],
          [1.2247e-05],
          [6.0282e-04],
          [2.2511e-04],
          [1.5313e-05],
          [1.7048e-05],
          [1.2834e-05],
          [1.7637e-05],
          [1.6924e-05],
          [2.2590e-05],
          [2.1041e-05],
          [2.3979e-05],
          [2.5056e-05],
          [1.6014e-05],
          [5.1110e-04],
          [3.5612e-04],
          [2.9731e-05],
          [3.7944e-04],
          [1.1642e-05],
          [2.9763e-04],
          [1.6683e-04],
          [1.5599e-05],
          [1.6357e-05],
          [1.7669e-05],
          [1.6904e-05],
          [2.5907e-05],
          [2.8961e-05],
          [4.4893e-05],
          [3.9023e-05],
          [6.8332e-05],
          [8.6065e-05],
          [1.5682e-04],
          [1.2859e-04],
          [1.4578e-04],
          [8.4574e-05],
          [3.4772e-04],
          [4.1330e-05],
          [4.2325e-05],
          [2.1788e-04],
          [2.7456e-04],
          [3.6344e-05],
          [2.4907e-04],
          [2.3817e-04],
          [3.9675e-05],
          [2.9181e-04],
          [1.5144e-05],
          [1.1278e-05],
          [9.9252e-06],
          [9.1565e-06],
          [9.1096e-06],
          [9.6151e-06],
          [2.5724e-05],
          [1.4427e-05],
          [1.9045e-05],
          [1.5155e-05],
          [1.3409e-03],
          [4.9752e-05],
          [1.1383e-04],
          [8.9655e-05],
          [1.0817e-05],
          [1.0141e-05],
          [1.7485e-05],
          [1.0177e-05],
          [9.2512e-06],
          [9.2774e-06],
          [6.8026e-04],
          [2.2362e-05],
          [9.3617e-04],
          [1.4481e-05],
          [9.5605e-06],
          [9.9288e-06],
          [9.7700e-06],
          [9.8717e-06],
          [9.6269e-06],
          [9.9790e-06],
          [1.1439e-05],
          [1.3026e-05],
          [1.8995e-05],
          [2.5870e-05],
          [2.9649e-05],
          [3.7448e-04],
          [4.5253e-04],
          [1.8054e-05],
          [1.5191e-05],
          [1.1199e-04],
          [1.0224e-05],
          [1.2821e-05],
          [1.8848e-05],
          [2.2274e-05],
          [1.8935e-05],
          [1.5954e-05],
          [1.6596e-05],
          [1.3367e-05],
          [1.1822e-05],
          [1.0273e-05],
          [1.0471e-05],
          [1.1899e-05],
          [1.0043e-05],
          [1.0586e-05],
          [1.1433e-05],
          [1.1560e-05],
          [1.1616e-05],
          [1.5880e-05],
          [1.8149e-05],
          [1.9137e-05],
          [2.2809e-05],
          [1.9727e-05],
          [3.2096e-05],
          [3.2288e-05],
          [3.2341e-05],
          [2.3577e-05],
          [2.3266e-05],
          [2.6076e-05],
          [2.6326e-05],
          [1.9195e-05],
          [1.8870e-05],
          [2.1226e-05],
          [1.9236e-05],
          [2.0174e-05],
          [1.7831e-05],
          [1.6071e-05],
          [1.5141e-05],
          [1.4738e-05],
          [1.5174e-05],
          [4.4795e-04],
          [3.6635e-05],
          [1.5577e-03],
          [1.6108e-05],
          [1.7293e-05],
          [5.1054e-05],
          [1.5610e-05],
          [1.4338e-05],
          [1.3811e-05],
          [1.2583e-05],
          [1.1441e-05],
          [9.9673e-06],
          [9.7879e-06],
          [9.8403e-06],
          [1.0845e-05],
          [1.3532e-05],
          [1.4720e-05],
          [6.1330e-04],
          [1.0734e-04],
          [7.8328e-04],
          [1.4084e-05],
          [1.0691e-05],
          [1.0065e-05],
          [1.0945e-05],
          [8.1984e-04],
          [6.2716e-04],
          [1.5914e-05],
          [1.5344e-05],
          [1.4803e-05],
          [2.1018e-05],
          [2.7936e-05],
          [3.2440e-05],
          [5.4080e-05],
          [4.6440e-05],
          [4.0681e-05],
          [2.7989e-05],
          [2.0649e-05],
          [1.4425e-05],
          [1.2388e-05],
          [9.6222e-06],
          [1.0019e-05],
          [2.3505e-05],
          [1.2642e-05],
          [2.3966e-05],
          [3.9369e-05],
          [5.2105e-05],
          [5.9062e-05],
          [4.1218e-05],
          [3.5420e-05],
          [2.0666e-05],
          [2.0357e-05],
          [1.9262e-05],
          [5.7352e-04],
          [1.9509e-04],
          [2.0973e-05],
          [1.8835e-05],
          [1.5846e-05],
          [1.3744e-05],
          [1.5222e-05],
          [1.4966e-05],
          [1.4802e-05],
          [1.7141e-04],
          [8.9107e-05],
          [5.4769e-04],
          [4.5152e-04],
          [2.4259e-05],
          [1.3755e-05],
          [1.8333e-05],
          [1.5453e-05],
          [1.4636e-05],
          [3.3057e-04],
          [9.7863e-05],
          [1.8627e-05],
          [8.5126e-05],
          [1.6766e-04],
          [1.9384e-05],
          [7.9957e-04],
          [2.6798e-05],
          [5.7345e-04],
          [1.9631e-05],
          [1.2938e-05],
          [1.0714e-05],
          [1.3159e-05],
          [1.1901e-05],
          [1.4175e-04],
          [7.1054e-06]]]])
