# Using CPU
# Loading Embeddings...
# Making Predictions...
torch.Size([1, 1, 442, 252])
tensor([[[[1.2667e-04],
          [2.8842e-05],
          [1.2078e-04],
          [3.8686e-05],
          [1.0597e-05],
          [3.8854e-04],
          [1.5088e-03],
          [1.5287e-05],
          [2.9327e-04],
          [1.6822e-03],
          [1.8172e-05],
          [1.7242e-05],
          [3.3982e-04],
          [3.2062e-04],
          [1.3326e-05],
          [1.2940e-05],
          [1.3032e-05],
          [1.7027e-05],
          [2.3314e-05],
          [2.1593e-05],
          [4.7621e-04],
          [2.1933e-05],
          [9.3783e-04],
          [1.6315e-05],
          [2.1721e-05],
          [2.6151e-05],
          [3.2072e-05],
          [4.4710e-05],
          [5.1189e-05],
          [6.7386e-05],
          [6.8945e-05],
          [6.8330e-05],
          [6.8454e-05],
          [7.9463e-05],
          [5.5998e-05],
          [4.6499e-05],
          [1.2250e-03],
          [4.8293e-05],
          [3.6752e-04],
          [9.8837e-05],
          [9.1243e-04],
          [2.2623e-05],
          [2.2805e-05],
          [2.2561e-05],
          [2.0344e-05],
          [1.8967e-05],
          [1.6769e-05],
          [1.5519e-05],
          [1.5695e-05],
          [1.6609e-04],
          [6.6387e-04],
          [1.7012e-05],
          [1.6558e-05],
          [4.0460e-04],
          [7.8399e-04],
          [1.7477e-05],
          [1.7020e-05],
          [1.6652e-05],
          [1.9952e-05],
          [2.0583e-05],
          [2.3113e-05],
          [2.1381e-05],
          [2.9133e-04],
          [4.6666e-04],
          [1.8897e-05],
          [2.2334e-05],
          [2.2167e-05],
          [2.1464e-05],
          [2.2949e-05],
          [2.1031e-05],
          [1.9931e-05],
          [2.7541e-04],
          [2.3580e-05],
          [2.7437e-05],
          [1.6046e-05],
          [2.1358e-05],
          [3.5462e-03],
          [1.8731e-05],
          [1.9588e-05],
          [1.7233e-05],
          [2.4255e-04],
          [2.1156e-04],
          [1.8488e-05],
          [1.9826e-05],
          [2.1700e-05],
          [2.3541e-05],
          [2.6684e-05],
          [2.6269e-05],
          [2.3386e-05],
          [2.1242e-05],
          [3.4519e-04],
          [5.9478e-05],
          [4.0209e-04],
          [1.6370e-05],
          [1.7728e-05],
          [2.4498e-05],
          [2.4268e-05],
          [3.3446e-05],
          [2.9170e-05],
          [3.2093e-05],
          [3.0249e-05],
          [2.2360e-05],
          [1.6683e-05],
          [1.7897e-05],
          [1.9182e-05],
          [2.4205e-05],
          [2.5157e-05],
          [2.8319e-05],
          [2.7359e-05],
          [2.5989e-05],
          [2.1436e-05],
          [1.7168e-04],
          [2.0456e-04],
          [2.0384e-05],
          [3.8381e-04],
          [1.5354e-05],
          [1.6524e-05],
          [1.4692e-05],
          [1.8059e-05],
          [2.1428e-05],
          [2.2616e-05],
          [1.9614e-05],
          [1.9863e-05],
          [1.6331e-05],
          [2.1525e-05],
          [1.9582e-05],
          [2.0598e-05],
          [2.1149e-05],
          [2.3406e-05],
          [2.7142e-05],
          [2.5570e-05],
          [3.0017e-04],
          [6.0980e-04],
          [3.5293e-05],
          [3.8155e-05],
          [3.6584e-05],
          [3.3543e-05],
          [3.5130e-05],
          [2.9668e-05],
          [2.5200e-05],
          [2.2652e-05],
          [2.3301e-05],
          [1.7004e-05],
          [1.9470e-05],
          [1.9552e-05],
          [2.3096e-05],
          [2.7321e-05],
          [3.2361e-05],
          [3.7798e-05],
          [6.0101e-05],
          [5.3920e-05],
          [6.0660e-05],
          [5.2565e-05],
          [5.9407e-05],
          [4.6092e-05],
          [4.5498e-05],
          [3.3536e-04],
          [6.6834e-04],
          [1.8325e-04],
          [1.8913e-03],
          [2.1011e-05],
          [2.6056e-05],
          [2.4024e-05],
          [2.5691e-05],
          [2.9064e-05],
          [3.1552e-05],
          [2.9178e-05],
          [2.8718e-05],
          [3.1556e-05],
          [3.0761e-05],
          [2.5815e-05],
          [3.7276e-04],
          [1.0905e-03],
          [3.0581e-05],
          [2.9520e-05],
          [2.9475e-05],
          [3.2338e-05],
          [2.6208e-05],
          [2.1059e-04],
          [4.6430e-05],
          [5.2409e-04],
          [1.8107e-05],
          [3.1793e-05],
          [2.1542e-04],
          [1.6310e-05],
          [3.5581e-04],
          [1.8010e-05],
          [2.1738e-05],
          [1.7877e-05],
          [4.8350e-04],
          [4.7096e-05],
          [3.1660e-03],
          [2.2835e-05],
          [2.7703e-05],
          [2.6210e-05],
          [2.7489e-05],
          [2.5922e-05],
          [2.0612e-05],
          [2.2303e-04],
          [4.4615e-04],
          [1.9177e-05],
          [1.8566e-05],
          [1.8180e-05],
          [1.7116e-05],
          [1.7246e-05],
          [1.5323e-05],
          [1.6196e-05],
          [3.0833e-04],
          [1.0580e-03],
          [1.6229e-05],
          [1.5376e-05],
          [1.4776e-05],
          [1.4290e-05],
          [3.1352e-04],
          [2.7456e-05],
          [1.8093e-05],
          [2.0804e-03],
          [1.3141e-05],
          [1.9996e-05],
          [1.2478e-05],
          [1.4761e-05],
          [1.6574e-05],
          [1.5029e-05],
          [1.4428e-05],
          [1.5128e-05],
          [1.6852e-05],
          [1.5437e-05],
          [1.5619e-05],
          [1.2504e-05],
          [1.3584e-05],
          [1.4591e-05],
          [1.3061e-05],
          [1.3188e-05],
          [1.3378e-05],
          [4.0683e-04],
          [5.0440e-04],
          [1.9652e-05],
          [1.6829e-05],
          [1.5516e-05],
          [1.7925e-05],
          [1.7148e-05],
          [2.3859e-05],
          [1.9306e-05],
          [2.4732e-05],
          [2.5568e-05],
          [1.6176e-05],
          [3.1926e-04],
          [2.2149e-04],
          [2.2278e-05],
          [3.1559e-04],
          [1.0927e-05],
          [2.1292e-04],
          [4.7337e-04],
          [1.9125e-05],
          [2.4678e-05],
          [2.3643e-05],
          [2.0960e-05],
          [2.6076e-05],
          [2.7514e-05],
          [3.1595e-05],
          [2.8690e-05],
          [3.2183e-05],
          [3.3027e-05],
          [3.8069e-05],
          [5.2248e-05],
          [5.8353e-05],
          [4.5167e-05],
          [2.6827e-04],
          [2.1766e-05],
          [2.2025e-05],
          [5.4668e-04],
          [1.9098e-04],
          [2.6606e-05],
          [5.5421e-04],
          [1.7638e-04],
          [4.1839e-05],
          [4.2170e-04],
          [1.3707e-05],
          [1.3606e-05],
          [1.4897e-05],
          [1.2031e-05],
          [1.0598e-05],
          [1.1144e-05],
          [2.4049e-05],
          [1.6078e-05],
          [1.9873e-05],
          [1.4615e-05],
          [5.6583e-04],
          [2.5878e-05],
          [1.5860e-04],
          [2.5851e-04],
          [1.3642e-05],
          [1.4183e-05],
          [1.4298e-05],
          [1.4138e-05],
          [1.5373e-05],
          [1.3292e-05],
          [3.4679e-04],
          [2.0108e-05],
          [1.9816e-03],
          [1.4163e-05],
          [1.4362e-05],
          [1.4752e-05],
          [1.5279e-05],
          [1.5076e-05],
          [1.4316e-05],
          [1.4229e-05],
          [1.6180e-05],
          [1.4792e-05],
          [2.0156e-05],
          [2.1827e-05],
          [2.5375e-05],
          [2.9243e-04],
          [1.0169e-03],
          [1.9376e-05],
          [1.5858e-05],
          [1.7539e-05],
          [1.3539e-05],
          [1.3580e-05],
          [1.9559e-05],
          [2.1417e-05],
          [2.1996e-05],
          [1.8417e-05],
          [1.8032e-05],
          [1.7324e-05],
          [1.4716e-05],
          [1.2471e-05],
          [1.4304e-05],
          [1.6461e-05],
          [1.6412e-05],
          [1.8832e-05],
          [2.1213e-05],
          [2.0787e-05],
          [1.7448e-05],
          [1.9017e-05],
          [2.0902e-05],
          [2.0009e-05],
          [2.0350e-05],
          [2.0400e-05],
          [2.3833e-05],
          [2.7925e-05],
          [2.5703e-05],
          [2.1765e-05],
          [2.5103e-05],
          [2.8380e-05],
          [2.7611e-05],
          [2.1290e-05],
          [1.7237e-05],
          [1.8754e-05],
          [1.9198e-05],
          [1.6863e-05],
          [1.4105e-05],
          [1.4858e-05],
          [1.5903e-05],
          [1.7846e-05],
          [1.5791e-05],
          [3.6521e-04],
          [4.0138e-05],
          [3.4626e-03],
          [1.7883e-05],
          [1.6783e-05],
          [1.9077e-05],
          [1.5673e-05],
          [1.8789e-05],
          [1.8960e-05],
          [2.2060e-05],
          [1.7864e-05],
          [1.6711e-05],
          [1.6753e-05],
          [2.0789e-05],
          [1.4825e-05],
          [1.5326e-05],
          [1.3818e-05],
          [4.0996e-04],
          [6.6382e-05],
          [1.7405e-03],
          [1.3425e-05],
          [1.2547e-05],
          [1.0490e-05],
          [1.1555e-05],
          [3.0084e-04],
          [1.1881e-03],
          [1.6886e-05],
          [1.6513e-05],
          [1.6717e-05],
          [2.3594e-05],
          [2.7540e-05],
          [3.4417e-05],
          [3.6500e-05],
          [3.2768e-05],
          [2.9332e-05],
          [3.1335e-05],
          [2.8249e-05],
          [2.3384e-05],
          [1.7892e-05],
          [1.6396e-05],
          [1.7089e-05],
          [1.8804e-05],
          [1.7124e-05],
          [2.3937e-05],
          [3.5200e-05],
          [4.0326e-05],
          [5.3586e-05],
          [3.9726e-05],
          [3.6704e-05],
          [2.5559e-05],
          [2.5664e-05],
          [2.3287e-05],
          [1.7676e-04],
          [4.6265e-04],
          [2.4897e-05],
          [2.2373e-05],
          [2.4407e-05],
          [2.2834e-05],
          [2.4391e-05],
          [2.1419e-05],
          [2.0308e-05],
          [1.5194e-04],
          [1.4319e-04],
          [2.0984e-04],
          [8.6833e-04],
          [1.8574e-05],
          [1.8372e-05],
          [2.0349e-05],
          [1.9388e-05],
          [1.7141e-05],
          [2.6668e-04],
          [2.5760e-04],
          [2.7879e-05],
          [8.5562e-05],
          [3.3388e-04],
          [1.7774e-05],
          [6.2906e-04],
          [3.0084e-05],
          [3.2935e-04],
          [2.1014e-05],
          [1.6544e-05],
          [1.5778e-05],
          [1.5464e-05],
          [1.6491e-05],
          [6.2957e-05],
          [9.7679e-06]]]])
