# Using CPU
# Loading Embeddings...
# Making Predictions...
torch.Size([1, 1, 442, 267])
tensor([[[[1.3420e-04],
          [2.7842e-05],
          [1.0374e-04],
          [3.4169e-05],
          [1.0544e-05],
          [5.1932e-04],
          [3.4977e-04],
          [1.7099e-05],
          [3.8715e-04],
          [5.3278e-04],
          [2.0136e-05],
          [1.9437e-05],
          [5.8129e-04],
          [3.2540e-04],
          [2.7870e-05],
          [1.2673e-05],
          [1.4808e-05],
          [1.5023e-05],
          [1.5020e-05],
          [1.4557e-05],
          [8.7794e-04],
          [2.5255e-05],
          [2.8706e-04],
          [1.6679e-05],
          [2.0084e-05],
          [2.5464e-05],
          [3.6921e-05],
          [6.1257e-05],
          [8.5187e-05],
          [1.1793e-04],
          [1.1877e-04],
          [1.4063e-04],
          [1.5008e-04],
          [1.4381e-04],
          [1.1427e-04],
          [8.1806e-05],
          [2.8400e-03],
          [8.5462e-05],
          [2.9615e-04],
          [2.2861e-04],
          [5.0641e-04],
          [2.7809e-05],
          [2.5295e-05],
          [2.6675e-05],
          [1.9199e-05],
          [1.7557e-05],
          [1.4872e-05],
          [1.3919e-05],
          [1.8370e-05],
          [2.3647e-04],
          [2.7073e-04],
          [1.5174e-05],
          [1.4180e-05],
          [6.1390e-04],
          [2.8307e-04],
          [1.7893e-05],
          [1.7864e-05],
          [1.7925e-05],
          [2.2389e-05],
          [2.6305e-05],
          [2.6299e-05],
          [2.4861e-05],
          [6.1240e-04],
          [3.4548e-04],
          [2.3627e-05],
          [2.2387e-05],
          [2.2104e-05],
          [2.2708e-05],
          [2.7014e-05],
          [2.0995e-05],
          [1.4455e-05],
          [3.0017e-04],
          [3.6822e-05],
          [1.6008e-05],
          [1.8004e-05],
          [2.1220e-05],
          [6.0639e-04],
          [1.6012e-05],
          [1.4677e-05],
          [1.2164e-05],
          [2.0151e-04],
          [2.0624e-04],
          [1.3727e-05],
          [1.4100e-05],
          [1.5915e-05],
          [1.9280e-05],
          [2.0599e-05],
          [2.3495e-05],
          [1.9722e-05],
          [1.7563e-05],
          [5.3676e-04],
          [5.4060e-05],
          [2.9698e-04],
          [1.5220e-05],
          [1.7255e-05],
          [2.5667e-05],
          [2.7686e-05],
          [3.2866e-05],
          [3.1857e-05],
          [2.7676e-05],
          [2.7185e-05],
          [2.7539e-05],
          [1.7859e-05],
          [1.6301e-05],
          [1.4992e-05],
          [2.0700e-05],
          [2.2781e-05],
          [2.8971e-05],
          [3.0943e-05],
          [3.0526e-05],
          [2.5393e-05],
          [1.3741e-04],
          [1.7436e-04],
          [1.8449e-05],
          [2.8844e-04],
          [1.7281e-05],
          [1.5392e-05],
          [1.3151e-05],
          [1.6768e-05],
          [1.7309e-05],
          [1.7444e-05],
          [1.4428e-05],
          [2.4028e-05],
          [1.6361e-05],
          [1.5869e-05],
          [1.6408e-05],
          [1.7327e-05],
          [2.0896e-05],
          [2.1641e-05],
          [4.3120e-05],
          [4.7230e-04],
          [1.3440e-03],
          [2.8340e-03],
          [1.2731e-03],
          [2.7639e-04],
          [1.2392e-04],
          [4.2834e-05],
          [2.6366e-05],
          [1.9737e-05],
          [2.2192e-05],
          [1.7721e-05],
          [1.5508e-05],
          [1.2758e-05],
          [1.5015e-05],
          [1.6133e-05],
          [2.0633e-05],
          [2.2389e-05],
          [3.0601e-05],
          [4.2541e-05],
          [6.1600e-05],
          [6.5110e-05],
          [7.9706e-05],
          [7.2466e-05],
          [8.9048e-05],
          [8.2092e-05],
          [6.2213e-05],
          [4.5751e-04],
          [2.5810e-04],
          [2.5666e-04],
          [6.3764e-04],
          [1.8750e-05],
          [4.0254e-05],
          [1.2068e-04],
          [1.2859e-04],
          [2.8369e-05],
          [3.0940e-05],
          [2.9305e-05],
          [2.3853e-05],
          [2.5701e-05],
          [2.4518e-05],
          [2.3265e-05],
          [3.9275e-04],
          [4.4409e-04],
          [3.2633e-05],
          [3.9875e-05],
          [4.4760e-05],
          [4.4187e-05],
          [4.0614e-05],
          [4.4311e-04],
          [6.7923e-05],
          [2.4391e-04],
          [1.8234e-05],
          [1.8054e-05],
          [1.7908e-04],
          [1.2418e-05],
          [3.1542e-04],
          [1.3444e-05],
          [1.2170e-05],
          [1.2389e-05],
          [6.0073e-04],
          [4.4207e-05],
          [4.7658e-04],
          [2.1477e-05],
          [2.8211e-05],
          [3.0106e-05],
          [3.0215e-05],
          [3.4609e-05],
          [2.8557e-05],
          [4.3267e-04],
          [2.6997e-04],
          [2.4029e-05],
          [1.8858e-05],
          [1.8703e-05],
          [1.4077e-05],
          [1.4044e-05],
          [1.5227e-05],
          [1.5434e-05],
          [4.7990e-04],
          [1.7129e-04],
          [1.4814e-05],
          [1.3701e-05],
          [1.5028e-05],
          [1.5518e-05],
          [4.2537e-04],
          [5.2977e-05],
          [2.2067e-05],
          [5.9470e-04],
          [1.6258e-05],
          [1.5090e-05],
          [1.4249e-05],
          [2.1072e-05],
          [2.2579e-05],
          [2.0015e-05],
          [2.1067e-05],
          [2.0569e-05],
          [2.6640e-05],
          [2.5579e-05],
          [2.3796e-05],
          [2.4973e-05],
          [3.3755e-05],
          [1.9823e-05],
          [2.1274e-05],
          [1.5092e-05],
          [1.2314e-05],
          [4.5510e-04],
          [2.3918e-04],
          [2.0202e-05],
          [1.7227e-05],
          [2.0640e-05],
          [3.0492e-05],
          [3.9005e-05],
          [2.3808e-05],
          [2.3673e-05],
          [6.1255e-05],
          [3.3227e-05],
          [1.6025e-05],
          [3.3123e-04],
          [1.2592e-04],
          [2.0906e-05],
          [2.8482e-04],
          [1.3272e-05],
          [2.2385e-04],
          [1.9225e-04],
          [2.1865e-05],
          [2.3215e-05],
          [2.8880e-05],
          [2.6979e-05],
          [3.1134e-05],
          [3.3513e-05],
          [4.8040e-05],
          [4.9466e-05],
          [7.7007e-05],
          [8.8638e-05],
          [1.2644e-04],
          [1.3151e-04],
          [1.5608e-04],
          [9.0645e-05],
          [6.8671e-04],
          [5.8126e-05],
          [4.1592e-05],
          [1.6172e-04],
          [1.8688e-04],
          [3.4472e-05],
          [2.6600e-04],
          [2.0567e-04],
          [3.6650e-05],
          [1.9752e-04],
          [1.6924e-05],
          [1.3625e-05],
          [1.2572e-05],
          [9.8454e-06],
          [1.0952e-05],
          [1.0956e-05],
          [2.0027e-05],
          [1.4095e-05],
          [1.7525e-05],
          [1.4660e-05],
          [2.8147e-04],
          [2.4580e-05],
          [6.6180e-05],
          [9.1575e-05],
          [1.2659e-05],
          [1.2720e-05],
          [1.1731e-05],
          [1.1054e-05],
          [1.2130e-05],
          [1.1069e-05],
          [5.4066e-04],
          [1.9934e-05],
          [4.9939e-04],
          [1.5398e-05],
          [1.4301e-05],
          [1.6438e-05],
          [1.4277e-05],
          [1.7121e-05],
          [1.6760e-05],
          [1.8591e-05],
          [2.1695e-05],
          [2.1471e-05],
          [2.1349e-05],
          [2.1976e-05],
          [2.8294e-05],
          [5.2317e-04],
          [2.9807e-04],
          [2.0239e-05],
          [1.7693e-05],
          [1.4803e-05],
          [1.3052e-05],
          [1.4844e-05],
          [1.9287e-05],
          [1.8058e-05],
          [1.5228e-05],
          [1.4710e-05],
          [1.4829e-05],
          [1.5896e-05],
          [1.3411e-05],
          [1.1942e-05],
          [1.2107e-05],
          [1.2798e-05],
          [1.2997e-05],
          [1.4665e-05],
          [2.0565e-05],
          [2.2532e-05],
          [2.3931e-05],
          [3.4883e-05],
          [3.4299e-05],
          [3.3295e-05],
          [3.5126e-05],
          [3.0182e-05],
          [4.0451e-05],
          [5.1101e-05],
          [4.1129e-05],
          [3.5080e-05],
          [4.7058e-05],
          [4.8745e-05],
          [3.9361e-05],
          [2.9043e-05],
          [5.8862e-05],
          [3.8869e-05],
          [3.7106e-05],
          [3.2857e-05],
          [2.1433e-05],
          [3.4087e-05],
          [2.0061e-05],
          [2.4538e-05],
          [2.2428e-05],
          [3.0845e-04],
          [3.4930e-05],
          [3.2165e-04],
          [2.3338e-05],
          [2.3899e-05],
          [2.4589e-05],
          [2.2824e-05],
          [2.3273e-05],
          [2.1473e-05],
          [1.5987e-05],
          [1.2373e-05],
          [1.2247e-05],
          [1.2585e-05],
          [1.3482e-05],
          [1.2001e-05],
          [1.4154e-05],
          [1.4304e-05],
          [3.8515e-04],
          [6.7284e-05],
          [6.5001e-04],
          [1.9645e-05],
          [1.6271e-05],
          [1.3523e-05],
          [1.2706e-05],
          [5.4144e-04],
          [3.6541e-04],
          [1.5324e-05],
          [2.1507e-05],
          [2.5556e-05],
          [3.7792e-05],
          [4.4505e-05],
          [4.7557e-05],
          [5.5872e-05],
          [4.9945e-05],
          [3.8110e-05],
          [2.4325e-05],
          [2.5720e-05],
          [1.6255e-05],
          [1.0766e-05],
          [1.3008e-05],
          [1.4909e-05],
          [1.6444e-05],
          [1.4825e-05],
          [6.3320e-05],
          [2.9954e-05],
          [3.4594e-05],
          [1.2239e-04],
          [2.5406e-05],
          [3.4313e-05],
          [2.0859e-05],
          [2.2190e-05],
          [1.8423e-05],
          [2.9396e-04],
          [3.2731e-04],
          [2.0827e-05],
          [2.0268e-05],
          [2.1027e-05],
          [1.8463e-05],
          [3.4779e-05],
          [3.3046e-05],
          [3.7048e-05],
          [1.1840e-04],
          [4.4761e-05],
          [3.6351e-04],
          [2.3585e-04],
          [2.8916e-05],
          [1.9052e-05],
          [1.5022e-05],
          [2.1873e-05],
          [1.4716e-05],
          [3.6475e-04],
          [1.2078e-04],
          [1.8290e-05],
          [8.1096e-05],
          [1.6921e-04],
          [2.1366e-05],
          [2.1905e-04],
          [2.5240e-05],
          [2.7717e-04],
          [2.3545e-05],
          [1.4140e-05],
          [1.0983e-05],
          [1.8205e-05],
          [1.1526e-05],
          [5.3114e-05],
          [7.1945e-06]]]])
