# Using CPU
# Loading Embeddings...
# Making Predictions...
torch.Size([1, 1, 442, 258])
tensor([[[[2.3239e-04],
          [8.1291e-05],
          [2.0674e-04],
          [7.0169e-05],
          [8.1843e-06],
          [3.5757e-04],
          [5.3845e-04],
          [3.2827e-05],
          [2.7572e-04],
          [1.1241e-03],
          [1.3695e-05],
          [1.3065e-05],
          [3.3216e-04],
          [2.7767e-04],
          [7.4614e-05],
          [3.2058e-05],
          [1.2473e-04],
          [2.4262e-05],
          [2.9636e-05],
          [1.6519e-05],
          [5.3998e-04],
          [3.2219e-05],
          [1.8571e-03],
          [1.2721e-05],
          [1.5165e-05],
          [2.1001e-05],
          [2.6069e-05],
          [3.9710e-05],
          [3.8887e-05],
          [5.0378e-05],
          [4.2535e-05],
          [4.4728e-05],
          [4.0252e-05],
          [6.4350e-05],
          [3.9617e-05],
          [4.0851e-05],
          [1.0215e-03],
          [4.0037e-05],
          [2.9063e-04],
          [1.0497e-04],
          [1.1837e-03],
          [2.0518e-05],
          [1.9411e-05],
          [2.1412e-05],
          [1.5093e-05],
          [1.4814e-05],
          [1.4227e-05],
          [3.8704e-05],
          [7.5142e-05],
          [2.2658e-04],
          [8.0851e-04],
          [1.9371e-05],
          [1.6291e-05],
          [3.9567e-04],
          [1.1555e-03],
          [1.5104e-05],
          [1.4331e-05],
          [2.0547e-05],
          [1.6851e-05],
          [2.0421e-05],
          [1.9269e-05],
          [1.7635e-05],
          [2.7744e-04],
          [5.5835e-04],
          [1.7147e-05],
          [1.6898e-05],
          [1.6047e-05],
          [1.4736e-05],
          [1.4857e-05],
          [1.3727e-05],
          [1.3202e-05],
          [2.8603e-04],
          [3.2140e-05],
          [4.0499e-05],
          [1.4482e-05],
          [2.0461e-05],
          [5.1276e-03],
          [1.4512e-05],
          [1.3313e-05],
          [1.1264e-05],
          [3.4913e-04],
          [3.9667e-04],
          [1.1205e-05],
          [1.0759e-05],
          [1.2951e-05],
          [1.4396e-05],
          [1.7058e-05],
          [1.7174e-05],
          [1.6243e-05],
          [1.4490e-05],
          [2.8216e-04],
          [5.4797e-05],
          [6.3085e-04],
          [1.1754e-05],
          [1.8072e-05],
          [2.3368e-05],
          [2.8098e-05],
          [3.4008e-05],
          [3.1774e-05],
          [3.2834e-05],
          [3.4958e-05],
          [2.2686e-05],
          [1.5485e-05],
          [1.0826e-05],
          [1.2537e-05],
          [1.6111e-05],
          [1.8130e-05],
          [2.3121e-05],
          [2.5758e-05],
          [2.6597e-05],
          [2.2773e-05],
          [8.5806e-05],
          [1.5843e-04],
          [1.6642e-05],
          [5.6835e-04],
          [1.5003e-05],
          [1.1877e-05],
          [1.0433e-05],
          [1.2365e-05],
          [1.3579e-05],
          [1.3865e-05],
          [1.1644e-05],
          [2.0337e-05],
          [1.2991e-05],
          [1.4562e-05],
          [1.3837e-05],
          [1.5869e-05],
          [1.5692e-05],
          [2.1133e-05],
          [2.0503e-05],
          [2.0631e-05],
          [4.9415e-04],
          [8.6197e-04],
          [2.1669e-05],
          [2.3000e-05],
          [1.6140e-05],
          [1.4248e-05],
          [1.5144e-05],
          [1.1855e-05],
          [1.2483e-05],
          [1.1727e-05],
          [1.2342e-05],
          [1.0118e-05],
          [1.2022e-05],
          [1.4553e-05],
          [1.9718e-05],
          [2.0236e-05],
          [3.0502e-05],
          [3.4989e-05],
          [5.3465e-05],
          [5.2102e-05],
          [4.5196e-05],
          [4.5551e-05],
          [4.6675e-05],
          [4.2935e-05],
          [3.9768e-05],
          [1.8895e-04],
          [7.3803e-04],
          [1.4835e-04],
          [2.7977e-03],
          [1.6286e-05],
          [1.7892e-05],
          [1.6821e-05],
          [1.9475e-05],
          [1.7864e-05],
          [2.6484e-05],
          [2.0933e-05],
          [2.2691e-05],
          [2.2385e-05],
          [2.4140e-05],
          [1.9753e-05],
          [2.6260e-04],
          [1.2670e-03],
          [2.2100e-05],
          [2.7665e-05],
          [2.7317e-05],
          [3.0358e-05],
          [2.8728e-05],
          [3.6530e-04],
          [5.0233e-05],
          [2.8629e-04],
          [1.6001e-05],
          [2.1845e-05],
          [2.8012e-04],
          [1.5612e-05],
          [9.6377e-04],
          [1.4265e-05],
          [1.3140e-05],
          [1.0521e-05],
          [3.1743e-04],
          [3.5244e-05],
          [3.3772e-03],
          [2.2439e-05],
          [2.5846e-05],
          [2.6483e-05],
          [2.5770e-05],
          [2.7785e-05],
          [2.3133e-05],
          [3.6790e-04],
          [7.4327e-04],
          [1.8497e-05],
          [1.6324e-05],
          [1.5630e-05],
          [1.3487e-05],
          [1.3936e-05],
          [1.3654e-05],
          [2.0542e-05],
          [2.1502e-04],
          [1.7172e-03],
          [1.3608e-05],
          [1.3754e-05],
          [1.4581e-05],
          [1.4469e-05],
          [2.3126e-04],
          [3.4922e-05],
          [1.7581e-05],
          [5.1039e-03],
          [1.5054e-05],
          [1.5134e-05],
          [1.3459e-05],
          [1.4179e-05],
          [1.5975e-05],
          [1.3217e-05],
          [1.1907e-05],
          [1.2738e-05],
          [3.5809e-05],
          [1.3850e-05],
          [1.2629e-05],
          [1.3090e-05],
          [1.1204e-05],
          [1.2253e-05],
          [1.2349e-05],
          [1.1755e-05],
          [1.2738e-05],
          [2.3784e-04],
          [9.0944e-04],
          [1.4067e-05],
          [1.6352e-05],
          [1.3015e-05],
          [1.5624e-05],
          [3.2002e-05],
          [3.2289e-05],
          [1.8108e-05],
          [2.1738e-05],
          [2.1407e-05],
          [1.3887e-05],
          [2.3806e-04],
          [1.2527e-04],
          [2.3996e-05],
          [3.9111e-04],
          [9.2796e-06],
          [1.6143e-04],
          [5.2211e-04],
          [1.4758e-05],
          [1.7962e-05],
          [1.7737e-05],
          [1.8743e-05],
          [2.5407e-05],
          [2.8444e-05],
          [4.0704e-05],
          [3.6270e-05],
          [4.9089e-05],
          [4.2364e-05],
          [6.7843e-05],
          [4.6224e-05],
          [4.5853e-05],
          [2.8996e-05],
          [2.3776e-04],
          [2.5914e-05],
          [1.9185e-05],
          [8.1137e-04],
          [1.2103e-04],
          [2.2361e-05],
          [6.5225e-04],
          [1.7369e-04],
          [3.4822e-05],
          [2.2048e-04],
          [1.2849e-05],
          [1.0279e-05],
          [9.4580e-06],
          [9.4370e-06],
          [9.5459e-06],
          [9.2756e-06],
          [2.2133e-05],
          [1.2949e-05],
          [1.6513e-05],
          [1.1299e-05],
          [4.1414e-04],
          [3.6834e-05],
          [7.4246e-05],
          [2.5909e-04],
          [9.3795e-06],
          [8.7036e-06],
          [9.5198e-06],
          [9.0249e-06],
          [8.5812e-06],
          [8.9959e-06],
          [3.4097e-04],
          [2.1211e-05],
          [4.2311e-03],
          [1.2561e-05],
          [1.0267e-05],
          [1.1197e-05],
          [1.1657e-05],
          [1.1132e-05],
          [1.1676e-05],
          [1.2117e-05],
          [1.4873e-05],
          [1.4593e-05],
          [1.9975e-05],
          [2.3880e-05],
          [2.5777e-05],
          [2.0916e-04],
          [1.4885e-03],
          [1.9123e-05],
          [1.6111e-05],
          [1.8319e-05],
          [1.1227e-05],
          [1.0796e-05],
          [1.5905e-05],
          [2.0006e-05],
          [1.6571e-05],
          [1.4010e-05],
          [1.3361e-05],
          [1.3522e-05],
          [1.0733e-05],
          [1.1122e-05],
          [1.0548e-05],
          [1.2153e-05],
          [1.1182e-05],
          [1.1818e-05],
          [1.0491e-05],
          [1.2897e-05],
          [1.1599e-05],
          [1.2837e-05],
          [1.6159e-05],
          [1.7396e-05],
          [2.3756e-05],
          [1.8472e-05],
          [2.9152e-05],
          [2.8498e-05],
          [2.8603e-05],
          [2.2032e-05],
          [2.3577e-05],
          [2.3028e-05],
          [2.4508e-05],
          [1.7318e-05],
          [1.5058e-05],
          [1.6705e-05],
          [1.6262e-05],
          [1.4630e-05],
          [1.2997e-05],
          [1.5509e-05],
          [1.4236e-05],
          [1.2983e-05],
          [1.3971e-05],
          [2.0884e-04],
          [4.6733e-05],
          [3.0348e-03],
          [1.8061e-05],
          [2.0383e-05],
          [1.6424e-05],
          [1.7351e-05],
          [1.3497e-05],
          [1.1070e-05],
          [1.0021e-05],
          [1.0210e-05],
          [1.0225e-05],
          [1.1174e-05],
          [1.0921e-05],
          [1.0773e-05],
          [1.3502e-05],
          [1.4026e-05],
          [2.4663e-04],
          [7.0362e-05],
          [3.3995e-03],
          [1.2959e-05],
          [1.1517e-05],
          [9.2354e-06],
          [1.0137e-05],
          [3.0483e-04],
          [2.5347e-03],
          [1.1937e-05],
          [1.1298e-05],
          [1.1465e-05],
          [1.6636e-05],
          [2.1306e-05],
          [3.1878e-05],
          [3.6339e-05],
          [3.1530e-05],
          [2.6527e-05],
          [2.0769e-05],
          [1.6365e-05],
          [1.2869e-05],
          [1.1297e-05],
          [1.0928e-05],
          [1.0349e-05],
          [1.2381e-05],
          [1.1249e-05],
          [2.5853e-05],
          [2.7587e-05],
          [3.6086e-05],
          [3.6068e-05],
          [2.4475e-05],
          [2.2622e-05],
          [2.3767e-05],
          [2.2264e-05],
          [1.6843e-05],
          [1.8766e-04],
          [6.9957e-04],
          [2.0559e-05],
          [1.7414e-05],
          [1.5123e-05],
          [1.4708e-05],
          [1.6530e-05],
          [1.8896e-05],
          [1.4971e-05],
          [8.9442e-05],
          [6.8935e-05],
          [2.1607e-04],
          [1.3451e-03],
          [1.4900e-05],
          [1.4305e-05],
          [1.4331e-05],
          [1.3974e-05],
          [1.3015e-05],
          [2.6364e-04],
          [1.4152e-04],
          [1.7381e-05],
          [7.3843e-05],
          [6.2298e-04],
          [1.4669e-05],
          [3.3853e-04],
          [2.8294e-05],
          [2.8550e-04],
          [1.9061e-05],
          [1.0990e-05],
          [9.7354e-06],
          [1.0423e-05],
          [2.7528e-05],
          [3.5038e-05],
          [7.7136e-06]]]])
