# Using CPU
# Loading Embeddings...
# Making Predictions...
torch.Size([1, 1, 442, 252])
tensor([[[[1.3199e-04],
          [3.0404e-05],
          [1.2392e-04],
          [9.1202e-05],
          [8.9406e-06],
          [2.1716e-04],
          [1.9626e-04],
          [3.4753e-05],
          [2.5180e-04],
          [3.4444e-04],
          [1.2233e-05],
          [1.2071e-05],
          [2.9043e-04],
          [2.9341e-04],
          [6.9317e-05],
          [2.3174e-05],
          [7.1524e-05],
          [1.7768e-05],
          [1.9771e-05],
          [1.6291e-05],
          [1.1552e-03],
          [3.8883e-05],
          [7.5978e-04],
          [1.5745e-05],
          [1.2837e-05],
          [1.5499e-05],
          [1.9568e-05],
          [2.9713e-05],
          [3.3123e-05],
          [3.9995e-05],
          [3.7636e-05],
          [4.1366e-05],
          [3.9996e-05],
          [4.9498e-05],
          [3.5854e-05],
          [3.1569e-05],
          [6.4587e-04],
          [4.7031e-05],
          [1.7985e-04],
          [1.8026e-04],
          [5.2091e-04],
          [1.9489e-05],
          [1.6894e-05],
          [1.7545e-05],
          [1.3475e-05],
          [1.4904e-05],
          [1.4265e-05],
          [3.6600e-05],
          [6.7988e-05],
          [3.2407e-04],
          [4.5320e-04],
          [2.1038e-05],
          [1.4605e-05],
          [7.9608e-04],
          [4.4670e-04],
          [1.2270e-05],
          [1.1015e-05],
          [1.5246e-05],
          [1.2281e-05],
          [1.3189e-05],
          [1.2268e-05],
          [1.3614e-05],
          [3.0554e-04],
          [5.0559e-04],
          [1.4535e-05],
          [1.2154e-05],
          [1.3211e-05],
          [1.3843e-05],
          [1.4208e-05],
          [1.1775e-05],
          [1.1748e-05],
          [3.4642e-04],
          [2.4295e-05],
          [3.0351e-05],
          [1.1445e-05],
          [2.2907e-05],
          [1.5274e-03],
          [1.4257e-05],
          [2.1989e-05],
          [1.1991e-05],
          [1.9317e-04],
          [3.2477e-04],
          [1.3394e-05],
          [1.0673e-05],
          [1.1014e-05],
          [1.2409e-05],
          [1.2770e-05],
          [1.4931e-05],
          [1.4039e-05],
          [1.3937e-05],
          [9.1795e-04],
          [1.0321e-04],
          [5.1388e-04],
          [1.3733e-05],
          [1.4093e-05],
          [2.1124e-05],
          [2.6134e-05],
          [2.9189e-05],
          [2.8813e-05],
          [2.9608e-05],
          [3.3797e-05],
          [1.7988e-05],
          [1.2916e-05],
          [1.1801e-05],
          [9.4960e-06],
          [1.2475e-05],
          [1.2822e-05],
          [1.4197e-05],
          [1.4576e-05],
          [1.4856e-05],
          [1.1903e-05],
          [1.0626e-04],
          [1.5062e-04],
          [3.1387e-05],
          [4.4242e-04],
          [1.6626e-05],
          [1.1418e-05],
          [1.0190e-05],
          [1.0346e-05],
          [1.0370e-05],
          [1.1195e-05],
          [1.0076e-05],
          [2.0107e-05],
          [1.1383e-05],
          [1.4750e-05],
          [1.0556e-05],
          [1.0556e-05],
          [1.0511e-05],
          [1.2211e-05],
          [1.2059e-05],
          [1.1770e-05],
          [4.3579e-04],
          [5.9301e-04],
          [1.7382e-05],
          [1.7584e-05],
          [1.4023e-05],
          [1.2171e-05],
          [1.1887e-05],
          [1.0040e-05],
          [1.1300e-05],
          [1.0189e-05],
          [9.9105e-06],
          [9.8334e-06],
          [9.5304e-06],
          [1.1738e-05],
          [1.2726e-05],
          [1.2962e-05],
          [1.5693e-05],
          [1.8812e-05],
          [2.4594e-05],
          [2.3605e-05],
          [2.6987e-05],
          [2.7298e-05],
          [3.1393e-05],
          [2.8079e-05],
          [3.1823e-05],
          [5.8188e-04],
          [4.1669e-04],
          [5.8398e-04],
          [1.0487e-03],
          [1.4531e-05],
          [1.3399e-05],
          [1.2690e-05],
          [1.3214e-05],
          [1.4360e-05],
          [1.5686e-05],
          [1.4852e-05],
          [1.5484e-05],
          [1.7383e-05],
          [1.6621e-05],
          [1.4726e-05],
          [1.0466e-03],
          [9.1637e-04],
          [1.5312e-05],
          [1.5428e-05],
          [1.9412e-05],
          [1.7055e-05],
          [1.5521e-05],
          [3.2237e-04],
          [3.6497e-05],
          [6.8178e-04],
          [1.2740e-05],
          [1.5939e-05],
          [3.2591e-04],
          [1.8084e-05],
          [5.4973e-04],
          [1.3306e-05],
          [1.2844e-05],
          [1.2456e-05],
          [1.7849e-03],
          [5.5988e-05],
          [1.1063e-03],
          [1.4068e-05],
          [1.5311e-05],
          [1.3817e-05],
          [1.3829e-05],
          [1.5064e-05],
          [1.2923e-05],
          [2.9713e-04],
          [5.6090e-04],
          [1.2099e-05],
          [1.2112e-05],
          [1.2800e-05],
          [2.2820e-05],
          [1.2096e-05],
          [1.3254e-05],
          [5.6127e-05],
          [6.5389e-04],
          [7.1968e-04],
          [1.1962e-05],
          [1.1220e-05],
          [1.1785e-05],
          [1.3163e-05],
          [7.3524e-04],
          [3.3351e-05],
          [1.9250e-05],
          [1.3693e-03],
          [1.6321e-05],
          [1.6237e-05],
          [1.6518e-05],
          [1.8900e-05],
          [1.0707e-05],
          [9.9429e-06],
          [9.7468e-06],
          [1.0131e-05],
          [1.0698e-04],
          [1.1041e-05],
          [9.7971e-06],
          [1.1926e-05],
          [9.8314e-06],
          [1.3373e-05],
          [1.1973e-05],
          [9.8695e-06],
          [1.1578e-05],
          [6.6040e-04],
          [4.3211e-04],
          [1.3213e-05],
          [1.0968e-05],
          [9.9074e-06],
          [1.3165e-05],
          [2.1518e-05],
          [1.8423e-05],
          [1.5324e-05],
          [2.1861e-05],
          [1.9040e-05],
          [1.1589e-05],
          [1.8740e-04],
          [1.6160e-04],
          [2.3617e-05],
          [3.3534e-04],
          [1.2085e-05],
          [3.7718e-04],
          [2.9719e-04],
          [1.3968e-05],
          [1.3079e-05],
          [1.7794e-05],
          [1.3461e-05],
          [1.6367e-05],
          [1.7306e-05],
          [1.9989e-05],
          [1.8395e-05],
          [2.1686e-05],
          [2.3459e-05],
          [2.8880e-05],
          [3.5085e-05],
          [3.0657e-05],
          [3.3396e-05],
          [2.3550e-04],
          [2.1110e-05],
          [1.7981e-05],
          [5.4103e-04],
          [2.0431e-04],
          [7.5797e-05],
          [2.5989e-04],
          [1.8947e-04],
          [3.7407e-05],
          [3.9842e-04],
          [1.7117e-05],
          [1.3745e-05],
          [9.7522e-06],
          [9.6988e-06],
          [8.9271e-06],
          [9.5774e-06],
          [1.5636e-05],
          [1.2279e-05],
          [1.5611e-05],
          [1.0898e-05],
          [4.0030e-04],
          [2.4923e-05],
          [1.2194e-04],
          [1.2475e-04],
          [1.2369e-05],
          [9.6506e-06],
          [3.1605e-05],
          [9.2436e-06],
          [9.5791e-06],
          [9.6383e-06],
          [9.8182e-04],
          [3.0338e-05],
          [1.3766e-03],
          [1.4272e-05],
          [1.0005e-05],
          [1.0490e-05],
          [1.0182e-05],
          [1.0560e-05],
          [1.0008e-05],
          [1.0316e-05],
          [1.1734e-05],
          [1.1983e-05],
          [1.2884e-05],
          [1.3953e-05],
          [1.8054e-05],
          [5.5421e-04],
          [6.9526e-04],
          [1.4945e-05],
          [1.2213e-05],
          [8.6607e-05],
          [9.6861e-06],
          [1.0470e-05],
          [1.2571e-05],
          [1.4527e-05],
          [1.6313e-05],
          [3.2765e-05],
          [1.1733e-05],
          [1.3139e-05],
          [1.0492e-05],
          [1.0542e-05],
          [1.1367e-05],
          [1.2144e-05],
          [1.1978e-05],
          [1.2220e-05],
          [1.2258e-05],
          [2.5078e-05],
          [1.1617e-05],
          [1.1623e-05],
          [1.4095e-05],
          [1.7962e-05],
          [1.7902e-05],
          [1.6046e-05],
          [2.4641e-05],
          [2.1814e-05],
          [2.3063e-05],
          [1.4630e-05],
          [1.5967e-05],
          [1.5328e-05],
          [1.4956e-05],
          [1.2207e-05],
          [1.6521e-05],
          [1.4315e-05],
          [1.8154e-05],
          [1.6076e-05],
          [1.7946e-05],
          [1.3760e-05],
          [1.1914e-05],
          [1.2683e-05],
          [1.1410e-05],
          [1.2566e-04],
          [2.3835e-05],
          [5.6641e-04],
          [1.3097e-05],
          [1.4235e-05],
          [3.0997e-05],
          [1.3174e-05],
          [1.2956e-05],
          [1.1454e-05],
          [1.0707e-05],
          [1.0623e-05],
          [1.0689e-05],
          [1.1045e-05],
          [1.0889e-05],
          [9.9176e-06],
          [1.0948e-05],
          [1.0566e-05],
          [1.9384e-04],
          [1.1797e-04],
          [9.1232e-04],
          [1.4168e-05],
          [9.5639e-06],
          [8.6539e-06],
          [1.6610e-05],
          [4.4941e-04],
          [8.3113e-04],
          [1.1464e-05],
          [1.0625e-05],
          [1.1839e-05],
          [1.3253e-05],
          [1.7289e-05],
          [3.6467e-05],
          [2.3060e-05],
          [3.8489e-05],
          [1.9457e-05],
          [1.3839e-05],
          [1.4401e-05],
          [1.0242e-05],
          [1.1609e-05],
          [1.1934e-05],
          [1.0970e-05],
          [1.7083e-05],
          [1.1750e-05],
          [2.1359e-05],
          [3.5342e-05],
          [4.2983e-05],
          [4.4660e-05],
          [2.8783e-05],
          [2.1170e-05],
          [2.0344e-05],
          [1.7704e-05],
          [1.6444e-05],
          [3.6038e-04],
          [3.4248e-04],
          [1.8720e-05],
          [1.4318e-05],
          [1.3824e-05],
          [1.4496e-05],
          [1.9284e-05],
          [1.9255e-05],
          [1.7392e-05],
          [6.2267e-05],
          [4.0884e-05],
          [3.9862e-04],
          [4.8377e-04],
          [1.4352e-05],
          [1.2597e-05],
          [1.3927e-05],
          [1.3190e-05],
          [1.1227e-05],
          [5.5229e-04],
          [1.4298e-04],
          [1.7162e-05],
          [7.0958e-05],
          [4.2664e-04],
          [1.7004e-05],
          [2.8294e-04],
          [2.1290e-05],
          [3.9155e-04],
          [1.7838e-05],
          [1.0903e-05],
          [9.3181e-06],
          [9.5138e-06],
          [2.5297e-05],
          [2.9168e-05],
          [7.8774e-06]]]])
