# Using CPU
# Loading Embeddings...
# Making Predictions...
torch.Size([1, 1, 442, 260])
tensor([[[[9.3162e-05],
          [2.5487e-05],
          [8.4598e-05],
          [2.4916e-05],
          [8.9278e-06],
          [2.4629e-04],
          [5.0946e-04],
          [1.8893e-05],
          [1.7147e-04],
          [5.2714e-04],
          [2.2072e-05],
          [2.0922e-05],
          [2.2389e-04],
          [2.1549e-04],
          [3.7632e-05],
          [1.1377e-05],
          [1.4968e-05],
          [9.2930e-06],
          [1.0582e-05],
          [2.6720e-05],
          [2.3927e-04],
          [2.2629e-05],
          [3.2030e-04],
          [1.5895e-05],
          [2.1144e-05],
          [3.1272e-05],
          [4.6843e-05],
          [8.5975e-05],
          [1.0978e-04],
          [1.3828e-04],
          [1.4783e-04],
          [1.7500e-04],
          [1.6649e-04],
          [1.9124e-04],
          [1.4085e-04],
          [1.0800e-04],
          [1.2048e-03],
          [1.4526e-04],
          [1.8994e-04],
          [1.0195e-04],
          [3.5590e-04],
          [3.1465e-05],
          [3.1510e-05],
          [3.3418e-05],
          [2.3412e-05],
          [2.1312e-05],
          [1.5892e-05],
          [1.3873e-05],
          [1.3567e-05],
          [1.9120e-04],
          [2.7415e-04],
          [1.1271e-05],
          [1.1569e-05],
          [3.2090e-04],
          [2.7578e-04],
          [1.6134e-05],
          [1.8075e-05],
          [1.7823e-05],
          [2.4449e-05],
          [2.8352e-05],
          [2.8150e-05],
          [2.6074e-05],
          [2.8162e-04],
          [2.8446e-04],
          [1.8999e-05],
          [1.8163e-05],
          [1.8033e-05],
          [1.6231e-05],
          [1.7550e-05],
          [1.7065e-05],
          [1.6709e-05],
          [2.9987e-04],
          [2.8995e-05],
          [2.0996e-05],
          [1.5757e-05],
          [1.9725e-05],
          [7.6113e-04],
          [1.5146e-05],
          [1.5459e-05],
          [1.3115e-05],
          [1.4171e-04],
          [1.7218e-04],
          [1.6159e-05],
          [1.6826e-05],
          [1.8860e-05],
          [2.3223e-05],
          [2.5001e-05],
          [2.6045e-05],
          [2.1015e-05],
          [1.7926e-05],
          [2.2907e-04],
          [4.9575e-05],
          [2.4340e-04],
          [1.3130e-05],
          [1.2322e-05],
          [1.4617e-05],
          [1.6082e-05],
          [2.0230e-05],
          [1.7322e-05],
          [1.8075e-05],
          [1.9346e-05],
          [1.3806e-05],
          [1.1763e-05],
          [1.1350e-05],
          [1.3433e-05],
          [2.0446e-05],
          [2.3763e-05],
          [3.1465e-05],
          [3.2554e-05],
          [3.3221e-05],
          [2.6947e-05],
          [1.3263e-04],
          [1.1591e-04],
          [1.9942e-05],
          [2.0311e-04],
          [1.6461e-05],
          [1.5307e-05],
          [1.3617e-05],
          [1.6471e-05],
          [1.8780e-05],
          [1.8931e-05],
          [1.3121e-05],
          [1.4171e-05],
          [1.2392e-05],
          [1.4660e-05],
          [1.3499e-05],
          [1.5305e-05],
          [1.5576e-05],
          [1.9388e-05],
          [2.0748e-05],
          [2.0123e-05],
          [3.1208e-04],
          [4.3765e-04],
          [2.5144e-05],
          [2.7777e-05],
          [2.6904e-05],
          [2.3233e-05],
          [2.4620e-05],
          [2.1009e-05],
          [2.2185e-05],
          [1.7028e-05],
          [1.6473e-05],
          [1.1413e-05],
          [1.3078e-05],
          [1.5511e-05],
          [2.1131e-05],
          [2.3464e-05],
          [3.3775e-05],
          [4.4768e-05],
          [7.1809e-05],
          [7.8056e-05],
          [9.2995e-05],
          [9.0559e-05],
          [1.0998e-04],
          [9.0479e-05],
          [7.8240e-05],
          [3.2003e-04],
          [2.5686e-04],
          [1.2903e-04],
          [4.9235e-04],
          [1.8499e-05],
          [1.7795e-05],
          [1.7057e-05],
          [1.9341e-05],
          [2.0427e-05],
          [2.8746e-05],
          [2.7756e-05],
          [2.6564e-05],
          [3.2525e-05],
          [3.2512e-05],
          [2.1743e-05],
          [2.5801e-04],
          [4.4081e-04],
          [3.2815e-05],
          [3.7705e-05],
          [4.2829e-05],
          [4.8401e-05],
          [4.1831e-05],
          [2.2661e-04],
          [8.9495e-05],
          [2.1957e-04],
          [1.7430e-05],
          [2.3396e-05],
          [1.7733e-04],
          [1.4000e-05],
          [2.0038e-04],
          [1.3458e-05],
          [1.4583e-05],
          [1.3145e-05],
          [2.6366e-04],
          [4.4763e-05],
          [8.5306e-04],
          [2.1697e-05],
          [2.9293e-05],
          [3.0732e-05],
          [3.1700e-05],
          [3.6605e-05],
          [2.7341e-05],
          [1.9481e-04],
          [2.9207e-04],
          [2.2344e-05],
          [1.9336e-05],
          [1.8840e-05],
          [1.4226e-05],
          [1.5957e-05],
          [1.7460e-05],
          [2.1284e-05],
          [1.4614e-04],
          [3.4664e-04],
          [1.7753e-05],
          [1.5646e-05],
          [1.6513e-05],
          [1.5104e-05],
          [2.3106e-04],
          [2.9979e-05],
          [1.8543e-05],
          [6.7090e-04],
          [1.4949e-05],
          [1.3330e-05],
          [1.3182e-05],
          [1.2523e-05],
          [1.5332e-05],
          [1.3631e-05],
          [1.2340e-05],
          [1.3043e-05],
          [2.7634e-05],
          [1.6827e-05],
          [1.4949e-05],
          [1.1931e-05],
          [1.1090e-05],
          [1.1784e-05],
          [1.3554e-05],
          [1.3725e-05],
          [1.5305e-05],
          [1.8214e-04],
          [2.1226e-04],
          [2.0146e-05],
          [1.6728e-05],
          [1.3298e-05],
          [1.7200e-05],
          [2.1746e-05],
          [1.9628e-05],
          [1.3978e-05],
          [1.7555e-05],
          [1.7821e-05],
          [1.2549e-05],
          [1.7026e-04],
          [9.7416e-05],
          [2.3976e-05],
          [1.7310e-04],
          [1.2227e-05],
          [1.5005e-04],
          [2.1815e-04],
          [2.8316e-05],
          [3.4392e-05],
          [3.8319e-05],
          [3.3792e-05],
          [4.4291e-05],
          [5.3678e-05],
          [7.2732e-05],
          [6.9764e-05],
          [1.0673e-04],
          [1.2510e-04],
          [1.7448e-04],
          [1.3192e-04],
          [1.3658e-04],
          [8.5672e-05],
          [2.1161e-04],
          [3.8304e-05],
          [3.5274e-05],
          [2.5403e-04],
          [2.2578e-04],
          [2.3958e-05],
          [1.8828e-04],
          [1.7589e-04],
          [6.5294e-05],
          [2.4347e-04],
          [1.5119e-05],
          [1.3624e-05],
          [1.1238e-05],
          [8.8231e-06],
          [8.9965e-06],
          [9.4446e-06],
          [2.9606e-05],
          [1.1551e-05],
          [1.3429e-05],
          [1.0849e-05],
          [2.7658e-04],
          [2.5101e-05],
          [7.1518e-05],
          [1.6327e-04],
          [1.3335e-05],
          [1.2922e-05],
          [1.2138e-05],
          [1.1742e-05],
          [1.0793e-05],
          [1.9861e-05],
          [2.4301e-04],
          [2.0471e-05],
          [5.1213e-04],
          [1.2515e-05],
          [1.2593e-05],
          [1.4415e-05],
          [1.4519e-05],
          [1.4066e-05],
          [1.4238e-05],
          [1.4957e-05],
          [1.8574e-05],
          [1.7676e-05],
          [2.6251e-05],
          [3.2974e-05],
          [4.0521e-05],
          [2.7514e-04],
          [4.0576e-04],
          [2.7824e-05],
          [2.2855e-05],
          [2.9583e-05],
          [1.1909e-05],
          [1.0836e-05],
          [1.5215e-05],
          [1.8328e-05],
          [1.4991e-05],
          [2.0855e-05],
          [1.1569e-05],
          [1.2516e-05],
          [1.0026e-05],
          [1.2402e-05],
          [1.1879e-05],
          [1.4625e-05],
          [1.4445e-05],
          [1.3382e-05],
          [1.3315e-05],
          [1.5425e-05],
          [1.5164e-05],
          [1.2922e-05],
          [1.6294e-05],
          [1.6925e-05],
          [2.1283e-05],
          [1.7713e-05],
          [2.6419e-05],
          [3.3236e-05],
          [2.6973e-05],
          [1.7503e-05],
          [1.8897e-05],
          [1.8792e-05],
          [2.1770e-05],
          [1.5572e-05],
          [1.5778e-05],
          [1.9543e-05],
          [2.6328e-05],
          [2.4396e-05],
          [1.7395e-05],
          [1.7892e-05],
          [1.6429e-05],
          [1.7359e-05],
          [1.5744e-05],
          [2.0301e-04],
          [4.0969e-05],
          [7.4339e-04],
          [1.8740e-05],
          [2.0246e-05],
          [1.6994e-05],
          [1.7282e-05],
          [1.8274e-05],
          [1.5974e-05],
          [1.5888e-05],
          [1.3908e-05],
          [1.4023e-05],
          [1.3936e-05],
          [1.5652e-05],
          [1.3546e-05],
          [1.7732e-05],
          [1.6495e-05],
          [2.8398e-04],
          [5.9586e-05],
          [5.8055e-04],
          [1.3193e-05],
          [1.1140e-05],
          [9.4870e-06],
          [1.2314e-05],
          [1.9699e-04],
          [3.7823e-04],
          [1.2138e-05],
          [1.1261e-05],
          [1.1370e-05],
          [1.6281e-05],
          [2.1196e-05],
          [2.6170e-05],
          [3.4501e-05],
          [2.6773e-05],
          [2.8357e-05],
          [2.1394e-05],
          [1.8298e-05],
          [1.5595e-05],
          [1.2116e-05],
          [1.1406e-05],
          [1.2850e-05],
          [1.3164e-05],
          [1.2787e-05],
          [2.9223e-05],
          [3.1962e-05],
          [4.1614e-05],
          [3.8113e-05],
          [2.5967e-05],
          [2.5054e-05],
          [2.8722e-05],
          [2.9813e-05],
          [2.3025e-05],
          [1.7004e-04],
          [2.3248e-04],
          [2.7114e-05],
          [2.4311e-05],
          [1.9955e-05],
          [1.8030e-05],
          [2.1615e-05],
          [1.7224e-05],
          [2.4667e-05],
          [5.9069e-05],
          [6.3768e-05],
          [1.1867e-04],
          [2.5156e-04],
          [2.0498e-05],
          [1.7456e-05],
          [1.7699e-05],
          [1.6881e-05],
          [1.5583e-05],
          [2.9307e-04],
          [2.0721e-04],
          [2.2657e-05],
          [1.0493e-04],
          [2.1729e-04],
          [2.0821e-05],
          [2.2999e-04],
          [4.1176e-05],
          [3.2479e-04],
          [3.4462e-05],
          [1.7798e-05],
          [1.3926e-05],
          [1.4119e-05],
          [2.0638e-05],
          [3.0115e-05],
          [7.2242e-06]]]])
