# Using CPU
# Loading Embeddings...
# Making Predictions...
torch.Size([1, 1, 442, 234])
tensor([[[[1.4036e-04],
          [5.0816e-05],
          [6.5957e-05],
          [2.2621e-05],
          [2.2542e-05],
          [2.4782e-04],
          [1.4984e-04],
          [3.7883e-05],
          [2.7822e-04],
          [1.3471e-04],
          [2.9861e-05],
          [2.5017e-05],
          [3.4670e-04],
          [1.1920e-04],
          [2.6374e-05],
          [2.1292e-05],
          [2.2087e-05],
          [1.6699e-05],
          [2.2122e-05],
          [2.0939e-05],
          [1.4729e-04],
          [3.6599e-05],
          [7.8672e-05],
          [2.3032e-05],
          [2.8721e-05],
          [3.2852e-05],
          [3.4871e-05],
          [5.4657e-05],
          [6.7100e-05],
          [8.8140e-05],
          [8.2452e-05],
          [9.7412e-05],
          [8.9989e-05],
          [1.1293e-04],
          [9.2328e-05],
          [6.8568e-05],
          [1.1268e-03],
          [4.8663e-05],
          [9.5422e-05],
          [1.1756e-04],
          [6.3734e-05],
          [2.8403e-05],
          [2.6350e-05],
          [2.9936e-05],
          [2.2486e-05],
          [2.4326e-05],
          [2.2921e-05],
          [4.1976e-05],
          [5.5900e-05],
          [2.9639e-04],
          [1.2977e-04],
          [3.1634e-05],
          [2.5637e-05],
          [1.1902e-04],
          [4.8723e-05],
          [2.1326e-05],
          [2.1845e-05],
          [1.9519e-05],
          [2.4975e-05],
          [2.9935e-05],
          [3.2501e-05],
          [3.1680e-05],
          [5.6044e-04],
          [1.4489e-04],
          [3.0850e-05],
          [2.7276e-05],
          [2.6600e-05],
          [2.2098e-05],
          [2.3610e-05],
          [2.7579e-05],
          [2.5179e-05],
          [2.1092e-04],
          [3.0117e-05],
          [3.2854e-05],
          [2.7400e-05],
          [2.3726e-05],
          [8.4445e-05],
          [2.1344e-05],
          [2.0708e-05],
          [1.7509e-05],
          [1.8831e-04],
          [9.0332e-05],
          [1.8309e-05],
          [1.9583e-05],
          [2.1812e-05],
          [2.1543e-05],
          [2.7767e-05],
          [2.9004e-05],
          [3.6306e-05],
          [3.3225e-05],
          [1.0885e-04],
          [1.0796e-04],
          [1.3199e-04],
          [3.0000e-05],
          [2.4243e-05],
          [2.3320e-05],
          [2.2318e-05],
          [2.6790e-05],
          [2.1553e-05],
          [3.2465e-05],
          [2.9422e-05],
          [2.4851e-05],
          [2.8521e-05],
          [3.0921e-05],
          [2.8802e-05],
          [3.2886e-05],
          [3.1491e-05],
          [2.8280e-05],
          [3.1525e-05],
          [3.4330e-05],
          [3.7350e-05],
          [5.8263e-05],
          [1.4619e-04],
          [3.1615e-05],
          [1.4417e-04],
          [2.9642e-05],
          [2.5766e-05],
          [2.0860e-05],
          [2.1683e-05],
          [2.9078e-05],
          [2.8439e-05],
          [2.8232e-05],
          [4.1227e-05],
          [2.5771e-05],
          [3.3017e-05],
          [4.3948e-05],
          [4.9270e-05],
          [5.0013e-05],
          [4.8850e-05],
          [7.6417e-05],
          [6.5510e-05],
          [4.2651e-04],
          [1.1783e-04],
          [4.5295e-05],
          [4.1365e-05],
          [3.9380e-05],
          [3.5511e-05],
          [3.8413e-05],
          [3.1544e-05],
          [3.1217e-05],
          [3.0704e-05],
          [2.4951e-05],
          [2.4534e-05],
          [3.0585e-05],
          [3.6102e-05],
          [3.8028e-05],
          [4.4516e-05],
          [4.5980e-05],
          [4.9481e-05],
          [8.6205e-05],
          [8.4516e-05],
          [1.0012e-04],
          [9.5862e-05],
          [1.2761e-04],
          [9.3653e-05],
          [8.4737e-05],
          [1.7451e-04],
          [4.6719e-05],
          [8.7317e-05],
          [5.3011e-05],
          [2.8260e-05],
          [2.6751e-05],
          [2.9587e-05],
          [2.3187e-05],
          [2.8795e-05],
          [3.3017e-05],
          [3.6528e-05],
          [3.4419e-05],
          [4.2182e-05],
          [4.9452e-05],
          [4.8292e-05],
          [3.2777e-04],
          [1.3137e-04],
          [6.4737e-05],
          [5.8684e-05],
          [6.1614e-05],
          [6.3848e-05],
          [4.9803e-05],
          [4.7666e-04],
          [7.3407e-05],
          [2.9371e-04],
          [3.2609e-05],
          [2.6099e-05],
          [1.9287e-04],
          [3.0666e-05],
          [2.3289e-04],
          [3.3968e-05],
          [4.0962e-05],
          [3.0080e-05],
          [2.2081e-04],
          [3.5406e-05],
          [7.7027e-05],
          [3.0889e-05],
          [3.8974e-05],
          [3.6533e-05],
          [3.5110e-05],
          [3.9392e-05],
          [3.1721e-05],
          [3.5405e-04],
          [1.1079e-04],
          [5.4668e-05],
          [5.2981e-05],
          [4.1304e-05],
          [3.5702e-05],
          [3.8236e-05],
          [2.8758e-05],
          [2.1903e-05],
          [1.9698e-04],
          [8.9932e-05],
          [2.6993e-05],
          [3.4511e-05],
          [3.4637e-05],
          [3.1095e-05],
          [1.7866e-04],
          [4.3610e-05],
          [2.7177e-05],
          [1.1451e-04],
          [2.2467e-05],
          [2.0325e-05],
          [1.9210e-05],
          [2.0538e-05],
          [2.6286e-05],
          [2.8983e-05],
          [3.0278e-05],
          [2.5850e-05],
          [2.6766e-05],
          [2.3053e-05],
          [2.0049e-05],
          [1.7538e-05],
          [1.7430e-05],
          [1.7614e-05],
          [1.8763e-05],
          [1.9066e-05],
          [2.1702e-05],
          [1.6793e-04],
          [7.7874e-05],
          [2.5861e-05],
          [2.4859e-05],
          [2.8301e-05],
          [2.7368e-05],
          [2.4028e-05],
          [2.5705e-05],
          [2.1491e-05],
          [2.5012e-05],
          [2.1601e-05],
          [2.2051e-05],
          [5.7997e-05],
          [1.4692e-04],
          [2.5761e-05],
          [1.5832e-04],
          [1.4911e-05],
          [1.2429e-04],
          [6.3790e-05],
          [2.4400e-05],
          [2.3912e-05],
          [3.0254e-05],
          [2.8588e-05],
          [3.1806e-05],
          [3.7677e-05],
          [5.0347e-05],
          [4.8979e-05],
          [7.8453e-05],
          [9.1720e-05],
          [1.5732e-04],
          [1.4364e-04],
          [1.5815e-04],
          [1.2850e-04],
          [9.9720e-04],
          [6.6286e-05],
          [7.3580e-05],
          [1.7229e-04],
          [9.7705e-05],
          [4.8025e-05],
          [8.8878e-05],
          [2.5031e-04],
          [5.6281e-05],
          [2.4696e-04],
          [2.2037e-05],
          [2.0138e-05],
          [1.7103e-05],
          [1.5570e-05],
          [1.7522e-05],
          [1.5117e-05],
          [1.7560e-05],
          [1.3592e-05],
          [2.2844e-05],
          [1.4811e-05],
          [2.9765e-04],
          [2.1654e-05],
          [6.3301e-05],
          [3.0124e-05],
          [1.9525e-05],
          [1.7003e-05],
          [1.6818e-05],
          [1.8248e-05],
          [2.2803e-05],
          [1.9309e-05],
          [1.5290e-04],
          [2.3620e-05],
          [8.7464e-05],
          [2.3230e-05],
          [2.3783e-05],
          [2.2660e-05],
          [2.3364e-05],
          [1.9297e-05],
          [2.0029e-05],
          [1.6585e-05],
          [2.0632e-05],
          [2.2706e-05],
          [2.8319e-05],
          [3.1266e-05],
          [3.2538e-05],
          [2.7725e-04],
          [7.9610e-05],
          [2.4397e-05],
          [2.1971e-05],
          [2.0836e-05],
          [1.6456e-05],
          [1.5920e-05],
          [1.6697e-05],
          [1.8686e-05],
          [1.6115e-05],
          [1.9964e-05],
          [1.5836e-05],
          [1.4258e-05],
          [1.2338e-05],
          [1.3254e-05],
          [1.3810e-05],
          [1.5235e-05],
          [1.5201e-05],
          [1.6068e-05],
          [1.5840e-05],
          [1.9061e-05],
          [1.6886e-05],
          [1.8797e-05],
          [2.1810e-05],
          [2.1011e-05],
          [2.1349e-05],
          [2.2226e-05],
          [2.1824e-05],
          [1.9930e-05],
          [1.7466e-05],
          [1.5089e-05],
          [1.5616e-05],
          [1.5336e-05],
          [1.5829e-05],
          [1.4347e-05],
          [1.3854e-05],
          [1.6882e-05],
          [1.4990e-05],
          [1.6263e-05],
          [1.6350e-05],
          [1.5300e-05],
          [1.6698e-05],
          [1.7915e-05],
          [1.5858e-05],
          [7.5932e-05],
          [2.5480e-05],
          [6.0639e-05],
          [1.9275e-05],
          [2.1682e-05],
          [1.7237e-05],
          [2.0590e-05],
          [1.7269e-05],
          [1.7149e-05],
          [1.4505e-05],
          [1.4258e-05],
          [1.3530e-05],
          [1.3454e-05],
          [1.4727e-05],
          [1.5740e-05],
          [1.9137e-05],
          [1.9651e-05],
          [8.4668e-05],
          [5.3839e-05],
          [7.7357e-05],
          [1.5854e-05],
          [1.6723e-05],
          [1.3328e-05],
          [1.1591e-05],
          [1.0450e-04],
          [5.1412e-05],
          [1.8365e-05],
          [1.5158e-05],
          [1.4044e-05],
          [1.8458e-05],
          [1.6579e-05],
          [1.9839e-05],
          [3.2001e-05],
          [3.0450e-05],
          [2.7112e-05],
          [2.1532e-05],
          [2.2285e-05],
          [1.5244e-05],
          [1.3038e-05],
          [1.3994e-05],
          [1.5982e-05],
          [1.4893e-05],
          [1.5734e-05],
          [2.9182e-05],
          [4.0416e-05],
          [5.4637e-05],
          [9.0110e-05],
          [7.0105e-05],
          [8.4770e-05],
          [9.6816e-05],
          [7.5016e-05],
          [4.8176e-05],
          [1.5242e-04],
          [6.5583e-05],
          [3.3767e-05],
          [2.4526e-05],
          [2.3445e-05],
          [2.0932e-05],
          [2.3355e-05],
          [2.0498e-05],
          [1.9798e-05],
          [2.8582e-05],
          [3.8838e-05],
          [7.9465e-05],
          [5.4807e-05],
          [3.5146e-05],
          [3.5102e-05],
          [4.3178e-05],
          [4.4108e-05],
          [4.7968e-05],
          [2.1841e-04],
          [2.6423e-04],
          [3.5153e-05],
          [7.2686e-05],
          [8.6476e-05],
          [2.5537e-05],
          [2.5410e-04],
          [2.7077e-05],
          [3.2453e-04],
          [2.3643e-05],
          [2.2658e-05],
          [1.8928e-05],
          [2.2159e-05],
          [1.9943e-05],
          [1.6101e-05],
          [6.1526e-06]]]])
