# Using CPU
# Loading Embeddings...
# Making Predictions...
torch.Size([1, 1, 442, 275])
tensor([[[[1.4478e-04],
          [1.9478e-04],
          [1.6840e-04],
          [5.1419e-05],
          [9.3632e-06],
          [2.4769e-04],
          [2.7422e-03],
          [2.1620e-05],
          [1.0122e-03],
          [3.3534e-03],
          [1.3671e-05],
          [1.2627e-05],
          [3.5366e-04],
          [4.0413e-04],
          [6.9629e-05],
          [3.7744e-05],
          [1.1668e-04],
          [2.7090e-05],
          [2.9861e-05],
          [2.1877e-05],
          [3.3275e-04],
          [3.3848e-05],
          [2.3560e-03],
          [1.2894e-05],
          [1.2588e-05],
          [1.6793e-05],
          [2.5036e-05],
          [4.4971e-05],
          [5.2573e-05],
          [6.4269e-05],
          [6.7446e-05],
          [8.4302e-05],
          [8.4091e-05],
          [9.2882e-05],
          [6.9573e-05],
          [6.0107e-05],
          [3.9801e-04],
          [4.5976e-05],
          [3.9527e-04],
          [5.2319e-05],
          [1.0341e-03],
          [1.8697e-05],
          [1.8522e-05],
          [1.7121e-05],
          [1.3796e-05],
          [1.2467e-05],
          [1.2095e-05],
          [2.1465e-05],
          [4.6117e-05],
          [3.2034e-04],
          [8.0433e-04],
          [1.3688e-05],
          [1.1023e-05],
          [2.8228e-04],
          [1.2628e-03],
          [1.1495e-05],
          [9.9366e-06],
          [1.9205e-05],
          [1.3971e-05],
          [1.3276e-05],
          [1.2896e-05],
          [1.1737e-05],
          [2.8767e-04],
          [4.7899e-04],
          [1.1811e-05],
          [1.1981e-05],
          [1.3076e-05],
          [1.2550e-05],
          [1.3694e-05],
          [1.2547e-05],
          [1.0683e-05],
          [6.2779e-04],
          [2.1840e-05],
          [5.9736e-05],
          [1.0703e-05],
          [2.4794e-05],
          [4.6147e-03],
          [1.1415e-05],
          [9.9828e-06],
          [1.0701e-05],
          [6.0835e-04],
          [2.4917e-04],
          [1.1897e-05],
          [1.1383e-05],
          [1.2737e-05],
          [1.4621e-05],
          [1.4938e-05],
          [1.5106e-05],
          [1.2980e-05],
          [1.1591e-05],
          [1.9644e-04],
          [2.9714e-05],
          [3.8030e-04],
          [1.1925e-05],
          [1.4371e-05],
          [1.4098e-05],
          [1.7544e-05],
          [2.0471e-05],
          [2.0436e-05],
          [2.1947e-05],
          [2.2688e-05],
          [1.8432e-05],
          [1.3339e-05],
          [1.1809e-05],
          [1.0300e-05],
          [1.2118e-05],
          [1.1159e-05],
          [1.3647e-05],
          [1.3697e-05],
          [1.5022e-05],
          [1.2581e-05],
          [2.4149e-04],
          [9.9077e-05],
          [1.6568e-05],
          [3.5585e-04],
          [1.3410e-05],
          [9.3292e-06],
          [1.0140e-05],
          [9.1732e-06],
          [1.0427e-05],
          [1.1456e-05],
          [1.1852e-05],
          [1.8596e-05],
          [1.1205e-05],
          [1.1722e-05],
          [1.0301e-05],
          [1.0684e-05],
          [1.0933e-05],
          [1.3150e-05],
          [1.6828e-05],
          [1.5902e-05],
          [7.5164e-04],
          [7.1662e-04],
          [2.3323e-05],
          [2.3711e-05],
          [2.0397e-05],
          [1.6461e-05],
          [1.8257e-05],
          [1.3950e-05],
          [1.1816e-05],
          [1.2361e-05],
          [1.1603e-05],
          [1.0368e-05],
          [1.1833e-05],
          [1.1604e-05],
          [1.2836e-05],
          [1.6050e-05],
          [2.2550e-05],
          [2.6393e-05],
          [4.0176e-05],
          [3.8169e-05],
          [4.2023e-05],
          [3.8266e-05],
          [5.6402e-05],
          [4.4573e-05],
          [3.5479e-05],
          [6.4595e-04],
          [9.2993e-04],
          [1.4198e-04],
          [3.1856e-03],
          [1.2680e-05],
          [1.2563e-05],
          [1.3393e-05],
          [1.5830e-05],
          [1.6983e-05],
          [2.0329e-05],
          [2.1145e-05],
          [2.0010e-05],
          [2.0244e-05],
          [1.8476e-05],
          [1.5426e-05],
          [2.2556e-04],
          [1.3671e-03],
          [1.7184e-05],
          [1.7385e-05],
          [4.1891e-05],
          [3.5096e-05],
          [1.5835e-05],
          [3.3658e-04],
          [2.7185e-05],
          [2.8717e-04],
          [2.9919e-05],
          [2.4337e-05],
          [4.9051e-04],
          [1.2329e-05],
          [5.9058e-04],
          [1.1769e-05],
          [1.4601e-05],
          [1.1323e-05],
          [3.2694e-04],
          [6.8645e-05],
          [6.0635e-03],
          [1.3572e-05],
          [1.5994e-05],
          [1.2733e-05],
          [1.3666e-05],
          [1.3071e-05],
          [1.1388e-05],
          [4.5820e-04],
          [6.1627e-04],
          [1.1657e-05],
          [1.1261e-05],
          [1.2033e-05],
          [1.0083e-05],
          [1.0139e-05],
          [1.0240e-05],
          [1.1503e-05],
          [1.5818e-04],
          [1.9917e-03],
          [1.2244e-05],
          [1.2272e-05],
          [1.6206e-05],
          [1.2946e-05],
          [5.0231e-04],
          [2.6791e-05],
          [2.0577e-05],
          [4.1528e-03],
          [1.2265e-05],
          [1.4632e-05],
          [1.1797e-05],
          [1.5020e-05],
          [1.1168e-05],
          [1.0659e-05],
          [1.0381e-05],
          [1.0932e-05],
          [1.5215e-05],
          [1.2239e-05],
          [1.1833e-05],
          [1.1027e-05],
          [1.1336e-05],
          [1.2990e-05],
          [1.1468e-05],
          [9.7948e-06],
          [1.3765e-05],
          [2.3182e-04],
          [9.0838e-04],
          [1.6785e-05],
          [1.1472e-05],
          [1.1102e-05],
          [1.3783e-05],
          [1.4923e-05],
          [2.2849e-05],
          [1.5298e-05],
          [1.7078e-05],
          [1.9421e-05],
          [1.2071e-05],
          [6.5919e-04],
          [7.7303e-05],
          [1.8140e-05],
          [2.4755e-04],
          [1.2715e-05],
          [2.5247e-04],
          [5.3765e-04],
          [1.7689e-05],
          [2.0854e-05],
          [2.0230e-05],
          [1.7533e-05],
          [1.7856e-05],
          [1.6981e-05],
          [1.6590e-05],
          [1.4920e-05],
          [1.6687e-05],
          [1.7357e-05],
          [2.2584e-05],
          [9.8010e-05],
          [6.1207e-05],
          [4.0414e-05],
          [1.5953e-04],
          [1.6391e-05],
          [1.9644e-05],
          [4.7400e-04],
          [2.9407e-04],
          [1.8294e-05],
          [3.8754e-04],
          [1.5891e-04],
          [2.2475e-05],
          [2.7500e-04],
          [1.2562e-05],
          [1.0355e-05],
          [9.3435e-06],
          [9.0403e-06],
          [1.0699e-05],
          [1.0679e-05],
          [2.6918e-05],
          [1.2566e-05],
          [1.4977e-05],
          [1.0407e-05],
          [4.9780e-04],
          [1.7055e-05],
          [1.7004e-04],
          [3.5234e-04],
          [9.8859e-06],
          [9.4495e-06],
          [9.3684e-06],
          [9.5885e-06],
          [1.0146e-05],
          [1.0204e-05],
          [4.0485e-04],
          [2.3076e-05],
          [4.2987e-03],
          [1.2636e-05],
          [1.0918e-05],
          [1.2020e-05],
          [1.3101e-05],
          [1.1514e-05],
          [1.4533e-05],
          [1.2719e-05],
          [1.5957e-05],
          [1.3596e-05],
          [1.7220e-05],
          [1.4868e-05],
          [1.5839e-05],
          [2.3563e-04],
          [1.9282e-03],
          [1.2744e-05],
          [1.4503e-05],
          [2.9429e-05],
          [1.1782e-05],
          [1.0928e-05],
          [1.6942e-05],
          [1.8814e-05],
          [1.6174e-05],
          [3.3250e-05],
          [1.2724e-05],
          [1.4049e-05],
          [1.1264e-05],
          [1.0707e-05],
          [1.0822e-05],
          [1.0877e-05],
          [1.0630e-05],
          [1.0997e-05],
          [1.1590e-05],
          [1.1910e-05],
          [1.0587e-05],
          [1.1528e-05],
          [1.2578e-05],
          [1.3942e-05],
          [1.7592e-05],
          [1.4579e-05],
          [2.1211e-05],
          [1.9163e-05],
          [3.4457e-05],
          [1.6774e-05],
          [2.0530e-05],
          [1.9721e-05],
          [1.8360e-05],
          [1.4756e-05],
          [1.4382e-05],
          [1.4082e-05],
          [1.5203e-05],
          [1.4360e-05],
          [2.3724e-05],
          [1.4088e-05],
          [1.4957e-05],
          [1.3184e-05],
          [1.5327e-05],
          [1.1218e-03],
          [1.0677e-04],
          [8.2119e-03],
          [1.7224e-05],
          [1.6088e-05],
          [1.5952e-05],
          [1.3161e-05],
          [1.3428e-05],
          [1.2039e-05],
          [1.1312e-05],
          [1.1194e-05],
          [9.9897e-06],
          [1.1207e-05],
          [1.0977e-05],
          [9.6247e-06],
          [1.1233e-05],
          [1.0296e-05],
          [5.9021e-04],
          [6.1835e-05],
          [3.6410e-03],
          [1.2255e-05],
          [9.6289e-06],
          [9.1529e-06],
          [1.1307e-05],
          [4.5393e-04],
          [2.8428e-03],
          [1.1128e-05],
          [1.0643e-05],
          [1.0891e-05],
          [1.3342e-05],
          [1.8590e-05],
          [2.9141e-05],
          [3.9159e-05],
          [3.2415e-05],
          [2.6086e-05],
          [2.1089e-05],
          [1.5326e-05],
          [1.1271e-05],
          [1.1985e-05],
          [1.0713e-05],
          [1.1960e-05],
          [1.0970e-05],
          [1.1027e-05],
          [2.7086e-05],
          [2.7900e-05],
          [3.2578e-05],
          [3.5906e-05],
          [2.3998e-05],
          [2.4488e-05],
          [1.9549e-05],
          [1.8985e-05],
          [1.4186e-05],
          [4.0448e-04],
          [7.2401e-04],
          [1.5165e-05],
          [1.4524e-05],
          [1.4864e-05],
          [1.3171e-05],
          [1.6920e-05],
          [1.6275e-05],
          [1.5868e-05],
          [1.8777e-04],
          [1.1605e-04],
          [1.3185e-04],
          [1.7516e-03],
          [1.8368e-05],
          [1.5409e-05],
          [1.5826e-05],
          [1.6570e-05],
          [1.1029e-05],
          [2.4168e-04],
          [7.9607e-05],
          [1.2431e-05],
          [1.2481e-04],
          [3.9244e-04],
          [1.2838e-05],
          [1.8872e-04],
          [1.3153e-05],
          [2.0557e-04],
          [1.5092e-05],
          [1.2357e-05],
          [1.0153e-05],
          [1.0590e-05],
          [2.7702e-05],
          [4.1070e-05],
          [7.3817e-06]]]])
