# Using CPU
# Loading Embeddings...
# Making Predictions...
torch.Size([1, 1, 442, 258])
tensor([[[[3.6449e-04],
          [1.7875e-04],
          [2.5607e-04],
          [5.9940e-05],
          [9.4936e-06],
          [3.8437e-04],
          [7.6589e-04],
          [3.3092e-05],
          [3.0003e-04],
          [1.8124e-03],
          [1.5777e-05],
          [1.3991e-05],
          [3.2689e-04],
          [2.5665e-04],
          [7.8961e-05],
          [3.7245e-05],
          [1.7151e-04],
          [2.7993e-05],
          [3.3313e-05],
          [2.3064e-05],
          [5.5989e-04],
          [4.4105e-05],
          [2.7768e-03],
          [1.5593e-05],
          [1.7317e-05],
          [2.3675e-05],
          [2.9559e-05],
          [4.3123e-05],
          [4.3530e-05],
          [5.7145e-05],
          [4.0218e-05],
          [5.0942e-05],
          [4.5156e-05],
          [6.4562e-05],
          [4.6182e-05],
          [4.1891e-05],
          [8.2985e-04],
          [3.7516e-05],
          [3.1669e-04],
          [1.8591e-04],
          [1.9490e-03],
          [2.4131e-05],
          [2.3604e-05],
          [2.4774e-05],
          [1.7328e-05],
          [1.8195e-05],
          [1.3901e-05],
          [3.2504e-05],
          [6.1164e-05],
          [3.6862e-04],
          [1.2887e-03],
          [1.8261e-05],
          [1.4933e-05],
          [4.2132e-04],
          [1.7377e-03],
          [1.7576e-05],
          [1.6835e-05],
          [1.7108e-05],
          [1.8573e-05],
          [2.5144e-05],
          [2.4614e-05],
          [2.1819e-05],
          [6.6725e-04],
          [9.1506e-04],
          [2.0295e-05],
          [1.9870e-05],
          [1.9220e-05],
          [1.7566e-05],
          [1.8766e-05],
          [1.6760e-05],
          [1.5787e-05],
          [1.0713e-03],
          [3.1342e-05],
          [1.0009e-04],
          [1.4634e-05],
          [2.0201e-05],
          [7.4470e-03],
          [1.5821e-05],
          [1.5433e-05],
          [1.1980e-05],
          [1.1183e-03],
          [5.5625e-04],
          [1.3096e-05],
          [1.2734e-05],
          [1.5331e-05],
          [1.6545e-05],
          [1.9813e-05],
          [1.9067e-05],
          [1.9882e-05],
          [1.7197e-05],
          [3.1732e-04],
          [6.0913e-05],
          [9.5317e-04],
          [1.1137e-05],
          [1.5655e-05],
          [1.9849e-05],
          [2.2834e-05],
          [2.7424e-05],
          [2.6275e-05],
          [2.6896e-05],
          [2.7852e-05],
          [1.9378e-05],
          [1.3244e-05],
          [1.3442e-05],
          [1.4353e-05],
          [1.7663e-05],
          [1.9523e-05],
          [2.5370e-05],
          [2.7907e-05],
          [3.0164e-05],
          [2.5389e-05],
          [8.6613e-05],
          [2.7548e-04],
          [1.8850e-05],
          [7.4982e-04],
          [1.7513e-05],
          [1.3496e-05],
          [1.1061e-05],
          [1.4424e-05],
          [1.5984e-05],
          [1.6314e-05],
          [1.3890e-05],
          [1.9736e-05],
          [1.5280e-05],
          [1.6819e-05],
          [1.6138e-05],
          [1.7485e-05],
          [1.7420e-05],
          [2.3424e-05],
          [2.3995e-05],
          [2.1159e-05],
          [1.6133e-03],
          [1.3790e-03],
          [2.2285e-05],
          [2.4892e-05],
          [2.0012e-05],
          [1.7745e-05],
          [1.5660e-05],
          [1.3478e-05],
          [1.4114e-05],
          [1.3372e-05],
          [1.3683e-05],
          [1.1295e-05],
          [1.3601e-05],
          [1.6280e-05],
          [2.1070e-05],
          [2.1334e-05],
          [3.2253e-05],
          [3.6536e-05],
          [5.5473e-05],
          [5.4820e-05],
          [4.7558e-05],
          [5.1244e-05],
          [4.9618e-05],
          [4.9333e-05],
          [4.2774e-05],
          [4.2574e-04],
          [9.9000e-04],
          [2.4755e-04],
          [4.3074e-03],
          [2.1228e-05],
          [2.0858e-05],
          [1.9911e-05],
          [2.2699e-05],
          [2.1775e-05],
          [3.2163e-05],
          [2.4078e-05],
          [2.6637e-05],
          [2.6159e-05],
          [2.8961e-05],
          [2.2390e-05],
          [8.2823e-04],
          [2.0368e-03],
          [2.4633e-05],
          [3.0053e-05],
          [3.3477e-05],
          [3.3544e-05],
          [3.2367e-05],
          [6.3188e-04],
          [4.2927e-05],
          [3.4227e-04],
          [1.8793e-05],
          [1.7258e-05],
          [9.1117e-04],
          [1.3966e-05],
          [1.4179e-03],
          [1.5459e-05],
          [1.1749e-05],
          [1.1899e-05],
          [3.1520e-04],
          [2.6777e-05],
          [4.0654e-03],
          [2.5689e-05],
          [2.9355e-05],
          [2.9554e-05],
          [2.9498e-05],
          [3.1060e-05],
          [2.6763e-05],
          [8.7188e-04],
          [1.2454e-03],
          [2.1172e-05],
          [1.9286e-05],
          [1.8583e-05],
          [1.7121e-05],
          [1.8225e-05],
          [1.8003e-05],
          [1.5452e-05],
          [2.5755e-04],
          [2.7180e-03],
          [1.7292e-05],
          [1.7120e-05],
          [1.7971e-05],
          [1.7683e-05],
          [4.0493e-04],
          [4.6208e-05],
          [1.9305e-05],
          [6.9424e-03],
          [1.8477e-05],
          [1.7111e-05],
          [1.5710e-05],
          [1.6887e-05],
          [1.8648e-05],
          [1.7010e-05],
          [1.4443e-05],
          [1.5510e-05],
          [1.7497e-05],
          [1.6727e-05],
          [1.5374e-05],
          [1.5016e-05],
          [1.2521e-05],
          [1.3282e-05],
          [1.5806e-05],
          [1.5204e-05],
          [1.5848e-05],
          [4.2870e-04],
          [1.4495e-03],
          [1.7083e-05],
          [1.9732e-05],
          [1.7402e-05],
          [1.7422e-05],
          [3.3348e-05],
          [1.8580e-05],
          [1.7721e-05],
          [2.3583e-05],
          [2.1522e-05],
          [1.4948e-05],
          [2.0792e-04],
          [1.2827e-04],
          [2.5003e-05],
          [5.4100e-04],
          [1.0057e-05],
          [1.9279e-04],
          [8.1979e-04],
          [1.8535e-05],
          [2.3116e-05],
          [2.5155e-05],
          [2.3720e-05],
          [3.1000e-05],
          [3.4910e-05],
          [4.5370e-05],
          [3.8997e-05],
          [5.3010e-05],
          [4.7351e-05],
          [7.0132e-05],
          [4.6978e-05],
          [4.9240e-05],
          [4.2541e-05],
          [2.8585e-04],
          [2.3272e-05],
          [2.1373e-05],
          [9.5409e-04],
          [1.9310e-04],
          [2.7603e-05],
          [6.3384e-04],
          [1.4066e-04],
          [3.1809e-05],
          [2.0636e-04],
          [1.2282e-05],
          [1.0241e-05],
          [9.4164e-06],
          [9.2734e-06],
          [9.8201e-06],
          [9.6209e-06],
          [2.6332e-05],
          [1.3235e-05],
          [1.7800e-05],
          [1.1926e-05],
          [1.1250e-03],
          [2.3220e-05],
          [8.1049e-05],
          [2.8336e-04],
          [1.0214e-05],
          [9.0742e-06],
          [1.0092e-05],
          [1.0310e-05],
          [1.0332e-05],
          [1.0299e-05],
          [3.4333e-04],
          [2.8236e-05],
          [6.8166e-03],
          [1.4495e-05],
          [1.2723e-05],
          [1.5272e-05],
          [1.6051e-05],
          [1.4318e-05],
          [1.6938e-05],
          [1.5587e-05],
          [2.0488e-05],
          [2.0128e-05],
          [2.5640e-05],
          [3.1926e-05],
          [3.2771e-05],
          [5.7937e-04],
          [2.5035e-03],
          [2.5233e-05],
          [2.3088e-05],
          [1.8062e-05],
          [1.4647e-05],
          [1.4556e-05],
          [1.5034e-05],
          [1.7597e-05],
          [1.5811e-05],
          [2.2303e-05],
          [1.2995e-05],
          [1.3538e-05],
          [1.0683e-05],
          [1.3633e-05],
          [1.4093e-05],
          [1.7193e-05],
          [1.4832e-05],
          [1.5703e-05],
          [1.4513e-05],
          [1.7100e-05],
          [1.5106e-05],
          [1.4501e-05],
          [1.5626e-05],
          [1.5789e-05],
          [2.0180e-05],
          [1.5145e-05],
          [2.3383e-05],
          [2.2218e-05],
          [2.1573e-05],
          [2.1244e-05],
          [2.3180e-05],
          [2.1934e-05],
          [2.1567e-05],
          [1.6018e-05],
          [1.4200e-05],
          [1.4623e-05],
          [1.4511e-05],
          [1.3416e-05],
          [1.3815e-05],
          [1.3720e-05],
          [1.3891e-05],
          [1.6023e-05],
          [1.7674e-05],
          [2.4736e-04],
          [3.7826e-05],
          [3.4802e-03],
          [2.3068e-05],
          [2.5637e-05],
          [2.0685e-05],
          [2.2288e-05],
          [1.8924e-05],
          [1.2860e-05],
          [1.1226e-05],
          [1.1216e-05],
          [1.0121e-05],
          [1.1967e-05],
          [1.2041e-05],
          [1.3938e-05],
          [1.8517e-05],
          [1.9966e-05],
          [2.6310e-04],
          [7.3562e-05],
          [5.1282e-03],
          [1.5993e-05],
          [1.3730e-05],
          [1.1160e-05],
          [1.0075e-05],
          [4.0555e-04],
          [4.3385e-03],
          [1.1733e-05],
          [1.0912e-05],
          [1.3284e-05],
          [1.9709e-05],
          [2.6644e-05],
          [2.9744e-05],
          [3.2033e-05],
          [2.9329e-05],
          [2.4055e-05],
          [2.0531e-05],
          [1.6934e-05],
          [1.2931e-05],
          [1.1758e-05],
          [1.1766e-05],
          [1.0761e-05],
          [1.2588e-05],
          [1.1541e-05],
          [5.1732e-05],
          [3.1844e-05],
          [3.8647e-05],
          [4.1601e-05],
          [2.7131e-05],
          [2.6496e-05],
          [2.8296e-05],
          [2.6818e-05],
          [1.9877e-05],
          [4.5589e-04],
          [1.0629e-03],
          [2.5161e-05],
          [2.0745e-05],
          [1.7749e-05],
          [1.6927e-05],
          [2.1900e-05],
          [2.4890e-05],
          [1.9290e-05],
          [9.9901e-05],
          [6.1059e-05],
          [2.1517e-04],
          [2.1311e-03],
          [1.9655e-05],
          [1.7220e-05],
          [1.6656e-05],
          [1.6767e-05],
          [1.4990e-05],
          [3.9605e-04],
          [6.7877e-05],
          [1.3859e-05],
          [1.1210e-04],
          [9.6040e-04],
          [1.4612e-05],
          [3.1294e-04],
          [2.1938e-05],
          [2.2967e-04],
          [1.6878e-05],
          [1.1873e-05],
          [1.0055e-05],
          [1.3721e-05],
          [3.6378e-05],
          [2.9035e-05],
          [1.0149e-05]]]])
