# Using CPU
# Loading Embeddings...
# Making Predictions...
torch.Size([1, 1, 442, 259])
tensor([[[[1.3715e-04],
          [4.2122e-05],
          [1.2370e-04],
          [4.0519e-05],
          [8.2694e-06],
          [6.1189e-04],
          [2.3214e-04],
          [1.2516e-05],
          [4.6449e-04],
          [3.9003e-04],
          [1.6328e-05],
          [1.4772e-05],
          [3.8817e-04],
          [2.6348e-04],
          [2.3612e-05],
          [1.1079e-05],
          [1.2800e-05],
          [1.4672e-05],
          [2.2585e-05],
          [2.3778e-05],
          [1.2089e-03],
          [2.4575e-05],
          [2.6563e-04],
          [1.3611e-05],
          [1.8008e-05],
          [2.4822e-05],
          [3.5956e-05],
          [6.2393e-05],
          [7.5043e-05],
          [9.8206e-05],
          [1.0139e-04],
          [1.2128e-04],
          [1.0518e-04],
          [1.0799e-04],
          [7.9420e-05],
          [6.2783e-05],
          [1.9430e-03],
          [6.1744e-05],
          [2.3380e-04],
          [1.8134e-04],
          [2.4787e-04],
          [2.1540e-05],
          [2.0713e-05],
          [2.1873e-05],
          [1.6420e-05],
          [1.6093e-05],
          [1.2929e-05],
          [1.1356e-05],
          [1.2884e-05],
          [2.2678e-04],
          [1.9880e-04],
          [1.1124e-05],
          [1.9204e-05],
          [8.6762e-04],
          [2.4310e-04],
          [1.3071e-05],
          [1.4059e-05],
          [1.3740e-05],
          [1.6234e-05],
          [1.7991e-05],
          [1.8180e-05],
          [1.8971e-05],
          [4.3645e-04],
          [1.9982e-04],
          [1.5985e-05],
          [1.5983e-05],
          [1.5143e-05],
          [1.4963e-05],
          [1.5873e-05],
          [1.3571e-05],
          [1.4364e-05],
          [3.0105e-04],
          [3.4934e-05],
          [2.6420e-05],
          [1.5385e-05],
          [2.1965e-05],
          [4.1726e-04],
          [1.4587e-05],
          [1.3130e-05],
          [1.3955e-05],
          [3.6280e-04],
          [2.3462e-04],
          [1.1228e-05],
          [1.2519e-05],
          [1.4571e-05],
          [1.6793e-05],
          [1.7350e-05],
          [1.9194e-05],
          [1.5813e-05],
          [1.4414e-05],
          [6.4313e-04],
          [5.4062e-05],
          [3.1585e-04],
          [1.8352e-05],
          [2.3981e-05],
          [4.1529e-05],
          [3.9248e-05],
          [6.9843e-05],
          [5.9487e-05],
          [7.4980e-05],
          [6.2283e-05],
          [4.2136e-05],
          [1.9681e-05],
          [1.6410e-05],
          [1.3765e-05],
          [1.8512e-05],
          [2.1614e-05],
          [2.5142e-05],
          [2.6400e-05],
          [2.7155e-05],
          [2.1175e-05],
          [3.0673e-04],
          [2.8210e-04],
          [2.6233e-05],
          [2.7852e-04],
          [1.6113e-05],
          [1.4221e-05],
          [1.2811e-05],
          [1.4186e-05],
          [1.4788e-05],
          [1.5298e-05],
          [1.1768e-05],
          [1.5089e-05],
          [1.1116e-05],
          [1.2955e-05],
          [1.2750e-05],
          [1.4425e-05],
          [1.4126e-05],
          [1.7295e-05],
          [1.7801e-05],
          [1.7449e-05],
          [3.4184e-04],
          [4.2086e-04],
          [2.1798e-05],
          [2.7038e-05],
          [2.5170e-05],
          [2.3711e-05],
          [2.4726e-05],
          [1.9132e-05],
          [1.9803e-05],
          [1.6575e-05],
          [1.5827e-05],
          [1.0562e-05],
          [1.1731e-05],
          [1.4609e-05],
          [1.8772e-05],
          [2.0517e-05],
          [2.7877e-05],
          [3.7063e-05],
          [5.2342e-05],
          [5.5847e-05],
          [5.8830e-05],
          [5.8222e-05],
          [7.6686e-05],
          [5.8761e-05],
          [5.2755e-05],
          [7.4829e-04],
          [1.7474e-04],
          [3.1404e-04],
          [3.8164e-04],
          [1.5557e-05],
          [1.4587e-05],
          [1.4617e-05],
          [1.6852e-05],
          [1.6567e-05],
          [2.2411e-05],
          [1.8172e-05],
          [1.9128e-05],
          [1.9221e-05],
          [2.0418e-05],
          [1.8029e-05],
          [7.4007e-04],
          [2.4477e-04],
          [2.3142e-05],
          [2.9983e-05],
          [3.3898e-05],
          [3.2882e-05],
          [3.1515e-05],
          [3.3740e-04],
          [6.2583e-05],
          [3.6480e-04],
          [1.4103e-05],
          [1.6304e-05],
          [1.3143e-04],
          [1.9399e-05],
          [2.7095e-04],
          [1.7945e-05],
          [2.0817e-05],
          [1.6413e-05],
          [1.1155e-03],
          [2.7995e-05],
          [6.9992e-04],
          [1.7138e-05],
          [2.1656e-05],
          [2.3429e-05],
          [2.2266e-05],
          [2.4746e-05],
          [2.4321e-05],
          [3.3960e-04],
          [1.7639e-04],
          [1.7505e-05],
          [1.5188e-05],
          [1.5568e-05],
          [1.4361e-05],
          [1.9745e-05],
          [2.3217e-05],
          [2.2427e-05],
          [6.5017e-04],
          [2.2230e-04],
          [1.8866e-05],
          [1.5459e-05],
          [1.4146e-05],
          [1.2940e-05],
          [5.7434e-04],
          [3.5424e-05],
          [2.0366e-05],
          [3.5433e-04],
          [1.3011e-05],
          [1.3427e-05],
          [1.3142e-05],
          [1.2990e-05],
          [1.6513e-05],
          [1.8720e-05],
          [1.5005e-05],
          [1.4348e-05],
          [1.5976e-05],
          [1.4597e-05],
          [1.4872e-05],
          [1.1402e-05],
          [1.1600e-05],
          [1.0493e-05],
          [1.1821e-05],
          [1.1709e-05],
          [1.1056e-05],
          [7.6333e-04],
          [1.4181e-04],
          [1.3568e-05],
          [1.3674e-05],
          [1.6430e-05],
          [2.2334e-05],
          [2.2333e-05],
          [2.8423e-05],
          [2.1652e-05],
          [2.6849e-05],
          [2.9256e-05],
          [1.6054e-05],
          [5.7750e-04],
          [2.7024e-04],
          [3.8910e-05],
          [2.7471e-04],
          [1.2941e-05],
          [3.7257e-04],
          [1.5783e-04],
          [1.6980e-05],
          [1.8152e-05],
          [2.1500e-05],
          [1.9293e-05],
          [2.6386e-05],
          [3.3145e-05],
          [4.2649e-05],
          [4.1499e-05],
          [5.9216e-05],
          [7.2168e-05],
          [9.1099e-05],
          [9.9491e-05],
          [8.1981e-05],
          [8.1090e-05],
          [5.9282e-04],
          [4.2434e-05],
          [4.1087e-05],
          [2.2718e-04],
          [3.6742e-04],
          [2.7359e-05],
          [2.0343e-04],
          [1.4696e-04],
          [4.8087e-05],
          [2.6207e-04],
          [1.4965e-05],
          [1.2298e-05],
          [1.2487e-05],
          [1.0296e-05],
          [9.9316e-06],
          [1.1103e-05],
          [1.9107e-05],
          [1.8222e-05],
          [2.4473e-05],
          [1.7908e-05],
          [5.1674e-04],
          [4.2815e-05],
          [1.5388e-04],
          [7.4127e-05],
          [1.1785e-05],
          [1.2750e-05],
          [1.2334e-05],
          [1.0109e-05],
          [9.9325e-06],
          [1.1341e-05],
          [6.1032e-04],
          [1.9138e-05],
          [3.6724e-04],
          [1.3479e-05],
          [1.2419e-05],
          [1.1419e-05],
          [1.2775e-05],
          [1.0741e-05],
          [1.1198e-05],
          [1.1536e-05],
          [1.3708e-05],
          [1.2989e-05],
          [1.7056e-05],
          [2.1087e-05],
          [2.6051e-05],
          [5.2817e-04],
          [2.0375e-04],
          [1.8009e-05],
          [1.5561e-05],
          [1.2743e-05],
          [1.1994e-05],
          [1.4715e-05],
          [2.2816e-05],
          [2.1245e-05],
          [1.9108e-05],
          [5.7457e-05],
          [1.9877e-05],
          [2.0351e-05],
          [1.5372e-05],
          [1.4353e-05],
          [1.5677e-05],
          [1.4201e-05],
          [1.5606e-05],
          [1.7853e-05],
          [1.9486e-05],
          [1.9134e-05],
          [1.7848e-05],
          [1.7337e-05],
          [1.9737e-05],
          [1.9629e-05],
          [1.9602e-05],
          [2.0046e-05],
          [2.3730e-05],
          [2.4109e-05],
          [2.5416e-05],
          [2.1280e-05],
          [1.9783e-05],
          [2.2980e-05],
          [2.2280e-05],
          [1.7311e-05],
          [1.6109e-05],
          [1.6124e-05],
          [1.6831e-05],
          [1.8098e-05],
          [1.8694e-05],
          [1.4193e-05],
          [1.3388e-05],
          [1.4063e-05],
          [1.3753e-05],
          [6.3411e-04],
          [3.9576e-05],
          [8.5562e-04],
          [1.4510e-05],
          [1.6574e-05],
          [1.5293e-05],
          [1.3570e-05],
          [1.7262e-05],
          [1.5206e-05],
          [1.4086e-05],
          [1.2985e-05],
          [1.2899e-05],
          [1.2896e-05],
          [1.4474e-05],
          [1.3271e-05],
          [1.2141e-05],
          [1.2161e-05],
          [9.4776e-04],
          [7.9742e-05],
          [4.8712e-04],
          [1.4037e-05],
          [1.1483e-05],
          [9.7240e-06],
          [1.1138e-05],
          [6.4798e-04],
          [3.3794e-04],
          [1.2423e-05],
          [1.2926e-05],
          [1.2244e-05],
          [1.7947e-05],
          [1.6997e-05],
          [1.8342e-05],
          [2.2845e-05],
          [2.4647e-05],
          [2.6916e-05],
          [2.5270e-05],
          [2.7657e-05],
          [2.1462e-05],
          [1.5365e-05],
          [1.5746e-05],
          [1.4941e-05],
          [1.3564e-05],
          [1.2850e-05],
          [2.3989e-05],
          [3.8031e-05],
          [4.6768e-05],
          [4.4445e-05],
          [3.3112e-05],
          [2.6962e-05],
          [1.9023e-05],
          [1.8770e-05],
          [1.7455e-05],
          [2.5678e-04],
          [2.0701e-04],
          [1.8097e-05],
          [1.7824e-05],
          [1.4892e-05],
          [1.2904e-05],
          [1.3396e-05],
          [1.3522e-05],
          [1.3476e-05],
          [1.8775e-04],
          [7.5237e-05],
          [3.7492e-04],
          [3.2230e-04],
          [2.2266e-05],
          [1.8195e-05],
          [1.6245e-05],
          [1.4620e-05],
          [1.3924e-05],
          [3.4231e-04],
          [1.7447e-04],
          [3.1298e-05],
          [1.0215e-04],
          [1.2844e-04],
          [1.9802e-05],
          [4.6408e-04],
          [3.0762e-05],
          [5.7993e-04],
          [1.6422e-05],
          [1.2726e-05],
          [1.1558e-05],
          [1.4181e-05],
          [1.0038e-05],
          [1.4607e-04],
          [7.8747e-06]]]])
