# Using CPU
# Loading Embeddings...
# Making Predictions...
torch.Size([1, 1, 442, 251])
tensor([[[[1.5353e-04],
          [4.3171e-05],
          [1.4464e-04],
          [5.6455e-05],
          [7.8695e-06],
          [4.8399e-04],
          [1.3465e-04],
          [3.7572e-05],
          [3.7886e-04],
          [2.9840e-04],
          [1.3209e-05],
          [1.3001e-05],
          [3.2680e-04],
          [2.5473e-04],
          [1.1885e-04],
          [3.0093e-05],
          [8.8382e-05],
          [2.3470e-05],
          [2.3017e-05],
          [1.8329e-05],
          [5.6148e-04],
          [4.0724e-05],
          [6.5713e-04],
          [1.1083e-05],
          [1.4316e-05],
          [1.9159e-05],
          [2.4097e-05],
          [3.5756e-05],
          [3.8130e-05],
          [4.5812e-05],
          [4.0943e-05],
          [4.8232e-05],
          [4.3096e-05],
          [5.7807e-05],
          [4.1872e-05],
          [3.9256e-05],
          [6.1623e-04],
          [3.2317e-05],
          [1.7870e-04],
          [9.8472e-05],
          [4.1716e-04],
          [2.0487e-05],
          [1.9481e-05],
          [2.1078e-05],
          [1.6008e-05],
          [1.6041e-05],
          [1.3409e-05],
          [3.5589e-05],
          [6.2805e-05],
          [1.9052e-04],
          [3.5410e-04],
          [1.8122e-05],
          [1.2575e-05],
          [4.2118e-04],
          [2.9791e-04],
          [1.2816e-05],
          [1.3111e-05],
          [1.7827e-05],
          [1.9757e-05],
          [1.8305e-05],
          [1.7927e-05],
          [1.7763e-05],
          [2.9851e-04],
          [3.6104e-04],
          [1.4504e-05],
          [1.5224e-05],
          [1.4676e-05],
          [1.4349e-05],
          [1.4337e-05],
          [1.2990e-05],
          [1.3453e-05],
          [2.4216e-04],
          [2.5389e-05],
          [2.3834e-05],
          [1.7270e-05],
          [2.0423e-05],
          [1.1005e-03],
          [1.3750e-05],
          [1.3714e-05],
          [1.1958e-05],
          [2.3564e-04],
          [3.1084e-04],
          [1.1612e-05],
          [1.1415e-05],
          [1.2656e-05],
          [1.4341e-05],
          [1.5132e-05],
          [1.6494e-05],
          [1.4479e-05],
          [1.4183e-05],
          [4.0834e-04],
          [5.1871e-05],
          [5.0466e-04],
          [1.2407e-05],
          [1.1353e-05],
          [1.3933e-05],
          [1.4754e-05],
          [1.7537e-05],
          [1.4502e-05],
          [1.7638e-05],
          [2.1389e-05],
          [1.4518e-05],
          [1.0558e-05],
          [9.6402e-06],
          [1.0440e-05],
          [1.3426e-05],
          [1.4426e-05],
          [1.7993e-05],
          [1.8874e-05],
          [1.9307e-05],
          [1.7189e-05],
          [2.0748e-04],
          [1.5718e-04],
          [2.6186e-05],
          [3.7964e-04],
          [1.4283e-05],
          [1.1389e-05],
          [1.2263e-05],
          [1.3537e-05],
          [1.3515e-05],
          [1.3734e-05],
          [1.1667e-05],
          [2.5980e-05],
          [1.2081e-05],
          [1.3985e-05],
          [1.0992e-05],
          [1.2037e-05],
          [1.1978e-05],
          [1.5049e-05],
          [1.5929e-05],
          [1.5498e-05],
          [3.1377e-04],
          [5.5406e-04],
          [1.8495e-05],
          [1.7106e-05],
          [1.5539e-05],
          [1.4083e-05],
          [1.5364e-05],
          [1.3548e-05],
          [1.4462e-05],
          [1.2151e-05],
          [1.2967e-05],
          [1.0463e-05],
          [1.1497e-05],
          [1.1993e-05],
          [1.3879e-05],
          [1.5324e-05],
          [2.0624e-05],
          [2.5051e-05],
          [3.4846e-05],
          [3.4714e-05],
          [3.6487e-05],
          [3.4480e-05],
          [3.9119e-05],
          [3.5765e-05],
          [3.4161e-05],
          [4.6657e-04],
          [1.8653e-04],
          [2.1473e-04],
          [6.3901e-04],
          [1.4415e-05],
          [1.4719e-05],
          [1.4921e-05],
          [1.6144e-05],
          [1.6676e-05],
          [2.4561e-05],
          [1.9038e-05],
          [1.8593e-05],
          [2.0356e-05],
          [2.1023e-05],
          [1.7532e-05],
          [4.5841e-04],
          [4.7065e-04],
          [1.9837e-05],
          [2.1727e-05],
          [2.7658e-05],
          [2.4524e-05],
          [2.4335e-05],
          [2.4607e-04],
          [4.3197e-05],
          [4.7101e-04],
          [1.8300e-05],
          [1.3973e-05],
          [2.7126e-04],
          [1.6381e-05],
          [5.9274e-04],
          [1.4224e-05],
          [1.5562e-05],
          [1.3831e-05],
          [4.3874e-04],
          [3.2962e-05],
          [5.3188e-04],
          [1.6718e-05],
          [1.9620e-05],
          [1.9341e-05],
          [1.9351e-05],
          [2.2273e-05],
          [2.1050e-05],
          [2.4634e-04],
          [4.4615e-04],
          [1.5803e-05],
          [1.4536e-05],
          [1.4947e-05],
          [1.2753e-05],
          [1.4652e-05],
          [1.4397e-05],
          [1.3167e-05],
          [3.0474e-04],
          [5.2151e-04],
          [1.3513e-05],
          [1.3229e-05],
          [1.3331e-05],
          [1.4747e-05],
          [3.9565e-04],
          [2.9732e-05],
          [1.8309e-05],
          [9.6361e-04],
          [1.4738e-05],
          [1.9197e-05],
          [1.3405e-05],
          [1.6703e-05],
          [1.5261e-05],
          [1.3889e-05],
          [1.1790e-05],
          [1.3046e-05],
          [1.5415e-05],
          [1.4336e-05],
          [1.3681e-05],
          [1.3248e-05],
          [1.1618e-05],
          [1.5045e-05],
          [1.5110e-05],
          [1.1211e-05],
          [1.2253e-05],
          [3.6264e-04],
          [3.1184e-04],
          [1.4157e-05],
          [1.6291e-05],
          [1.3673e-05],
          [1.4755e-05],
          [1.3483e-05],
          [1.7407e-05],
          [1.1555e-05],
          [1.2599e-05],
          [1.4400e-05],
          [1.0429e-05],
          [4.1880e-04],
          [1.3925e-04],
          [2.4935e-05],
          [2.9582e-04],
          [1.0242e-05],
          [2.2248e-04],
          [2.2605e-04],
          [1.8803e-05],
          [2.5344e-05],
          [2.9330e-05],
          [2.7574e-05],
          [3.6192e-05],
          [4.1275e-05],
          [4.6955e-05],
          [3.7355e-05],
          [4.4120e-05],
          [4.2970e-05],
          [4.6149e-05],
          [6.0032e-05],
          [3.8415e-05],
          [6.1636e-05],
          [2.1455e-04],
          [2.2232e-05],
          [1.8577e-05],
          [3.8482e-04],
          [2.0663e-04],
          [2.7533e-05],
          [1.6683e-04],
          [1.2637e-04],
          [3.1002e-05],
          [2.8924e-04],
          [1.3619e-05],
          [1.1018e-05],
          [9.6881e-06],
          [8.8282e-06],
          [1.0753e-05],
          [1.0217e-05],
          [2.3321e-05],
          [9.9785e-06],
          [1.0286e-05],
          [1.0074e-05],
          [3.3282e-04],
          [2.8904e-05],
          [1.1792e-04],
          [1.0081e-04],
          [1.0863e-05],
          [9.9393e-06],
          [9.2453e-06],
          [9.5019e-06],
          [1.0256e-05],
          [1.0112e-05],
          [5.0098e-04],
          [3.0299e-05],
          [1.3055e-03],
          [1.2741e-05],
          [1.2186e-05],
          [1.5551e-05],
          [1.5533e-05],
          [1.5843e-05],
          [1.6901e-05],
          [1.5680e-05],
          [2.1209e-05],
          [2.0291e-05],
          [2.7359e-05],
          [3.1030e-05],
          [3.3365e-05],
          [3.6187e-04],
          [4.4849e-04],
          [2.3756e-05],
          [2.2978e-05],
          [2.6713e-05],
          [1.4594e-05],
          [1.2260e-05],
          [1.3832e-05],
          [1.4954e-05],
          [1.2613e-05],
          [1.7593e-05],
          [1.1411e-05],
          [1.3930e-05],
          [1.0749e-05],
          [1.1893e-05],
          [1.3236e-05],
          [1.5744e-05],
          [1.3747e-05],
          [1.4317e-05],
          [1.3618e-05],
          [1.5332e-05],
          [1.3448e-05],
          [1.2542e-05],
          [1.2909e-05],
          [1.4673e-05],
          [1.4490e-05],
          [1.4362e-05],
          [1.7925e-05],
          [1.9196e-05],
          [3.2522e-05],
          [1.5046e-05],
          [1.7318e-05],
          [1.7146e-05],
          [1.6307e-05],
          [1.4792e-05],
          [1.2912e-05],
          [1.4478e-05],
          [1.5419e-05],
          [1.3682e-05],
          [1.1364e-05],
          [1.2122e-05],
          [1.1606e-05],
          [1.3129e-05],
          [1.5839e-05],
          [4.6971e-04],
          [4.1668e-05],
          [3.7176e-04],
          [2.2706e-05],
          [2.2267e-05],
          [1.9159e-05],
          [1.7343e-05],
          [2.0049e-05],
          [1.4349e-05],
          [1.2972e-05],
          [1.0764e-05],
          [1.0831e-05],
          [1.1157e-05],
          [1.3686e-05],
          [1.3643e-05],
          [1.6555e-05],
          [1.6132e-05],
          [4.6979e-04],
          [7.7314e-05],
          [7.5731e-04],
          [1.2862e-05],
          [1.0992e-05],
          [1.0386e-05],
          [9.9260e-06],
          [3.2272e-04],
          [6.6181e-04],
          [1.3084e-05],
          [1.0193e-05],
          [1.2442e-05],
          [1.4998e-05],
          [2.1259e-05],
          [2.2953e-05],
          [2.4015e-05],
          [2.1345e-05],
          [2.0764e-05],
          [1.6405e-05],
          [1.3652e-05],
          [1.1754e-05],
          [1.0718e-05],
          [1.0518e-05],
          [9.9265e-06],
          [1.0261e-05],
          [1.0739e-05],
          [2.1129e-05],
          [2.3608e-05],
          [2.2921e-05],
          [4.4653e-05],
          [2.2317e-05],
          [2.3595e-05],
          [2.3375e-05],
          [2.1118e-05],
          [1.6270e-05],
          [2.1575e-04],
          [2.5332e-04],
          [1.8586e-05],
          [1.7170e-05],
          [1.3831e-05],
          [1.4336e-05],
          [1.6035e-05],
          [1.6557e-05],
          [1.5909e-05],
          [1.5958e-04],
          [3.0204e-05],
          [2.4280e-04],
          [3.4816e-04],
          [1.8078e-05],
          [1.5693e-05],
          [1.4205e-05],
          [1.5284e-05],
          [1.2302e-05],
          [3.0088e-04],
          [1.7033e-04],
          [1.5596e-05],
          [6.3294e-05],
          [3.5740e-04],
          [1.4806e-05],
          [2.9441e-04],
          [2.3916e-05],
          [3.9604e-04],
          [1.6278e-05],
          [1.1675e-05],
          [1.0044e-05],
          [1.0277e-05],
          [1.4672e-05],
          [5.6699e-05],
          [7.1345e-06]]]])
