# Using CPU
# Loading Embeddings...
# Making Predictions...
torch.Size([1, 1, 442, 268])
tensor([[[[1.1783e-04],
          [4.9212e-05],
          [2.3991e-04],
          [4.9232e-05],
          [9.0874e-06],
          [4.9221e-04],
          [4.7899e-04],
          [2.3721e-05],
          [3.4464e-04],
          [1.1006e-03],
          [1.2650e-05],
          [1.2143e-05],
          [3.0344e-04],
          [1.8076e-04],
          [7.4284e-05],
          [3.2804e-05],
          [8.7877e-05],
          [2.5347e-05],
          [2.9004e-05],
          [2.0538e-05],
          [6.8007e-04],
          [4.3488e-05],
          [1.8450e-03],
          [1.1873e-05],
          [1.1813e-05],
          [1.5137e-05],
          [2.0390e-05],
          [3.0859e-05],
          [3.4003e-05],
          [4.2253e-05],
          [3.9460e-05],
          [4.5877e-05],
          [4.3049e-05],
          [5.9494e-05],
          [3.8627e-05],
          [3.5300e-05],
          [4.4119e-04],
          [2.8348e-05],
          [2.0597e-04],
          [8.5592e-05],
          [1.0396e-03],
          [1.6676e-05],
          [1.5553e-05],
          [1.7972e-05],
          [1.3238e-05],
          [1.4404e-05],
          [1.4493e-05],
          [3.6548e-05],
          [7.1023e-05],
          [2.1264e-04],
          [8.2722e-04],
          [2.1487e-05],
          [1.5425e-05],
          [5.0577e-04],
          [1.0834e-03],
          [1.0797e-05],
          [1.1058e-05],
          [1.4198e-05],
          [1.4237e-05],
          [1.4985e-05],
          [1.3639e-05],
          [1.2735e-05],
          [2.7452e-04],
          [4.9592e-04],
          [1.3545e-05],
          [1.4314e-05],
          [1.4097e-05],
          [1.3991e-05],
          [1.3604e-05],
          [1.3780e-05],
          [1.1873e-05],
          [2.4417e-04],
          [1.8925e-05],
          [3.3063e-05],
          [1.0294e-05],
          [1.7087e-05],
          [4.2937e-03],
          [1.1559e-05],
          [1.1881e-05],
          [1.0333e-05],
          [2.2813e-04],
          [3.7608e-04],
          [1.1083e-05],
          [1.1025e-05],
          [1.1443e-05],
          [1.2694e-05],
          [1.4013e-05],
          [1.6457e-05],
          [1.4413e-05],
          [1.3131e-05],
          [4.6522e-04],
          [3.9587e-05],
          [4.8707e-04],
          [1.2920e-05],
          [1.4704e-05],
          [1.8141e-05],
          [2.0203e-05],
          [2.3305e-05],
          [2.1468e-05],
          [2.3978e-05],
          [2.1423e-05],
          [1.7472e-05],
          [1.5859e-05],
          [1.5075e-05],
          [1.1545e-05],
          [1.1438e-05],
          [1.1982e-05],
          [1.3770e-05],
          [1.5006e-05],
          [1.5102e-05],
          [1.2342e-05],
          [1.7707e-04],
          [1.4827e-04],
          [2.0335e-05],
          [4.4724e-04],
          [1.3152e-05],
          [1.0116e-05],
          [1.0523e-05],
          [1.1884e-05],
          [1.1356e-05],
          [1.2185e-05],
          [1.0203e-05],
          [1.7976e-05],
          [1.0988e-05],
          [1.0843e-05],
          [1.0291e-05],
          [1.0134e-05],
          [1.0817e-05],
          [1.2606e-05],
          [1.4485e-05],
          [1.2266e-05],
          [4.3340e-04],
          [9.0312e-04],
          [1.8254e-05],
          [1.5876e-05],
          [1.3955e-05],
          [1.2886e-05],
          [1.4234e-05],
          [1.1553e-05],
          [1.3378e-05],
          [1.0212e-05],
          [1.0888e-05],
          [9.1668e-06],
          [1.0171e-05],
          [1.0263e-05],
          [1.1621e-05],
          [1.2141e-05],
          [1.4992e-05],
          [1.8699e-05],
          [2.4529e-05],
          [2.7948e-05],
          [2.9824e-05],
          [3.2342e-05],
          [4.0541e-05],
          [3.3102e-05],
          [3.3887e-05],
          [3.6869e-04],
          [7.2129e-04],
          [2.1949e-04],
          [2.5104e-03],
          [1.2641e-05],
          [1.2758e-05],
          [1.2361e-05],
          [1.3364e-05],
          [1.3802e-05],
          [1.9703e-05],
          [1.5553e-05],
          [1.5362e-05],
          [1.7399e-05],
          [1.5188e-05],
          [1.3107e-05],
          [3.7494e-04],
          [1.1878e-03],
          [1.5125e-05],
          [1.5812e-05],
          [2.6037e-05],
          [1.7071e-05],
          [1.6518e-05],
          [2.4907e-04],
          [3.5936e-05],
          [1.7103e-04],
          [1.3626e-05],
          [1.7405e-05],
          [2.3486e-04],
          [1.2631e-05],
          [7.6111e-04],
          [1.2545e-05],
          [1.2611e-05],
          [1.1227e-05],
          [5.8669e-04],
          [3.6483e-05],
          [2.4153e-03],
          [1.2552e-05],
          [1.4531e-05],
          [1.3452e-05],
          [1.4122e-05],
          [1.5166e-05],
          [1.4944e-05],
          [2.2775e-04],
          [7.2781e-04],
          [1.2813e-05],
          [1.2166e-05],
          [1.3755e-05],
          [1.0773e-05],
          [1.1806e-05],
          [1.1583e-05],
          [1.4395e-05],
          [3.7437e-04],
          [1.7719e-03],
          [1.0382e-05],
          [1.0788e-05],
          [1.1325e-05],
          [1.1494e-05],
          [2.7582e-04],
          [2.5443e-05],
          [1.8705e-05],
          [3.7459e-03],
          [1.2992e-05],
          [1.5904e-05],
          [1.1773e-05],
          [1.3595e-05],
          [1.1939e-05],
          [1.1516e-05],
          [1.0662e-05],
          [1.1659e-05],
          [2.6315e-05],
          [1.4048e-05],
          [1.1707e-05],
          [1.2098e-05],
          [1.1407e-05],
          [1.2395e-05],
          [1.2280e-05],
          [1.0129e-05],
          [1.1479e-05],
          [3.5314e-04],
          [9.5880e-04],
          [1.5629e-05],
          [1.1813e-05],
          [1.1724e-05],
          [1.3103e-05],
          [2.0477e-05],
          [1.4724e-05],
          [1.3700e-05],
          [2.2129e-05],
          [1.7093e-05],
          [1.1692e-05],
          [4.6111e-04],
          [1.4543e-04],
          [2.0990e-05],
          [2.8332e-04],
          [1.1925e-05],
          [2.7326e-04],
          [5.1293e-04],
          [1.2862e-05],
          [1.5850e-05],
          [1.8434e-05],
          [1.6660e-05],
          [1.8928e-05],
          [2.0048e-05],
          [2.3900e-05],
          [1.9558e-05],
          [2.7414e-05],
          [2.8600e-05],
          [2.9518e-05],
          [4.2229e-05],
          [2.9340e-05],
          [3.9666e-05],
          [1.8850e-04],
          [1.3442e-05],
          [2.0563e-05],
          [4.4862e-04],
          [2.1275e-04],
          [2.2260e-05],
          [3.3540e-04],
          [1.3738e-04],
          [5.1420e-05],
          [1.5343e-04],
          [1.3428e-05],
          [9.9263e-06],
          [9.5776e-06],
          [9.1484e-06],
          [9.7584e-06],
          [9.8960e-06],
          [1.7576e-05],
          [1.1520e-05],
          [1.3918e-05],
          [1.0186e-05],
          [2.9216e-04],
          [1.8303e-05],
          [7.2510e-05],
          [2.3069e-04],
          [1.0100e-05],
          [9.9992e-06],
          [9.6606e-06],
          [1.0341e-05],
          [9.8259e-06],
          [1.1572e-05],
          [4.9165e-04],
          [2.9835e-05],
          [3.6397e-03],
          [1.3409e-05],
          [1.0169e-05],
          [1.1451e-05],
          [1.2011e-05],
          [1.1418e-05],
          [1.4075e-05],
          [1.2883e-05],
          [1.6613e-05],
          [1.5428e-05],
          [1.9049e-05],
          [2.1263e-05],
          [2.0421e-05],
          [2.2410e-04],
          [1.6166e-03],
          [1.5301e-05],
          [1.4209e-05],
          [2.5197e-05],
          [1.2156e-05],
          [1.1612e-05],
          [1.5110e-05],
          [1.6377e-05],
          [1.5596e-05],
          [1.4575e-05],
          [1.4822e-05],
          [1.5487e-05],
          [1.1497e-05],
          [1.1058e-05],
          [1.1200e-05],
          [1.1363e-05],
          [1.1089e-05],
          [1.1089e-05],
          [1.1579e-05],
          [1.3079e-05],
          [1.2957e-05],
          [1.1926e-05],
          [1.2140e-05],
          [1.4121e-05],
          [1.9133e-05],
          [1.4857e-05],
          [1.9197e-05],
          [1.7680e-05],
          [1.9405e-05],
          [1.5831e-05],
          [1.5874e-05],
          [1.7530e-05],
          [1.6170e-05],
          [1.3458e-05],
          [1.5553e-05],
          [1.3453e-05],
          [1.2470e-05],
          [1.1882e-05],
          [1.7674e-05],
          [1.4356e-05],
          [1.3411e-05],
          [1.4514e-05],
          [1.5689e-05],
          [4.1686e-04],
          [5.0729e-05],
          [2.4741e-03],
          [1.6952e-05],
          [1.5950e-05],
          [1.6545e-05],
          [1.5162e-05],
          [1.5097e-05],
          [1.1576e-05],
          [1.0904e-05],
          [1.0912e-05],
          [1.0985e-05],
          [1.0816e-05],
          [1.0437e-05],
          [1.0245e-05],
          [1.4221e-05],
          [1.2580e-05],
          [5.4660e-04],
          [7.5759e-05],
          [3.2598e-03],
          [1.3425e-05],
          [1.0058e-05],
          [9.1024e-06],
          [1.1314e-05],
          [4.6050e-04],
          [2.3875e-03],
          [1.2460e-05],
          [1.0943e-05],
          [1.2394e-05],
          [1.5778e-05],
          [2.0183e-05],
          [2.8576e-05],
          [3.2240e-05],
          [2.7601e-05],
          [2.6602e-05],
          [2.5426e-05],
          [2.2124e-05],
          [1.2130e-05],
          [1.0469e-05],
          [1.1592e-05],
          [1.0327e-05],
          [1.0639e-05],
          [1.0410e-05],
          [3.8148e-05],
          [2.7659e-05],
          [2.9394e-05],
          [4.4628e-05],
          [2.5999e-05],
          [2.2602e-05],
          [1.9438e-05],
          [1.7863e-05],
          [1.4631e-05],
          [2.2793e-04],
          [6.4575e-04],
          [1.8215e-05],
          [1.7195e-05],
          [1.4666e-05],
          [1.4010e-05],
          [1.4279e-05],
          [1.4875e-05],
          [1.4429e-05],
          [1.2701e-04],
          [4.9326e-05],
          [3.0076e-04],
          [1.3328e-03],
          [1.4624e-05],
          [1.3301e-05],
          [1.4511e-05],
          [1.3083e-05],
          [1.1819e-05],
          [3.0478e-04],
          [1.3380e-04],
          [1.6221e-05],
          [4.4880e-05],
          [5.4208e-04],
          [1.6461e-05],
          [2.5040e-04],
          [1.7451e-05],
          [2.1137e-04],
          [1.4034e-05],
          [1.1450e-05],
          [9.8956e-06],
          [1.2058e-05],
          [1.3062e-05],
          [7.9941e-05],
          [1.0223e-05]]]])
