# Using CPU
# Loading Embeddings...
# Making Predictions...
torch.Size([1, 1, 442, 284])
tensor([[[[1.7520e-04],
          [5.8619e-05],
          [1.4107e-04],
          [2.1957e-05],
          [9.4901e-06],
          [8.5615e-04],
          [2.9044e-04],
          [1.5477e-05],
          [6.0748e-04],
          [3.3023e-04],
          [2.0595e-05],
          [1.9924e-05],
          [4.2525e-04],
          [2.3294e-04],
          [1.7051e-05],
          [1.1989e-05],
          [1.2039e-05],
          [1.2303e-05],
          [1.4403e-05],
          [2.5276e-05],
          [4.7709e-04],
          [2.8894e-05],
          [2.2154e-04],
          [1.7621e-05],
          [2.0211e-05],
          [2.9800e-05],
          [4.3320e-05],
          [7.0518e-05],
          [8.4843e-05],
          [1.1566e-04],
          [1.0546e-04],
          [1.1589e-04],
          [1.2193e-04],
          [1.2082e-04],
          [9.3418e-05],
          [7.7298e-05],
          [1.9930e-03],
          [1.3744e-04],
          [2.1410e-04],
          [1.5720e-04],
          [2.9107e-04],
          [2.8015e-05],
          [2.5363e-05],
          [2.5328e-05],
          [1.8402e-05],
          [1.6515e-05],
          [1.3335e-05],
          [1.1427e-05],
          [1.8392e-05],
          [6.4966e-04],
          [2.2518e-04],
          [1.1247e-05],
          [1.2497e-05],
          [5.8958e-04],
          [2.4003e-04],
          [1.4862e-05],
          [1.5574e-05],
          [1.5908e-05],
          [1.9377e-05],
          [2.1049e-05],
          [2.3404e-05],
          [2.0725e-05],
          [4.6593e-04],
          [3.2816e-04],
          [1.7542e-05],
          [1.7393e-05],
          [1.6519e-05],
          [1.5751e-05],
          [1.6578e-05],
          [1.4917e-05],
          [1.5266e-05],
          [3.7684e-04],
          [3.7153e-05],
          [2.5443e-05],
          [1.6645e-05],
          [2.2729e-05],
          [6.0349e-04],
          [1.6264e-05],
          [1.4642e-05],
          [1.3505e-05],
          [2.3340e-04],
          [1.6053e-04],
          [1.4162e-05],
          [1.4368e-05],
          [1.6414e-05],
          [2.0180e-05],
          [2.0308e-05],
          [2.1162e-05],
          [1.8109e-05],
          [1.6499e-05],
          [5.8045e-04],
          [6.4759e-05],
          [2.9578e-04],
          [1.2717e-05],
          [1.1995e-05],
          [1.5974e-05],
          [2.1989e-05],
          [2.9513e-05],
          [2.7804e-05],
          [2.8711e-05],
          [2.8831e-05],
          [2.0359e-05],
          [1.4413e-05],
          [1.2249e-05],
          [1.4049e-05],
          [1.9374e-05],
          [2.1290e-05],
          [2.7085e-05],
          [2.9077e-05],
          [2.8535e-05],
          [2.3454e-05],
          [1.7204e-04],
          [2.1655e-04],
          [2.1496e-05],
          [3.4350e-04],
          [1.5443e-05],
          [1.1748e-05],
          [9.5748e-06],
          [1.2312e-05],
          [1.3314e-05],
          [1.3504e-05],
          [1.1454e-05],
          [1.4221e-05],
          [1.1328e-05],
          [1.3001e-05],
          [1.2860e-05],
          [1.3613e-05],
          [1.3124e-05],
          [1.6492e-05],
          [1.6578e-05],
          [1.8238e-05],
          [4.1278e-04],
          [3.8973e-04],
          [2.3342e-05],
          [2.7654e-05],
          [2.0809e-05],
          [1.7725e-05],
          [1.4193e-05],
          [1.4221e-05],
          [1.4761e-05],
          [1.2197e-05],
          [1.1374e-05],
          [9.9265e-06],
          [1.0951e-05],
          [1.3595e-05],
          [1.6618e-05],
          [1.9110e-05],
          [2.5998e-05],
          [3.5882e-05],
          [5.3376e-05],
          [5.9912e-05],
          [6.0534e-05],
          [6.4560e-05],
          [7.4395e-05],
          [7.2881e-05],
          [5.1001e-05],
          [1.0530e-03],
          [2.0440e-04],
          [4.2683e-04],
          [3.2607e-04],
          [2.0146e-05],
          [1.7278e-05],
          [1.5376e-05],
          [1.7075e-05],
          [1.5761e-05],
          [2.0692e-05],
          [1.9821e-05],
          [2.0241e-05],
          [2.3236e-05],
          [2.4166e-05],
          [1.6959e-05],
          [7.5711e-04],
          [3.1116e-04],
          [2.2298e-05],
          [2.7306e-05],
          [3.4250e-05],
          [3.4043e-05],
          [3.3353e-05],
          [4.3253e-04],
          [1.0210e-04],
          [3.9907e-04],
          [1.8732e-05],
          [1.5658e-05],
          [5.1076e-04],
          [1.5137e-05],
          [2.7746e-04],
          [1.2675e-05],
          [1.3764e-05],
          [1.3140e-05],
          [1.1020e-03],
          [2.6831e-05],
          [7.2342e-04],
          [2.0139e-05],
          [2.7246e-05],
          [2.8280e-05],
          [2.7051e-05],
          [2.7125e-05],
          [2.8105e-05],
          [3.8439e-04],
          [2.1659e-04],
          [1.9619e-05],
          [1.5801e-05],
          [1.5629e-05],
          [1.3344e-05],
          [1.4672e-05],
          [1.5447e-05],
          [1.5109e-05],
          [1.0470e-03],
          [2.4765e-04],
          [1.5007e-05],
          [1.2962e-05],
          [1.3114e-05],
          [1.4840e-05],
          [1.6127e-03],
          [4.1448e-05],
          [3.2593e-05],
          [8.3365e-04],
          [1.5438e-05],
          [1.3732e-05],
          [1.3519e-05],
          [1.2500e-05],
          [1.4876e-05],
          [1.3006e-05],
          [1.2497e-05],
          [1.2019e-05],
          [1.4719e-05],
          [1.7053e-05],
          [1.4658e-05],
          [1.3930e-05],
          [1.2537e-05],
          [1.0269e-05],
          [1.1693e-05],
          [1.2590e-05],
          [1.4112e-05],
          [1.3393e-03],
          [2.7388e-04],
          [1.4421e-05],
          [1.5074e-05],
          [1.6141e-05],
          [1.8284e-05],
          [1.9773e-05],
          [2.8914e-05],
          [2.1285e-05],
          [3.1354e-05],
          [3.2615e-05],
          [1.7840e-05],
          [3.2554e-04],
          [2.0383e-04],
          [1.8289e-05],
          [2.3509e-04],
          [1.4121e-05],
          [4.7428e-04],
          [1.7330e-04],
          [2.2599e-05],
          [2.5409e-05],
          [2.8142e-05],
          [2.8274e-05],
          [3.0080e-05],
          [3.1015e-05],
          [3.6111e-05],
          [3.2629e-05],
          [4.2865e-05],
          [5.1133e-05],
          [5.6325e-05],
          [1.2138e-04],
          [5.3836e-05],
          [4.7314e-05],
          [6.6208e-04],
          [2.8042e-05],
          [2.4264e-05],
          [3.9529e-04],
          [2.2136e-04],
          [3.6174e-05],
          [1.2864e-04],
          [1.6581e-04],
          [4.6081e-05],
          [2.5473e-04],
          [1.3544e-05],
          [1.0991e-05],
          [1.1402e-05],
          [9.9244e-06],
          [9.7250e-06],
          [9.9448e-06],
          [1.8457e-05],
          [1.5538e-05],
          [2.2571e-05],
          [1.5214e-05],
          [6.2514e-04],
          [2.5234e-05],
          [1.0338e-04],
          [7.1738e-05],
          [1.1826e-05],
          [1.2438e-05],
          [1.1208e-05],
          [9.8531e-06],
          [9.5528e-06],
          [9.4076e-06],
          [1.2200e-03],
          [3.4318e-05],
          [2.9554e-04],
          [1.2169e-05],
          [1.1262e-05],
          [1.3566e-05],
          [1.3537e-05],
          [1.3673e-05],
          [1.4357e-05],
          [1.3954e-05],
          [1.9035e-05],
          [1.7813e-05],
          [2.3286e-05],
          [2.3466e-05],
          [2.8244e-05],
          [1.2622e-03],
          [3.1128e-04],
          [2.1274e-05],
          [1.5965e-05],
          [1.3708e-05],
          [1.1426e-05],
          [1.2508e-05],
          [2.3155e-05],
          [3.5137e-05],
          [2.9145e-05],
          [2.1938e-05],
          [1.6596e-05],
          [1.5950e-05],
          [1.1864e-05],
          [1.3589e-05],
          [1.3279e-05],
          [1.5355e-05],
          [1.6778e-05],
          [1.5445e-05],
          [1.4449e-05],
          [1.5706e-05],
          [1.4076e-05],
          [1.5443e-05],
          [2.1378e-05],
          [2.6018e-05],
          [3.2707e-05],
          [2.5104e-05],
          [4.4439e-05],
          [4.4693e-05],
          [4.0502e-05],
          [2.2198e-05],
          [2.5056e-05],
          [3.1233e-05],
          [2.9025e-05],
          [2.7493e-05],
          [2.1914e-05],
          [2.6918e-05],
          [2.6009e-05],
          [2.3839e-05],
          [2.6344e-05],
          [2.4292e-05],
          [2.0665e-05],
          [1.6437e-05],
          [1.4340e-05],
          [3.1478e-04],
          [4.1096e-05],
          [7.9663e-04],
          [2.0458e-05],
          [2.0938e-05],
          [1.8527e-05],
          [1.6807e-05],
          [1.8561e-05],
          [1.4911e-05],
          [1.5882e-05],
          [1.5285e-05],
          [1.5992e-05],
          [1.5503e-05],
          [1.8832e-05],
          [1.7134e-05],
          [1.9684e-05],
          [1.7183e-05],
          [8.3153e-04],
          [9.2553e-05],
          [5.5862e-04],
          [1.3518e-05],
          [1.1808e-05],
          [9.8755e-06],
          [1.3401e-05],
          [6.9309e-04],
          [2.1479e-04],
          [1.4365e-05],
          [1.4989e-05],
          [1.2968e-05],
          [2.0177e-05],
          [2.2040e-05],
          [3.7618e-05],
          [4.5520e-05],
          [4.3824e-05],
          [3.7326e-05],
          [2.7302e-05],
          [1.9776e-05],
          [1.5358e-05],
          [1.2910e-05],
          [1.2873e-05],
          [1.2421e-05],
          [1.4369e-05],
          [1.4822e-05],
          [2.6791e-05],
          [4.3360e-05],
          [4.8913e-05],
          [1.2632e-04],
          [2.7234e-05],
          [3.2788e-05],
          [2.1825e-05],
          [1.8632e-05],
          [1.6415e-05],
          [5.6425e-04],
          [2.3086e-04],
          [2.2963e-05],
          [1.9340e-05],
          [1.7767e-05],
          [1.5018e-05],
          [1.7769e-05],
          [1.8326e-05],
          [2.0141e-05],
          [1.0715e-04],
          [7.2749e-05],
          [4.4746e-04],
          [2.0893e-04],
          [2.4734e-05],
          [1.4999e-05],
          [1.5060e-05],
          [1.8765e-05],
          [1.4292e-05],
          [3.6028e-04],
          [1.4707e-04],
          [1.7816e-05],
          [9.7159e-05],
          [1.5890e-04],
          [2.6367e-05],
          [3.0526e-04],
          [3.5474e-05],
          [2.8503e-04],
          [2.7481e-05],
          [1.5268e-05],
          [1.2546e-05],
          [1.1738e-05],
          [1.1639e-05],
          [3.9325e-05],
          [5.9186e-06]]]])
