# Using CPU
# Loading Embeddings...
# Making Predictions...
torch.Size([1, 1, 442, 284])
tensor([[[[1.1061e-04],
          [2.8764e-05],
          [1.3975e-04],
          [6.3187e-05],
          [1.0369e-05],
          [5.3635e-04],
          [8.3763e-04],
          [2.6795e-05],
          [1.5747e-03],
          [1.6719e-03],
          [1.7760e-05],
          [1.6346e-05],
          [3.1237e-04],
          [1.9495e-04],
          [1.0031e-04],
          [2.9760e-05],
          [1.6265e-04],
          [2.3833e-05],
          [2.5228e-05],
          [1.7843e-05],
          [3.0522e-03],
          [4.8698e-05],
          [2.6529e-03],
          [1.4833e-05],
          [1.7778e-05],
          [2.2560e-05],
          [3.4333e-05],
          [6.6299e-05],
          [7.3790e-05],
          [9.2264e-05],
          [8.9605e-05],
          [1.1299e-04],
          [1.0713e-04],
          [1.2145e-04],
          [9.0435e-05],
          [7.8415e-05],
          [3.7177e-04],
          [5.3527e-05],
          [2.5545e-04],
          [1.6765e-04],
          [1.5687e-03],
          [2.7322e-05],
          [2.7410e-05],
          [2.7955e-05],
          [1.8480e-05],
          [1.7393e-05],
          [1.3457e-05],
          [2.8702e-05],
          [5.2327e-05],
          [3.2351e-04],
          [1.1811e-03],
          [1.5088e-05],
          [1.3161e-05],
          [2.3652e-03],
          [1.9961e-03],
          [1.2726e-05],
          [1.4254e-05],
          [1.5968e-05],
          [1.8233e-05],
          [1.9657e-05],
          [1.8825e-05],
          [1.7988e-05],
          [2.6211e-04],
          [6.2643e-04],
          [1.4918e-05],
          [1.4976e-05],
          [1.4129e-05],
          [1.4184e-05],
          [1.5198e-05],
          [1.5392e-05],
          [1.3291e-05],
          [3.3106e-04],
          [2.2520e-05],
          [1.5116e-05],
          [1.1797e-05],
          [1.8150e-05],
          [7.4212e-03],
          [1.4059e-05],
          [1.2916e-05],
          [1.1140e-05],
          [1.6043e-04],
          [3.9613e-04],
          [1.2839e-05],
          [1.5077e-05],
          [1.7650e-05],
          [2.0984e-05],
          [2.2206e-05],
          [2.3667e-05],
          [1.9748e-05],
          [1.5846e-05],
          [1.5346e-03],
          [3.3211e-05],
          [5.4273e-04],
          [1.1822e-05],
          [1.6208e-05],
          [1.8721e-05],
          [2.4855e-05],
          [3.0081e-05],
          [2.9690e-05],
          [3.1357e-05],
          [3.1339e-05],
          [2.4369e-05],
          [1.5242e-05],
          [1.2590e-05],
          [1.4334e-05],
          [1.6015e-05],
          [1.6034e-05],
          [1.9893e-05],
          [2.1010e-05],
          [2.1114e-05],
          [1.8161e-05],
          [6.2409e-04],
          [1.0554e-04],
          [1.6130e-05],
          [5.7676e-04],
          [1.3075e-05],
          [1.3366e-05],
          [1.1042e-05],
          [1.2866e-05],
          [1.3945e-05],
          [1.4154e-05],
          [1.3773e-05],
          [1.4498e-05],
          [1.1838e-05],
          [1.1496e-05],
          [1.2447e-05],
          [1.2423e-05],
          [1.2303e-05],
          [1.4911e-05],
          [1.5405e-05],
          [2.1413e-05],
          [3.5057e-04],
          [1.1781e-03],
          [4.4808e-05],
          [2.1677e-05],
          [1.8203e-05],
          [1.6734e-05],
          [1.7631e-05],
          [1.4331e-05],
          [1.4472e-05],
          [1.3783e-05],
          [1.2597e-05],
          [1.0622e-05],
          [1.1414e-05],
          [1.1723e-05],
          [1.4882e-05],
          [1.5276e-05],
          [1.9791e-05],
          [2.3685e-05],
          [3.4261e-05],
          [3.7597e-05],
          [3.6489e-05],
          [4.3728e-05],
          [5.4505e-05],
          [5.7466e-05],
          [4.2790e-05],
          [3.5496e-03],
          [1.5077e-03],
          [9.8011e-04],
          [5.3178e-03],
          [1.4501e-05],
          [1.3356e-05],
          [1.4686e-05],
          [2.0131e-05],
          [1.6080e-05],
          [2.5636e-05],
          [1.8864e-05],
          [1.9551e-05],
          [2.0614e-05],
          [2.0437e-05],
          [1.5691e-05],
          [1.9460e-03],
          [2.4176e-03],
          [1.7478e-05],
          [2.1290e-05],
          [4.0043e-05],
          [3.1211e-05],
          [2.2158e-05],
          [1.9060e-04],
          [3.0372e-05],
          [2.2350e-04],
          [1.7423e-05],
          [2.8089e-05],
          [1.8594e-04],
          [1.1423e-05],
          [8.0500e-04],
          [1.1676e-05],
          [1.1377e-05],
          [9.9822e-06],
          [4.0595e-03],
          [9.6887e-05],
          [1.1387e-02],
          [1.6189e-05],
          [1.9865e-05],
          [2.0914e-05],
          [1.9599e-05],
          [2.3008e-05],
          [2.2345e-05],
          [2.5010e-04],
          [8.3557e-04],
          [1.5634e-05],
          [1.4602e-05],
          [1.5753e-05],
          [1.2896e-05],
          [1.4397e-05],
          [1.4680e-05],
          [1.4855e-05],
          [1.3337e-03],
          [2.8926e-03],
          [1.3007e-05],
          [1.2912e-05],
          [1.3833e-05],
          [1.1637e-05],
          [1.8282e-03],
          [3.0650e-05],
          [1.8349e-05],
          [5.3490e-03],
          [1.3771e-05],
          [1.2411e-05],
          [1.2413e-05],
          [1.4854e-05],
          [1.6727e-05],
          [1.5891e-05],
          [1.3453e-05],
          [1.4861e-05],
          [1.7252e-05],
          [1.6037e-05],
          [1.3155e-05],
          [1.2694e-05],
          [1.1170e-05],
          [1.2300e-05],
          [1.3370e-05],
          [1.3941e-05],
          [1.4633e-05],
          [1.7276e-03],
          [1.2866e-03],
          [1.4862e-05],
          [1.8536e-05],
          [1.7264e-05],
          [1.8808e-05],
          [2.9456e-05],
          [2.2723e-05],
          [1.8040e-05],
          [2.2310e-05],
          [2.3746e-05],
          [1.4017e-05],
          [2.1196e-03],
          [9.3273e-05],
          [1.7180e-05],
          [2.2877e-04],
          [1.3367e-05],
          [6.7130e-04],
          [7.7498e-04],
          [2.5085e-05],
          [3.2850e-05],
          [3.4216e-05],
          [2.6298e-05],
          [3.9594e-05],
          [4.6563e-05],
          [5.3072e-05],
          [4.2458e-05],
          [4.8417e-05],
          [5.1272e-05],
          [5.6171e-05],
          [9.1647e-05],
          [6.8823e-05],
          [1.2630e-04],
          [1.7047e-04],
          [1.8413e-05],
          [1.9229e-05],
          [6.2986e-04],
          [1.1382e-03],
          [1.8433e-05],
          [5.9257e-04],
          [1.3800e-04],
          [2.2588e-05],
          [1.4670e-04],
          [1.3437e-05],
          [1.2087e-05],
          [1.0631e-05],
          [9.2685e-06],
          [9.8154e-06],
          [1.0267e-05],
          [2.4954e-05],
          [1.6030e-05],
          [1.9541e-05],
          [1.3910e-05],
          [2.5222e-04],
          [2.0369e-05],
          [6.7832e-05],
          [4.4352e-04],
          [1.1075e-05],
          [1.0528e-05],
          [1.0506e-05],
          [9.8639e-06],
          [1.0266e-05],
          [9.5970e-06],
          [2.1426e-03],
          [3.5533e-05],
          [6.0393e-03],
          [1.2447e-05],
          [1.3653e-05],
          [1.7374e-05],
          [1.9429e-05],
          [1.8821e-05],
          [2.2665e-05],
          [2.0254e-05],
          [2.3376e-05],
          [2.1745e-05],
          [2.9078e-05],
          [3.0590e-05],
          [3.4250e-05],
          [1.1943e-03],
          [2.4386e-03],
          [2.5460e-05],
          [2.5968e-05],
          [2.0230e-05],
          [1.6096e-05],
          [1.3705e-05],
          [1.6180e-05],
          [1.8826e-05],
          [1.6833e-05],
          [1.5425e-05],
          [1.3773e-05],
          [1.4210e-05],
          [1.0815e-05],
          [1.3119e-05],
          [1.5262e-05],
          [1.6467e-05],
          [1.4488e-05],
          [1.5869e-05],
          [1.5651e-05],
          [1.6244e-05],
          [1.3831e-05],
          [1.3647e-05],
          [1.4346e-05],
          [1.5820e-05],
          [1.9298e-05],
          [1.5958e-05],
          [2.2754e-05],
          [2.1384e-05],
          [2.0503e-05],
          [1.7425e-05],
          [1.7778e-05],
          [2.1727e-05],
          [2.0851e-05],
          [1.6336e-05],
          [1.6005e-05],
          [1.5519e-05],
          [1.4734e-05],
          [1.3220e-05],
          [1.4637e-05],
          [1.5382e-05],
          [1.5816e-05],
          [1.6540e-05],
          [1.7741e-05],
          [1.9762e-03],
          [9.2171e-05],
          [1.2100e-02],
          [2.1603e-05],
          [2.2279e-05],
          [2.0704e-05],
          [1.7920e-05],
          [1.8410e-05],
          [1.3018e-05],
          [1.3222e-05],
          [1.0455e-05],
          [1.0541e-05],
          [1.1929e-05],
          [1.3065e-05],
          [1.5158e-05],
          [1.7384e-05],
          [1.6976e-05],
          [3.4996e-03],
          [7.0692e-05],
          [4.2959e-03],
          [1.2748e-05],
          [1.1191e-05],
          [9.2696e-06],
          [1.0475e-05],
          [1.0238e-03],
          [3.5190e-03],
          [1.1719e-05],
          [1.1562e-05],
          [1.1857e-05],
          [1.7489e-05],
          [2.4276e-05],
          [3.1078e-05],
          [3.2301e-05],
          [2.7659e-05],
          [2.5241e-05],
          [2.5222e-05],
          [2.1183e-05],
          [1.3977e-05],
          [1.2321e-05],
          [1.1730e-05],
          [1.1681e-05],
          [1.1237e-05],
          [1.1736e-05],
          [2.1672e-05],
          [3.2102e-05],
          [3.5022e-05],
          [4.3361e-05],
          [2.7379e-05],
          [3.1155e-05],
          [2.6592e-05],
          [2.4498e-05],
          [1.9301e-05],
          [3.3407e-04],
          [8.5852e-04],
          [2.0429e-05],
          [1.9941e-05],
          [1.8985e-05],
          [1.8332e-05],
          [2.1070e-05],
          [2.1319e-05],
          [1.8187e-05],
          [2.9783e-04],
          [1.4841e-04],
          [6.3994e-04],
          [2.5163e-03],
          [2.3184e-05],
          [1.9598e-05],
          [1.9131e-05],
          [1.6103e-05],
          [1.4982e-05],
          [7.4922e-04],
          [6.3178e-05],
          [1.4928e-05],
          [5.5620e-05],
          [7.2549e-04],
          [1.5164e-05],
          [1.7043e-04],
          [2.1583e-05],
          [2.4131e-04],
          [2.4120e-05],
          [1.7682e-05],
          [1.4891e-05],
          [1.4664e-05],
          [1.4899e-05],
          [1.6694e-04],
          [1.2369e-05]]]])
