# Using CPU
# Loading Embeddings...
# Making Predictions...
torch.Size([1, 1, 442, 250])
tensor([[[[1.5440e-04],
          [3.4875e-05],
          [1.4684e-04],
          [5.7712e-05],
          [7.9621e-06],
          [4.5184e-04],
          [1.5364e-04],
          [3.2169e-05],
          [3.8900e-04],
          [3.1883e-04],
          [1.3037e-05],
          [1.2277e-05],
          [2.9397e-04],
          [2.5514e-04],
          [7.9557e-05],
          [2.1413e-05],
          [6.0127e-05],
          [1.8811e-05],
          [1.8983e-05],
          [1.8608e-05],
          [1.7679e-03],
          [4.2586e-05],
          [8.6481e-04],
          [1.2896e-05],
          [1.2102e-05],
          [1.5362e-05],
          [2.0228e-05],
          [3.0182e-05],
          [3.1017e-05],
          [3.6039e-05],
          [3.3212e-05],
          [3.7190e-05],
          [3.7211e-05],
          [5.6271e-05],
          [3.8390e-05],
          [3.7520e-05],
          [6.2835e-04],
          [6.6023e-05],
          [1.9285e-04],
          [2.6490e-04],
          [5.0093e-04],
          [1.8151e-05],
          [1.6526e-05],
          [1.7901e-05],
          [1.4967e-05],
          [1.4068e-05],
          [1.3969e-05],
          [3.3488e-05],
          [5.9463e-05],
          [6.4436e-04],
          [5.1372e-04],
          [1.8988e-05],
          [1.3113e-05],
          [1.4076e-03],
          [4.4042e-04],
          [1.1232e-05],
          [1.0395e-05],
          [1.6174e-05],
          [1.2716e-05],
          [1.4011e-05],
          [1.3330e-05],
          [1.2308e-05],
          [3.5632e-04],
          [4.9644e-04],
          [1.2121e-05],
          [1.2969e-05],
          [1.4099e-05],
          [1.4332e-05],
          [1.2969e-05],
          [1.3877e-05],
          [1.2463e-05],
          [8.8805e-04],
          [2.6584e-05],
          [1.8703e-05],
          [1.1777e-05],
          [2.3612e-05],
          [1.2590e-03],
          [1.2954e-05],
          [1.2654e-05],
          [1.1493e-05],
          [2.1464e-04],
          [3.3480e-04],
          [1.1164e-05],
          [1.0933e-05],
          [1.1935e-05],
          [1.2967e-05],
          [1.4537e-05],
          [1.5914e-05],
          [1.5104e-05],
          [1.4445e-05],
          [1.8916e-03],
          [6.0745e-05],
          [7.8183e-04],
          [1.2361e-05],
          [1.6709e-05],
          [1.9846e-05],
          [2.6344e-05],
          [2.9866e-05],
          [2.6492e-05],
          [2.4781e-05],
          [2.8013e-05],
          [1.8238e-05],
          [1.2512e-05],
          [1.1520e-05],
          [9.9212e-06],
          [1.0652e-05],
          [1.0796e-05],
          [1.2186e-05],
          [1.4647e-05],
          [1.4713e-05],
          [1.2920e-05],
          [2.0412e-04],
          [1.1297e-04],
          [2.7477e-05],
          [5.7832e-04],
          [1.3360e-05],
          [1.0545e-05],
          [1.0415e-05],
          [1.2220e-05],
          [1.1187e-05],
          [1.2469e-05],
          [1.0529e-05],
          [2.6798e-05],
          [1.0989e-05],
          [1.3601e-05],
          [1.5758e-05],
          [1.3528e-05],
          [1.0814e-05],
          [1.1122e-05],
          [1.3543e-05],
          [1.1713e-05],
          [8.7071e-04],
          [6.1321e-04],
          [1.8199e-05],
          [1.3875e-05],
          [1.2891e-05],
          [1.1631e-05],
          [1.1820e-05],
          [1.0795e-05],
          [1.1291e-05],
          [1.0097e-05],
          [9.2325e-06],
          [9.7942e-06],
          [1.1353e-05],
          [1.1538e-05],
          [1.1610e-05],
          [1.2728e-05],
          [1.5431e-05],
          [1.8215e-05],
          [2.5040e-05],
          [2.4817e-05],
          [2.8210e-05],
          [2.6993e-05],
          [3.5984e-05],
          [3.0208e-05],
          [3.2190e-05],
          [7.0681e-04],
          [2.1309e-04],
          [8.4127e-04],
          [7.5832e-04],
          [1.5867e-05],
          [1.2840e-05],
          [1.3767e-05],
          [1.4434e-05],
          [1.3983e-05],
          [2.1983e-05],
          [1.5620e-05],
          [1.7576e-05],
          [1.7970e-05],
          [1.7474e-05],
          [1.4896e-05],
          [1.8170e-03],
          [6.7634e-04],
          [1.4667e-05],
          [1.4219e-05],
          [2.7094e-05],
          [1.3414e-05],
          [1.4534e-05],
          [6.1660e-04],
          [3.5354e-05],
          [5.6257e-04],
          [1.8633e-05],
          [1.5175e-05],
          [5.8486e-04],
          [1.8734e-05],
          [7.0369e-04],
          [1.7866e-05],
          [1.8502e-05],
          [1.5804e-05],
          [2.4996e-03],
          [4.2781e-05],
          [6.4011e-04],
          [1.3506e-05],
          [1.5611e-05],
          [1.3927e-05],
          [1.4374e-05],
          [1.6087e-05],
          [1.5608e-05],
          [6.3323e-04],
          [7.5439e-04],
          [1.2620e-05],
          [1.2914e-05],
          [1.2893e-05],
          [1.2156e-05],
          [1.5647e-05],
          [1.8302e-05],
          [1.6770e-05],
          [1.1218e-03],
          [6.5998e-04],
          [1.5351e-05],
          [1.4136e-05],
          [1.5550e-05],
          [1.3185e-05],
          [1.7783e-03],
          [2.7414e-05],
          [1.8946e-05],
          [1.3624e-03],
          [1.3993e-05],
          [1.7958e-05],
          [1.1444e-05],
          [1.7672e-05],
          [1.4135e-05],
          [1.2262e-05],
          [1.1078e-05],
          [1.2222e-05],
          [1.7775e-05],
          [1.5015e-05],
          [1.3609e-05],
          [1.5097e-05],
          [1.4038e-05],
          [1.6506e-05],
          [1.4164e-05],
          [1.0850e-05],
          [1.2879e-05],
          [1.2295e-03],
          [5.1374e-04],
          [1.3115e-05],
          [1.2952e-05],
          [1.2748e-05],
          [1.5678e-05],
          [1.6069e-05],
          [2.0721e-05],
          [1.7844e-05],
          [2.2649e-05],
          [2.1181e-05],
          [1.2460e-05],
          [4.2796e-04],
          [1.0170e-04],
          [2.5460e-05],
          [4.2072e-04],
          [1.0679e-05],
          [7.2340e-04],
          [3.3775e-04],
          [1.8744e-05],
          [2.4833e-05],
          [2.8236e-05],
          [2.5071e-05],
          [3.1639e-05],
          [3.5422e-05],
          [3.5162e-05],
          [2.6490e-05],
          [2.7954e-05],
          [2.4384e-05],
          [2.0726e-05],
          [4.8603e-05],
          [1.9774e-05],
          [5.0711e-05],
          [1.2539e-04],
          [1.7956e-05],
          [1.8431e-05],
          [4.5239e-04],
          [2.5077e-04],
          [2.4435e-05],
          [2.6623e-04],
          [2.7597e-04],
          [3.6685e-05],
          [3.1443e-04],
          [1.3267e-05],
          [1.1293e-05],
          [9.9291e-06],
          [9.4889e-06],
          [9.4454e-06],
          [9.3260e-06],
          [1.8811e-05],
          [1.3069e-05],
          [1.6998e-05],
          [1.1660e-05],
          [2.3133e-04],
          [3.2068e-05],
          [1.4148e-04],
          [1.0403e-04],
          [1.1375e-05],
          [1.0500e-05],
          [9.3883e-06],
          [8.8733e-06],
          [9.6328e-06],
          [1.0533e-05],
          [2.0506e-03],
          [3.7849e-05],
          [1.6576e-03],
          [1.2622e-05],
          [1.2643e-05],
          [1.3679e-05],
          [1.4806e-05],
          [1.5004e-05],
          [1.5962e-05],
          [1.5179e-05],
          [1.9418e-05],
          [1.7953e-05],
          [2.1290e-05],
          [2.4382e-05],
          [2.2421e-05],
          [1.0712e-03],
          [6.2494e-04],
          [1.9660e-05],
          [1.7058e-05],
          [1.4944e-05],
          [1.4675e-05],
          [1.3700e-05],
          [1.7347e-05],
          [2.1070e-05],
          [1.7198e-05],
          [1.4041e-05],
          [1.3331e-05],
          [1.2729e-05],
          [1.1628e-05],
          [1.2492e-05],
          [1.2802e-05],
          [1.5199e-05],
          [1.4709e-05],
          [1.4308e-05],
          [1.4310e-05],
          [1.5397e-05],
          [1.5042e-05],
          [1.6099e-05],
          [1.8354e-05],
          [2.2697e-05],
          [2.4443e-05],
          [1.9420e-05],
          [2.8637e-05],
          [2.8819e-05],
          [2.6383e-05],
          [1.6562e-05],
          [1.8471e-05],
          [2.1236e-05],
          [2.0185e-05],
          [1.6659e-05],
          [1.8518e-05],
          [1.8321e-05],
          [2.3358e-05],
          [2.1277e-05],
          [1.8432e-05],
          [1.5105e-05],
          [1.4043e-05],
          [1.3412e-05],
          [1.4163e-05],
          [5.4788e-04],
          [4.8139e-05],
          [4.0403e-04],
          [1.8785e-05],
          [1.7497e-05],
          [1.6655e-05],
          [1.5415e-05],
          [1.4942e-05],
          [1.2812e-05],
          [1.3558e-05],
          [1.1933e-05],
          [1.1459e-05],
          [1.3366e-05],
          [1.3805e-05],
          [1.2118e-05],
          [1.5000e-05],
          [1.4129e-05],
          [4.6166e-04],
          [7.3886e-05],
          [9.1941e-04],
          [1.3124e-05],
          [1.0120e-05],
          [8.8959e-06],
          [9.3133e-06],
          [8.4505e-04],
          [8.2686e-04],
          [1.1288e-05],
          [1.1739e-05],
          [1.4425e-05],
          [1.7781e-05],
          [2.6708e-05],
          [3.0459e-05],
          [3.6479e-05],
          [2.9143e-05],
          [2.7436e-05],
          [2.1360e-05],
          [1.7769e-05],
          [1.2817e-05],
          [1.0989e-05],
          [1.0948e-05],
          [1.0698e-05],
          [1.1956e-05],
          [1.3736e-05],
          [2.4508e-05],
          [3.7989e-05],
          [4.6293e-05],
          [4.5822e-05],
          [2.8549e-05],
          [2.4346e-05],
          [2.7103e-05],
          [2.5821e-05],
          [1.7202e-05],
          [7.1850e-04],
          [3.6894e-04],
          [1.9570e-05],
          [1.6705e-05],
          [1.4451e-05],
          [1.3416e-05],
          [1.8445e-05],
          [1.8382e-05],
          [1.7271e-05],
          [2.0154e-04],
          [4.1984e-05],
          [7.7098e-04],
          [5.3466e-04],
          [1.7224e-05],
          [1.5977e-05],
          [1.6215e-05],
          [1.3263e-05],
          [1.1445e-05],
          [1.4093e-03],
          [1.3197e-04],
          [1.8859e-05],
          [7.7579e-05],
          [6.4398e-04],
          [1.4377e-05],
          [4.2297e-04],
          [2.4863e-05],
          [4.4436e-04],
          [1.9880e-05],
          [1.1369e-05],
          [9.7024e-06],
          [1.1354e-05],
          [1.7949e-05],
          [5.6791e-05],
          [8.0244e-06]]]])
