# Using CPU
# Loading Embeddings...
# Making Predictions...
torch.Size([1, 1, 442, 270])
tensor([[[[1.0202e-04],
          [4.4242e-05],
          [1.6706e-04],
          [5.2222e-05],
          [7.7056e-06],
          [3.0535e-04],
          [4.1367e-04],
          [2.6900e-05],
          [4.3737e-04],
          [7.2206e-04],
          [1.4185e-05],
          [1.3539e-05],
          [2.9636e-04],
          [2.5718e-04],
          [8.5928e-05],
          [3.5675e-05],
          [1.1148e-04],
          [2.8768e-05],
          [3.1844e-05],
          [2.3935e-05],
          [4.8129e-04],
          [3.6852e-05],
          [1.1141e-03],
          [1.4744e-05],
          [1.6251e-05],
          [2.0168e-05],
          [2.6576e-05],
          [4.6407e-05],
          [4.9744e-05],
          [6.2074e-05],
          [5.7549e-05],
          [6.3701e-05],
          [6.4877e-05],
          [7.1819e-05],
          [5.6446e-05],
          [5.2829e-05],
          [1.6718e-03],
          [8.9318e-05],
          [2.0785e-04],
          [9.9663e-05],
          [6.6259e-04],
          [2.0070e-05],
          [1.6822e-05],
          [1.9069e-05],
          [1.4312e-05],
          [1.5344e-05],
          [1.3901e-05],
          [3.7267e-05],
          [6.6132e-05],
          [1.8604e-04],
          [5.6582e-04],
          [2.1755e-05],
          [1.5458e-05],
          [3.3101e-04],
          [6.7835e-04],
          [1.0907e-05],
          [1.1722e-05],
          [1.5729e-05],
          [1.4665e-05],
          [1.6514e-05],
          [1.4862e-05],
          [1.3734e-05],
          [2.5643e-04],
          [4.9060e-04],
          [1.4288e-05],
          [1.4173e-05],
          [1.4942e-05],
          [1.4179e-05],
          [1.3912e-05],
          [1.3739e-05],
          [1.2531e-05],
          [2.5985e-04],
          [2.9137e-05],
          [1.7769e-05],
          [1.0644e-05],
          [1.7998e-05],
          [2.2901e-03],
          [1.2704e-05],
          [1.2132e-05],
          [1.0764e-05],
          [2.0379e-04],
          [4.4347e-04],
          [1.1441e-05],
          [1.1194e-05],
          [1.2331e-05],
          [1.3904e-05],
          [1.4230e-05],
          [1.6175e-05],
          [1.4580e-05],
          [1.3414e-05],
          [2.8958e-04],
          [3.8692e-05],
          [5.8602e-04],
          [1.2004e-05],
          [1.2814e-05],
          [1.6509e-05],
          [1.8425e-05],
          [2.1550e-05],
          [1.9744e-05],
          [2.2243e-05],
          [2.0405e-05],
          [1.7071e-05],
          [1.2967e-05],
          [1.2425e-05],
          [1.1056e-05],
          [1.2063e-05],
          [1.2103e-05],
          [1.4109e-05],
          [1.5412e-05],
          [1.5869e-05],
          [1.3192e-05],
          [1.0794e-04],
          [1.4755e-04],
          [1.9484e-05],
          [4.7649e-04],
          [1.1735e-05],
          [1.0609e-05],
          [1.1340e-05],
          [1.2012e-05],
          [1.1902e-05],
          [1.3001e-05],
          [1.0546e-05],
          [1.5581e-05],
          [1.1013e-05],
          [1.2227e-05],
          [1.0736e-05],
          [1.0875e-05],
          [1.1531e-05],
          [1.3012e-05],
          [1.4761e-05],
          [1.2754e-05],
          [4.5787e-04],
          [8.5513e-04],
          [1.7299e-05],
          [1.6548e-05],
          [1.4456e-05],
          [1.3538e-05],
          [1.4231e-05],
          [1.2253e-05],
          [1.3579e-05],
          [1.0922e-05],
          [1.1226e-05],
          [1.0007e-05],
          [9.9410e-06],
          [1.0492e-05],
          [1.1740e-05],
          [1.2723e-05],
          [1.5736e-05],
          [1.9409e-05],
          [2.7168e-05],
          [2.9054e-05],
          [3.0527e-05],
          [3.3836e-05],
          [4.2932e-05],
          [3.8441e-05],
          [3.7290e-05],
          [2.4134e-04],
          [4.2996e-04],
          [1.3901e-04],
          [1.1893e-03],
          [1.3457e-05],
          [1.3052e-05],
          [1.3144e-05],
          [1.4461e-05],
          [1.4847e-05],
          [2.1252e-05],
          [1.7209e-05],
          [1.7101e-05],
          [1.9373e-05],
          [1.7996e-05],
          [1.5375e-05],
          [2.6575e-04],
          [8.0943e-04],
          [1.7237e-05],
          [1.7730e-05],
          [1.8362e-05],
          [1.8888e-05],
          [1.7750e-05],
          [2.6869e-04],
          [4.7070e-05],
          [2.5533e-04],
          [1.2017e-05],
          [1.7502e-05],
          [1.3078e-04],
          [1.2539e-05],
          [6.4363e-04],
          [1.1540e-05],
          [1.2957e-05],
          [1.1815e-05],
          [3.1977e-04],
          [2.7883e-05],
          [1.2491e-03],
          [1.3733e-05],
          [1.6160e-05],
          [1.5829e-05],
          [1.5441e-05],
          [1.7689e-05],
          [1.5441e-05],
          [2.1687e-04],
          [6.4353e-04],
          [1.3203e-05],
          [1.3199e-05],
          [1.4169e-05],
          [1.1469e-05],
          [1.2954e-05],
          [1.3074e-05],
          [1.1584e-05],
          [2.2023e-04],
          [9.2206e-04],
          [1.2057e-05],
          [1.1973e-05],
          [1.2223e-05],
          [1.2495e-05],
          [2.3829e-04],
          [3.0918e-05],
          [1.7863e-05],
          [1.8654e-03],
          [1.2872e-05],
          [1.4559e-05],
          [1.1147e-05],
          [1.3813e-05],
          [1.3591e-05],
          [1.3204e-05],
          [1.1330e-05],
          [1.2975e-05],
          [1.5711e-05],
          [1.5420e-05],
          [1.2845e-05],
          [1.2865e-05],
          [1.1490e-05],
          [1.1828e-05],
          [1.3595e-05],
          [1.0765e-05],
          [1.1444e-05],
          [2.4555e-04],
          [5.0475e-04],
          [1.6008e-05],
          [1.5105e-05],
          [1.4753e-05],
          [1.3893e-05],
          [1.7761e-05],
          [2.1076e-05],
          [1.5373e-05],
          [1.8634e-05],
          [1.7535e-05],
          [1.2161e-05],
          [2.4794e-04],
          [9.1064e-05],
          [1.6560e-05],
          [3.7860e-04],
          [9.9257e-06],
          [1.6967e-04],
          [4.1905e-04],
          [1.7116e-05],
          [2.2203e-05],
          [2.2453e-05],
          [2.0577e-05],
          [2.7145e-05],
          [3.3656e-05],
          [3.3453e-05],
          [2.6332e-05],
          [3.2971e-05],
          [3.0406e-05],
          [3.6827e-05],
          [2.6973e-05],
          [2.8766e-05],
          [3.0325e-05],
          [1.8137e-04],
          [1.7479e-05],
          [1.8604e-05],
          [4.4614e-04],
          [1.5888e-04],
          [1.9642e-05],
          [2.7738e-04],
          [1.1278e-04],
          [3.7206e-05],
          [2.1205e-04],
          [1.1481e-05],
          [1.0452e-05],
          [9.0573e-06],
          [1.0334e-05],
          [9.2941e-06],
          [9.3552e-06],
          [1.9748e-05],
          [1.0640e-05],
          [1.2831e-05],
          [9.6186e-06],
          [2.4899e-04],
          [2.2036e-05],
          [5.5959e-05],
          [2.0972e-04],
          [9.9846e-06],
          [9.4653e-06],
          [1.0174e-05],
          [1.0138e-05],
          [9.9849e-06],
          [1.2389e-05],
          [3.2629e-04],
          [2.8864e-05],
          [1.9338e-03],
          [1.2155e-05],
          [1.0920e-05],
          [1.3244e-05],
          [1.4841e-05],
          [1.3909e-05],
          [1.6565e-05],
          [1.6042e-05],
          [1.8655e-05],
          [1.9234e-05],
          [2.4278e-05],
          [2.5667e-05],
          [2.4827e-05],
          [1.9831e-04],
          [9.6677e-04],
          [1.8189e-05],
          [2.0139e-05],
          [1.9351e-05],
          [1.2398e-05],
          [1.2891e-05],
          [1.5113e-05],
          [1.7186e-05],
          [1.4688e-05],
          [1.3993e-05],
          [1.4184e-05],
          [1.4724e-05],
          [1.0523e-05],
          [1.1309e-05],
          [1.2962e-05],
          [1.4310e-05],
          [1.1456e-05],
          [1.3322e-05],
          [1.2613e-05],
          [1.3508e-05],
          [1.3322e-05],
          [1.2693e-05],
          [1.4901e-05],
          [1.4964e-05],
          [1.8877e-05],
          [1.6621e-05],
          [2.4051e-05],
          [2.5564e-05],
          [2.5399e-05],
          [1.6989e-05],
          [2.1025e-05],
          [1.6876e-05],
          [1.6889e-05],
          [1.3066e-05],
          [1.4864e-05],
          [1.2633e-05],
          [1.4955e-05],
          [1.3003e-05],
          [1.3291e-05],
          [1.3978e-05],
          [1.5743e-05],
          [1.4644e-05],
          [1.5793e-05],
          [2.4602e-04],
          [3.2649e-05],
          [1.0690e-03],
          [1.9972e-05],
          [1.9423e-05],
          [1.9182e-05],
          [1.6207e-05],
          [1.6266e-05],
          [1.3177e-05],
          [1.0504e-05],
          [1.0655e-05],
          [1.0513e-05],
          [1.0862e-05],
          [1.1796e-05],
          [1.3809e-05],
          [1.5574e-05],
          [1.4673e-05],
          [2.4578e-04],
          [7.4857e-05],
          [1.5374e-03],
          [1.1910e-05],
          [1.0131e-05],
          [9.7830e-06],
          [9.6806e-06],
          [3.0705e-04],
          [1.2536e-03],
          [1.1260e-05],
          [9.8459e-06],
          [1.1876e-05],
          [1.4677e-05],
          [1.9974e-05],
          [2.8119e-05],
          [3.9936e-05],
          [3.0085e-05],
          [2.7655e-05],
          [2.5458e-05],
          [2.3579e-05],
          [1.2370e-05],
          [1.0775e-05],
          [1.2667e-05],
          [1.0195e-05],
          [1.2248e-05],
          [1.0826e-05],
          [3.5509e-05],
          [2.6346e-05],
          [3.1632e-05],
          [5.7956e-05],
          [2.3352e-05],
          [2.1569e-05],
          [2.0322e-05],
          [1.8888e-05],
          [1.4972e-05],
          [1.7642e-04],
          [4.2737e-04],
          [1.8708e-05],
          [1.7554e-05],
          [1.5268e-05],
          [1.4605e-05],
          [1.4584e-05],
          [1.5309e-05],
          [1.4974e-05],
          [9.2829e-05],
          [5.1271e-05],
          [2.0100e-04],
          [7.1154e-04],
          [1.6637e-05],
          [1.3806e-05],
          [1.4644e-05],
          [1.3328e-05],
          [1.1696e-05],
          [2.7346e-04],
          [1.3102e-04],
          [1.6785e-05],
          [8.7479e-05],
          [4.8915e-04],
          [1.7452e-05],
          [2.4113e-04],
          [3.3839e-05],
          [2.5977e-04],
          [2.3349e-05],
          [1.3200e-05],
          [1.1109e-05],
          [1.1188e-05],
          [1.6709e-05],
          [3.3647e-05],
          [8.3157e-06]]]])
