# Using CPU
# Loading Embeddings...
# Making Predictions...
torch.Size([1, 1, 442, 262])
tensor([[[[3.0095e-04],
          [2.1676e-05],
          [1.2133e-04],
          [8.1802e-05],
          [8.2504e-06],
          [4.6460e-04],
          [6.2266e-04],
          [2.7180e-05],
          [2.5234e-03],
          [1.5517e-03],
          [1.4162e-05],
          [1.4614e-05],
          [3.3750e-04],
          [2.9099e-04],
          [8.7545e-05],
          [1.8426e-05],
          [3.9012e-05],
          [1.4759e-05],
          [1.5819e-05],
          [1.5172e-05],
          [2.0024e-03],
          [4.5885e-05],
          [1.4498e-03],
          [1.3479e-05],
          [1.4200e-05],
          [2.0137e-05],
          [2.8133e-05],
          [4.3414e-05],
          [4.7206e-05],
          [5.3241e-05],
          [5.6076e-05],
          [6.7124e-05],
          [5.8046e-05],
          [6.6474e-05],
          [5.1830e-05],
          [4.3170e-05],
          [5.0853e-04],
          [3.0661e-05],
          [1.9631e-04],
          [2.1629e-04],
          [7.9615e-04],
          [1.9504e-05],
          [1.8364e-05],
          [2.0701e-05],
          [1.5153e-05],
          [1.5643e-05],
          [1.3939e-05],
          [2.8908e-05],
          [5.1117e-05],
          [2.3180e-04],
          [6.6118e-04],
          [2.0621e-05],
          [1.5726e-05],
          [1.4266e-03],
          [8.5562e-04],
          [1.2485e-05],
          [1.3819e-05],
          [1.6472e-05],
          [1.7534e-05],
          [1.9557e-05],
          [1.8043e-05],
          [1.6949e-05],
          [2.5266e-04],
          [4.0981e-04],
          [1.5009e-05],
          [1.5605e-05],
          [1.4231e-05],
          [1.4606e-05],
          [1.5957e-05],
          [1.5576e-05],
          [1.2621e-05],
          [3.1219e-04],
          [2.8137e-05],
          [1.5160e-05],
          [1.1667e-05],
          [2.1481e-05],
          [2.8989e-03],
          [1.3228e-05],
          [1.2724e-05],
          [1.0525e-05],
          [2.0639e-04],
          [2.6271e-04],
          [1.1971e-05],
          [1.1993e-05],
          [1.3076e-05],
          [1.4692e-05],
          [1.6137e-05],
          [1.8405e-05],
          [1.5373e-05],
          [1.3703e-05],
          [1.0032e-03],
          [4.7905e-05],
          [4.1619e-04],
          [1.1301e-05],
          [1.3809e-05],
          [1.6811e-05],
          [2.0436e-05],
          [2.5007e-05],
          [2.5663e-05],
          [2.6039e-05],
          [2.7003e-05],
          [1.8744e-05],
          [1.2625e-05],
          [1.0801e-05],
          [1.1481e-05],
          [1.4768e-05],
          [1.6298e-05],
          [1.9691e-05],
          [2.1647e-05],
          [2.1264e-05],
          [1.7268e-05],
          [5.2717e-04],
          [1.5973e-04],
          [1.5872e-05],
          [3.3184e-04],
          [1.3538e-05],
          [1.0993e-05],
          [1.0597e-05],
          [1.3046e-05],
          [1.3192e-05],
          [1.3455e-05],
          [1.1340e-05],
          [1.9423e-05],
          [1.1069e-05],
          [1.2276e-05],
          [1.1581e-05],
          [1.2112e-05],
          [1.2291e-05],
          [1.3575e-05],
          [1.8351e-05],
          [1.5244e-05],
          [6.3185e-04],
          [7.0977e-04],
          [2.0501e-05],
          [1.8217e-05],
          [1.6859e-05],
          [1.4508e-05],
          [1.6263e-05],
          [1.3146e-05],
          [1.4230e-05],
          [1.2119e-05],
          [1.2132e-05],
          [9.7780e-06],
          [1.1520e-05],
          [1.1692e-05],
          [1.4838e-05],
          [1.6099e-05],
          [2.0616e-05],
          [2.7715e-05],
          [3.5505e-05],
          [3.8112e-05],
          [3.5818e-05],
          [3.7854e-05],
          [4.9114e-05],
          [3.8281e-05],
          [3.7262e-05],
          [1.5418e-03],
          [6.5436e-04],
          [5.3425e-04],
          [2.0825e-03],
          [1.4535e-05],
          [1.4038e-05],
          [1.4982e-05],
          [1.7566e-05],
          [1.5822e-05],
          [2.6432e-05],
          [1.6811e-05],
          [1.7669e-05],
          [1.8946e-05],
          [1.9146e-05],
          [1.5576e-05],
          [1.1187e-03],
          [9.7930e-04],
          [1.9573e-05],
          [2.2323e-05],
          [4.0105e-05],
          [2.6539e-05],
          [2.4486e-05],
          [2.3721e-04],
          [3.5431e-05],
          [1.7374e-04],
          [1.6806e-05],
          [1.8404e-05],
          [1.2613e-04],
          [1.3315e-05],
          [5.8157e-04],
          [1.1988e-05],
          [1.2760e-05],
          [1.0067e-05],
          [2.3630e-03],
          [5.3860e-05],
          [3.3075e-03],
          [1.6126e-05],
          [1.8745e-05],
          [2.0272e-05],
          [1.9938e-05],
          [2.3258e-05],
          [2.1467e-05],
          [2.1973e-04],
          [5.3572e-04],
          [1.6336e-05],
          [1.4463e-05],
          [1.5293e-05],
          [1.2879e-05],
          [1.6326e-05],
          [1.5285e-05],
          [2.8464e-05],
          [8.7522e-04],
          [1.1875e-03],
          [1.4878e-05],
          [1.4799e-05],
          [1.4246e-05],
          [1.2088e-05],
          [1.0177e-03],
          [3.8130e-05],
          [1.6395e-05],
          [2.7708e-03],
          [1.3155e-05],
          [1.5211e-05],
          [1.3420e-05],
          [1.4932e-05],
          [1.7490e-05],
          [1.5937e-05],
          [1.3739e-05],
          [1.5996e-05],
          [3.7193e-05],
          [1.8084e-05],
          [1.5800e-05],
          [1.5771e-05],
          [1.2469e-05],
          [1.2995e-05],
          [1.3362e-05],
          [1.3330e-05],
          [1.2100e-05],
          [1.0667e-03],
          [6.6755e-04],
          [1.8039e-05],
          [1.5757e-05],
          [1.5307e-05],
          [1.6356e-05],
          [1.4720e-05],
          [1.4721e-05],
          [1.4356e-05],
          [1.6373e-05],
          [1.6631e-05],
          [1.1525e-05],
          [2.5666e-03],
          [8.1320e-05],
          [1.8547e-05],
          [2.1619e-04],
          [1.2425e-05],
          [5.2161e-04],
          [3.9127e-04],
          [2.3245e-05],
          [3.2841e-05],
          [3.8027e-05],
          [3.5929e-05],
          [4.4507e-05],
          [5.0435e-05],
          [5.6360e-05],
          [4.4053e-05],
          [5.7059e-05],
          [5.5750e-05],
          [5.5278e-05],
          [9.9906e-05],
          [4.7072e-05],
          [9.1266e-05],
          [1.6990e-04],
          [2.0406e-05],
          [1.9008e-05],
          [3.5816e-04],
          [7.6459e-04],
          [2.4261e-05],
          [2.5783e-04],
          [1.2227e-04],
          [2.3004e-05],
          [1.7623e-04],
          [1.2271e-05],
          [1.1510e-05],
          [1.0526e-05],
          [9.0015e-06],
          [1.0325e-05],
          [1.0139e-05],
          [2.6563e-05],
          [1.0000e-05],
          [1.2040e-05],
          [9.2157e-06],
          [2.6524e-04],
          [2.3690e-05],
          [6.6716e-05],
          [2.5095e-04],
          [1.0727e-05],
          [1.0499e-05],
          [1.0740e-05],
          [1.0741e-05],
          [1.0611e-05],
          [1.2466e-05],
          [1.2905e-03],
          [3.2417e-05],
          [2.9499e-03],
          [1.2932e-05],
          [1.5098e-05],
          [1.7201e-05],
          [1.9688e-05],
          [1.9345e-05],
          [2.2596e-05],
          [1.9388e-05],
          [2.5083e-05],
          [2.1837e-05],
          [2.8273e-05],
          [3.4118e-05],
          [3.3962e-05],
          [8.3265e-04],
          [1.1823e-03],
          [2.7384e-05],
          [2.7657e-05],
          [2.7699e-05],
          [1.8484e-05],
          [1.5393e-05],
          [1.6958e-05],
          [1.9250e-05],
          [1.6336e-05],
          [1.3005e-05],
          [1.2542e-05],
          [1.3656e-05],
          [1.1039e-05],
          [1.4030e-05],
          [1.4641e-05],
          [1.6755e-05],
          [1.5006e-05],
          [1.6678e-05],
          [1.7162e-05],
          [1.9910e-05],
          [1.5778e-05],
          [1.4192e-05],
          [1.4558e-05],
          [1.6535e-05],
          [1.9785e-05],
          [1.7282e-05],
          [2.3812e-05],
          [2.3352e-05],
          [2.4594e-05],
          [1.9025e-05],
          [2.0450e-05],
          [2.3880e-05],
          [2.2385e-05],
          [1.6962e-05],
          [1.5944e-05],
          [1.4262e-05],
          [1.4320e-05],
          [1.4565e-05],
          [1.3392e-05],
          [1.4771e-05],
          [1.4578e-05],
          [1.6160e-05],
          [1.8892e-05],
          [1.7037e-03],
          [7.3860e-05],
          [3.2552e-03],
          [2.4096e-05],
          [2.2729e-05],
          [2.1028e-05],
          [1.9082e-05],
          [1.8766e-05],
          [1.3069e-05],
          [1.2600e-05],
          [1.1460e-05],
          [1.1077e-05],
          [1.1000e-05],
          [1.2747e-05],
          [1.3890e-05],
          [1.8499e-05],
          [1.7473e-05],
          [2.0565e-03],
          [9.2863e-05],
          [2.3707e-03],
          [1.2433e-05],
          [1.0980e-05],
          [9.4835e-06],
          [9.8986e-06],
          [7.7138e-04],
          [1.8139e-03],
          [1.3258e-05],
          [1.2201e-05],
          [1.4213e-05],
          [2.0876e-05],
          [2.4680e-05],
          [3.0169e-05],
          [4.4052e-05],
          [3.6409e-05],
          [3.0428e-05],
          [2.4236e-05],
          [2.3056e-05],
          [1.1592e-05],
          [1.0847e-05],
          [1.0917e-05],
          [1.0321e-05],
          [1.0777e-05],
          [1.0966e-05],
          [2.1822e-05],
          [2.9076e-05],
          [3.3744e-05],
          [3.7282e-05],
          [2.4846e-05],
          [2.7761e-05],
          [2.7901e-05],
          [2.6151e-05],
          [1.6569e-05],
          [2.2353e-04],
          [5.3296e-04],
          [1.7319e-05],
          [1.7374e-05],
          [1.4805e-05],
          [1.5078e-05],
          [1.8814e-05],
          [1.7532e-05],
          [1.7013e-05],
          [1.9109e-04],
          [7.0682e-05],
          [3.0928e-04],
          [1.1233e-03],
          [2.2877e-05],
          [1.9423e-05],
          [1.7886e-05],
          [1.5986e-05],
          [1.4022e-05],
          [4.0942e-04],
          [7.5136e-05],
          [1.5408e-05],
          [5.2006e-05],
          [4.8804e-04],
          [1.3294e-05],
          [2.5846e-04],
          [1.8824e-05],
          [2.0102e-04],
          [1.4913e-05],
          [1.2256e-05],
          [1.0056e-05],
          [1.0800e-05],
          [1.9137e-05],
          [6.3199e-05],
          [8.7940e-06]]]])
