# Using CPU
# Loading Embeddings...
# Making Predictions...
torch.Size([1, 1, 442, 251])
tensor([[[[2.0896e-04],
          [5.1305e-05],
          [1.7498e-04],
          [5.5743e-05],
          [7.8057e-06],
          [5.0984e-04],
          [1.2549e-04],
          [3.8192e-05],
          [3.8571e-04],
          [2.1357e-04],
          [1.2774e-05],
          [1.2849e-05],
          [2.0629e-04],
          [3.1035e-04],
          [1.1240e-04],
          [2.4716e-05],
          [7.4403e-05],
          [2.1893e-05],
          [2.0824e-05],
          [1.7570e-05],
          [7.6910e-04],
          [3.5401e-05],
          [4.2788e-04],
          [1.1975e-05],
          [1.3525e-05],
          [1.7399e-05],
          [2.0394e-05],
          [3.1086e-05],
          [3.1034e-05],
          [4.1953e-05],
          [3.1965e-05],
          [4.1597e-05],
          [3.4356e-05],
          [5.0993e-05],
          [3.3717e-05],
          [3.0463e-05],
          [2.7981e-04],
          [4.1809e-05],
          [2.0701e-04],
          [8.2742e-05],
          [2.7289e-04],
          [1.8624e-05],
          [1.7061e-05],
          [1.8396e-05],
          [1.4861e-05],
          [1.4902e-05],
          [1.3634e-05],
          [3.1307e-05],
          [5.5881e-05],
          [1.9578e-04],
          [2.5024e-04],
          [1.6989e-05],
          [1.1506e-05],
          [4.9338e-04],
          [2.2100e-04],
          [1.2935e-05],
          [1.3672e-05],
          [1.7121e-05],
          [1.7706e-05],
          [1.7787e-05],
          [1.6699e-05],
          [1.6188e-05],
          [2.6519e-04],
          [3.0746e-04],
          [1.4861e-05],
          [1.5231e-05],
          [1.5156e-05],
          [1.4864e-05],
          [1.3411e-05],
          [1.3634e-05],
          [1.3347e-05],
          [2.1392e-04],
          [2.6586e-05],
          [1.9194e-05],
          [1.6302e-05],
          [2.1209e-05],
          [6.4833e-04],
          [1.4844e-05],
          [1.4308e-05],
          [1.3161e-05],
          [1.7436e-04],
          [2.7889e-04],
          [1.1041e-05],
          [1.0751e-05],
          [1.1560e-05],
          [1.2608e-05],
          [1.3686e-05],
          [1.4549e-05],
          [1.3568e-05],
          [1.4001e-05],
          [4.5604e-04],
          [6.3114e-05],
          [3.9038e-04],
          [1.1852e-05],
          [1.5675e-05],
          [2.0529e-05],
          [2.2245e-05],
          [2.4818e-05],
          [2.1407e-05],
          [2.4275e-05],
          [2.3964e-05],
          [1.5773e-05],
          [1.1690e-05],
          [1.0298e-05],
          [1.0904e-05],
          [1.3174e-05],
          [1.3911e-05],
          [1.6297e-05],
          [1.7550e-05],
          [1.7942e-05],
          [1.6579e-05],
          [2.1030e-04],
          [1.3354e-04],
          [2.2301e-05],
          [4.7585e-04],
          [1.3592e-05],
          [1.1408e-05],
          [1.1961e-05],
          [1.2933e-05],
          [1.2701e-05],
          [1.2776e-05],
          [1.1260e-05],
          [2.7255e-05],
          [1.1320e-05],
          [1.3708e-05],
          [1.1757e-05],
          [1.1761e-05],
          [1.2334e-05],
          [1.4695e-05],
          [1.5182e-05],
          [1.5542e-05],
          [3.3442e-04],
          [5.5949e-04],
          [1.6583e-05],
          [1.5677e-05],
          [1.5114e-05],
          [1.3517e-05],
          [1.3848e-05],
          [1.2567e-05],
          [1.3335e-05],
          [1.1965e-05],
          [1.1977e-05],
          [1.0156e-05],
          [1.1248e-05],
          [1.1519e-05],
          [1.4111e-05],
          [1.4886e-05],
          [1.9854e-05],
          [2.3515e-05],
          [3.2487e-05],
          [3.1650e-05],
          [3.2718e-05],
          [3.0541e-05],
          [3.3758e-05],
          [3.0015e-05],
          [2.8766e-05],
          [5.6011e-04],
          [1.8704e-04],
          [2.8100e-04],
          [4.1080e-04],
          [1.4734e-05],
          [1.4884e-05],
          [1.5089e-05],
          [1.6705e-05],
          [1.7158e-05],
          [2.5312e-05],
          [1.8394e-05],
          [1.9466e-05],
          [1.9425e-05],
          [2.0445e-05],
          [1.7542e-05],
          [4.0769e-04],
          [3.6840e-04],
          [1.8419e-05],
          [2.0584e-05],
          [2.8443e-05],
          [2.2307e-05],
          [2.3108e-05],
          [2.3016e-04],
          [4.7627e-05],
          [6.0149e-04],
          [1.5451e-05],
          [1.4433e-05],
          [2.3344e-04],
          [1.5469e-05],
          [3.3616e-04],
          [1.1654e-05],
          [1.5113e-05],
          [1.3844e-05],
          [5.6927e-04],
          [4.4155e-05],
          [5.3913e-04],
          [1.7142e-05],
          [2.0221e-05],
          [2.0468e-05],
          [1.9897e-05],
          [2.3557e-05],
          [2.1593e-05],
          [2.2522e-04],
          [3.5634e-04],
          [1.5720e-05],
          [1.4576e-05],
          [1.5030e-05],
          [1.3002e-05],
          [1.4469e-05],
          [1.5020e-05],
          [1.2721e-05],
          [4.2077e-04],
          [3.4979e-04],
          [1.4325e-05],
          [1.3174e-05],
          [1.3474e-05],
          [1.4966e-05],
          [4.1341e-04],
          [2.6241e-05],
          [1.7709e-05],
          [5.9565e-04],
          [1.5781e-05],
          [1.8777e-05],
          [1.3427e-05],
          [1.4533e-05],
          [1.7090e-05],
          [1.4049e-05],
          [1.2557e-05],
          [1.2962e-05],
          [1.5764e-05],
          [1.4936e-05],
          [1.4479e-05],
          [1.4194e-05],
          [1.1435e-05],
          [1.5500e-05],
          [1.4052e-05],
          [1.1970e-05],
          [1.2814e-05],
          [3.5203e-04],
          [2.3816e-04],
          [1.5034e-05],
          [1.7185e-05],
          [1.4907e-05],
          [1.5525e-05],
          [2.1101e-05],
          [1.5798e-05],
          [1.2997e-05],
          [1.6398e-05],
          [1.4846e-05],
          [1.0644e-05],
          [4.8393e-04],
          [1.3457e-04],
          [2.8446e-05],
          [4.0124e-04],
          [1.1441e-05],
          [2.6350e-04],
          [1.7084e-04],
          [1.8844e-05],
          [2.5374e-05],
          [2.8940e-05],
          [2.7620e-05],
          [3.6591e-05],
          [4.1306e-05],
          [4.6021e-05],
          [3.7467e-05],
          [4.8148e-05],
          [4.2382e-05],
          [4.8034e-05],
          [4.8954e-05],
          [3.7288e-05],
          [5.0551e-05],
          [1.7487e-04],
          [1.9565e-05],
          [1.7340e-05],
          [4.9934e-04],
          [2.0610e-04],
          [2.7094e-05],
          [1.6172e-04],
          [1.1104e-04],
          [3.3440e-05],
          [3.6191e-04],
          [1.3685e-05],
          [1.1223e-05],
          [9.8260e-06],
          [8.3840e-06],
          [9.1016e-06],
          [8.9120e-06],
          [2.7289e-05],
          [9.3696e-06],
          [1.1885e-05],
          [8.6923e-06],
          [2.3618e-04],
          [3.4193e-05],
          [1.3060e-04],
          [8.8594e-05],
          [1.1031e-05],
          [9.6700e-06],
          [9.6745e-06],
          [9.1242e-06],
          [9.4393e-06],
          [9.7620e-06],
          [4.9198e-04],
          [2.7155e-05],
          [6.8675e-04],
          [1.2133e-05],
          [1.2005e-05],
          [1.5493e-05],
          [1.5511e-05],
          [1.6275e-05],
          [1.6729e-05],
          [1.6974e-05],
          [2.1685e-05],
          [2.0334e-05],
          [2.6911e-05],
          [3.4132e-05],
          [3.1302e-05],
          [3.4172e-04],
          [3.6143e-04],
          [2.5323e-05],
          [2.0556e-05],
          [1.8470e-05],
          [1.4446e-05],
          [1.1401e-05],
          [1.5965e-05],
          [1.9090e-05],
          [1.5182e-05],
          [1.4252e-05],
          [1.1266e-05],
          [1.2400e-05],
          [1.1042e-05],
          [1.1986e-05],
          [1.3628e-05],
          [1.6183e-05],
          [1.4160e-05],
          [1.5368e-05],
          [1.4376e-05],
          [1.6292e-05],
          [1.3216e-05],
          [1.2316e-05],
          [1.3750e-05],
          [1.7536e-05],
          [1.8061e-05],
          [1.5916e-05],
          [2.1773e-05],
          [2.0954e-05],
          [2.4364e-05],
          [1.6982e-05],
          [1.9063e-05],
          [1.8026e-05],
          [1.8512e-05],
          [1.4535e-05],
          [1.5279e-05],
          [1.4395e-05],
          [1.6442e-05],
          [1.5063e-05],
          [2.0739e-05],
          [1.3882e-05],
          [1.2084e-05],
          [1.3900e-05],
          [1.5486e-05],
          [5.7023e-04],
          [4.3373e-05],
          [3.4960e-04],
          [2.1517e-05],
          [2.2725e-05],
          [1.9969e-05],
          [1.8920e-05],
          [1.8255e-05],
          [1.5114e-05],
          [1.2885e-05],
          [1.1201e-05],
          [1.0572e-05],
          [1.0800e-05],
          [1.1724e-05],
          [1.3240e-05],
          [1.7231e-05],
          [1.7415e-05],
          [4.7962e-04],
          [5.9826e-05],
          [4.7442e-04],
          [1.3624e-05],
          [1.1571e-05],
          [9.2845e-06],
          [9.4710e-06],
          [4.7636e-04],
          [4.4574e-04],
          [1.2754e-05],
          [1.0115e-05],
          [1.3136e-05],
          [1.7823e-05],
          [2.3733e-05],
          [2.9468e-05],
          [3.0461e-05],
          [2.5411e-05],
          [1.9864e-05],
          [1.6644e-05],
          [1.2864e-05],
          [1.1837e-05],
          [1.1488e-05],
          [1.0738e-05],
          [1.0770e-05],
          [1.0247e-05],
          [1.0546e-05],
          [1.8097e-05],
          [2.1694e-05],
          [2.6704e-05],
          [3.1642e-05],
          [2.0759e-05],
          [2.3101e-05],
          [2.3134e-05],
          [2.0658e-05],
          [1.5371e-05],
          [2.4433e-04],
          [1.9038e-04],
          [1.8090e-05],
          [1.6594e-05],
          [1.3667e-05],
          [1.3526e-05],
          [1.7424e-05],
          [1.8550e-05],
          [1.7543e-05],
          [1.6359e-04],
          [3.8191e-05],
          [3.4859e-04],
          [2.3224e-04],
          [1.7449e-05],
          [1.5882e-05],
          [1.5140e-05],
          [1.3604e-05],
          [1.2446e-05],
          [2.8842e-04],
          [1.3400e-04],
          [2.8715e-05],
          [7.3065e-05],
          [2.6603e-04],
          [1.5439e-05],
          [2.6018e-04],
          [3.3143e-05],
          [4.9008e-04],
          [1.7833e-05],
          [1.1941e-05],
          [1.0167e-05],
          [1.0355e-05],
          [1.1451e-05],
          [6.7410e-05],
          [7.0490e-06]]]])
