# Using CPU
# Loading Embeddings...
# Making Predictions...
torch.Size([1, 1, 442, 359])
tensor([[[[1.8314e-04],
          [8.8517e-05],
          [2.2862e-04],
          [5.0447e-05],
          [8.9489e-06],
          [2.8138e-04],
          [5.1670e-04],
          [2.8750e-05],
          [2.7584e-04],
          [1.0102e-03],
          [1.2883e-05],
          [1.2432e-05],
          [2.5115e-04],
          [2.1513e-04],
          [7.6894e-05],
          [2.3267e-05],
          [5.1643e-05],
          [1.7389e-05],
          [2.3696e-05],
          [3.4292e-05],
          [4.9028e-04],
          [5.0183e-05],
          [2.1634e-03],
          [1.4405e-05],
          [1.2464e-05],
          [1.5816e-05],
          [2.1491e-05],
          [3.4934e-05],
          [3.8010e-05],
          [4.7921e-05],
          [5.0495e-05],
          [5.6855e-05],
          [5.8618e-05],
          [6.1360e-05],
          [4.6966e-05],
          [4.0703e-05],
          [4.6440e-04],
          [3.0991e-05],
          [2.6436e-04],
          [9.9222e-05],
          [1.2163e-03],
          [1.5316e-05],
          [1.4509e-05],
          [1.4710e-05],
          [1.2528e-05],
          [1.2526e-05],
          [1.3474e-05],
          [2.7752e-05],
          [5.1898e-05],
          [1.9950e-04],
          [9.9798e-04],
          [1.8067e-05],
          [1.3172e-05],
          [2.9376e-04],
          [1.2272e-03],
          [1.0971e-05],
          [1.0619e-05],
          [1.6553e-05],
          [1.1636e-05],
          [1.3196e-05],
          [1.3423e-05],
          [1.1846e-05],
          [2.8823e-04],
          [7.6316e-04],
          [1.1416e-05],
          [1.4190e-05],
          [1.5350e-05],
          [1.5105e-05],
          [1.3676e-05],
          [1.2564e-05],
          [1.0258e-05],
          [2.3946e-04],
          [2.1418e-05],
          [4.3571e-05],
          [1.3121e-05],
          [1.5990e-05],
          [4.9608e-03],
          [1.1989e-05],
          [1.2930e-05],
          [1.1965e-05],
          [3.5029e-04],
          [5.3096e-04],
          [1.1918e-05],
          [1.0096e-05],
          [1.0871e-05],
          [1.1849e-05],
          [1.1827e-05],
          [1.2573e-05],
          [1.2141e-05],
          [1.1751e-05],
          [2.9375e-04],
          [5.1870e-05],
          [7.8071e-04],
          [1.5271e-05],
          [2.2419e-05],
          [3.2531e-05],
          [3.9126e-05],
          [4.7146e-05],
          [4.3270e-05],
          [4.7934e-05],
          [4.0083e-05],
          [3.0263e-05],
          [1.7822e-05],
          [1.4925e-05],
          [1.3836e-05],
          [1.2197e-05],
          [1.2921e-05],
          [1.4192e-05],
          [1.4198e-05],
          [1.5796e-05],
          [1.2557e-05],
          [8.6212e-05],
          [1.2199e-04],
          [2.3122e-05],
          [6.9442e-04],
          [1.2528e-05],
          [9.5340e-06],
          [1.0834e-05],
          [1.3261e-05],
          [1.1500e-05],
          [1.2850e-05],
          [1.1046e-05],
          [2.4654e-05],
          [1.2672e-05],
          [1.4951e-05],
          [1.0559e-05],
          [1.0135e-05],
          [1.0173e-05],
          [1.1440e-05],
          [1.3601e-05],
          [1.2631e-05],
          [3.7547e-04],
          [1.0013e-03],
          [1.9153e-05],
          [1.7064e-05],
          [1.3438e-05],
          [1.2497e-05],
          [1.2054e-05],
          [1.1062e-05],
          [1.1190e-05],
          [1.0225e-05],
          [9.9989e-06],
          [1.0114e-05],
          [1.0407e-05],
          [1.0538e-05],
          [1.1893e-05],
          [1.3122e-05],
          [1.9944e-05],
          [2.3755e-05],
          [3.4936e-05],
          [3.2715e-05],
          [2.7177e-05],
          [2.9273e-05],
          [3.4053e-05],
          [3.4340e-05],
          [2.9381e-05],
          [5.4298e-04],
          [8.8013e-04],
          [1.7536e-04],
          [3.1748e-03],
          [1.7075e-05],
          [1.4802e-05],
          [1.5604e-05],
          [1.6054e-05],
          [1.6668e-05],
          [2.1286e-05],
          [1.6260e-05],
          [1.6711e-05],
          [1.5935e-05],
          [1.7106e-05],
          [1.3042e-05],
          [2.8839e-04],
          [1.6958e-03],
          [1.2880e-05],
          [1.3698e-05],
          [2.9210e-05],
          [1.8370e-05],
          [1.6202e-05],
          [2.5406e-04],
          [3.5474e-05],
          [3.2234e-04],
          [1.8507e-05],
          [2.1866e-05],
          [3.6238e-04],
          [1.5168e-05],
          [1.2617e-03],
          [1.5967e-05],
          [1.5647e-05],
          [1.5023e-05],
          [3.9628e-04],
          [3.0496e-05],
          [3.0537e-03],
          [1.4649e-05],
          [1.5840e-05],
          [1.5204e-05],
          [1.3811e-05],
          [1.9821e-05],
          [1.5270e-05],
          [2.3535e-04],
          [9.8994e-04],
          [1.2964e-05],
          [1.1639e-05],
          [1.6377e-05],
          [1.4276e-05],
          [1.5317e-05],
          [1.7524e-05],
          [2.1362e-05],
          [2.0416e-04],
          [2.0664e-03],
          [1.6304e-05],
          [1.3176e-05],
          [1.3158e-05],
          [1.2043e-05],
          [1.9694e-04],
          [2.9240e-05],
          [1.6171e-05],
          [5.0507e-03],
          [1.4108e-05],
          [1.9567e-05],
          [1.4967e-05],
          [1.7981e-05],
          [1.8373e-05],
          [1.8736e-05],
          [1.5207e-05],
          [1.6985e-05],
          [4.1613e-05],
          [2.1259e-05],
          [1.9403e-05],
          [1.7089e-05],
          [1.4609e-05],
          [1.5008e-05],
          [1.7109e-05],
          [1.6317e-05],
          [1.5032e-05],
          [2.2395e-04],
          [1.1708e-03],
          [1.7474e-05],
          [2.0025e-05],
          [1.9709e-05],
          [2.1919e-05],
          [3.5637e-05],
          [2.4623e-05],
          [1.8013e-05],
          [3.2243e-05],
          [2.6177e-05],
          [1.5232e-05],
          [1.9617e-04],
          [1.3007e-04],
          [2.2263e-05],
          [4.4519e-04],
          [1.1461e-05],
          [1.3582e-04],
          [6.2607e-04],
          [1.7542e-05],
          [2.3747e-05],
          [2.8080e-05],
          [2.2225e-05],
          [3.0006e-05],
          [3.5767e-05],
          [4.1358e-05],
          [3.0488e-05],
          [3.0234e-05],
          [2.9545e-05],
          [2.8787e-05],
          [6.8790e-05],
          [2.8627e-05],
          [5.4522e-05],
          [1.5855e-04],
          [1.6611e-05],
          [1.9596e-05],
          [7.6143e-04],
          [2.2118e-04],
          [1.8704e-05],
          [5.3092e-04],
          [1.0816e-04],
          [3.3206e-05],
          [2.2330e-04],
          [1.2092e-05],
          [1.1175e-05],
          [9.6405e-06],
          [9.5960e-06],
          [9.7617e-06],
          [1.0011e-05],
          [3.4979e-05],
          [1.5183e-05],
          [1.9486e-05],
          [1.2627e-05],
          [3.4814e-04],
          [2.3055e-05],
          [7.9212e-05],
          [2.7057e-04],
          [1.0359e-05],
          [9.8084e-06],
          [9.6338e-06],
          [9.6328e-06],
          [1.0303e-05],
          [1.0857e-05],
          [2.3814e-04],
          [3.3552e-05],
          [5.1099e-03],
          [1.3995e-05],
          [1.4577e-05],
          [1.8020e-05],
          [1.8828e-05],
          [1.7869e-05],
          [2.1654e-05],
          [2.0325e-05],
          [2.5833e-05],
          [2.5537e-05],
          [3.1681e-05],
          [3.3029e-05],
          [3.5191e-05],
          [2.6189e-04],
          [2.2397e-03],
          [2.5102e-05],
          [2.7411e-05],
          [3.4893e-05],
          [1.7311e-05],
          [1.6179e-05],
          [1.8815e-05],
          [2.0371e-05],
          [1.7995e-05],
          [1.6191e-05],
          [1.5965e-05],
          [1.7919e-05],
          [1.3212e-05],
          [1.7337e-05],
          [1.8676e-05],
          [2.0500e-05],
          [1.9323e-05],
          [2.1003e-05],
          [2.1793e-05],
          [2.2409e-05],
          [1.7508e-05],
          [1.8586e-05],
          [1.9530e-05],
          [2.0461e-05],
          [2.5354e-05],
          [2.0123e-05],
          [2.6703e-05],
          [2.3587e-05],
          [4.1741e-05],
          [2.4276e-05],
          [2.4882e-05],
          [2.9464e-05],
          [2.5586e-05],
          [2.1186e-05],
          [2.1513e-05],
          [1.8765e-05],
          [1.8865e-05],
          [1.5385e-05],
          [1.4309e-05],
          [1.5362e-05],
          [1.6029e-05],
          [1.8347e-05],
          [2.1495e-05],
          [2.3951e-04],
          [4.0632e-05],
          [2.6054e-03],
          [3.0328e-05],
          [2.8622e-05],
          [2.8122e-05],
          [2.3891e-05],
          [2.4845e-05],
          [1.6310e-05],
          [1.2892e-05],
          [1.4102e-05],
          [1.3846e-05],
          [1.4740e-05],
          [1.8190e-05],
          [1.9342e-05],
          [2.2494e-05],
          [2.1968e-05],
          [3.5819e-04],
          [6.4489e-05],
          [3.7612e-03],
          [1.4058e-05],
          [1.2785e-05],
          [1.0395e-05],
          [1.3169e-05],
          [2.8619e-04],
          [2.9356e-03],
          [1.1299e-05],
          [1.2282e-05],
          [1.4677e-05],
          [2.0337e-05],
          [2.3245e-05],
          [2.7473e-05],
          [2.7579e-05],
          [2.7832e-05],
          [2.7620e-05],
          [2.3746e-05],
          [2.0849e-05],
          [1.4913e-05],
          [1.2072e-05],
          [1.3646e-05],
          [1.3314e-05],
          [1.4471e-05],
          [1.3611e-05],
          [2.8961e-05],
          [3.2970e-05],
          [4.0764e-05],
          [4.1067e-05],
          [3.3252e-05],
          [3.6602e-05],
          [2.4573e-05],
          [2.1125e-05],
          [1.4688e-05],
          [1.9078e-04],
          [7.5475e-04],
          [1.5035e-05],
          [1.4044e-05],
          [1.2582e-05],
          [1.1997e-05],
          [2.1152e-05],
          [2.4652e-05],
          [2.3246e-05],
          [8.7415e-05],
          [5.1416e-05],
          [1.9424e-04],
          [1.4166e-03],
          [2.5923e-05],
          [1.9838e-05],
          [2.0073e-05],
          [1.4257e-05],
          [1.1168e-05],
          [3.0179e-04],
          [1.0908e-04],
          [1.5246e-05],
          [5.2554e-05],
          [7.3627e-04],
          [1.4652e-05],
          [2.1835e-04],
          [1.7032e-05],
          [2.3625e-04],
          [1.3183e-05],
          [1.0650e-05],
          [8.8037e-06],
          [1.3673e-05],
          [2.2439e-05],
          [2.5000e-05],
          [9.7165e-06]]]])
