# Using CPU
# Loading Embeddings...
# Making Predictions...
torch.Size([1, 1, 442, 258])
tensor([[[[7.9444e-05],
          [2.7049e-05],
          [7.5465e-05],
          [3.9616e-05],
          [8.7418e-06],
          [2.8869e-04],
          [5.5559e-04],
          [1.7934e-05],
          [1.9213e-04],
          [6.0014e-04],
          [2.0854e-05],
          [1.9254e-05],
          [2.7473e-04],
          [1.9100e-04],
          [3.8099e-05],
          [1.1388e-05],
          [1.0250e-05],
          [9.3221e-06],
          [1.1405e-05],
          [1.4077e-05],
          [2.8256e-04],
          [1.9808e-05],
          [3.7143e-04],
          [1.7742e-05],
          [1.8992e-05],
          [2.9012e-05],
          [4.3515e-05],
          [8.2540e-05],
          [1.0307e-04],
          [1.3737e-04],
          [1.4933e-04],
          [1.8117e-04],
          [1.6672e-04],
          [1.7397e-04],
          [1.2917e-04],
          [9.1594e-05],
          [3.6569e-04],
          [5.7353e-05],
          [2.0579e-04],
          [9.0918e-05],
          [4.7260e-04],
          [2.7865e-05],
          [2.6100e-05],
          [2.8717e-05],
          [1.9489e-05],
          [1.9184e-05],
          [1.4697e-05],
          [1.4675e-05],
          [1.4370e-05],
          [2.0623e-04],
          [3.0787e-04],
          [1.0839e-05],
          [1.0961e-05],
          [3.8885e-04],
          [3.2634e-04],
          [1.5468e-05],
          [1.7010e-05],
          [1.8453e-05],
          [2.3218e-05],
          [2.5749e-05],
          [2.5566e-05],
          [2.4245e-05],
          [3.8903e-04],
          [2.8385e-04],
          [1.8006e-05],
          [1.8628e-05],
          [1.7216e-05],
          [1.5974e-05],
          [1.6264e-05],
          [1.5758e-05],
          [1.4930e-05],
          [3.0263e-04],
          [2.5013e-05],
          [2.0858e-05],
          [1.4565e-05],
          [2.0148e-05],
          [1.1362e-03],
          [1.3500e-05],
          [1.4152e-05],
          [1.1456e-05],
          [1.6901e-04],
          [1.6328e-04],
          [1.2555e-05],
          [1.4543e-05],
          [1.6532e-05],
          [1.9916e-05],
          [2.0879e-05],
          [2.3439e-05],
          [1.7964e-05],
          [1.5360e-05],
          [2.6713e-04],
          [3.5757e-05],
          [2.4380e-04],
          [1.2753e-05],
          [1.4043e-05],
          [1.6713e-05],
          [1.9120e-05],
          [2.6867e-05],
          [2.0440e-05],
          [2.0580e-05],
          [1.9897e-05],
          [1.5419e-05],
          [1.1821e-05],
          [1.0762e-05],
          [1.3109e-05],
          [1.9429e-05],
          [2.2544e-05],
          [2.9166e-05],
          [2.9753e-05],
          [3.0903e-05],
          [2.4312e-05],
          [1.1370e-04],
          [1.6755e-04],
          [1.9125e-05],
          [2.1811e-04],
          [1.6992e-05],
          [1.5729e-05],
          [1.2669e-05],
          [1.6246e-05],
          [1.7828e-05],
          [1.7219e-05],
          [1.2186e-05],
          [2.1819e-05],
          [1.1527e-05],
          [1.4042e-05],
          [1.3443e-05],
          [1.5581e-05],
          [1.6318e-05],
          [1.9082e-05],
          [2.1314e-05],
          [2.0654e-05],
          [3.1587e-04],
          [4.0264e-04],
          [2.4863e-05],
          [2.8504e-05],
          [2.9080e-05],
          [2.4860e-05],
          [2.6091e-05],
          [2.1844e-05],
          [2.2498e-05],
          [1.7907e-05],
          [1.6525e-05],
          [1.1357e-05],
          [1.2641e-05],
          [1.6202e-05],
          [2.2067e-05],
          [2.4139e-05],
          [3.2819e-05],
          [4.3386e-05],
          [6.8541e-05],
          [7.3280e-05],
          [8.8891e-05],
          [8.5827e-05],
          [1.1359e-04],
          [9.5658e-05],
          [7.5441e-05],
          [2.3602e-04],
          [3.1480e-04],
          [1.4584e-04],
          [6.5281e-04],
          [1.8592e-05],
          [1.6331e-05],
          [1.5825e-05],
          [1.7873e-05],
          [2.0095e-05],
          [2.5768e-05],
          [2.9453e-05],
          [2.8004e-05],
          [3.3057e-05],
          [2.8216e-05],
          [2.1472e-05],
          [2.6595e-04],
          [4.7860e-04],
          [3.1653e-05],
          [3.8078e-05],
          [4.3644e-05],
          [4.6741e-05],
          [3.9712e-05],
          [2.2681e-04],
          [3.5240e-05],
          [2.1156e-04],
          [1.5893e-05],
          [3.0359e-05],
          [1.6597e-04],
          [1.4795e-05],
          [2.2937e-04],
          [1.3648e-05],
          [1.4223e-05],
          [1.3889e-05],
          [3.1429e-04],
          [4.9690e-05],
          [1.1272e-03],
          [2.0246e-05],
          [2.6621e-05],
          [2.8188e-05],
          [2.8659e-05],
          [3.4622e-05],
          [2.5798e-05],
          [2.4165e-04],
          [2.6928e-04],
          [2.0308e-05],
          [1.7565e-05],
          [1.7754e-05],
          [1.5034e-05],
          [1.7963e-05],
          [2.1997e-05],
          [1.9615e-05],
          [1.7068e-04],
          [4.0874e-04],
          [2.0840e-05],
          [1.8283e-05],
          [1.9586e-05],
          [1.5444e-05],
          [2.6241e-04],
          [3.7003e-05],
          [2.1080e-05],
          [8.5728e-04],
          [1.6572e-05],
          [1.5113e-05],
          [1.3894e-05],
          [1.3355e-05],
          [1.4150e-05],
          [1.3963e-05],
          [1.3405e-05],
          [1.4247e-05],
          [1.7878e-05],
          [1.8290e-05],
          [1.6960e-05],
          [1.3722e-05],
          [1.2648e-05],
          [1.3153e-05],
          [1.5320e-05],
          [1.5761e-05],
          [1.7044e-05],
          [2.2397e-04],
          [2.2839e-04],
          [1.8781e-05],
          [1.5536e-05],
          [1.4448e-05],
          [1.9062e-05],
          [2.2761e-05],
          [2.1042e-05],
          [1.4196e-05],
          [1.8542e-05],
          [2.0611e-05],
          [1.3077e-05],
          [1.7337e-04],
          [9.0055e-05],
          [2.0686e-05],
          [1.8272e-04],
          [1.0610e-05],
          [1.7756e-04],
          [2.6883e-04],
          [2.4086e-05],
          [3.0450e-05],
          [3.5382e-05],
          [3.0678e-05],
          [4.0554e-05],
          [4.6197e-05],
          [6.3721e-05],
          [6.4367e-05],
          [1.0935e-04],
          [1.3744e-04],
          [1.9954e-04],
          [1.5662e-04],
          [1.6420e-04],
          [1.0284e-04],
          [1.9594e-04],
          [4.1022e-05],
          [3.8121e-05],
          [3.2183e-04],
          [2.4596e-04],
          [2.9037e-05],
          [2.5009e-04],
          [1.8165e-04],
          [2.8111e-05],
          [2.3716e-04],
          [1.3694e-05],
          [1.2853e-05],
          [1.1119e-05],
          [9.4664e-06],
          [8.5297e-06],
          [9.5407e-06],
          [2.1679e-05],
          [1.0749e-05],
          [1.2352e-05],
          [1.0739e-05],
          [2.2113e-04],
          [2.2441e-05],
          [7.1955e-05],
          [2.0742e-04],
          [1.1977e-05],
          [1.1978e-05],
          [1.1478e-05],
          [1.1034e-05],
          [1.0136e-05],
          [1.0686e-05],
          [2.7392e-04],
          [1.9829e-05],
          [6.7554e-04],
          [1.4631e-05],
          [1.4390e-05],
          [1.3319e-05],
          [1.5102e-05],
          [1.3404e-05],
          [1.3248e-05],
          [1.4358e-05],
          [1.7164e-05],
          [1.7472e-05],
          [2.2917e-05],
          [2.8535e-05],
          [3.6046e-05],
          [2.1720e-04],
          [3.9885e-04],
          [2.4860e-05],
          [2.0211e-05],
          [1.9062e-05],
          [1.1265e-05],
          [1.1796e-05],
          [1.3853e-05],
          [1.5285e-05],
          [1.4030e-05],
          [1.6231e-05],
          [1.4186e-05],
          [1.8576e-05],
          [1.5264e-05],
          [1.6831e-05],
          [1.6653e-05],
          [2.0993e-05],
          [2.2520e-05],
          [2.0984e-05],
          [2.0179e-05],
          [2.2808e-05],
          [2.2255e-05],
          [1.7724e-05],
          [1.8203e-05],
          [1.9055e-05],
          [1.8129e-05],
          [1.8769e-05],
          [2.2177e-05],
          [2.4532e-05],
          [2.0956e-05],
          [1.9107e-05],
          [1.9164e-05],
          [2.0855e-05],
          [2.4643e-05],
          [1.5496e-05],
          [1.7773e-05],
          [1.7728e-05],
          [1.8281e-05],
          [1.7209e-05],
          [1.7254e-05],
          [1.5792e-05],
          [1.4829e-05],
          [1.7104e-05],
          [1.6634e-05],
          [1.8043e-04],
          [3.5342e-05],
          [1.0162e-03],
          [1.8760e-05],
          [2.1047e-05],
          [2.1935e-05],
          [2.1136e-05],
          [2.4383e-05],
          [2.5646e-05],
          [2.6723e-05],
          [2.5132e-05],
          [2.2257e-05],
          [2.1810e-05],
          [2.5518e-05],
          [1.9688e-05],
          [2.4837e-05],
          [2.0885e-05],
          [2.8581e-04],
          [7.1483e-05],
          [6.8279e-04],
          [1.3779e-05],
          [1.1625e-05],
          [9.4466e-06],
          [1.0798e-05],
          [2.2157e-04],
          [4.6730e-04],
          [1.2143e-05],
          [1.0697e-05],
          [1.3453e-05],
          [1.9932e-05],
          [2.6283e-05],
          [3.1632e-05],
          [3.2031e-05],
          [2.7389e-05],
          [2.4871e-05],
          [2.1081e-05],
          [2.7002e-05],
          [2.6514e-05],
          [1.8670e-05],
          [1.7689e-05],
          [1.9401e-05],
          [1.6919e-05],
          [1.4577e-05],
          [3.4599e-05],
          [3.0152e-05],
          [3.4519e-05],
          [3.7667e-05],
          [2.7067e-05],
          [2.6861e-05],
          [2.2341e-05],
          [2.3435e-05],
          [1.8630e-05],
          [1.8282e-04],
          [2.5974e-04],
          [2.1164e-05],
          [2.0526e-05],
          [1.7250e-05],
          [1.5617e-05],
          [2.0505e-05],
          [1.7312e-05],
          [2.4549e-05],
          [7.3103e-05],
          [7.9463e-05],
          [9.9428e-05],
          [3.2975e-04],
          [2.0182e-05],
          [1.5481e-05],
          [1.5913e-05],
          [1.5145e-05],
          [1.2982e-05],
          [3.1979e-04],
          [9.3961e-05],
          [1.5647e-05],
          [5.7810e-05],
          [2.8301e-04],
          [1.9214e-05],
          [1.8485e-04],
          [1.7367e-05],
          [2.3727e-04],
          [1.8351e-05],
          [1.4486e-05],
          [1.1921e-05],
          [1.2354e-05],
          [1.2415e-05],
          [2.9973e-05],
          [8.7696e-06]]]])
