# Using CPU
# Loading Embeddings...
# Making Predictions...
torch.Size([1, 1, 442, 765])
tensor([[[[3.9431e-04],
          [9.0694e-05],
          [1.2020e-04],
          [5.3205e-05],
          [1.2120e-05],
          [3.1143e-04],
          [1.6163e-04],
          [2.7193e-05],
          [2.3127e-04],
          [1.7572e-04],
          [1.3143e-05],
          [1.2366e-05],
          [4.1352e-04],
          [2.6606e-04],
          [1.3733e-04],
          [9.8485e-05],
          [2.0267e-04],
          [6.6943e-05],
          [6.6318e-05],
          [3.2533e-05],
          [3.3965e-04],
          [3.2429e-05],
          [1.5170e-04],
          [2.4315e-05],
          [2.0562e-05],
          [2.3049e-05],
          [2.3250e-05],
          [5.0069e-05],
          [3.8942e-05],
          [3.3419e-05],
          [3.0979e-05],
          [3.8572e-05],
          [3.4452e-05],
          [8.6729e-05],
          [2.8849e-05],
          [2.5431e-05],
          [6.1603e-04],
          [4.5943e-05],
          [1.8852e-04],
          [1.2474e-04],
          [1.6275e-04],
          [1.5462e-05],
          [1.5500e-05],
          [1.3195e-05],
          [1.2104e-05],
          [1.2626e-05],
          [1.2338e-05],
          [2.0189e-05],
          [2.7491e-05],
          [3.5813e-04],
          [2.1690e-04],
          [1.9781e-05],
          [1.6419e-05],
          [2.7276e-04],
          [1.5014e-04],
          [1.3415e-05],
          [1.2591e-05],
          [1.5957e-05],
          [1.3695e-05],
          [1.2940e-05],
          [1.6464e-05],
          [1.2857e-05],
          [3.0464e-04],
          [3.1122e-04],
          [1.2355e-05],
          [1.1502e-05],
          [1.1965e-05],
          [1.3283e-05],
          [1.3585e-05],
          [1.2433e-05],
          [1.3176e-05],
          [3.0074e-04],
          [2.5384e-05],
          [2.6501e-05],
          [1.4549e-05],
          [2.1262e-05],
          [2.8718e-04],
          [1.4565e-05],
          [1.1713e-05],
          [1.2371e-05],
          [2.4546e-04],
          [2.0818e-04],
          [1.0449e-05],
          [1.0050e-05],
          [1.0218e-05],
          [1.1655e-05],
          [1.2747e-05],
          [1.2696e-05],
          [1.2885e-05],
          [1.4190e-05],
          [2.7594e-04],
          [6.1962e-05],
          [2.8682e-04],
          [1.2656e-05],
          [1.0765e-05],
          [1.3310e-05],
          [1.4012e-05],
          [1.9976e-05],
          [1.7568e-05],
          [2.3691e-05],
          [2.8877e-05],
          [2.4126e-05],
          [1.9153e-05],
          [1.5790e-05],
          [1.3353e-05],
          [1.3443e-05],
          [1.4628e-05],
          [1.3499e-05],
          [1.3093e-05],
          [1.5561e-05],
          [1.4553e-05],
          [8.0711e-05],
          [1.3727e-04],
          [2.5600e-05],
          [3.1771e-04],
          [1.5904e-05],
          [1.3538e-05],
          [1.2290e-05],
          [1.2760e-05],
          [1.1923e-05],
          [1.2432e-05],
          [1.1837e-05],
          [1.8303e-05],
          [1.4878e-05],
          [1.5462e-05],
          [1.5720e-05],
          [1.3460e-05],
          [1.5241e-05],
          [2.4742e-05],
          [1.0808e-04],
          [1.9786e-03],
          [6.2975e-03],
          [1.1478e-02],
          [4.9496e-03],
          [1.1741e-03],
          [3.3793e-04],
          [1.4042e-04],
          [2.5855e-05],
          [1.5469e-05],
          [1.4656e-05],
          [1.6978e-05],
          [1.4680e-05],
          [1.6264e-05],
          [1.3433e-05],
          [1.4345e-05],
          [1.3491e-05],
          [1.4711e-05],
          [1.9031e-05],
          [2.0682e-05],
          [3.3025e-05],
          [3.0382e-05],
          [3.6518e-05],
          [3.1010e-05],
          [3.5974e-05],
          [2.8380e-05],
          [2.4583e-05],
          [3.5079e-04],
          [8.1355e-05],
          [1.4510e-04],
          [2.2810e-04],
          [1.7222e-05],
          [7.6576e-05],
          [2.0620e-04],
          [2.8746e-04],
          [6.2557e-05],
          [6.4262e-05],
          [5.6798e-05],
          [2.2861e-05],
          [1.4465e-05],
          [1.5123e-05],
          [1.6325e-05],
          [4.3691e-04],
          [1.7122e-04],
          [1.5582e-05],
          [1.8092e-05],
          [2.4495e-05],
          [1.9089e-05],
          [1.7384e-05],
          [2.4735e-04],
          [4.0703e-05],
          [3.5546e-04],
          [1.4331e-05],
          [1.7638e-05],
          [2.4759e-04],
          [1.7053e-05],
          [2.7271e-04],
          [2.1627e-05],
          [2.3148e-05],
          [1.7216e-05],
          [2.6996e-04],
          [2.4721e-05],
          [1.6197e-04],
          [1.2992e-05],
          [1.5279e-05],
          [1.4646e-05],
          [1.5675e-05],
          [1.5365e-05],
          [1.7082e-05],
          [2.5032e-04],
          [1.8931e-04],
          [1.4563e-05],
          [1.4638e-05],
          [1.2345e-05],
          [1.2808e-05],
          [1.4593e-05],
          [1.4531e-05],
          [1.3727e-05],
          [2.9189e-04],
          [1.5714e-04],
          [1.5230e-05],
          [1.2874e-05],
          [1.4331e-05],
          [1.3288e-05],
          [2.8859e-04],
          [4.0386e-05],
          [2.3723e-05],
          [2.9285e-04],
          [1.5588e-05],
          [1.6660e-05],
          [1.1865e-05],
          [1.5087e-05],
          [1.2643e-05],
          [1.3398e-05],
          [1.3923e-05],
          [1.2528e-05],
          [1.9422e-05],
          [1.3282e-05],
          [1.2990e-05],
          [1.7695e-05],
          [2.1789e-05],
          [1.6025e-05],
          [1.5597e-05],
          [1.4485e-05],
          [1.4388e-05],
          [2.7929e-04],
          [1.0902e-04],
          [1.3386e-05],
          [1.1687e-05],
          [1.2584e-05],
          [1.8302e-05],
          [2.5328e-05],
          [2.4612e-05],
          [1.9884e-05],
          [2.6643e-05],
          [2.7853e-05],
          [1.6683e-05],
          [1.2850e-04],
          [1.5518e-04],
          [3.0576e-05],
          [2.4835e-04],
          [1.1223e-05],
          [2.1497e-04],
          [1.1560e-04],
          [1.3291e-05],
          [1.4013e-05],
          [1.4568e-05],
          [1.5698e-05],
          [1.6703e-05],
          [1.4931e-05],
          [2.0488e-05],
          [2.1539e-05],
          [3.2331e-05],
          [3.6507e-05],
          [5.4171e-05],
          [6.4278e-05],
          [4.7407e-05],
          [5.5052e-05],
          [3.1382e-04],
          [2.7107e-05],
          [2.8208e-05],
          [3.0677e-04],
          [1.3275e-04],
          [3.1188e-05],
          [1.3209e-04],
          [1.5416e-04],
          [4.2688e-05],
          [3.5080e-04],
          [1.4777e-05],
          [1.2302e-05],
          [1.2475e-05],
          [1.3121e-05],
          [1.3755e-05],
          [1.4668e-05],
          [1.8094e-05],
          [1.3812e-05],
          [1.5192e-05],
          [1.3006e-05],
          [3.6678e-04],
          [4.4049e-05],
          [1.2471e-04],
          [4.6580e-05],
          [1.1251e-05],
          [1.1143e-05],
          [1.0295e-05],
          [1.2183e-05],
          [1.2528e-05],
          [1.1469e-05],
          [3.6373e-04],
          [2.2025e-05],
          [2.9381e-04],
          [1.3778e-05],
          [1.1231e-05],
          [1.0929e-05],
          [1.1724e-05],
          [1.2175e-05],
          [1.2319e-05],
          [1.3954e-05],
          [1.3521e-05],
          [1.5896e-05],
          [1.8562e-05],
          [1.8135e-05],
          [1.5029e-05],
          [2.6874e-04],
          [1.5105e-04],
          [1.1866e-05],
          [1.1396e-05],
          [1.0614e-05],
          [1.0861e-05],
          [1.1094e-05],
          [1.4847e-05],
          [1.9318e-05],
          [1.7526e-05],
          [2.4508e-05],
          [1.3563e-05],
          [1.4444e-05],
          [1.0532e-05],
          [9.9661e-06],
          [1.2073e-05],
          [2.0197e-05],
          [1.7273e-05],
          [1.2566e-05],
          [1.1373e-05],
          [1.2864e-05],
          [1.1222e-05],
          [1.4053e-05],
          [1.6227e-05],
          [1.5570e-05],
          [1.7057e-05],
          [1.4814e-05],
          [2.1833e-05],
          [2.3359e-05],
          [2.3922e-05],
          [1.5867e-05],
          [1.7714e-05],
          [1.5993e-05],
          [2.1214e-05],
          [1.3963e-05],
          [1.9885e-05],
          [1.7511e-05],
          [1.2702e-05],
          [1.3377e-05],
          [1.2978e-05],
          [1.4237e-05],
          [1.2312e-05],
          [1.1968e-05],
          [1.2007e-05],
          [1.1411e-04],
          [2.2864e-05],
          [2.1953e-04],
          [1.3301e-05],
          [1.6277e-05],
          [1.4471e-05],
          [1.2358e-05],
          [1.2709e-05],
          [1.6381e-05],
          [1.3469e-05],
          [1.3592e-05],
          [1.4288e-05],
          [1.2988e-05],
          [1.3902e-05],
          [1.4867e-05],
          [1.4354e-05],
          [1.4847e-05],
          [1.7075e-04],
          [8.0155e-05],
          [3.6723e-04],
          [1.3475e-05],
          [1.3201e-05],
          [1.0140e-05],
          [1.4503e-05],
          [4.1215e-04],
          [2.7618e-04],
          [1.6043e-05],
          [1.4188e-05],
          [1.3893e-05],
          [1.8202e-05],
          [2.6265e-05],
          [4.0654e-05],
          [5.2650e-05],
          [4.1711e-05],
          [3.1147e-05],
          [2.2098e-05],
          [1.5156e-05],
          [1.6876e-05],
          [1.3855e-05],
          [1.5957e-05],
          [1.6403e-05],
          [1.2316e-05],
          [1.3203e-05],
          [6.2663e-05],
          [3.0971e-05],
          [4.4931e-05],
          [4.2529e-05],
          [3.5487e-05],
          [3.7183e-05],
          [2.1902e-05],
          [1.5897e-05],
          [1.2450e-05],
          [2.5044e-04],
          [1.6215e-04],
          [1.5061e-05],
          [1.2037e-05],
          [1.5240e-05],
          [2.0270e-05],
          [2.2765e-05],
          [1.9024e-05],
          [4.0181e-05],
          [6.2894e-05],
          [5.1856e-05],
          [3.4171e-04],
          [1.8544e-04],
          [3.2312e-05],
          [2.6740e-05],
          [3.6429e-05],
          [2.6021e-05],
          [1.8133e-05],
          [2.9654e-04],
          [1.2145e-04],
          [2.2566e-05],
          [7.0002e-05],
          [1.6922e-04],
          [2.0534e-05],
          [4.2800e-04],
          [2.3011e-05],
          [3.9893e-04],
          [1.6259e-05],
          [1.1641e-05],
          [1.1232e-05],
          [1.6126e-05],
          [1.5393e-05],
          [2.1813e-05],
          [5.1739e-06]]]])
