# Using CPU
# Loading Embeddings...
# Making Predictions...
torch.Size([1, 1, 442, 277])
tensor([[[[2.9966e-04],
          [3.1111e-05],
          [1.6244e-04],
          [6.9212e-05],
          [8.0633e-06],
          [3.0400e-04],
          [2.7000e-04],
          [2.7776e-05],
          [2.4345e-04],
          [5.9107e-04],
          [1.1654e-05],
          [1.1626e-05],
          [4.0394e-04],
          [1.8717e-04],
          [8.2168e-05],
          [2.5683e-05],
          [6.7680e-05],
          [1.9391e-05],
          [2.1616e-05],
          [2.0928e-05],
          [4.3818e-04],
          [4.2247e-05],
          [1.2666e-03],
          [1.3361e-05],
          [1.1209e-05],
          [1.3615e-05],
          [1.8067e-05],
          [2.9315e-05],
          [3.0279e-05],
          [3.5856e-05],
          [3.5629e-05],
          [4.2960e-05],
          [4.0915e-05],
          [5.1587e-05],
          [3.7851e-05],
          [3.5808e-05],
          [5.1669e-04],
          [3.0725e-05],
          [2.0052e-04],
          [7.0203e-05],
          [7.8941e-04],
          [1.6077e-05],
          [1.3354e-05],
          [1.5372e-05],
          [1.4716e-05],
          [1.2452e-05],
          [1.6876e-05],
          [3.4546e-05],
          [6.9122e-05],
          [1.8982e-04],
          [6.5865e-04],
          [2.0195e-05],
          [1.5267e-05],
          [3.2974e-04],
          [7.5588e-04],
          [1.0744e-05],
          [1.0239e-05],
          [1.9023e-05],
          [1.6803e-05],
          [1.3346e-05],
          [1.2466e-05],
          [1.0647e-05],
          [3.0819e-04],
          [5.8438e-04],
          [1.2563e-05],
          [1.3850e-05],
          [1.4668e-05],
          [1.4951e-05],
          [1.4669e-05],
          [1.3933e-05],
          [1.2693e-05],
          [2.9927e-04],
          [2.7329e-05],
          [2.5447e-05],
          [1.1796e-05],
          [2.0994e-05],
          [2.7531e-03],
          [1.0804e-05],
          [1.1956e-05],
          [1.0881e-05],
          [2.8834e-04],
          [4.2681e-04],
          [1.2312e-05],
          [1.0842e-05],
          [1.1639e-05],
          [1.2579e-05],
          [1.6301e-05],
          [1.4820e-05],
          [1.3600e-05],
          [1.2025e-05],
          [2.5354e-04],
          [6.9323e-05],
          [5.6464e-04],
          [1.4094e-05],
          [1.6777e-05],
          [2.6222e-05],
          [3.1330e-05],
          [3.6790e-05],
          [3.6975e-05],
          [3.7935e-05],
          [3.4539e-05],
          [2.5574e-05],
          [1.5081e-05],
          [1.3789e-05],
          [1.0822e-05],
          [1.2262e-05],
          [1.1171e-05],
          [1.2163e-05],
          [1.2628e-05],
          [1.4291e-05],
          [1.1872e-05],
          [9.3923e-05],
          [1.5715e-04],
          [2.3097e-05],
          [5.5042e-04],
          [1.4360e-05],
          [1.0617e-05],
          [1.0794e-05],
          [1.0215e-05],
          [1.1378e-05],
          [1.2697e-05],
          [1.1254e-05],
          [1.6539e-05],
          [1.1404e-05],
          [1.2932e-05],
          [1.1085e-05],
          [1.1906e-05],
          [1.2058e-05],
          [1.0966e-05],
          [1.3215e-05],
          [1.1906e-05],
          [5.1299e-04],
          [8.8796e-04],
          [2.1227e-05],
          [2.1098e-05],
          [1.9965e-05],
          [1.8825e-05],
          [1.7572e-05],
          [1.4177e-05],
          [1.3082e-05],
          [1.1747e-05],
          [1.1577e-05],
          [1.0649e-05],
          [1.1782e-05],
          [1.1680e-05],
          [1.2208e-05],
          [1.4772e-05],
          [1.3676e-05],
          [1.5116e-05],
          [2.0027e-05],
          [1.9431e-05],
          [2.5455e-05],
          [2.5280e-05],
          [3.0605e-05],
          [3.4589e-05],
          [3.9312e-05],
          [3.5836e-04],
          [5.1453e-04],
          [1.4570e-04],
          [1.8975e-03],
          [1.4539e-05],
          [1.4819e-05],
          [1.5224e-05],
          [1.4048e-05],
          [1.5079e-05],
          [1.8303e-05],
          [1.9326e-05],
          [2.0725e-05],
          [2.1738e-05],
          [1.8539e-05],
          [1.4596e-05],
          [2.6293e-04],
          [1.0486e-03],
          [1.2268e-05],
          [1.2836e-05],
          [2.1272e-05],
          [1.6074e-05],
          [1.2726e-05],
          [1.9622e-04],
          [3.7740e-05],
          [2.5648e-04],
          [1.1508e-05],
          [1.7391e-05],
          [1.2845e-04],
          [1.5687e-05],
          [7.4814e-04],
          [1.4953e-05],
          [1.2457e-05],
          [1.0754e-05],
          [3.0748e-04],
          [3.4132e-05],
          [1.5889e-03],
          [1.3539e-05],
          [1.4996e-05],
          [1.3969e-05],
          [1.3441e-05],
          [1.5969e-05],
          [1.4329e-05],
          [1.9058e-04],
          [6.9804e-04],
          [1.1229e-05],
          [1.1361e-05],
          [1.4691e-05],
          [1.2790e-05],
          [1.4566e-05],
          [1.7028e-05],
          [1.7160e-05],
          [1.8879e-04],
          [1.0927e-03],
          [1.4749e-05],
          [1.3837e-05],
          [1.2607e-05],
          [1.1746e-05],
          [2.1633e-04],
          [2.9036e-05],
          [1.5840e-05],
          [3.0386e-03],
          [1.3428e-05],
          [1.4320e-05],
          [1.3900e-05],
          [1.6752e-05],
          [1.8031e-05],
          [1.7927e-05],
          [1.5825e-05],
          [1.9067e-05],
          [2.3990e-05],
          [2.4370e-05],
          [2.0814e-05],
          [1.9920e-05],
          [1.6384e-05],
          [1.6505e-05],
          [1.7146e-05],
          [1.5759e-05],
          [1.3361e-05],
          [2.3021e-04],
          [6.9432e-04],
          [1.4589e-05],
          [1.7923e-05],
          [1.8662e-05],
          [2.3353e-05],
          [2.3568e-05],
          [2.0414e-05],
          [1.6323e-05],
          [2.4573e-05],
          [2.2642e-05],
          [1.4717e-05],
          [2.1925e-04],
          [2.0837e-04],
          [2.4436e-05],
          [4.4705e-04],
          [1.2145e-05],
          [1.4673e-04],
          [4.2998e-04],
          [1.6666e-05],
          [2.4500e-05],
          [2.3806e-05],
          [2.0607e-05],
          [2.5435e-05],
          [2.8189e-05],
          [2.7415e-05],
          [2.1232e-05],
          [2.7464e-05],
          [1.9114e-05],
          [2.7233e-05],
          [3.6045e-05],
          [2.5980e-05],
          [4.0589e-05],
          [1.9550e-04],
          [1.4158e-05],
          [1.8071e-05],
          [5.7722e-04],
          [1.3936e-04],
          [1.9615e-05],
          [3.3716e-04],
          [1.4172e-04],
          [4.0892e-05],
          [2.8516e-04],
          [1.5075e-05],
          [1.1618e-05],
          [1.0347e-05],
          [9.4165e-06],
          [1.0149e-05],
          [1.0178e-05],
          [2.8056e-05],
          [1.4255e-05],
          [1.7434e-05],
          [1.1972e-05],
          [3.7141e-04],
          [2.6923e-05],
          [1.1829e-04],
          [1.9436e-04],
          [1.0593e-05],
          [9.5813e-06],
          [1.1025e-05],
          [1.0507e-05],
          [1.0309e-05],
          [1.0237e-05],
          [2.2354e-04],
          [2.7282e-05],
          [2.3964e-03],
          [1.3624e-05],
          [1.2915e-05],
          [1.7312e-05],
          [1.9380e-05],
          [1.8155e-05],
          [2.4207e-05],
          [2.1295e-05],
          [2.8140e-05],
          [2.3823e-05],
          [3.0854e-05],
          [2.8620e-05],
          [3.0083e-05],
          [1.9276e-04],
          [1.0295e-03],
          [2.3358e-05],
          [2.6839e-05],
          [2.2722e-05],
          [1.8212e-05],
          [1.7770e-05],
          [2.2407e-05],
          [2.0287e-05],
          [1.8571e-05],
          [1.5319e-05],
          [1.6192e-05],
          [1.9060e-05],
          [1.3840e-05],
          [1.6343e-05],
          [1.6457e-05],
          [1.8328e-05],
          [1.7392e-05],
          [2.0790e-05],
          [2.3119e-05],
          [2.3934e-05],
          [1.8982e-05],
          [2.1234e-05],
          [2.3488e-05],
          [2.5359e-05],
          [3.1402e-05],
          [2.5623e-05],
          [3.0955e-05],
          [3.4185e-05],
          [3.7597e-05],
          [3.3451e-05],
          [3.6112e-05],
          [4.3654e-05],
          [3.6764e-05],
          [2.9425e-05],
          [2.7567e-05],
          [2.5177e-05],
          [2.5054e-05],
          [1.9540e-05],
          [1.6197e-05],
          [1.8162e-05],
          [1.9845e-05],
          [2.1901e-05],
          [2.6277e-05],
          [1.7800e-04],
          [4.0727e-05],
          [1.5287e-03],
          [3.1546e-05],
          [3.0032e-05],
          [3.0506e-05],
          [2.4338e-05],
          [2.3667e-05],
          [1.4429e-05],
          [1.2265e-05],
          [1.2825e-05],
          [1.2089e-05],
          [1.2347e-05],
          [1.4815e-05],
          [1.6328e-05],
          [1.9119e-05],
          [1.8018e-05],
          [2.2624e-04],
          [8.2711e-05],
          [2.0646e-03],
          [1.4026e-05],
          [1.2173e-05],
          [1.1463e-05],
          [1.0659e-05],
          [2.6733e-04],
          [1.6724e-03],
          [1.2670e-05],
          [1.5348e-05],
          [1.9249e-05],
          [2.7061e-05],
          [3.3214e-05],
          [3.6661e-05],
          [4.3835e-05],
          [3.6069e-05],
          [3.2815e-05],
          [2.6594e-05],
          [2.1487e-05],
          [1.3982e-05],
          [1.1617e-05],
          [1.2449e-05],
          [1.1376e-05],
          [1.3254e-05],
          [1.3488e-05],
          [5.3573e-05],
          [3.4945e-05],
          [3.4215e-05],
          [6.7690e-05],
          [3.5191e-05],
          [3.6566e-05],
          [2.6493e-05],
          [2.2210e-05],
          [1.5429e-05],
          [1.7593e-04],
          [4.7225e-04],
          [1.5863e-05],
          [1.4801e-05],
          [1.4119e-05],
          [1.4710e-05],
          [1.6626e-05],
          [1.7795e-05],
          [1.9903e-05],
          [1.0845e-04],
          [5.1691e-05],
          [1.6418e-04],
          [9.0834e-04],
          [2.9728e-05],
          [2.3103e-05],
          [2.2318e-05],
          [1.4955e-05],
          [1.2219e-05],
          [2.8669e-04],
          [1.4126e-04],
          [2.3058e-05],
          [7.2037e-05],
          [6.7227e-04],
          [1.4015e-05],
          [2.9861e-04],
          [2.1661e-05],
          [3.2213e-04],
          [1.5386e-05],
          [1.0251e-05],
          [8.5257e-06],
          [1.3151e-05],
          [1.1903e-05],
          [2.6866e-05],
          [8.5896e-06]]]])
