# Using CPU
# Loading Embeddings...
# Making Predictions...
torch.Size([1, 1, 442, 290])
tensor([[[[1.3277e-04],
          [2.9747e-05],
          [9.2992e-05],
          [1.7193e-05],
          [1.0311e-05],
          [8.0772e-04],
          [1.6843e-04],
          [1.3838e-05],
          [5.9725e-04],
          [2.2127e-04],
          [1.6500e-05],
          [1.6035e-05],
          [9.9980e-04],
          [2.3325e-04],
          [1.4061e-05],
          [1.0517e-05],
          [1.1246e-05],
          [9.8063e-06],
          [1.0964e-05],
          [1.3462e-05],
          [4.4202e-04],
          [2.2724e-05],
          [1.2147e-04],
          [1.5170e-05],
          [1.5884e-05],
          [2.1431e-05],
          [3.0305e-05],
          [4.6061e-05],
          [4.9940e-05],
          [7.4149e-05],
          [6.9413e-05],
          [7.6642e-05],
          [7.7335e-05],
          [7.3275e-05],
          [5.5849e-05],
          [5.2814e-05],
          [1.4106e-03],
          [6.7090e-05],
          [2.0131e-04],
          [2.4345e-04],
          [2.4000e-04],
          [2.3622e-05],
          [1.9910e-05],
          [1.9173e-05],
          [1.4314e-05],
          [1.4850e-05],
          [1.2254e-05],
          [1.8198e-05],
          [2.7795e-05],
          [6.3113e-04],
          [1.5893e-04],
          [1.6339e-05],
          [1.5944e-05],
          [6.1440e-04],
          [1.3303e-04],
          [1.2779e-05],
          [1.3040e-05],
          [1.3029e-05],
          [1.6032e-05],
          [1.7359e-05],
          [1.9030e-05],
          [1.7303e-05],
          [6.3120e-04],
          [2.9099e-04],
          [1.5614e-05],
          [1.3701e-05],
          [1.3601e-05],
          [1.3931e-05],
          [1.4399e-05],
          [1.4803e-05],
          [1.2503e-05],
          [5.6845e-04],
          [3.0709e-05],
          [2.1353e-05],
          [1.4943e-05],
          [2.2113e-05],
          [2.4015e-04],
          [1.4174e-05],
          [1.2557e-05],
          [1.2051e-05],
          [4.5799e-04],
          [1.3030e-04],
          [1.1994e-05],
          [1.1571e-05],
          [1.3907e-05],
          [1.6135e-05],
          [1.5434e-05],
          [1.6603e-05],
          [1.4731e-05],
          [1.3872e-05],
          [5.4450e-04],
          [3.9077e-05],
          [1.9752e-04],
          [1.1419e-05],
          [1.1009e-05],
          [1.1439e-05],
          [1.2592e-05],
          [1.9320e-05],
          [1.2561e-05],
          [1.4514e-05],
          [1.4705e-05],
          [1.3354e-05],
          [1.0227e-05],
          [1.1079e-05],
          [1.1526e-05],
          [1.4623e-05],
          [1.5600e-05],
          [1.7851e-05],
          [1.7952e-05],
          [1.8507e-05],
          [1.7939e-05],
          [1.3473e-04],
          [1.6613e-04],
          [2.7140e-05],
          [2.7376e-04],
          [1.3354e-05],
          [1.1168e-05],
          [1.0991e-05],
          [1.2136e-05],
          [1.3046e-05],
          [1.3009e-05],
          [1.1829e-05],
          [1.3891e-05],
          [1.0462e-05],
          [1.2004e-05],
          [1.1329e-05],
          [1.3021e-05],
          [1.2325e-05],
          [1.4718e-05],
          [1.6644e-05],
          [1.5524e-05],
          [6.4377e-04],
          [2.5860e-04],
          [2.4440e-05],
          [1.7801e-05],
          [1.7342e-05],
          [1.4277e-05],
          [1.4602e-05],
          [1.3001e-05],
          [1.3327e-05],
          [1.2339e-05],
          [1.1138e-05],
          [9.8954e-06],
          [1.0134e-05],
          [1.1943e-05],
          [1.3603e-05],
          [1.4620e-05],
          [1.6559e-05],
          [2.2504e-05],
          [2.8369e-05],
          [3.1277e-05],
          [3.7017e-05],
          [3.9901e-05],
          [4.1932e-05],
          [4.2401e-05],
          [3.7865e-05],
          [9.3195e-04],
          [1.4896e-04],
          [4.5262e-04],
          [2.1726e-04],
          [1.7522e-05],
          [1.3889e-05],
          [1.3573e-05],
          [1.3628e-05],
          [1.6447e-05],
          [2.0765e-05],
          [1.9865e-05],
          [2.0143e-05],
          [2.5463e-05],
          [2.3726e-05],
          [2.0749e-05],
          [1.0684e-03],
          [2.5015e-04],
          [1.7929e-05],
          [1.9763e-05],
          [2.6459e-05],
          [2.3050e-05],
          [2.0765e-05],
          [6.4800e-04],
          [6.3458e-05],
          [4.1013e-04],
          [1.7164e-05],
          [1.4047e-05],
          [5.0656e-04],
          [1.5659e-05],
          [1.9407e-04],
          [1.6350e-05],
          [1.8496e-05],
          [1.5293e-05],
          [9.7185e-04],
          [3.2009e-05],
          [5.4705e-04],
          [1.5950e-05],
          [1.9284e-05],
          [1.9620e-05],
          [2.0190e-05],
          [2.0880e-05],
          [1.8544e-05],
          [4.2992e-04],
          [1.7787e-04],
          [1.6312e-05],
          [1.3756e-05],
          [1.4064e-05],
          [1.3202e-05],
          [1.5317e-05],
          [1.5404e-05],
          [1.3504e-05],
          [7.8849e-04],
          [1.6598e-04],
          [1.5351e-05],
          [1.4751e-05],
          [1.3074e-05],
          [1.2885e-05],
          [1.6088e-03],
          [3.9141e-05],
          [2.8487e-05],
          [5.0202e-04],
          [1.6776e-05],
          [1.4780e-05],
          [1.3011e-05],
          [1.3354e-05],
          [1.4151e-05],
          [1.3263e-05],
          [1.1142e-05],
          [1.2911e-05],
          [1.4672e-05],
          [1.7099e-05],
          [1.5502e-05],
          [1.4702e-05],
          [1.1303e-05],
          [1.0561e-05],
          [1.2163e-05],
          [1.2277e-05],
          [1.4497e-05],
          [1.0869e-03],
          [1.5717e-04],
          [1.3648e-05],
          [1.5022e-05],
          [1.4987e-05],
          [1.6279e-05],
          [1.3546e-05],
          [1.7267e-05],
          [1.3524e-05],
          [1.6269e-05],
          [2.3581e-05],
          [1.1229e-05],
          [1.9017e-04],
          [1.2698e-04],
          [2.2043e-05],
          [2.2292e-04],
          [1.2887e-05],
          [4.7934e-04],
          [1.5763e-04],
          [1.9484e-05],
          [2.3284e-05],
          [2.2783e-05],
          [1.9768e-05],
          [2.2699e-05],
          [2.3315e-05],
          [2.8242e-05],
          [2.2203e-05],
          [2.8938e-05],
          [4.1332e-05],
          [4.4205e-05],
          [5.8446e-05],
          [4.1719e-05],
          [4.8160e-05],
          [5.0185e-04],
          [4.1557e-05],
          [3.3539e-05],
          [3.3964e-04],
          [2.2608e-04],
          [3.6055e-05],
          [1.2674e-04],
          [2.8144e-04],
          [4.4022e-05],
          [2.4763e-04],
          [1.3981e-05],
          [1.1308e-05],
          [1.1203e-05],
          [9.5322e-06],
          [9.7280e-06],
          [9.9749e-06],
          [2.1766e-05],
          [9.5260e-06],
          [1.1569e-05],
          [1.0637e-05],
          [3.7421e-04],
          [2.0156e-05],
          [7.2878e-05],
          [4.4266e-05],
          [1.1677e-05],
          [1.1958e-05],
          [1.0561e-05],
          [9.6074e-06],
          [9.0282e-06],
          [9.8723e-06],
          [8.9126e-04],
          [3.0776e-05],
          [2.0976e-04],
          [1.2831e-05],
          [1.2080e-05],
          [1.3292e-05],
          [1.3390e-05],
          [1.3202e-05],
          [1.3061e-05],
          [1.2893e-05],
          [1.7253e-05],
          [1.5318e-05],
          [1.8263e-05],
          [2.1716e-05],
          [2.1834e-05],
          [1.4479e-03],
          [2.3810e-04],
          [1.8821e-05],
          [1.5971e-05],
          [1.4370e-05],
          [1.1095e-05],
          [1.0829e-05],
          [1.5458e-05],
          [1.5824e-05],
          [1.5180e-05],
          [1.5697e-05],
          [1.2336e-05],
          [1.2454e-05],
          [1.0741e-05],
          [1.1420e-05],
          [1.1084e-05],
          [1.3538e-05],
          [1.5943e-05],
          [1.4474e-05],
          [1.3973e-05],
          [1.6290e-05],
          [1.4573e-05],
          [1.2995e-05],
          [1.4744e-05],
          [1.6487e-05],
          [1.5374e-05],
          [1.5027e-05],
          [1.9840e-05],
          [1.8361e-05],
          [1.8362e-05],
          [1.8414e-05],
          [2.0231e-05],
          [2.5005e-05],
          [2.3017e-05],
          [2.0800e-05],
          [1.7566e-05],
          [2.7507e-05],
          [1.8184e-05],
          [1.6725e-05],
          [1.1203e-05],
          [1.2313e-05],
          [1.6535e-05],
          [1.3339e-05],
          [1.4276e-05],
          [2.0762e-04],
          [3.4846e-05],
          [8.0555e-04],
          [1.9149e-05],
          [1.7323e-05],
          [1.5951e-05],
          [1.5146e-05],
          [1.6383e-05],
          [1.3955e-05],
          [1.5720e-05],
          [1.2978e-05],
          [1.2647e-05],
          [1.2494e-05],
          [1.5703e-05],
          [1.5571e-05],
          [1.8996e-05],
          [1.7031e-05],
          [6.0547e-04],
          [9.0384e-05],
          [3.4279e-04],
          [1.4967e-05],
          [1.1887e-05],
          [9.2769e-06],
          [1.2202e-05],
          [5.1636e-04],
          [1.3001e-04],
          [1.1861e-05],
          [1.0566e-05],
          [1.2246e-05],
          [1.7848e-05],
          [2.0935e-05],
          [2.8998e-05],
          [3.1820e-05],
          [2.8918e-05],
          [2.6769e-05],
          [2.1942e-05],
          [1.8941e-05],
          [1.2477e-05],
          [9.8506e-06],
          [1.0271e-05],
          [1.0084e-05],
          [1.1914e-05],
          [1.0693e-05],
          [4.9572e-05],
          [2.5617e-05],
          [3.1949e-05],
          [1.1672e-04],
          [2.3344e-05],
          [3.4892e-05],
          [2.1155e-05],
          [1.8788e-05],
          [1.5114e-05],
          [6.9305e-04],
          [1.8140e-04],
          [1.6502e-05],
          [1.5833e-05],
          [1.5233e-05],
          [1.4027e-05],
          [1.7183e-05],
          [1.7196e-05],
          [2.2600e-05],
          [8.1636e-05],
          [6.8584e-05],
          [3.5847e-04],
          [1.9159e-04],
          [3.2756e-05],
          [1.4112e-05],
          [1.5044e-05],
          [2.3721e-05],
          [1.3349e-05],
          [4.7686e-04],
          [9.9007e-05],
          [1.5611e-05],
          [8.1608e-05],
          [1.2641e-04],
          [2.3790e-05],
          [1.9376e-04],
          [2.7622e-05],
          [2.5629e-04],
          [2.2264e-05],
          [1.3701e-05],
          [1.1085e-05],
          [1.0452e-05],
          [1.0609e-05],
          [2.9012e-05],
          [5.4914e-06]]]])
