# Using CPU
# Loading Embeddings...
# Making Predictions...
torch.Size([1, 1, 442, 268])
tensor([[[[1.6988e-04],
          [3.7293e-05],
          [1.1427e-04],
          [3.2743e-05],
          [9.3055e-06],
          [3.0716e-04],
          [9.6714e-04],
          [1.3350e-05],
          [2.6989e-04],
          [1.0280e-03],
          [1.9117e-05],
          [1.4964e-05],
          [4.1768e-04],
          [2.1826e-04],
          [1.6718e-05],
          [1.2023e-05],
          [1.2167e-05],
          [1.1769e-05],
          [1.3353e-05],
          [2.9060e-05],
          [7.6343e-04],
          [2.6515e-05],
          [5.8685e-04],
          [2.3584e-05],
          [1.8151e-05],
          [2.5718e-05],
          [3.3060e-05],
          [5.7448e-05],
          [6.4315e-05],
          [8.5761e-05],
          [7.1034e-05],
          [7.8754e-05],
          [6.4014e-05],
          [6.8971e-05],
          [5.2098e-05],
          [5.4093e-05],
          [1.2785e-03],
          [4.3114e-05],
          [2.5935e-04],
          [1.6835e-04],
          [5.0460e-04],
          [2.4550e-05],
          [2.2913e-05],
          [2.3729e-05],
          [1.7433e-05],
          [1.5645e-05],
          [1.3111e-05],
          [1.7047e-05],
          [1.9817e-05],
          [2.5795e-04],
          [3.9414e-04],
          [1.3933e-05],
          [1.4236e-05],
          [4.3477e-04],
          [5.1688e-04],
          [1.8530e-05],
          [1.3988e-05],
          [1.2186e-05],
          [1.5106e-05],
          [1.7202e-05],
          [1.7240e-05],
          [1.6995e-05],
          [3.5507e-04],
          [2.7920e-04],
          [1.5704e-05],
          [1.5015e-05],
          [1.4462e-05],
          [1.4209e-05],
          [1.4558e-05],
          [1.3968e-05],
          [1.4368e-05],
          [3.3819e-04],
          [3.2228e-05],
          [2.3767e-05],
          [1.8307e-05],
          [2.5820e-05],
          [2.2838e-03],
          [1.7108e-05],
          [1.3659e-05],
          [1.4452e-05],
          [2.7182e-04],
          [1.7074e-04],
          [1.4497e-05],
          [1.3680e-05],
          [1.5332e-05],
          [1.8230e-05],
          [1.8136e-05],
          [1.8610e-05],
          [1.7241e-05],
          [1.5399e-05],
          [4.5686e-04],
          [6.2467e-05],
          [2.8325e-04],
          [1.2950e-05],
          [1.7331e-05],
          [2.3980e-05],
          [2.7143e-05],
          [3.1439e-05],
          [2.3544e-05],
          [2.3784e-05],
          [2.4874e-05],
          [2.2991e-05],
          [1.5702e-05],
          [1.2035e-05],
          [1.3377e-05],
          [1.5842e-05],
          [1.7532e-05],
          [1.8819e-05],
          [2.0144e-05],
          [2.0719e-05],
          [1.6749e-05],
          [1.2600e-04],
          [1.3982e-04],
          [2.6205e-05],
          [2.3141e-04],
          [1.4272e-05],
          [1.0764e-05],
          [9.8704e-06],
          [1.2024e-05],
          [1.2311e-05],
          [1.2205e-05],
          [1.0989e-05],
          [1.5283e-05],
          [1.1502e-05],
          [1.2329e-05],
          [1.2445e-05],
          [1.3136e-05],
          [1.2403e-05],
          [1.3848e-05],
          [2.6260e-05],
          [1.0677e-04],
          [2.7111e-03],
          [4.1244e-04],
          [1.1178e-04],
          [4.2186e-05],
          [2.6554e-05],
          [1.5906e-05],
          [1.4962e-05],
          [1.3209e-05],
          [1.3398e-05],
          [1.0684e-05],
          [1.0777e-05],
          [9.2738e-06],
          [1.0657e-05],
          [1.3595e-05],
          [1.5743e-05],
          [1.7666e-05],
          [2.2794e-05],
          [2.8460e-05],
          [3.8941e-05],
          [4.0341e-05],
          [4.2687e-05],
          [4.3179e-05],
          [5.0169e-05],
          [4.6548e-05],
          [3.9797e-05],
          [4.3303e-04],
          [4.6931e-04],
          [2.1661e-04],
          [1.2305e-03],
          [2.1492e-05],
          [1.6387e-05],
          [4.1372e-05],
          [4.9158e-05],
          [1.8969e-05],
          [1.9650e-05],
          [1.7812e-05],
          [1.7773e-05],
          [1.8686e-05],
          [1.7177e-05],
          [1.4094e-05],
          [4.1431e-04],
          [6.8796e-04],
          [1.9048e-05],
          [1.7639e-05],
          [3.3285e-05],
          [2.9189e-05],
          [1.8842e-05],
          [4.1155e-04],
          [5.2278e-05],
          [3.4758e-04],
          [1.5999e-05],
          [2.3018e-05],
          [2.9772e-04],
          [1.5023e-05],
          [2.5945e-04],
          [1.9322e-05],
          [2.3384e-05],
          [1.7011e-05],
          [3.9230e-04],
          [2.2884e-05],
          [2.0986e-03],
          [2.6437e-05],
          [2.3815e-05],
          [2.0367e-05],
          [1.9804e-05],
          [1.7257e-05],
          [1.5290e-05],
          [3.0199e-04],
          [2.4964e-04],
          [1.6448e-05],
          [1.3253e-05],
          [1.3416e-05],
          [1.3016e-05],
          [1.4637e-05],
          [1.8113e-05],
          [1.8268e-05],
          [3.7025e-04],
          [7.2989e-04],
          [1.4133e-05],
          [1.2549e-05],
          [1.1536e-05],
          [1.1163e-05],
          [4.7079e-04],
          [3.5327e-05],
          [2.6335e-05],
          [1.2827e-03],
          [1.8450e-05],
          [1.6212e-05],
          [1.1124e-05],
          [1.7448e-05],
          [1.3583e-05],
          [1.4157e-05],
          [1.2649e-05],
          [1.3896e-05],
          [1.5942e-05],
          [1.6382e-05],
          [1.6173e-05],
          [1.2068e-05],
          [1.0700e-05],
          [1.0935e-05],
          [1.0758e-05],
          [1.0069e-05],
          [1.0494e-05],
          [2.8951e-04],
          [3.4365e-04],
          [1.6651e-05],
          [1.4048e-05],
          [1.3075e-05],
          [1.7285e-05],
          [1.6661e-05],
          [2.0573e-05],
          [1.8569e-05],
          [2.4492e-05],
          [2.1420e-05],
          [1.5492e-05],
          [1.7632e-04],
          [1.2257e-04],
          [1.6735e-05],
          [1.9012e-04],
          [1.1370e-05],
          [2.2635e-04],
          [2.4074e-04],
          [1.9566e-05],
          [2.3339e-05],
          [2.2115e-05],
          [2.2137e-05],
          [2.6753e-05],
          [2.6674e-05],
          [3.0125e-05],
          [2.4896e-05],
          [3.2416e-05],
          [3.5280e-05],
          [4.6152e-05],
          [5.2590e-05],
          [5.0758e-05],
          [4.7861e-05],
          [2.3687e-04],
          [2.7966e-05],
          [2.1893e-05],
          [3.4001e-04],
          [2.1627e-04],
          [3.0730e-05],
          [3.9979e-04],
          [1.8346e-04],
          [4.6138e-05],
          [2.5302e-04],
          [1.5300e-05],
          [1.0188e-05],
          [9.6902e-06],
          [9.9405e-06],
          [1.0370e-05],
          [9.9542e-06],
          [3.4697e-05],
          [1.2830e-05],
          [1.8133e-05],
          [1.4603e-05],
          [5.8338e-04],
          [2.3220e-05],
          [6.9284e-05],
          [1.1661e-04],
          [1.1711e-05],
          [9.7607e-06],
          [9.7973e-06],
          [1.0214e-05],
          [9.6757e-06],
          [9.9765e-06],
          [4.4294e-04],
          [2.1903e-05],
          [1.4298e-03],
          [1.4385e-05],
          [1.2005e-05],
          [1.2223e-05],
          [1.2569e-05],
          [1.3510e-05],
          [1.4207e-05],
          [1.4850e-05],
          [1.9313e-05],
          [1.7359e-05],
          [2.1814e-05],
          [2.2935e-05],
          [2.6805e-05],
          [5.8775e-04],
          [5.9282e-04],
          [2.1196e-05],
          [1.8566e-05],
          [1.6462e-05],
          [1.2950e-05],
          [1.4213e-05],
          [1.9182e-05],
          [2.2922e-05],
          [1.8675e-05],
          [2.9746e-05],
          [1.6726e-05],
          [1.7823e-05],
          [1.5517e-05],
          [1.3615e-05],
          [1.4123e-05],
          [1.4220e-05],
          [1.4531e-05],
          [1.5638e-05],
          [1.4747e-05],
          [1.5350e-05],
          [1.3822e-05],
          [1.3831e-05],
          [1.8902e-05],
          [2.1038e-05],
          [2.6989e-05],
          [2.0904e-05],
          [3.2658e-05],
          [3.2175e-05],
          [3.3264e-05],
          [1.9774e-05],
          [2.1670e-05],
          [2.0113e-05],
          [2.2529e-05],
          [1.7151e-05],
          [1.6859e-05],
          [1.6740e-05],
          [1.9596e-05],
          [1.8054e-05],
          [1.8204e-05],
          [1.8596e-05],
          [1.7359e-05],
          [1.5933e-05],
          [1.6398e-05],
          [1.9204e-04],
          [3.7371e-05],
          [2.7604e-03],
          [1.9769e-05],
          [2.0087e-05],
          [1.8113e-05],
          [1.7942e-05],
          [1.5834e-05],
          [1.2686e-05],
          [1.2185e-05],
          [1.1681e-05],
          [1.1684e-05],
          [1.1074e-05],
          [1.3902e-05],
          [1.3111e-05],
          [1.4937e-05],
          [1.4222e-05],
          [2.6814e-04],
          [7.6541e-05],
          [1.4392e-03],
          [1.3950e-05],
          [1.0521e-05],
          [9.8577e-06],
          [1.1477e-05],
          [5.6683e-04],
          [8.2818e-04],
          [1.2256e-05],
          [1.1646e-05],
          [1.2642e-05],
          [1.7017e-05],
          [1.9808e-05],
          [2.6590e-05],
          [3.6250e-05],
          [3.2683e-05],
          [2.7340e-05],
          [2.3377e-05],
          [2.3913e-05],
          [1.9534e-05],
          [1.5259e-05],
          [1.3275e-05],
          [1.4052e-05],
          [1.2968e-05],
          [1.2139e-05],
          [2.4646e-05],
          [3.6755e-05],
          [4.6447e-05],
          [3.8160e-05],
          [2.8232e-05],
          [2.2673e-05],
          [2.0793e-05],
          [2.0397e-05],
          [1.6313e-05],
          [2.7455e-04],
          [3.0057e-04],
          [2.1855e-05],
          [1.8722e-05],
          [1.7176e-05],
          [1.6415e-05],
          [1.7661e-05],
          [1.8166e-05],
          [1.7430e-05],
          [7.7674e-05],
          [1.1486e-04],
          [3.6036e-04],
          [6.4021e-04],
          [1.6900e-05],
          [1.5018e-05],
          [1.5665e-05],
          [1.3893e-05],
          [1.3981e-05],
          [3.2326e-04],
          [1.3373e-04],
          [1.3573e-05],
          [6.3798e-05],
          [1.8261e-04],
          [1.6274e-05],
          [3.1662e-04],
          [2.5454e-05],
          [4.1217e-04],
          [2.2186e-05],
          [1.4673e-05],
          [1.2714e-05],
          [1.2151e-05],
          [1.2388e-05],
          [2.6350e-05],
          [5.5424e-06]]]])
