# Using CPU
# Loading Embeddings...
# Making Predictions...
torch.Size([1, 1, 442, 276])
tensor([[[[1.2306e-04],
          [2.0197e-05],
          [1.1416e-04],
          [6.5164e-05],
          [1.0044e-05],
          [1.8007e-04],
          [3.6228e-04],
          [2.8746e-05],
          [1.4025e-04],
          [4.1000e-04],
          [1.8253e-05],
          [1.6531e-05],
          [4.6350e-04],
          [2.0845e-04],
          [5.2375e-05],
          [1.1139e-05],
          [1.6995e-05],
          [1.2183e-05],
          [1.6045e-05],
          [2.5048e-05],
          [3.4360e-04],
          [2.1422e-05],
          [2.4418e-04],
          [1.6733e-05],
          [1.8101e-05],
          [2.5689e-05],
          [3.8159e-05],
          [6.5873e-05],
          [8.2907e-05],
          [1.1171e-04],
          [1.1536e-04],
          [1.4383e-04],
          [1.3663e-04],
          [1.4785e-04],
          [1.0917e-04],
          [9.3579e-05],
          [2.7730e-03],
          [1.5131e-04],
          [4.2537e-04],
          [2.4101e-04],
          [2.8248e-04],
          [2.8219e-05],
          [2.3665e-05],
          [2.3828e-05],
          [1.6513e-05],
          [1.6747e-05],
          [1.4074e-05],
          [1.5767e-05],
          [2.5368e-05],
          [1.9235e-04],
          [2.0805e-04],
          [1.5599e-05],
          [1.2378e-05],
          [2.7127e-04],
          [1.9729e-04],
          [1.6224e-05],
          [1.2462e-05],
          [1.4274e-05],
          [1.6234e-05],
          [1.9818e-05],
          [1.8924e-05],
          [1.8160e-05],
          [3.7904e-04],
          [2.2534e-04],
          [1.7785e-05],
          [1.4601e-05],
          [1.7091e-05],
          [1.5299e-05],
          [1.9737e-05],
          [1.6724e-05],
          [1.2575e-05],
          [2.5403e-04],
          [2.2768e-05],
          [1.5123e-05],
          [1.6881e-05],
          [1.8652e-05],
          [5.0585e-04],
          [1.5336e-05],
          [1.2678e-05],
          [1.1544e-05],
          [2.3645e-04],
          [1.7218e-04],
          [1.2666e-05],
          [1.3117e-05],
          [1.5507e-05],
          [1.8141e-05],
          [1.8239e-05],
          [1.9096e-05],
          [1.6093e-05],
          [1.5209e-05],
          [2.3360e-04],
          [3.9594e-05],
          [2.3178e-04],
          [1.2706e-05],
          [1.4047e-05],
          [1.7672e-05],
          [1.8962e-05],
          [2.3492e-05],
          [1.8609e-05],
          [2.2892e-05],
          [2.0440e-05],
          [1.7039e-05],
          [1.3514e-05],
          [1.2372e-05],
          [1.1695e-05],
          [1.5380e-05],
          [1.6371e-05],
          [2.0714e-05],
          [1.9855e-05],
          [2.1141e-05],
          [1.7820e-05],
          [8.6381e-05],
          [9.4782e-05],
          [2.7276e-05],
          [2.1087e-04],
          [1.7594e-05],
          [1.1937e-05],
          [1.0570e-05],
          [1.3096e-05],
          [1.3676e-05],
          [1.3353e-05],
          [1.0593e-05],
          [1.9736e-05],
          [1.2474e-05],
          [1.3555e-05],
          [1.1522e-05],
          [1.2715e-05],
          [1.3751e-05],
          [1.5986e-05],
          [1.7426e-05],
          [1.6754e-05],
          [3.4748e-04],
          [3.6372e-04],
          [2.1339e-05],
          [2.0675e-05],
          [1.9144e-05],
          [1.8206e-05],
          [1.6953e-05],
          [1.4159e-05],
          [1.4847e-05],
          [1.1939e-05],
          [1.1788e-05],
          [1.0952e-05],
          [1.1920e-05],
          [1.2747e-05],
          [1.4470e-05],
          [1.6800e-05],
          [2.4675e-05],
          [3.2691e-05],
          [5.5256e-05],
          [6.0956e-05],
          [6.8037e-05],
          [6.7591e-05],
          [8.5147e-05],
          [8.1221e-05],
          [6.1094e-05],
          [3.1422e-04],
          [2.1359e-04],
          [1.3005e-04],
          [4.4542e-04],
          [2.0464e-05],
          [1.3777e-05],
          [1.5923e-05],
          [1.6000e-05],
          [2.1832e-05],
          [2.0273e-05],
          [2.2458e-05],
          [2.1813e-05],
          [2.5175e-05],
          [2.5104e-05],
          [1.9433e-05],
          [2.2474e-04],
          [2.6371e-04],
          [2.3238e-05],
          [2.5494e-05],
          [2.7236e-05],
          [2.8792e-05],
          [2.5397e-05],
          [2.8876e-04],
          [4.1629e-05],
          [3.1533e-04],
          [1.3995e-05],
          [2.1100e-05],
          [1.8495e-04],
          [1.3780e-05],
          [2.7088e-04],
          [1.6240e-05],
          [1.8648e-05],
          [1.4685e-05],
          [2.8965e-04],
          [2.8608e-05],
          [4.9865e-04],
          [1.5799e-05],
          [1.8480e-05],
          [1.7880e-05],
          [1.8111e-05],
          [2.1504e-05],
          [1.7407e-05],
          [2.9449e-04],
          [2.1045e-04],
          [1.8304e-05],
          [1.7308e-05],
          [1.6999e-05],
          [1.5023e-05],
          [1.6894e-05],
          [1.9340e-05],
          [2.0010e-05],
          [1.7380e-04],
          [2.7188e-04],
          [1.8249e-05],
          [1.8256e-05],
          [2.0684e-05],
          [1.6306e-05],
          [2.2158e-04],
          [3.5639e-05],
          [2.7562e-05],
          [5.0956e-04],
          [1.7379e-05],
          [1.8958e-05],
          [1.4436e-05],
          [1.7951e-05],
          [1.2453e-05],
          [1.2778e-05],
          [1.0488e-05],
          [1.3057e-05],
          [3.8106e-05],
          [1.6287e-05],
          [1.3775e-05],
          [1.2601e-05],
          [1.2699e-05],
          [1.2809e-05],
          [1.5338e-05],
          [1.4105e-05],
          [1.7934e-05],
          [3.1793e-04],
          [1.7431e-04],
          [1.6176e-05],
          [1.5953e-05],
          [1.3267e-05],
          [2.0307e-05],
          [1.7746e-05],
          [1.7508e-05],
          [1.4968e-05],
          [2.8220e-05],
          [2.2676e-05],
          [1.2033e-05],
          [1.4932e-04],
          [7.8135e-05],
          [2.0362e-05],
          [2.2557e-04],
          [1.1073e-05],
          [1.7238e-04],
          [1.4743e-04],
          [2.3402e-05],
          [2.6994e-05],
          [2.7947e-05],
          [2.3226e-05],
          [2.6764e-05],
          [2.8322e-05],
          [3.4024e-05],
          [3.4341e-05],
          [4.6906e-05],
          [5.5999e-05],
          [8.8472e-05],
          [7.9305e-05],
          [8.1879e-05],
          [7.2556e-05],
          [4.0008e-04],
          [3.9696e-05],
          [3.3309e-05],
          [2.1752e-04],
          [1.6997e-04],
          [2.4858e-05],
          [1.1768e-04],
          [1.9418e-04],
          [5.1503e-05],
          [2.6497e-04],
          [1.8051e-05],
          [1.2592e-05],
          [9.4241e-06],
          [7.8112e-06],
          [9.0873e-06],
          [9.1482e-06],
          [2.7296e-05],
          [1.0086e-05],
          [1.1580e-05],
          [1.1019e-05],
          [2.0474e-04],
          [2.0669e-05],
          [6.5175e-05],
          [1.0977e-04],
          [1.3377e-05],
          [1.1212e-05],
          [1.0192e-05],
          [9.2740e-06],
          [9.0352e-06],
          [1.4807e-05],
          [2.9124e-04],
          [1.9945e-05],
          [4.5573e-04],
          [1.2536e-05],
          [1.1250e-05],
          [1.1427e-05],
          [1.2196e-05],
          [1.0823e-05],
          [1.0665e-05],
          [1.1663e-05],
          [1.5809e-05],
          [1.5045e-05],
          [1.7527e-05],
          [1.9761e-05],
          [2.2599e-05],
          [3.8202e-04],
          [2.6573e-04],
          [2.3002e-05],
          [1.7718e-05],
          [3.3968e-05],
          [1.0402e-05],
          [1.1821e-05],
          [1.5127e-05],
          [1.5927e-05],
          [1.8669e-05],
          [1.4924e-05],
          [1.5147e-05],
          [1.4873e-05],
          [1.3201e-05],
          [1.4320e-05],
          [1.2423e-05],
          [1.5221e-05],
          [1.5680e-05],
          [1.5157e-05],
          [1.4603e-05],
          [1.8579e-05],
          [1.6712e-05],
          [1.5439e-05],
          [1.5811e-05],
          [1.8661e-05],
          [1.5238e-05],
          [1.4588e-05],
          [1.6298e-05],
          [1.9049e-05],
          [2.6396e-05],
          [1.9707e-05],
          [2.4289e-05],
          [2.8491e-05],
          [3.1028e-05],
          [1.6892e-05],
          [2.7064e-05],
          [3.0739e-05],
          [1.8858e-05],
          [1.9254e-05],
          [1.3141e-05],
          [1.4679e-05],
          [1.3509e-05],
          [1.3055e-05],
          [1.4658e-05],
          [1.6059e-04],
          [2.7505e-05],
          [4.6805e-04],
          [1.5243e-05],
          [1.7200e-05],
          [1.6476e-05],
          [1.7085e-05],
          [1.9322e-05],
          [2.0797e-05],
          [2.2306e-05],
          [2.1692e-05],
          [1.7360e-05],
          [1.7304e-05],
          [1.7656e-05],
          [1.5114e-05],
          [2.1572e-05],
          [1.6214e-05],
          [2.0146e-04],
          [9.0387e-05],
          [5.0137e-04],
          [1.2698e-05],
          [1.2114e-05],
          [9.3645e-06],
          [1.2130e-05],
          [2.8789e-04],
          [3.2137e-04],
          [1.0289e-05],
          [1.2241e-05],
          [1.3123e-05],
          [1.8725e-05],
          [2.4479e-05],
          [2.9889e-05],
          [3.1433e-05],
          [2.6814e-05],
          [2.4364e-05],
          [2.2709e-05],
          [2.0608e-05],
          [1.8305e-05],
          [1.3277e-05],
          [1.2226e-05],
          [1.3186e-05],
          [1.4386e-05],
          [1.4608e-05],
          [7.8635e-05],
          [3.1086e-05],
          [3.8457e-05],
          [1.0458e-04],
          [2.6612e-05],
          [3.7630e-05],
          [2.5887e-05],
          [2.4527e-05],
          [1.9235e-05],
          [2.9689e-04],
          [1.7028e-04],
          [2.3610e-05],
          [1.9080e-05],
          [1.7464e-05],
          [1.4626e-05],
          [2.3319e-05],
          [2.1469e-05],
          [2.8080e-05],
          [5.8576e-05],
          [7.9124e-05],
          [1.2019e-04],
          [3.0432e-04],
          [2.1820e-05],
          [1.9065e-05],
          [1.4918e-05],
          [2.1187e-05],
          [1.3076e-05],
          [2.4076e-04],
          [7.2732e-05],
          [2.1771e-05],
          [8.6087e-05],
          [1.7917e-04],
          [1.9493e-05],
          [3.1934e-04],
          [2.4747e-05],
          [3.9580e-04],
          [2.4266e-05],
          [1.5165e-05],
          [1.1923e-05],
          [1.1940e-05],
          [1.9239e-05],
          [2.0280e-05],
          [6.0039e-06]]]])
