# Using CPU
# Loading Embeddings...
# Making Predictions...
torch.Size([1, 1, 442, 259])
tensor([[[[2.0908e-04],
          [3.9513e-05],
          [1.0291e-04],
          [2.8002e-05],
          [8.3071e-06],
          [6.7570e-04],
          [2.4243e-04],
          [1.2542e-05],
          [4.9636e-04],
          [3.3495e-04],
          [1.6061e-05],
          [1.4673e-05],
          [7.7316e-04],
          [2.5652e-04],
          [1.7658e-05],
          [1.1424e-05],
          [1.1872e-05],
          [1.3439e-05],
          [1.8261e-05],
          [2.0777e-05],
          [1.4346e-03],
          [2.6500e-05],
          [2.6181e-04],
          [1.5293e-05],
          [1.7748e-05],
          [2.4640e-05],
          [3.5794e-05],
          [6.1603e-05],
          [7.4309e-05],
          [9.7415e-05],
          [1.0143e-04],
          [1.1922e-04],
          [1.0075e-04],
          [1.0053e-04],
          [7.2932e-05],
          [6.1040e-05],
          [1.9515e-03],
          [5.2345e-05],
          [1.8248e-04],
          [1.9238e-04],
          [2.0931e-04],
          [2.1647e-05],
          [2.0789e-05],
          [2.1096e-05],
          [1.6041e-05],
          [1.5522e-05],
          [1.2716e-05],
          [1.2166e-05],
          [1.2702e-05],
          [3.1534e-04],
          [1.8513e-04],
          [1.1564e-05],
          [1.8765e-05],
          [9.6525e-04],
          [2.2499e-04],
          [1.3064e-05],
          [1.3954e-05],
          [1.3424e-05],
          [1.5718e-05],
          [1.7125e-05],
          [1.7646e-05],
          [1.8473e-05],
          [6.5574e-04],
          [2.2415e-04],
          [1.5375e-05],
          [1.5410e-05],
          [1.5329e-05],
          [1.5527e-05],
          [1.5954e-05],
          [1.3581e-05],
          [1.4461e-05],
          [3.9251e-04],
          [3.4485e-05],
          [2.2292e-05],
          [1.4990e-05],
          [2.0636e-05],
          [3.9678e-04],
          [1.2568e-05],
          [1.2331e-05],
          [1.1053e-05],
          [5.3615e-04],
          [2.2691e-04],
          [1.1229e-05],
          [1.2454e-05],
          [1.4179e-05],
          [1.6789e-05],
          [1.6734e-05],
          [1.8386e-05],
          [1.5169e-05],
          [1.3940e-05],
          [7.4934e-04],
          [9.2217e-05],
          [3.0494e-04],
          [1.6522e-05],
          [2.1731e-05],
          [2.6749e-05],
          [2.5899e-05],
          [4.4498e-05],
          [3.7043e-05],
          [4.6289e-05],
          [3.9445e-05],
          [2.9945e-05],
          [1.7604e-05],
          [1.2915e-05],
          [1.2870e-05],
          [1.7907e-05],
          [2.0729e-05],
          [2.4038e-05],
          [2.5170e-05],
          [2.5889e-05],
          [2.0122e-05],
          [2.9195e-04],
          [2.7654e-04],
          [2.7101e-05],
          [2.8898e-04],
          [1.6919e-05],
          [1.4163e-05],
          [1.2852e-05],
          [1.4007e-05],
          [1.4153e-05],
          [1.5071e-05],
          [1.1533e-05],
          [1.3591e-05],
          [1.0964e-05],
          [1.2530e-05],
          [1.2392e-05],
          [1.3792e-05],
          [1.3503e-05],
          [1.6436e-05],
          [1.6820e-05],
          [1.6952e-05],
          [9.1229e-04],
          [3.7179e-04],
          [2.1297e-05],
          [2.5961e-05],
          [2.4505e-05],
          [2.3128e-05],
          [2.4111e-05],
          [1.8549e-05],
          [1.8775e-05],
          [1.6241e-05],
          [1.5306e-05],
          [1.0393e-05],
          [1.1437e-05],
          [1.4390e-05],
          [1.8110e-05],
          [1.9800e-05],
          [2.6818e-05],
          [3.5694e-05],
          [5.1572e-05],
          [5.5575e-05],
          [5.8731e-05],
          [5.7983e-05],
          [7.8298e-05],
          [5.8006e-05],
          [5.3484e-05],
          [7.5503e-04],
          [1.9593e-04],
          [3.3467e-04],
          [3.3141e-04],
          [1.5590e-05],
          [1.4520e-05],
          [1.4917e-05],
          [1.7232e-05],
          [1.6671e-05],
          [2.2699e-05],
          [1.8195e-05],
          [1.9234e-05],
          [1.8876e-05],
          [1.9345e-05],
          [1.7952e-05],
          [7.1968e-04],
          [2.0978e-04],
          [2.2419e-05],
          [2.8452e-05],
          [3.5420e-05],
          [3.0457e-05],
          [2.9949e-05],
          [4.3193e-04],
          [5.2812e-05],
          [3.4629e-04],
          [1.4356e-05],
          [1.5765e-05],
          [3.9005e-04],
          [1.8318e-05],
          [2.7366e-04],
          [2.3969e-05],
          [2.8351e-05],
          [2.1033e-05],
          [1.1175e-03],
          [2.7753e-05],
          [8.0730e-04],
          [1.6644e-05],
          [2.1165e-05],
          [2.2285e-05],
          [2.1802e-05],
          [2.3868e-05],
          [2.3097e-05],
          [3.5406e-04],
          [1.5630e-04],
          [1.6551e-05],
          [1.4514e-05],
          [1.4980e-05],
          [1.3796e-05],
          [1.9634e-05],
          [2.3245e-05],
          [2.3602e-05],
          [6.5813e-04],
          [2.3095e-04],
          [1.9027e-05],
          [1.6261e-05],
          [1.3958e-05],
          [1.2359e-05],
          [5.1704e-04],
          [3.6353e-05],
          [1.9140e-05],
          [2.8839e-04],
          [1.5094e-05],
          [1.3861e-05],
          [1.3689e-05],
          [1.3808e-05],
          [1.6610e-05],
          [1.9832e-05],
          [1.6290e-05],
          [1.5324e-05],
          [1.6115e-05],
          [1.5132e-05],
          [1.5696e-05],
          [1.1725e-05],
          [1.1661e-05],
          [1.0493e-05],
          [1.2327e-05],
          [1.1998e-05],
          [1.0894e-05],
          [7.2997e-04],
          [1.2102e-04],
          [1.4175e-05],
          [1.3943e-05],
          [1.7427e-05],
          [2.4257e-05],
          [2.2260e-05],
          [2.3041e-05],
          [2.0566e-05],
          [2.3006e-05],
          [2.2432e-05],
          [1.3598e-05],
          [6.7857e-04],
          [4.0194e-04],
          [2.4170e-05],
          [4.3382e-04],
          [1.1394e-05],
          [3.5543e-04],
          [1.3937e-04],
          [1.6642e-05],
          [1.7205e-05],
          [2.0983e-05],
          [1.9055e-05],
          [2.6111e-05],
          [3.3578e-05],
          [4.2720e-05],
          [4.1799e-05],
          [5.9128e-05],
          [6.9966e-05],
          [8.4721e-05],
          [1.1444e-04],
          [7.6540e-05],
          [9.1609e-05],
          [5.7362e-04],
          [3.7515e-05],
          [3.9879e-05],
          [1.9864e-04],
          [3.5961e-04],
          [3.8048e-05],
          [1.7788e-04],
          [1.5237e-04],
          [4.4422e-05],
          [3.3139e-04],
          [1.6783e-05],
          [1.2242e-05],
          [1.1172e-05],
          [1.0570e-05],
          [9.8334e-06],
          [1.0703e-05],
          [2.3243e-05],
          [1.3705e-05],
          [1.8058e-05],
          [1.4603e-05],
          [1.2467e-03],
          [3.6159e-05],
          [1.3633e-04],
          [6.1558e-05],
          [1.2846e-05],
          [1.1199e-05],
          [1.0565e-05],
          [9.6777e-06],
          [1.0425e-05],
          [1.2095e-05],
          [7.0438e-04],
          [2.0276e-05],
          [3.2277e-04],
          [1.3868e-05],
          [1.3407e-05],
          [1.1466e-05],
          [1.2764e-05],
          [1.1442e-05],
          [1.1732e-05],
          [1.2271e-05],
          [1.4403e-05],
          [1.3436e-05],
          [1.7460e-05],
          [2.0991e-05],
          [2.6069e-05],
          [5.0308e-04],
          [1.8308e-04],
          [1.7381e-05],
          [1.5366e-05],
          [1.2627e-05],
          [1.0966e-05],
          [1.6750e-05],
          [2.5815e-05],
          [2.6587e-05],
          [2.3528e-05],
          [2.3029e-05],
          [2.3684e-05],
          [2.3058e-05],
          [1.7066e-05],
          [1.5516e-05],
          [1.5174e-05],
          [1.4896e-05],
          [1.5988e-05],
          [1.8725e-05],
          [2.0099e-05],
          [1.9664e-05],
          [1.8338e-05],
          [1.7959e-05],
          [2.0065e-05],
          [1.9835e-05],
          [2.1996e-05],
          [2.0847e-05],
          [2.7892e-05],
          [2.8452e-05],
          [3.2911e-05],
          [2.3113e-05],
          [2.2914e-05],
          [2.4528e-05],
          [2.3808e-05],
          [1.8635e-05],
          [1.5773e-05],
          [1.7212e-05],
          [1.7173e-05],
          [1.5593e-05],
          [1.7557e-05],
          [1.5242e-05],
          [1.4025e-05],
          [1.3513e-05],
          [1.4905e-05],
          [6.7013e-04],
          [3.8897e-05],
          [9.6299e-04],
          [1.5187e-05],
          [1.6432e-05],
          [1.5246e-05],
          [1.3958e-05],
          [1.7293e-05],
          [1.5281e-05],
          [1.5074e-05],
          [1.3708e-05],
          [1.3347e-05],
          [1.3663e-05],
          [1.5511e-05],
          [1.4424e-05],
          [1.2587e-05],
          [1.2601e-05],
          [9.1587e-04],
          [1.0144e-04],
          [3.7585e-04],
          [1.5687e-05],
          [1.1220e-05],
          [1.1660e-05],
          [1.2122e-05],
          [8.3106e-04],
          [3.1549e-04],
          [1.3327e-05],
          [1.1790e-05],
          [1.2030e-05],
          [1.7625e-05],
          [2.2016e-05],
          [2.9244e-05],
          [3.7068e-05],
          [3.4707e-05],
          [3.0179e-05],
          [2.8092e-05],
          [2.9579e-05],
          [2.2116e-05],
          [1.4762e-05],
          [1.5458e-05],
          [1.4738e-05],
          [1.3399e-05],
          [1.2429e-05],
          [1.9441e-05],
          [3.3606e-05],
          [3.6858e-05],
          [4.2040e-05],
          [2.7845e-05],
          [2.0449e-05],
          [1.8880e-05],
          [1.8755e-05],
          [1.6673e-05],
          [3.7517e-04],
          [1.8283e-04],
          [1.8214e-05],
          [1.7125e-05],
          [1.4480e-05],
          [1.2550e-05],
          [1.3267e-05],
          [1.3488e-05],
          [1.4923e-05],
          [2.2127e-04],
          [8.2568e-05],
          [5.3122e-04],
          [2.8901e-04],
          [2.1624e-05],
          [1.7373e-05],
          [1.3759e-05],
          [2.0335e-05],
          [1.3441e-05],
          [3.9733e-04],
          [1.3499e-04],
          [2.2509e-05],
          [9.1038e-05],
          [1.2023e-04],
          [1.9223e-05],
          [1.0242e-03],
          [3.2881e-05],
          [5.5521e-04],
          [1.8583e-05],
          [1.2880e-05],
          [1.1454e-05],
          [1.6821e-05],
          [1.1110e-05],
          [1.6286e-04],
          [7.9546e-06]]]])
