# Using CPU
# Loading Embeddings...
# Making Predictions...
torch.Size([1, 1, 442, 443])
tensor([[[[1.5914e-04],
          [7.0942e-05],
          [1.3623e-04],
          [1.6499e-04],
          [1.3983e-04],
          [3.5350e-04],
          [2.6101e-04],
          [7.0682e-05],
          [2.4487e-04],
          [2.0084e-04],
          [3.5736e-05],
          [2.4311e-05],
          [6.0165e-04],
          [3.7327e-04],
          [7.8446e-05],
          [1.0960e-04],
          [1.2735e-04],
          [2.1578e-04],
          [4.8657e-04],
          [5.6098e-04],
          [4.8253e-04],
          [3.7420e-04],
          [1.6908e-04],
          [6.8861e-05],
          [3.1960e-05],
          [4.3893e-05],
          [4.3377e-05],
          [5.1091e-05],
          [5.7159e-05],
          [5.5851e-05],
          [5.6418e-05],
          [6.7015e-05],
          [6.7765e-05],
          [8.9665e-05],
          [6.8600e-05],
          [6.5059e-05],
          [1.0855e-03],
          [7.7504e-05],
          [5.0594e-04],
          [1.3644e-04],
          [3.7019e-04],
          [2.5878e-05],
          [2.5597e-05],
          [2.3346e-05],
          [2.9255e-05],
          [2.9470e-05],
          [3.4490e-05],
          [4.0022e-05],
          [3.2765e-05],
          [4.5565e-04],
          [2.0247e-04],
          [2.8797e-05],
          [2.5377e-05],
          [3.4345e-04],
          [1.5738e-04],
          [3.0279e-05],
          [2.4620e-05],
          [2.4341e-05],
          [3.0813e-05],
          [3.5922e-05],
          [3.2371e-05],
          [3.0069e-05],
          [4.1606e-04],
          [4.5568e-04],
          [2.8951e-05],
          [3.5854e-05],
          [3.6550e-05],
          [4.1311e-05],
          [3.5824e-05],
          [3.7108e-05],
          [3.5432e-05],
          [4.7740e-04],
          [3.1397e-05],
          [2.9886e-05],
          [2.5683e-05],
          [3.2294e-05],
          [4.1383e-04],
          [3.5884e-05],
          [3.6781e-05],
          [3.0379e-05],
          [3.4108e-04],
          [2.0145e-04],
          [3.9032e-05],
          [2.5637e-05],
          [2.6318e-05],
          [2.9890e-05],
          [3.4111e-05],
          [3.5040e-05],
          [4.3454e-05],
          [6.5471e-05],
          [3.3274e-04],
          [8.6538e-05],
          [2.7294e-04],
          [1.7184e-04],
          [3.0296e-04],
          [3.6065e-04],
          [3.8036e-04],
          [5.9143e-04],
          [5.6360e-04],
          [8.5933e-04],
          [7.6370e-04],
          [5.5655e-04],
          [3.7893e-04],
          [1.5128e-04],
          [9.4495e-05],
          [4.3135e-05],
          [3.5900e-05],
          [3.4822e-05],
          [3.6017e-05],
          [3.2606e-05],
          [2.9517e-05],
          [1.0312e-04],
          [2.2077e-04],
          [2.9410e-05],
          [4.3645e-04],
          [3.5866e-05],
          [2.7966e-05],
          [2.2736e-05],
          [3.0313e-05],
          [4.1044e-05],
          [4.2605e-05],
          [4.3948e-05],
          [5.0979e-05],
          [4.4498e-05],
          [4.5715e-05],
          [5.8826e-05],
          [5.2264e-05],
          [4.2874e-05],
          [6.7380e-05],
          [8.9907e-05],
          [1.8149e-04],
          [1.3992e-03],
          [7.9433e-04],
          [3.0189e-04],
          [2.0078e-04],
          [1.3776e-04],
          [9.8649e-05],
          [6.2675e-05],
          [5.8277e-05],
          [6.0844e-05],
          [5.4826e-05],
          [5.5544e-05],
          [5.3335e-05],
          [5.9162e-05],
          [6.9247e-05],
          [7.1376e-05],
          [6.6449e-05],
          [5.7995e-05],
          [6.6046e-05],
          [9.8655e-05],
          [8.0781e-05],
          [7.9722e-05],
          [7.8072e-05],
          [1.0133e-04],
          [8.9845e-05],
          [1.2899e-04],
          [2.6896e-04],
          [1.6698e-04],
          [1.5245e-04],
          [2.9963e-04],
          [8.1558e-05],
          [7.4999e-05],
          [8.1307e-05],
          [8.2936e-05],
          [6.2861e-05],
          [7.1612e-05],
          [8.2050e-05],
          [7.1615e-05],
          [9.4639e-05],
          [8.2763e-05],
          [9.3151e-05],
          [4.9882e-04],
          [4.5781e-04],
          [5.6025e-05],
          [4.9842e-05],
          [4.5998e-05],
          [4.3026e-05],
          [4.3295e-05],
          [4.0780e-04],
          [7.0560e-05],
          [5.3352e-04],
          [4.0787e-05],
          [4.5286e-05],
          [5.0699e-04],
          [7.8628e-05],
          [3.7662e-04],
          [2.4864e-04],
          [2.9655e-04],
          [1.8387e-04],
          [4.0135e-04],
          [6.5857e-05],
          [1.3856e-04],
          [5.0161e-05],
          [3.9136e-05],
          [4.2849e-05],
          [3.0929e-05],
          [3.7669e-05],
          [3.5964e-05],
          [4.2398e-04],
          [3.2559e-04],
          [3.5587e-05],
          [4.2222e-05],
          [4.2070e-05],
          [5.5469e-05],
          [6.1906e-05],
          [6.3094e-05],
          [5.1535e-05],
          [3.7598e-04],
          [1.6522e-04],
          [4.9570e-05],
          [4.4551e-05],
          [3.7570e-05],
          [3.4008e-05],
          [5.2797e-04],
          [3.7625e-05],
          [3.0030e-05],
          [4.9572e-04],
          [4.0802e-05],
          [3.4502e-05],
          [2.9917e-05],
          [3.0773e-05],
          [3.8651e-05],
          [5.3295e-05],
          [6.9003e-05],
          [5.7055e-05],
          [4.4743e-05],
          [2.9974e-05],
          [4.2383e-05],
          [3.3272e-05],
          [4.0897e-05],
          [3.6548e-05],
          [4.4343e-05],
          [3.9899e-05],
          [3.6570e-05],
          [3.4945e-04],
          [1.7348e-04],
          [2.7482e-05],
          [2.0367e-05],
          [4.3300e-05],
          [4.3630e-05],
          [1.2691e-04],
          [1.3683e-04],
          [1.3227e-04],
          [1.7274e-04],
          [2.5293e-04],
          [1.1480e-04],
          [1.0147e-04],
          [1.3768e-04],
          [2.9428e-05],
          [3.0312e-04],
          [1.9706e-05],
          [3.5772e-04],
          [1.7952e-04],
          [2.9907e-05],
          [2.8799e-05],
          [2.7966e-05],
          [2.4849e-05],
          [2.7406e-05],
          [2.5698e-05],
          [3.3384e-05],
          [2.6110e-05],
          [3.6014e-05],
          [4.2422e-05],
          [8.1228e-05],
          [9.5950e-05],
          [6.5024e-05],
          [1.9825e-04],
          [5.4446e-04],
          [3.4112e-05],
          [2.4188e-05],
          [5.2711e-04],
          [1.9717e-04],
          [6.0025e-05],
          [3.7820e-04],
          [2.0382e-04],
          [4.5637e-05],
          [4.8870e-04],
          [2.0458e-05],
          [1.8294e-05],
          [2.0316e-05],
          [2.0377e-05],
          [2.5645e-05],
          [4.2529e-05],
          [7.0375e-05],
          [6.5766e-05],
          [9.2611e-05],
          [6.6241e-05],
          [5.4683e-04],
          [2.7401e-05],
          [1.0525e-04],
          [5.5011e-05],
          [1.6769e-05],
          [1.7321e-05],
          [2.1363e-05],
          [2.4103e-05],
          [4.6653e-05],
          [8.0958e-05],
          [4.0464e-04],
          [1.3233e-04],
          [2.2192e-04],
          [9.9110e-05],
          [1.0566e-04],
          [3.7719e-05],
          [5.4702e-05],
          [3.3618e-05],
          [2.9512e-05],
          [3.3091e-05],
          [3.6243e-05],
          [3.0908e-05],
          [3.5875e-05],
          [3.8206e-05],
          [3.7515e-05],
          [3.7025e-04],
          [2.5731e-04],
          [2.7871e-05],
          [2.7693e-05],
          [2.3602e-05],
          [2.5589e-05],
          [3.2298e-05],
          [6.8770e-05],
          [7.4074e-05],
          [7.9454e-05],
          [1.0790e-04],
          [8.1166e-05],
          [5.0085e-05],
          [2.7662e-05],
          [3.1153e-05],
          [2.4641e-05],
          [3.7950e-05],
          [2.7300e-05],
          [3.2031e-05],
          [3.0475e-05],
          [3.8791e-05],
          [3.3581e-05],
          [4.1233e-05],
          [4.6207e-05],
          [4.9784e-05],
          [5.3223e-05],
          [5.6045e-05],
          [7.9649e-05],
          [6.1079e-05],
          [5.1175e-05],
          [3.6610e-05],
          [3.3830e-05],
          [3.6238e-05],
          [3.9838e-05],
          [2.0191e-05],
          [4.3221e-05],
          [2.6908e-05],
          [2.5355e-05],
          [2.7420e-05],
          [2.3541e-05],
          [2.6498e-05],
          [2.3106e-05],
          [3.0773e-05],
          [2.8968e-05],
          [1.0682e-04],
          [2.9569e-05],
          [1.0210e-04],
          [3.2776e-05],
          [4.2459e-05],
          [3.9734e-05],
          [4.3442e-05],
          [4.3653e-05],
          [4.5236e-05],
          [4.1240e-05],
          [3.9847e-05],
          [3.4588e-05],
          [3.8169e-05],
          [3.6654e-05],
          [3.8210e-05],
          [4.2054e-05],
          [3.3424e-05],
          [1.1609e-04],
          [1.1215e-04],
          [3.5105e-04],
          [2.9041e-05],
          [2.6502e-05],
          [2.0577e-05],
          [3.9401e-05],
          [3.3324e-04],
          [1.4894e-04],
          [3.2874e-05],
          [2.8842e-05],
          [3.1898e-05],
          [3.7936e-05],
          [3.5855e-05],
          [5.9244e-05],
          [1.2380e-04],
          [9.8619e-05],
          [8.0663e-05],
          [5.7578e-05],
          [4.1767e-05],
          [3.2213e-05],
          [2.4025e-05],
          [3.2146e-05],
          [3.6108e-05],
          [4.8047e-05],
          [3.5721e-05],
          [1.3939e-04],
          [5.3251e-05],
          [7.9559e-05],
          [1.4593e-04],
          [7.4937e-05],
          [7.7692e-05],
          [4.7406e-05],
          [6.5950e-05],
          [3.8186e-05],
          [3.7800e-04],
          [2.6661e-04],
          [5.0414e-05],
          [4.2280e-05],
          [4.4446e-05],
          [3.0627e-05],
          [4.5870e-05],
          [4.1653e-05],
          [3.3483e-05],
          [4.6020e-05],
          [7.9662e-05],
          [2.9827e-04],
          [9.5616e-05],
          [4.1976e-05],
          [3.1475e-05],
          [4.7130e-05],
          [3.0547e-05],
          [1.8430e-05],
          [5.0442e-04],
          [2.2306e-04],
          [1.9536e-05],
          [6.3189e-05],
          [3.0076e-04],
          [2.0232e-05],
          [4.8758e-04],
          [2.1712e-05],
          [4.9365e-04],
          [1.9473e-05],
          [2.1610e-05],
          [2.0143e-05],
          [2.8864e-05],
          [3.1372e-05],
          [1.5865e-05],
          [8.3003e-06]]]])
