# Using CPU
# Loading Embeddings...
# Making Predictions...
torch.Size([1, 1, 442, 443])
tensor([[[[1.6152e-04],
          [5.0858e-05],
          [1.0881e-04],
          [1.0777e-04],
          [1.0841e-04],
          [2.1829e-04],
          [1.8719e-04],
          [6.0411e-05],
          [2.1457e-04],
          [1.4579e-04],
          [3.8744e-05],
          [2.6369e-05],
          [4.8431e-04],
          [1.8490e-04],
          [6.8065e-05],
          [8.1937e-05],
          [9.2587e-05],
          [1.4053e-04],
          [2.5959e-04],
          [2.7404e-04],
          [7.3305e-04],
          [2.3676e-04],
          [1.5802e-04],
          [5.2867e-05],
          [2.2215e-05],
          [2.6406e-05],
          [3.3054e-05],
          [4.0181e-05],
          [4.8506e-05],
          [6.4093e-05],
          [6.6161e-05],
          [7.2196e-05],
          [7.8290e-05],
          [7.7490e-05],
          [8.3168e-05],
          [6.5681e-05],
          [2.1090e-03],
          [6.7013e-05],
          [3.2716e-04],
          [1.7169e-04],
          [2.3296e-04],
          [2.4670e-05],
          [2.2595e-05],
          [2.3009e-05],
          [2.2280e-05],
          [2.0180e-05],
          [2.5269e-05],
          [2.1655e-05],
          [2.2570e-05],
          [2.2932e-04],
          [1.5242e-04],
          [2.1875e-05],
          [2.0599e-05],
          [1.6333e-04],
          [1.2194e-04],
          [2.1910e-05],
          [1.9315e-05],
          [2.3715e-05],
          [2.3363e-05],
          [2.1509e-05],
          [2.2624e-05],
          [2.0314e-05],
          [6.1796e-04],
          [3.2578e-04],
          [2.1276e-05],
          [2.3443e-05],
          [2.3125e-05],
          [2.6461e-05],
          [2.1841e-05],
          [2.6064e-05],
          [2.1557e-05],
          [3.1088e-04],
          [2.8793e-05],
          [2.9162e-05],
          [1.6111e-05],
          [2.6860e-05],
          [2.5932e-04],
          [2.7471e-05],
          [2.6537e-05],
          [2.7072e-05],
          [4.2719e-04],
          [1.4558e-04],
          [3.1327e-05],
          [2.5976e-05],
          [2.4041e-05],
          [2.3797e-05],
          [2.8314e-05],
          [2.4116e-05],
          [2.9318e-05],
          [4.5368e-05],
          [1.9660e-04],
          [6.1825e-05],
          [2.2012e-04],
          [1.5393e-04],
          [2.7658e-04],
          [2.9847e-04],
          [3.3122e-04],
          [3.6900e-04],
          [4.1135e-04],
          [4.9648e-04],
          [4.2234e-04],
          [3.0741e-04],
          [2.4108e-04],
          [1.1012e-04],
          [7.3433e-05],
          [3.1734e-05],
          [3.0064e-05],
          [2.9362e-05],
          [2.7386e-05],
          [2.5869e-05],
          [2.3931e-05],
          [9.1695e-05],
          [2.2843e-04],
          [2.9498e-05],
          [3.2360e-04],
          [2.3351e-05],
          [1.9691e-05],
          [2.2626e-05],
          [2.5829e-05],
          [6.0159e-05],
          [2.8839e-05],
          [4.4471e-05],
          [2.7365e-05],
          [2.7427e-05],
          [2.7161e-05],
          [4.5343e-05],
          [5.4861e-05],
          [4.5713e-05],
          [3.3652e-05],
          [4.2531e-05],
          [3.1523e-04],
          [1.8619e-03],
          [5.9058e-03],
          [5.4108e-04],
          [2.3772e-04],
          [1.2102e-04],
          [6.8019e-05],
          [3.2307e-05],
          [2.7372e-05],
          [2.9382e-05],
          [2.9808e-05],
          [2.5857e-05],
          [2.9251e-05],
          [2.5244e-05],
          [2.4183e-05],
          [2.7399e-05],
          [2.5329e-05],
          [3.5174e-05],
          [3.8482e-05],
          [4.5425e-05],
          [4.2304e-05],
          [4.5500e-05],
          [4.7927e-05],
          [5.8141e-05],
          [5.9667e-05],
          [6.6806e-05],
          [2.2134e-04],
          [1.1875e-04],
          [1.5604e-04],
          [1.8545e-04],
          [5.6092e-05],
          [4.8661e-05],
          [7.3450e-05],
          [8.2967e-05],
          [5.3351e-05],
          [5.4700e-05],
          [4.3976e-05],
          [4.3169e-05],
          [3.4249e-05],
          [3.6406e-05],
          [3.2693e-05],
          [6.2520e-04],
          [2.7946e-04],
          [2.8234e-05],
          [2.5595e-05],
          [4.1599e-05],
          [2.6700e-05],
          [2.3249e-05],
          [4.5331e-04],
          [5.7820e-05],
          [4.4201e-04],
          [2.4524e-05],
          [2.9834e-05],
          [3.1462e-04],
          [5.8016e-05],
          [2.9452e-04],
          [1.6378e-04],
          [1.8869e-04],
          [1.1663e-04],
          [2.3054e-04],
          [3.9954e-05],
          [1.1135e-04],
          [3.0573e-05],
          [2.6554e-05],
          [3.0918e-05],
          [2.4240e-05],
          [2.4940e-05],
          [2.6029e-05],
          [6.4070e-04],
          [3.0148e-04],
          [3.6306e-05],
          [5.0924e-05],
          [3.6072e-05],
          [4.8346e-05],
          [5.7610e-05],
          [4.9667e-05],
          [4.3300e-05],
          [2.8923e-04],
          [1.1454e-04],
          [2.6110e-05],
          [2.5030e-05],
          [2.8148e-05],
          [2.6236e-05],
          [3.5091e-04],
          [4.6870e-05],
          [3.2235e-05],
          [3.6335e-04],
          [3.0582e-05],
          [3.1920e-05],
          [2.7832e-05],
          [2.7010e-05],
          [3.0356e-05],
          [5.3850e-05],
          [6.4219e-05],
          [4.5759e-05],
          [3.7768e-05],
          [2.4168e-05],
          [2.3392e-05],
          [2.1335e-05],
          [2.7451e-05],
          [1.9311e-05],
          [2.6397e-05],
          [2.5375e-05],
          [2.1035e-05],
          [2.5791e-04],
          [1.3332e-04],
          [2.2290e-05],
          [1.9980e-05],
          [3.1121e-05],
          [3.0324e-05],
          [8.7162e-05],
          [9.0520e-05],
          [8.3796e-05],
          [1.0468e-04],
          [1.4345e-04],
          [8.0372e-05],
          [1.3115e-04],
          [1.2247e-04],
          [2.6276e-05],
          [2.3730e-04],
          [2.2344e-05],
          [1.6166e-04],
          [1.5159e-04],
          [2.4961e-05],
          [2.7242e-05],
          [2.9886e-05],
          [3.0047e-05],
          [2.5399e-05],
          [2.8673e-05],
          [3.1396e-05],
          [2.4589e-05],
          [4.4173e-05],
          [4.9627e-05],
          [1.1010e-04],
          [1.2844e-04],
          [9.7571e-05],
          [2.1378e-04],
          [1.2173e-03],
          [5.4617e-05],
          [6.4887e-05],
          [5.5194e-04],
          [1.2431e-04],
          [4.7870e-05],
          [2.4443e-04],
          [1.8536e-04],
          [4.1175e-05],
          [3.1359e-04],
          [1.6621e-05],
          [1.4183e-05],
          [1.7093e-05],
          [2.0061e-05],
          [2.4841e-05],
          [3.2701e-05],
          [5.3210e-05],
          [5.0668e-05],
          [6.5771e-05],
          [4.6953e-05],
          [9.4312e-04],
          [2.9748e-05],
          [1.4130e-04],
          [4.3474e-05],
          [1.6574e-05],
          [1.8237e-05],
          [1.6525e-05],
          [2.6040e-05],
          [4.5998e-05],
          [6.5566e-05],
          [4.3042e-04],
          [1.0049e-04],
          [1.8584e-04],
          [8.4258e-05],
          [9.6876e-05],
          [4.5956e-05],
          [5.2833e-05],
          [2.7679e-05],
          [2.5033e-05],
          [2.5722e-05],
          [2.9411e-05],
          [2.4579e-05],
          [2.6171e-05],
          [2.8265e-05],
          [3.3380e-05],
          [3.1590e-04],
          [1.8222e-04],
          [2.9307e-05],
          [2.5868e-05],
          [2.2678e-05],
          [2.0805e-05],
          [3.6013e-05],
          [6.6677e-05],
          [5.9978e-05],
          [6.5772e-05],
          [9.3382e-05],
          [5.5119e-05],
          [4.1622e-05],
          [2.0157e-05],
          [2.5680e-05],
          [2.5631e-05],
          [2.6431e-05],
          [2.5911e-05],
          [2.5294e-05],
          [2.3122e-05],
          [2.6071e-05],
          [2.1638e-05],
          [2.8317e-05],
          [2.8231e-05],
          [3.1448e-05],
          [3.4876e-05],
          [3.1403e-05],
          [5.5056e-05],
          [3.4541e-05],
          [3.4163e-05],
          [2.8501e-05],
          [3.0968e-05],
          [2.2343e-05],
          [3.5142e-05],
          [3.0925e-05],
          [4.5241e-05],
          [3.7560e-05],
          [2.1789e-05],
          [3.3338e-05],
          [3.4671e-05],
          [1.9919e-05],
          [2.1873e-05],
          [2.5057e-05],
          [2.9637e-05],
          [1.1530e-04],
          [3.2359e-05],
          [8.9606e-05],
          [3.3661e-05],
          [3.8970e-05],
          [3.5598e-05],
          [3.4342e-05],
          [4.1217e-05],
          [3.3010e-05],
          [3.1749e-05],
          [2.5812e-05],
          [2.6251e-05],
          [2.8071e-05],
          [2.7700e-05],
          [2.5312e-05],
          [2.3505e-05],
          [2.2647e-05],
          [1.7672e-04],
          [8.5433e-05],
          [2.4981e-04],
          [2.3005e-05],
          [1.9079e-05],
          [2.0640e-05],
          [3.5074e-05],
          [3.3159e-04],
          [1.1627e-04],
          [3.4816e-05],
          [1.7942e-05],
          [1.7516e-05],
          [2.2954e-05],
          [2.6267e-05],
          [3.5908e-05],
          [3.8502e-05],
          [3.7979e-05],
          [3.4195e-05],
          [3.7586e-05],
          [3.2948e-05],
          [3.1213e-05],
          [2.1443e-05],
          [2.2328e-05],
          [2.3207e-05],
          [2.8042e-05],
          [2.1327e-05],
          [9.6390e-05],
          [3.9284e-05],
          [5.9675e-05],
          [1.5008e-04],
          [6.7842e-05],
          [9.0835e-05],
          [6.4242e-05],
          [5.8613e-05],
          [3.2589e-05],
          [3.7250e-04],
          [1.8593e-04],
          [3.2253e-05],
          [3.5617e-05],
          [2.9934e-05],
          [2.3857e-05],
          [2.9185e-05],
          [2.8074e-05],
          [3.5331e-05],
          [6.4869e-05],
          [7.5514e-05],
          [1.3170e-04],
          [8.5561e-05],
          [4.8869e-05],
          [3.3788e-05],
          [2.8323e-05],
          [3.0556e-05],
          [1.6734e-05],
          [4.1586e-04],
          [1.5139e-04],
          [2.4328e-05],
          [1.8202e-04],
          [2.5905e-04],
          [2.4775e-05],
          [3.8776e-04],
          [2.3910e-05],
          [3.2535e-04],
          [1.9057e-05],
          [1.7178e-05],
          [1.7656e-05],
          [2.8100e-05],
          [2.8953e-05],
          [2.1124e-05],
          [7.5439e-06]]]])
