# Using CPU
# Loading Embeddings...
# Making Predictions...
torch.Size([1, 1, 442, 270])
tensor([[[[1.1041e-04],
          [2.8228e-05],
          [6.9881e-05],
          [2.8756e-05],
          [1.0279e-05],
          [2.4928e-04],
          [9.1293e-04],
          [3.4486e-05],
          [1.7304e-04],
          [9.7361e-04],
          [1.7451e-05],
          [1.5465e-05],
          [7.6515e-04],
          [2.1297e-04],
          [4.3923e-05],
          [1.1140e-05],
          [1.0715e-05],
          [8.7201e-06],
          [1.0188e-05],
          [2.1018e-05],
          [3.3585e-04],
          [1.8467e-05],
          [6.0274e-04],
          [1.6705e-05],
          [1.8880e-05],
          [2.7633e-05],
          [3.4457e-05],
          [6.4159e-05],
          [8.4345e-05],
          [1.1439e-04],
          [1.1239e-04],
          [1.2622e-04],
          [1.2289e-04],
          [1.2863e-04],
          [1.0017e-04],
          [7.7579e-05],
          [2.2647e-03],
          [7.6500e-05],
          [2.6046e-04],
          [2.1443e-04],
          [4.9388e-04],
          [2.3872e-05],
          [2.1977e-05],
          [2.2638e-05],
          [1.9351e-05],
          [2.2704e-05],
          [1.7546e-05],
          [1.8902e-05],
          [1.7939e-05],
          [1.4545e-04],
          [3.8242e-04],
          [1.3018e-05],
          [1.3684e-05],
          [2.8161e-04],
          [5.6169e-04],
          [1.8880e-05],
          [1.9272e-05],
          [1.6377e-05],
          [1.8741e-05],
          [2.3554e-05],
          [2.6156e-05],
          [2.3771e-05],
          [6.3242e-04],
          [2.5388e-04],
          [1.6989e-05],
          [1.7793e-05],
          [2.0126e-05],
          [1.8654e-05],
          [2.0686e-05],
          [1.7491e-05],
          [1.5604e-05],
          [2.4378e-04],
          [3.2102e-05],
          [1.6929e-05],
          [1.6480e-05],
          [1.7558e-05],
          [1.6889e-03],
          [1.5061e-05],
          [1.5487e-05],
          [1.2760e-05],
          [3.8044e-04],
          [1.4575e-04],
          [1.3980e-05],
          [1.3878e-05],
          [1.4584e-05],
          [1.7018e-05],
          [1.8966e-05],
          [1.9724e-05],
          [1.5900e-05],
          [1.4668e-05],
          [2.2333e-04],
          [3.8211e-05],
          [2.3238e-04],
          [1.1470e-05],
          [1.0306e-05],
          [1.1610e-05],
          [1.2036e-05],
          [1.4781e-05],
          [1.4240e-05],
          [1.4842e-05],
          [2.0889e-05],
          [1.3163e-05],
          [1.1566e-05],
          [1.3358e-05],
          [1.4485e-05],
          [2.0223e-05],
          [2.3200e-05],
          [2.7756e-05],
          [2.8299e-05],
          [2.9112e-05],
          [2.3697e-05],
          [9.8196e-05],
          [1.4299e-04],
          [2.7165e-05],
          [2.2713e-04],
          [1.6960e-05],
          [1.4199e-05],
          [1.1927e-05],
          [1.5438e-05],
          [1.6410e-05],
          [1.6111e-05],
          [1.4484e-05],
          [1.5690e-05],
          [1.4235e-05],
          [1.7231e-05],
          [1.4530e-05],
          [1.7935e-05],
          [1.9538e-05],
          [2.4591e-05],
          [2.9392e-05],
          [2.5940e-05],
          [4.6231e-04],
          [4.1207e-04],
          [2.8908e-05],
          [2.7501e-05],
          [2.5817e-05],
          [2.1329e-05],
          [2.4447e-05],
          [2.0459e-05],
          [1.9789e-05],
          [1.6210e-05],
          [1.5494e-05],
          [1.2950e-05],
          [1.5317e-05],
          [1.6703e-05],
          [2.1150e-05],
          [2.3661e-05],
          [3.3279e-05],
          [4.3710e-05],
          [7.1469e-05],
          [7.3964e-05],
          [7.9081e-05],
          [9.1409e-05],
          [9.1578e-05],
          [7.5819e-05],
          [7.4817e-05],
          [3.5874e-04],
          [4.0703e-04],
          [1.6806e-04],
          [9.0619e-04],
          [2.1147e-05],
          [1.7427e-05],
          [1.9074e-05],
          [2.0744e-05],
          [2.7435e-05],
          [3.3952e-05],
          [3.4770e-05],
          [3.2619e-05],
          [3.8211e-05],
          [3.6555e-05],
          [3.1490e-05],
          [3.6263e-04],
          [6.1343e-04],
          [3.7618e-05],
          [3.6466e-05],
          [5.4925e-05],
          [4.0179e-05],
          [3.6726e-05],
          [5.3835e-04],
          [7.4668e-05],
          [2.4263e-04],
          [2.1770e-05],
          [2.5120e-05],
          [2.4901e-04],
          [1.7598e-05],
          [2.4191e-04],
          [1.4987e-05],
          [1.3606e-05],
          [1.5243e-05],
          [2.6557e-04],
          [3.0879e-05],
          [1.9205e-03],
          [2.0510e-05],
          [2.4803e-05],
          [2.6326e-05],
          [2.6134e-05],
          [3.0770e-05],
          [2.4856e-05],
          [4.8218e-04],
          [2.9151e-04],
          [2.1582e-05],
          [1.8390e-05],
          [1.7219e-05],
          [1.6190e-05],
          [1.6981e-05],
          [1.8603e-05],
          [1.6750e-05],
          [1.9235e-04],
          [6.0892e-04],
          [1.8824e-05],
          [1.9249e-05],
          [2.3041e-05],
          [1.7342e-05],
          [2.2327e-04],
          [4.2079e-05],
          [2.4745e-05],
          [1.2545e-03],
          [2.1712e-05],
          [1.7217e-05],
          [1.6756e-05],
          [1.5498e-05],
          [1.5528e-05],
          [1.4832e-05],
          [1.4888e-05],
          [1.4672e-05],
          [1.6670e-05],
          [1.6591e-05],
          [1.6228e-05],
          [1.3481e-05],
          [1.3088e-05],
          [1.4601e-05],
          [1.5980e-05],
          [1.7588e-05],
          [2.0725e-05],
          [2.0961e-04],
          [3.4891e-04],
          [2.0761e-05],
          [2.1041e-05],
          [1.7873e-05],
          [1.8395e-05],
          [1.7905e-05],
          [2.1565e-05],
          [1.4017e-05],
          [1.6848e-05],
          [1.7240e-05],
          [1.1007e-05],
          [1.4345e-04],
          [8.8154e-05],
          [1.7857e-05],
          [1.7675e-04],
          [1.0638e-05],
          [1.6004e-04],
          [2.4454e-04],
          [1.9346e-05],
          [2.4152e-05],
          [2.8388e-05],
          [2.7747e-05],
          [3.5569e-05],
          [4.5646e-05],
          [5.8726e-05],
          [6.1591e-05],
          [9.4175e-05],
          [1.1111e-04],
          [1.4066e-04],
          [1.9935e-04],
          [1.3035e-04],
          [1.4342e-04],
          [1.0253e-03],
          [6.2337e-05],
          [4.6252e-05],
          [3.0053e-04],
          [2.2823e-04],
          [3.2690e-05],
          [2.4908e-04],
          [2.0498e-04],
          [3.3441e-05],
          [2.1923e-04],
          [1.4427e-05],
          [1.2946e-05],
          [1.3584e-05],
          [9.9594e-06],
          [9.8623e-06],
          [9.5769e-06],
          [2.8300e-05],
          [9.6769e-06],
          [1.2358e-05],
          [9.8131e-06],
          [3.3915e-04],
          [1.9039e-05],
          [6.4174e-05],
          [2.2227e-04],
          [1.1233e-05],
          [1.1561e-05],
          [1.2376e-05],
          [1.2170e-05],
          [1.1401e-05],
          [1.0394e-05],
          [2.6120e-04],
          [1.8977e-05],
          [9.6975e-04],
          [1.3793e-05],
          [1.3355e-05],
          [1.3352e-05],
          [1.5946e-05],
          [1.5692e-05],
          [1.4731e-05],
          [1.6479e-05],
          [1.8035e-05],
          [1.7858e-05],
          [2.1844e-05],
          [2.6737e-05],
          [3.2177e-05],
          [5.0156e-04],
          [5.3354e-04],
          [2.2029e-05],
          [1.7541e-05],
          [1.7691e-05],
          [1.2752e-05],
          [1.2676e-05],
          [1.4866e-05],
          [1.6557e-05],
          [1.5130e-05],
          [1.2902e-05],
          [1.2392e-05],
          [1.3531e-05],
          [1.1992e-05],
          [1.3490e-05],
          [1.3280e-05],
          [1.6029e-05],
          [1.6913e-05],
          [1.6173e-05],
          [1.4198e-05],
          [1.7833e-05],
          [1.7016e-05],
          [1.4366e-05],
          [1.4716e-05],
          [1.5424e-05],
          [1.9066e-05],
          [1.4957e-05],
          [2.0536e-05],
          [2.5106e-05],
          [2.5721e-05],
          [2.5114e-05],
          [3.4880e-05],
          [2.6227e-05],
          [2.2957e-05],
          [1.6908e-05],
          [1.7250e-05],
          [1.8950e-05],
          [1.5710e-05],
          [1.2699e-05],
          [1.2290e-05],
          [1.3963e-05],
          [1.7136e-05],
          [1.8704e-05],
          [1.6577e-05],
          [1.3959e-04],
          [3.3093e-05],
          [2.0768e-03],
          [1.7428e-05],
          [2.1374e-05],
          [2.1161e-05],
          [2.0185e-05],
          [2.4320e-05],
          [2.3136e-05],
          [2.1829e-05],
          [2.1052e-05],
          [1.7666e-05],
          [1.7321e-05],
          [1.7286e-05],
          [1.5992e-05],
          [2.3499e-05],
          [2.2502e-05],
          [2.1807e-04],
          [5.5176e-05],
          [1.0789e-03],
          [1.7960e-05],
          [1.4661e-05],
          [1.0291e-05],
          [1.0023e-05],
          [2.6702e-04],
          [6.3164e-04],
          [1.1563e-05],
          [1.3405e-05],
          [1.5009e-05],
          [2.2703e-05],
          [3.1644e-05],
          [4.4236e-05],
          [5.0868e-05],
          [3.7171e-05],
          [2.7317e-05],
          [2.2268e-05],
          [1.7956e-05],
          [1.8723e-05],
          [1.4090e-05],
          [1.2445e-05],
          [1.5642e-05],
          [1.4404e-05],
          [1.1225e-05],
          [4.3338e-05],
          [2.5571e-05],
          [3.4585e-05],
          [3.8537e-05],
          [2.3574e-05],
          [2.7857e-05],
          [2.4737e-05],
          [2.4244e-05],
          [1.7376e-05],
          [2.7647e-04],
          [2.9039e-04],
          [2.2916e-05],
          [1.8599e-05],
          [1.7029e-05],
          [1.5952e-05],
          [1.8887e-05],
          [1.9111e-05],
          [2.3248e-05],
          [7.7162e-05],
          [1.1562e-04],
          [1.0836e-04],
          [5.7742e-04],
          [2.3484e-05],
          [1.5824e-05],
          [1.5496e-05],
          [1.7840e-05],
          [1.6630e-05],
          [3.1016e-04],
          [7.2700e-05],
          [2.0390e-05],
          [5.1963e-05],
          [2.7787e-04],
          [2.0797e-05],
          [2.0437e-04],
          [2.0020e-05],
          [2.6502e-04],
          [1.9445e-05],
          [1.3227e-05],
          [1.2477e-05],
          [1.2999e-05],
          [1.2723e-05],
          [2.4544e-05],
          [7.3694e-06]]]])
