# Using CPU
# Loading Embeddings...
# Making Predictions...
torch.Size([1, 1, 442, 286])
tensor([[[[1.7802e-04],
          [2.9250e-05],
          [1.1280e-04],
          [1.6721e-05],
          [1.1784e-05],
          [4.4172e-04],
          [1.7497e-04],
          [1.7086e-05],
          [2.6846e-04],
          [2.0476e-04],
          [2.0557e-05],
          [1.8641e-05],
          [5.1246e-04],
          [1.6169e-04],
          [1.3231e-05],
          [1.1907e-05],
          [1.0378e-05],
          [1.0361e-05],
          [1.3283e-05],
          [1.4150e-05],
          [8.1537e-04],
          [2.1286e-05],
          [1.1554e-04],
          [2.0964e-05],
          [2.2092e-05],
          [3.2493e-05],
          [4.6327e-05],
          [8.6293e-05],
          [1.1316e-04],
          [1.6010e-04],
          [1.5071e-04],
          [1.7475e-04],
          [1.8104e-04],
          [1.7598e-04],
          [1.3800e-04],
          [9.4589e-05],
          [5.8503e-04],
          [5.7651e-05],
          [1.0375e-04],
          [1.2618e-04],
          [1.2328e-04],
          [2.7847e-05],
          [2.7326e-05],
          [2.9932e-05],
          [2.1344e-05],
          [1.9669e-05],
          [1.4884e-05],
          [1.8211e-05],
          [2.7273e-05],
          [6.8317e-04],
          [1.1783e-04],
          [1.4143e-05],
          [1.3674e-05],
          [5.7794e-04],
          [1.2931e-04],
          [1.9642e-05],
          [2.1133e-05],
          [1.9373e-05],
          [2.3538e-05],
          [2.9153e-05],
          [3.1107e-05],
          [2.9769e-05],
          [6.8665e-04],
          [1.4611e-04],
          [2.3545e-05],
          [2.3532e-05],
          [2.0489e-05],
          [1.7978e-05],
          [1.8901e-05],
          [1.7473e-05],
          [1.7657e-05],
          [5.0403e-04],
          [2.5062e-05],
          [2.3249e-05],
          [1.9154e-05],
          [2.4177e-05],
          [2.3709e-04],
          [1.5462e-05],
          [1.5385e-05],
          [1.3358e-05],
          [3.4361e-04],
          [1.6561e-04],
          [1.3183e-05],
          [1.4499e-05],
          [1.7176e-05],
          [2.1474e-05],
          [2.2486e-05],
          [2.3883e-05],
          [1.9486e-05],
          [1.7492e-05],
          [4.8261e-04],
          [7.1200e-05],
          [2.2185e-04],
          [1.2703e-05],
          [1.0395e-05],
          [1.2639e-05],
          [1.4204e-05],
          [2.1614e-05],
          [2.0497e-05],
          [2.4855e-05],
          [2.1994e-05],
          [1.9228e-05],
          [1.2328e-05],
          [1.1946e-05],
          [1.5129e-05],
          [2.5198e-05],
          [3.0359e-05],
          [3.7671e-05],
          [3.8800e-05],
          [4.0468e-05],
          [3.2522e-05],
          [1.4241e-04],
          [1.5690e-04],
          [3.2587e-05],
          [2.0142e-04],
          [2.1950e-05],
          [1.9319e-05],
          [1.6080e-05],
          [2.0027e-05],
          [2.3882e-05],
          [2.1811e-05],
          [1.5426e-05],
          [1.7385e-05],
          [1.3806e-05],
          [1.7015e-05],
          [1.5996e-05],
          [1.9742e-05],
          [2.0353e-05],
          [3.4696e-05],
          [4.4464e-05],
          [1.9518e-04],
          [6.5087e-04],
          [4.2335e-04],
          [3.7629e-04],
          [1.8741e-04],
          [1.2074e-04],
          [6.9547e-05],
          [4.4620e-05],
          [2.7381e-05],
          [2.9529e-05],
          [2.3065e-05],
          [2.1466e-05],
          [1.4062e-05],
          [1.6039e-05],
          [1.9850e-05],
          [2.9376e-05],
          [3.2629e-05],
          [4.9566e-05],
          [6.3557e-05],
          [1.0541e-04],
          [1.0840e-04],
          [1.2154e-04],
          [1.1072e-04],
          [1.3824e-04],
          [1.0911e-04],
          [8.3212e-05],
          [3.8970e-04],
          [1.3654e-04],
          [3.1684e-04],
          [2.3818e-04],
          [2.2755e-05],
          [3.6036e-05],
          [6.0442e-05],
          [9.3479e-05],
          [4.4149e-05],
          [5.4758e-05],
          [4.8491e-05],
          [3.6364e-05],
          [3.4021e-05],
          [3.1821e-05],
          [2.8285e-05],
          [5.7470e-04],
          [1.1285e-04],
          [4.4189e-05],
          [5.7893e-05],
          [6.5407e-05],
          [6.7901e-05],
          [5.9585e-05],
          [4.5198e-04],
          [8.1829e-05],
          [2.8748e-04],
          [2.0665e-05],
          [2.0040e-05],
          [6.0668e-04],
          [3.0410e-05],
          [2.1337e-04],
          [2.0637e-05],
          [2.1307e-05],
          [2.1766e-05],
          [6.3933e-04],
          [2.7535e-05],
          [4.7648e-04],
          [2.6304e-05],
          [3.4951e-05],
          [3.7468e-05],
          [3.7564e-05],
          [4.3850e-05],
          [3.3648e-05],
          [4.3309e-04],
          [1.3939e-04],
          [2.5933e-05],
          [2.1343e-05],
          [1.9377e-05],
          [1.9369e-05],
          [2.3296e-05],
          [2.4090e-05],
          [2.5175e-05],
          [7.1505e-04],
          [9.8479e-05],
          [2.6812e-05],
          [2.1307e-05],
          [1.8862e-05],
          [1.8649e-05],
          [1.0392e-03],
          [6.3227e-05],
          [3.4081e-05],
          [2.1687e-04],
          [2.5261e-05],
          [2.1994e-05],
          [1.9055e-05],
          [1.4994e-05],
          [1.7013e-05],
          [1.6872e-05],
          [1.3976e-05],
          [1.6637e-05],
          [1.9472e-05],
          [2.6839e-05],
          [2.0862e-05],
          [2.3299e-05],
          [1.5257e-05],
          [1.3173e-05],
          [1.6220e-05],
          [1.7773e-05],
          [1.8605e-05],
          [6.7490e-04],
          [7.5151e-05],
          [2.1225e-05],
          [1.9526e-05],
          [2.0035e-05],
          [2.6021e-05],
          [1.9851e-05],
          [1.9100e-05],
          [1.8046e-05],
          [2.1520e-05],
          [2.3872e-05],
          [1.2172e-05],
          [3.6899e-04],
          [3.9733e-04],
          [2.5470e-05],
          [2.4756e-04],
          [1.2066e-05],
          [2.7735e-04],
          [9.2389e-05],
          [2.2239e-05],
          [2.8209e-05],
          [3.3198e-05],
          [3.4060e-05],
          [4.1952e-05],
          [4.6078e-05],
          [7.0602e-05],
          [7.5231e-05],
          [1.2585e-04],
          [1.5624e-04],
          [2.3596e-04],
          [2.2660e-04],
          [2.4164e-04],
          [1.4612e-04],
          [2.4310e-04],
          [5.6331e-05],
          [5.2400e-05],
          [1.1611e-04],
          [1.8641e-04],
          [2.9368e-05],
          [7.4906e-05],
          [1.8835e-04],
          [7.4265e-05],
          [1.9781e-04],
          [1.7277e-05],
          [1.5265e-05],
          [1.3173e-05],
          [9.7528e-06],
          [8.8949e-06],
          [9.0196e-06],
          [1.5252e-05],
          [1.2152e-05],
          [1.5634e-05],
          [1.5449e-05],
          [8.0401e-04],
          [4.1692e-05],
          [1.0649e-04],
          [3.6295e-05],
          [1.2945e-05],
          [1.2904e-05],
          [1.2226e-05],
          [1.1716e-05],
          [1.0338e-05],
          [1.3803e-05],
          [6.4325e-04],
          [3.2911e-05],
          [1.4935e-04],
          [2.0396e-05],
          [1.4948e-05],
          [1.6615e-05],
          [1.6726e-05],
          [1.6874e-05],
          [1.8215e-05],
          [1.7269e-05],
          [2.4424e-05],
          [2.3191e-05],
          [3.1875e-05],
          [3.2251e-05],
          [3.7100e-05],
          [1.0614e-03],
          [1.1708e-04],
          [2.5173e-05],
          [2.1450e-05],
          [1.7013e-05],
          [1.5831e-05],
          [1.4602e-05],
          [2.0790e-05],
          [2.5872e-05],
          [2.1136e-05],
          [2.2048e-05],
          [1.9745e-05],
          [2.2993e-05],
          [1.9661e-05],
          [2.3891e-05],
          [2.2433e-05],
          [2.7022e-05],
          [2.3641e-05],
          [2.4497e-05],
          [2.3483e-05],
          [2.5231e-05],
          [2.1413e-05],
          [2.0150e-05],
          [2.1369e-05],
          [2.0250e-05],
          [2.1325e-05],
          [2.1747e-05],
          [2.9364e-05],
          [2.7211e-05],
          [3.1273e-05],
          [2.7813e-05],
          [3.0744e-05],
          [4.1396e-05],
          [3.6581e-05],
          [3.2911e-05],
          [2.9112e-05],
          [3.1001e-05],
          [2.6984e-05],
          [2.3785e-05],
          [1.5279e-05],
          [1.4773e-05],
          [1.5516e-05],
          [1.6328e-05],
          [1.8187e-05],
          [3.0927e-04],
          [3.8910e-05],
          [6.8141e-04],
          [2.7539e-05],
          [2.7258e-05],
          [2.6300e-05],
          [2.3118e-05],
          [2.7995e-05],
          [2.4700e-05],
          [2.6390e-05],
          [2.4847e-05],
          [2.5988e-05],
          [2.4958e-05],
          [3.0860e-05],
          [2.7790e-05],
          [3.0941e-05],
          [2.5158e-05],
          [4.2318e-04],
          [2.2203e-04],
          [2.4163e-04],
          [1.8434e-05],
          [1.6063e-05],
          [1.3287e-05],
          [1.4631e-05],
          [7.8943e-04],
          [1.5626e-04],
          [1.3407e-05],
          [1.4689e-05],
          [2.0265e-05],
          [2.3762e-05],
          [3.2196e-05],
          [3.9272e-05],
          [3.9602e-05],
          [4.0122e-05],
          [3.8873e-05],
          [2.8059e-05],
          [2.5314e-05],
          [2.9086e-05],
          [2.2081e-05],
          [2.3429e-05],
          [2.0623e-05],
          [2.3173e-05],
          [1.8625e-05],
          [5.2469e-05],
          [3.9873e-05],
          [5.4008e-05],
          [9.9184e-05],
          [3.8949e-05],
          [4.1085e-05],
          [2.7177e-05],
          [3.2108e-05],
          [1.9456e-05],
          [5.2234e-04],
          [1.0904e-04],
          [2.3925e-05],
          [2.1779e-05],
          [1.8977e-05],
          [1.5998e-05],
          [2.0201e-05],
          [2.0371e-05],
          [2.2565e-05],
          [1.1648e-04],
          [6.4160e-05],
          [3.2473e-04],
          [1.5055e-04],
          [3.4946e-05],
          [1.8668e-05],
          [1.9225e-05],
          [2.3328e-05],
          [1.5453e-05],
          [3.0873e-04],
          [2.0706e-04],
          [1.9095e-05],
          [6.7147e-05],
          [1.0464e-04],
          [2.2222e-05],
          [2.2193e-04],
          [2.3531e-05],
          [2.9356e-04],
          [1.9287e-05],
          [1.4648e-05],
          [1.1087e-05],
          [1.1550e-05],
          [1.1723e-05],
          [7.0624e-05],
          [6.6937e-06]]]])
