# Using CPU
# Loading Embeddings...
# Making Predictions...
torch.Size([1, 1, 442, 277])
tensor([[[[1.6357e-04],
          [2.7500e-05],
          [8.8134e-05],
          [7.7690e-05],
          [8.7729e-06],
          [1.3639e-04],
          [2.5451e-04],
          [3.1842e-05],
          [1.0404e-04],
          [2.2709e-04],
          [1.9178e-05],
          [1.7582e-05],
          [2.9582e-04],
          [1.9531e-04],
          [5.1863e-05],
          [1.0857e-05],
          [2.0321e-05],
          [1.1789e-05],
          [1.4589e-05],
          [1.9377e-05],
          [1.9703e-04],
          [1.8875e-05],
          [1.8177e-04],
          [2.6697e-05],
          [1.9427e-05],
          [2.8007e-05],
          [3.8410e-05],
          [7.0296e-05],
          [9.1936e-05],
          [1.1935e-04],
          [1.2587e-04],
          [1.5375e-04],
          [1.4391e-04],
          [1.5547e-04],
          [1.2113e-04],
          [8.2894e-05],
          [6.4306e-04],
          [1.1381e-04],
          [1.3094e-04],
          [7.8624e-05],
          [3.4273e-04],
          [2.5974e-05],
          [2.5272e-05],
          [2.7635e-05],
          [1.9489e-05],
          [1.8264e-05],
          [1.3238e-05],
          [1.3414e-05],
          [1.9334e-05],
          [1.5807e-04],
          [2.3793e-04],
          [1.1565e-05],
          [1.0441e-05],
          [1.4869e-04],
          [2.2192e-04],
          [1.3451e-05],
          [1.5261e-05],
          [1.3893e-05],
          [1.8180e-05],
          [2.1921e-05],
          [2.2381e-05],
          [2.0176e-05],
          [3.0651e-04],
          [2.2615e-04],
          [1.7612e-05],
          [1.6094e-05],
          [1.4396e-05],
          [1.3508e-05],
          [1.4598e-05],
          [1.3714e-05],
          [1.5379e-05],
          [2.6496e-04],
          [2.6501e-05],
          [1.9859e-05],
          [1.3204e-05],
          [2.0438e-05],
          [7.1147e-04],
          [1.3349e-05],
          [1.1969e-05],
          [1.0667e-05],
          [1.8506e-04],
          [1.8315e-04],
          [1.3629e-05],
          [1.4065e-05],
          [1.4793e-05],
          [1.7832e-05],
          [1.9518e-05],
          [2.0977e-05],
          [1.7170e-05],
          [1.5409e-05],
          [1.2305e-04],
          [4.7981e-05],
          [3.0805e-04],
          [1.1692e-05],
          [1.3107e-05],
          [1.6457e-05],
          [1.7918e-05],
          [2.3696e-05],
          [1.5902e-05],
          [1.9639e-05],
          [2.1100e-05],
          [1.8007e-05],
          [1.4371e-05],
          [1.4364e-05],
          [1.2371e-05],
          [1.7340e-05],
          [2.2042e-05],
          [2.5420e-05],
          [2.3832e-05],
          [2.5689e-05],
          [2.1243e-05],
          [6.9916e-05],
          [1.0272e-04],
          [2.8772e-05],
          [3.3557e-04],
          [1.6926e-05],
          [1.4072e-05],
          [1.1564e-05],
          [1.3620e-05],
          [1.5393e-05],
          [1.4939e-05],
          [1.1438e-05],
          [1.6538e-05],
          [1.1036e-05],
          [1.2978e-05],
          [1.1805e-05],
          [1.4198e-05],
          [1.4996e-05],
          [1.7962e-05],
          [2.1218e-05],
          [2.1293e-05],
          [2.7908e-04],
          [3.9924e-04],
          [4.3854e-05],
          [2.3567e-05],
          [2.3965e-05],
          [2.0444e-05],
          [2.1037e-05],
          [1.6429e-05],
          [1.7421e-05],
          [1.4066e-05],
          [1.3828e-05],
          [1.0263e-05],
          [1.0985e-05],
          [1.3330e-05],
          [1.8332e-05],
          [2.0506e-05],
          [3.0789e-05],
          [4.2850e-05],
          [6.5475e-05],
          [7.9483e-05],
          [8.8320e-05],
          [9.0487e-05],
          [1.0629e-04],
          [9.5234e-05],
          [6.8025e-05],
          [1.2882e-04],
          [1.9175e-04],
          [7.0422e-05],
          [4.1375e-04],
          [1.7614e-05],
          [1.5327e-05],
          [1.6286e-05],
          [2.0397e-05],
          [1.8312e-05],
          [2.4070e-05],
          [2.0458e-05],
          [2.1216e-05],
          [2.2119e-05],
          [2.2922e-05],
          [2.0336e-05],
          [1.7139e-04],
          [3.1096e-04],
          [2.8188e-05],
          [3.1837e-05],
          [4.1323e-05],
          [4.1265e-05],
          [3.3384e-05],
          [2.5617e-04],
          [8.4439e-05],
          [2.7491e-04],
          [1.5710e-05],
          [2.2111e-05],
          [1.8098e-04],
          [1.7798e-05],
          [2.8945e-04],
          [1.7630e-05],
          [2.0918e-05],
          [1.5969e-05],
          [1.3146e-04],
          [2.4537e-05],
          [4.9951e-04],
          [1.7916e-05],
          [2.0855e-05],
          [2.3425e-05],
          [2.2368e-05],
          [2.5641e-05],
          [2.1201e-05],
          [2.2238e-04],
          [2.4362e-04],
          [1.9509e-05],
          [1.7689e-05],
          [1.6503e-05],
          [1.3880e-05],
          [1.5091e-05],
          [1.6816e-05],
          [1.6045e-05],
          [1.1174e-04],
          [2.5346e-04],
          [1.4782e-05],
          [1.4341e-05],
          [1.5799e-05],
          [1.3332e-05],
          [1.5384e-04],
          [3.1114e-05],
          [2.1781e-05],
          [7.8483e-04],
          [1.3991e-05],
          [1.4247e-05],
          [1.2895e-05],
          [1.2389e-05],
          [1.3874e-05],
          [1.1862e-05],
          [1.1070e-05],
          [1.1526e-05],
          [3.2895e-05],
          [1.4317e-05],
          [1.2186e-05],
          [1.2997e-05],
          [1.1959e-05],
          [1.2148e-05],
          [1.3346e-05],
          [1.0609e-05],
          [1.4260e-05],
          [2.0974e-04],
          [1.8967e-04],
          [1.9351e-05],
          [1.4885e-05],
          [1.2577e-05],
          [1.6768e-05],
          [1.8859e-05],
          [1.8230e-05],
          [1.4503e-05],
          [2.6778e-05],
          [2.1686e-05],
          [1.1280e-05],
          [9.9976e-05],
          [1.3115e-04],
          [1.9815e-05],
          [2.2208e-04],
          [1.1391e-05],
          [1.1490e-04],
          [1.9254e-04],
          [2.1311e-05],
          [2.7680e-05],
          [2.7305e-05],
          [2.7839e-05],
          [3.4758e-05],
          [3.5106e-05],
          [4.5259e-05],
          [4.5268e-05],
          [6.7067e-05],
          [8.0455e-05],
          [1.2051e-04],
          [1.2468e-04],
          [1.1714e-04],
          [9.2017e-05],
          [6.2570e-04],
          [3.9733e-05],
          [4.4499e-05],
          [3.5292e-04],
          [7.9069e-05],
          [2.8090e-05],
          [2.3156e-04],
          [1.1818e-04],
          [5.8717e-05],
          [2.6719e-04],
          [1.5128e-05],
          [1.2458e-05],
          [9.5660e-06],
          [8.8145e-06],
          [9.4919e-06],
          [9.3461e-06],
          [3.0318e-05],
          [1.0278e-05],
          [1.1829e-05],
          [1.3964e-05],
          [2.0892e-04],
          [1.9465e-05],
          [5.8475e-05],
          [1.3163e-04],
          [1.2497e-05],
          [1.0882e-05],
          [1.0281e-05],
          [9.9498e-06],
          [9.6669e-06],
          [1.4471e-05],
          [1.5744e-04],
          [1.7298e-05],
          [5.4861e-04],
          [1.3251e-05],
          [1.4461e-05],
          [1.1689e-05],
          [1.2546e-05],
          [1.1539e-05],
          [1.1634e-05],
          [1.2250e-05],
          [1.4553e-05],
          [1.5407e-05],
          [2.0478e-05],
          [2.3589e-05],
          [2.8423e-05],
          [2.3009e-04],
          [3.0576e-04],
          [2.2811e-05],
          [1.8539e-05],
          [2.9480e-05],
          [1.0910e-05],
          [1.1997e-05],
          [1.5470e-05],
          [1.8173e-05],
          [1.7000e-05],
          [1.7603e-05],
          [1.8597e-05],
          [1.6321e-05],
          [1.4744e-05],
          [1.3552e-05],
          [1.2284e-05],
          [1.3875e-05],
          [1.5137e-05],
          [1.4204e-05],
          [1.3335e-05],
          [1.5326e-05],
          [1.3973e-05],
          [1.4200e-05],
          [1.8283e-05],
          [1.8631e-05],
          [1.7795e-05],
          [1.4258e-05],
          [1.8887e-05],
          [2.2256e-05],
          [2.6657e-05],
          [1.9203e-05],
          [2.8637e-05],
          [3.1660e-05],
          [3.2437e-05],
          [1.9546e-05],
          [3.1513e-05],
          [3.0802e-05],
          [2.1559e-05],
          [2.0082e-05],
          [1.2277e-05],
          [1.7093e-05],
          [1.3485e-05],
          [1.4421e-05],
          [1.3767e-05],
          [1.2087e-04],
          [2.5185e-05],
          [4.9503e-04],
          [1.6588e-05],
          [1.7071e-05],
          [1.4837e-05],
          [1.5401e-05],
          [1.6403e-05],
          [1.8096e-05],
          [1.8647e-05],
          [1.8267e-05],
          [1.6632e-05],
          [1.7279e-05],
          [1.7269e-05],
          [1.4192e-05],
          [1.9450e-05],
          [1.4968e-05],
          [1.3439e-04],
          [8.5490e-05],
          [6.0040e-04],
          [1.1862e-05],
          [1.0680e-05],
          [9.1216e-06],
          [1.4619e-05],
          [1.8069e-04],
          [3.1595e-04],
          [1.2365e-05],
          [1.3286e-05],
          [1.6573e-05],
          [2.5651e-05],
          [3.3955e-05],
          [4.3026e-05],
          [4.5344e-05],
          [3.6860e-05],
          [2.6986e-05],
          [2.0636e-05],
          [1.9398e-05],
          [1.8166e-05],
          [1.4690e-05],
          [1.2822e-05],
          [1.3802e-05],
          [1.3290e-05],
          [1.3290e-05],
          [4.3466e-05],
          [3.5393e-05],
          [3.0870e-05],
          [3.4299e-05],
          [2.0409e-05],
          [4.1408e-05],
          [2.4382e-05],
          [2.5630e-05],
          [1.8829e-05],
          [1.4338e-04],
          [1.9818e-04],
          [2.5177e-05],
          [2.1080e-05],
          [1.7607e-05],
          [1.4605e-05],
          [2.4439e-05],
          [2.1879e-05],
          [2.1098e-05],
          [5.5914e-05],
          [6.1186e-05],
          [7.6658e-05],
          [2.4075e-04],
          [3.0488e-05],
          [2.0155e-05],
          [1.4179e-05],
          [2.1982e-05],
          [1.2995e-05],
          [1.6506e-04],
          [1.4654e-04],
          [2.2320e-05],
          [6.9571e-05],
          [3.1258e-04],
          [1.9238e-05],
          [3.7783e-04],
          [2.5048e-05],
          [2.2266e-04],
          [3.0303e-05],
          [1.6374e-05],
          [1.2086e-05],
          [1.4071e-05],
          [1.2510e-05],
          [2.4862e-05],
          [5.7466e-06]]]])
