# Using CPU
# Loading Embeddings...
# Making Predictions...
torch.Size([1, 1, 442, 286])
tensor([[[[4.7769e-04],
          [6.6449e-05],
          [1.7019e-04],
          [2.9413e-05],
          [9.8097e-06],
          [4.8084e-04],
          [6.8632e-04],
          [1.4187e-05],
          [6.7832e-04],
          [6.8484e-04],
          [1.9399e-05],
          [1.9065e-05],
          [5.3624e-04],
          [3.4691e-04],
          [1.7807e-05],
          [1.6035e-05],
          [2.2452e-05],
          [1.3151e-05],
          [1.5449e-05],
          [1.8813e-05],
          [6.8485e-04],
          [2.9985e-05],
          [4.2650e-04],
          [1.7988e-05],
          [2.3320e-05],
          [3.3063e-05],
          [4.6915e-05],
          [7.8206e-05],
          [8.4215e-05],
          [1.1097e-04],
          [9.9940e-05],
          [1.0717e-04],
          [9.7260e-05],
          [1.1529e-04],
          [8.0359e-05],
          [7.2074e-05],
          [1.4017e-03],
          [5.4741e-05],
          [2.7595e-04],
          [2.0372e-04],
          [4.0631e-04],
          [2.6050e-05],
          [2.4775e-05],
          [2.6590e-05],
          [1.9852e-05],
          [1.8483e-05],
          [1.4667e-05],
          [1.5961e-05],
          [3.0747e-05],
          [5.0217e-04],
          [2.8372e-04],
          [1.4061e-05],
          [1.5427e-05],
          [5.6970e-04],
          [3.9835e-04],
          [1.8755e-05],
          [1.9763e-05],
          [1.9054e-05],
          [2.3535e-05],
          [2.8433e-05],
          [2.9127e-05],
          [2.7233e-05],
          [5.8420e-04],
          [3.9346e-04],
          [2.1240e-05],
          [2.1753e-05],
          [1.8996e-05],
          [1.6965e-05],
          [1.8380e-05],
          [1.6587e-05],
          [1.5996e-05],
          [5.9194e-04],
          [3.4878e-05],
          [7.6669e-05],
          [1.8902e-05],
          [2.4985e-05],
          [1.4852e-03],
          [1.5701e-05],
          [1.5841e-05],
          [1.2957e-05],
          [3.5853e-04],
          [2.3778e-04],
          [1.3779e-05],
          [1.4230e-05],
          [1.6894e-05],
          [2.1370e-05],
          [2.2967e-05],
          [2.4686e-05],
          [2.0326e-05],
          [1.8352e-05],
          [4.4372e-04],
          [8.4625e-05],
          [3.7797e-04],
          [1.1744e-05],
          [1.3494e-05],
          [1.3909e-05],
          [1.9886e-05],
          [3.1250e-05],
          [2.8155e-05],
          [2.9481e-05],
          [2.6508e-05],
          [2.0160e-05],
          [1.4824e-05],
          [1.4247e-05],
          [1.6788e-05],
          [2.4543e-05],
          [2.8519e-05],
          [3.6287e-05],
          [3.7642e-05],
          [3.5729e-05],
          [3.0559e-05],
          [2.7039e-04],
          [2.2900e-04],
          [2.7198e-05],
          [3.6282e-04],
          [1.7595e-05],
          [1.4344e-05],
          [1.2044e-05],
          [1.6533e-05],
          [1.7847e-05],
          [1.7862e-05],
          [1.5277e-05],
          [1.5791e-05],
          [1.2722e-05],
          [1.5240e-05],
          [1.5176e-05],
          [1.7761e-05],
          [1.8047e-05],
          [2.3324e-05],
          [2.3534e-05],
          [2.6812e-05],
          [5.4399e-04],
          [7.2801e-04],
          [3.0251e-05],
          [3.3697e-05],
          [3.0632e-05],
          [2.7008e-05],
          [2.4329e-05],
          [1.9698e-05],
          [2.1819e-05],
          [1.8845e-05],
          [1.5581e-05],
          [1.2429e-05],
          [1.2830e-05],
          [1.6900e-05],
          [2.2123e-05],
          [2.6086e-05],
          [3.7929e-05],
          [5.3188e-05],
          [8.1039e-05],
          [8.5340e-05],
          [9.5509e-05],
          [7.7749e-05],
          [9.8146e-05],
          [7.3819e-05],
          [6.4683e-05],
          [1.3023e-03],
          [3.2908e-04],
          [4.4297e-04],
          [6.8860e-04],
          [1.7679e-05],
          [2.0241e-05],
          [1.7754e-05],
          [2.1225e-05],
          [2.2758e-05],
          [2.7145e-05],
          [2.5808e-05],
          [2.6174e-05],
          [2.6669e-05],
          [2.9984e-05],
          [2.4221e-05],
          [8.3226e-04],
          [4.2850e-04],
          [3.5482e-05],
          [4.3456e-05],
          [5.2719e-05],
          [5.2636e-05],
          [4.8836e-05],
          [6.3677e-04],
          [5.0392e-05],
          [4.2343e-04],
          [3.3629e-05],
          [2.9525e-05],
          [5.2000e-04],
          [1.7906e-05],
          [3.4336e-04],
          [1.7081e-05],
          [1.8917e-05],
          [1.4694e-05],
          [9.5494e-04],
          [3.3360e-05],
          [1.2604e-03],
          [2.7003e-05],
          [3.5492e-05],
          [3.8002e-05],
          [3.7736e-05],
          [4.1634e-05],
          [3.2147e-05],
          [5.1204e-04],
          [3.4264e-04],
          [2.2893e-05],
          [1.8173e-05],
          [1.7647e-05],
          [1.3856e-05],
          [1.8104e-05],
          [1.5929e-05],
          [1.4611e-05],
          [6.5834e-04],
          [4.2377e-04],
          [1.7732e-05],
          [1.7538e-05],
          [1.5264e-05],
          [1.5460e-05],
          [1.2057e-03],
          [3.8418e-05],
          [2.7523e-05],
          [7.3191e-04],
          [1.7164e-05],
          [1.5219e-05],
          [1.4086e-05],
          [1.2978e-05],
          [1.6103e-05],
          [1.3530e-05],
          [1.1983e-05],
          [1.2282e-05],
          [1.3821e-05],
          [1.5900e-05],
          [1.5048e-05],
          [1.5010e-05],
          [1.0695e-05],
          [1.0574e-05],
          [1.1861e-05],
          [1.1804e-05],
          [1.4545e-05],
          [1.0227e-03],
          [2.1435e-04],
          [1.5083e-05],
          [1.7908e-05],
          [1.6756e-05],
          [1.7566e-05],
          [1.7948e-05],
          [2.4655e-05],
          [1.8959e-05],
          [2.4890e-05],
          [3.1072e-05],
          [1.6168e-05],
          [6.3196e-04],
          [3.2722e-04],
          [2.3505e-05],
          [3.1968e-04],
          [1.1493e-05],
          [3.5723e-04],
          [2.5794e-04],
          [1.8586e-05],
          [2.1448e-05],
          [2.2969e-05],
          [2.4768e-05],
          [3.0765e-05],
          [3.6686e-05],
          [5.3254e-05],
          [5.3411e-05],
          [8.8528e-05],
          [9.6302e-05],
          [1.3411e-04],
          [3.1735e-04],
          [1.4698e-04],
          [8.1547e-05],
          [2.5469e-04],
          [4.0924e-05],
          [3.9459e-05],
          [4.1991e-04],
          [1.8672e-04],
          [2.6570e-05],
          [2.4520e-04],
          [2.4982e-04],
          [4.5675e-05],
          [2.5820e-04],
          [1.5260e-05],
          [1.3608e-05],
          [1.2389e-05],
          [1.0343e-05],
          [9.8292e-06],
          [9.9179e-06],
          [1.8393e-05],
          [1.3749e-05],
          [1.9892e-05],
          [1.6260e-05],
          [7.4637e-04],
          [4.4279e-05],
          [1.7848e-04],
          [1.2253e-04],
          [1.2219e-05],
          [1.2529e-05],
          [1.1657e-05],
          [1.1191e-05],
          [1.0329e-05],
          [1.0898e-05],
          [8.4151e-04],
          [3.2324e-05],
          [7.1531e-04],
          [1.3262e-05],
          [1.3168e-05],
          [1.2584e-05],
          [1.2565e-05],
          [1.1990e-05],
          [1.2355e-05],
          [1.3026e-05],
          [1.6975e-05],
          [1.5400e-05],
          [2.1342e-05],
          [2.2597e-05],
          [2.6227e-05],
          [1.1436e-03],
          [3.3602e-04],
          [1.8748e-05],
          [1.6083e-05],
          [1.3297e-05],
          [1.1441e-05],
          [1.3079e-05],
          [1.5878e-05],
          [2.0442e-05],
          [1.6984e-05],
          [1.7898e-05],
          [1.3399e-05],
          [1.3574e-05],
          [1.1333e-05],
          [1.1526e-05],
          [1.1325e-05],
          [1.4950e-05],
          [1.6202e-05],
          [1.5598e-05],
          [1.5071e-05],
          [1.7502e-05],
          [1.6222e-05],
          [1.5891e-05],
          [1.8350e-05],
          [2.0446e-05],
          [2.0692e-05],
          [1.7801e-05],
          [2.8495e-05],
          [2.8339e-05],
          [2.6571e-05],
          [2.0805e-05],
          [2.3700e-05],
          [2.7880e-05],
          [2.5309e-05],
          [2.4317e-05],
          [2.0247e-05],
          [2.5646e-05],
          [2.3143e-05],
          [2.0054e-05],
          [2.0494e-05],
          [1.4716e-05],
          [2.0518e-05],
          [1.6667e-05],
          [1.6299e-05],
          [8.4623e-04],
          [4.2331e-05],
          [1.2860e-03],
          [1.9448e-05],
          [1.9231e-05],
          [1.7157e-05],
          [1.6619e-05],
          [1.8614e-05],
          [1.6310e-05],
          [1.7653e-05],
          [1.6005e-05],
          [1.4703e-05],
          [1.4310e-05],
          [1.7781e-05],
          [1.7283e-05],
          [2.3260e-05],
          [1.8502e-05],
          [8.4978e-04],
          [1.4417e-04],
          [7.7994e-04],
          [1.3253e-05],
          [1.1726e-05],
          [8.9945e-06],
          [1.2070e-05],
          [9.0291e-04],
          [4.4370e-04],
          [1.4436e-05],
          [1.3315e-05],
          [1.3665e-05],
          [1.7924e-05],
          [2.1441e-05],
          [2.3472e-05],
          [2.6888e-05],
          [2.3899e-05],
          [2.6504e-05],
          [2.0437e-05],
          [1.5972e-05],
          [1.4330e-05],
          [1.1689e-05],
          [1.0880e-05],
          [1.0955e-05],
          [1.4017e-05],
          [1.2052e-05],
          [6.7084e-05],
          [3.6595e-05],
          [4.2582e-05],
          [2.1277e-04],
          [2.6877e-05],
          [3.9050e-05],
          [2.3898e-05],
          [2.4117e-05],
          [1.7445e-05],
          [5.5280e-04],
          [2.8387e-04],
          [2.1651e-05],
          [2.1750e-05],
          [1.9195e-05],
          [1.6291e-05],
          [1.7162e-05],
          [1.5120e-05],
          [2.8177e-05],
          [1.3866e-04],
          [9.4243e-05],
          [3.2270e-04],
          [3.5542e-04],
          [3.6870e-05],
          [1.5434e-05],
          [1.5746e-05],
          [2.9534e-05],
          [1.6092e-05],
          [6.1309e-04],
          [2.7523e-04],
          [1.7893e-05],
          [9.5467e-05],
          [2.7578e-04],
          [2.3029e-05],
          [1.4534e-03],
          [2.5064e-05],
          [4.1578e-04],
          [2.3441e-05],
          [1.4534e-05],
          [1.0466e-05],
          [1.1089e-05],
          [1.0613e-05],
          [3.0848e-04],
          [8.4399e-06]]]])
