# Using CPU
# Loading Embeddings...
# Making Predictions...
torch.Size([1, 1, 442, 261])
tensor([[[[3.8739e-04],
          [1.0879e-04],
          [1.8020e-04],
          [1.3223e-04],
          [1.0068e-05],
          [4.6741e-04],
          [6.3635e-04],
          [2.5012e-05],
          [4.2737e-04],
          [1.5995e-03],
          [1.2186e-05],
          [1.2491e-05],
          [5.1829e-04],
          [3.4439e-04],
          [9.1540e-05],
          [2.6956e-05],
          [9.4882e-05],
          [1.7922e-05],
          [1.9970e-05],
          [2.4054e-05],
          [5.5000e-04],
          [3.9967e-05],
          [1.4467e-03],
          [1.2495e-05],
          [1.3234e-05],
          [1.5955e-05],
          [1.9797e-05],
          [2.9674e-05],
          [2.7201e-05],
          [3.6187e-05],
          [2.5829e-05],
          [3.8070e-05],
          [2.5368e-05],
          [5.0186e-05],
          [2.4148e-05],
          [2.6304e-05],
          [7.0487e-04],
          [3.1693e-05],
          [2.5856e-04],
          [9.0699e-05],
          [5.7360e-04],
          [1.8651e-05],
          [1.6535e-05],
          [1.9155e-05],
          [1.4314e-05],
          [1.5161e-05],
          [1.3395e-05],
          [2.3021e-05],
          [3.3053e-05],
          [2.7563e-04],
          [5.8299e-04],
          [1.2818e-05],
          [1.6444e-05],
          [4.2982e-04],
          [7.0292e-04],
          [1.2495e-05],
          [1.2476e-05],
          [1.6565e-05],
          [1.7933e-05],
          [1.7489e-05],
          [1.5722e-05],
          [1.4239e-05],
          [4.4882e-04],
          [3.5729e-04],
          [1.3705e-05],
          [1.4158e-05],
          [1.5520e-05],
          [1.4800e-05],
          [1.5578e-05],
          [1.5528e-05],
          [1.2256e-05],
          [5.0272e-04],
          [2.2191e-05],
          [6.5746e-05],
          [1.4985e-05],
          [1.9178e-05],
          [2.4572e-03],
          [1.3023e-05],
          [1.4354e-05],
          [1.2409e-05],
          [5.5165e-04],
          [3.0770e-04],
          [1.2275e-05],
          [1.1080e-05],
          [1.1874e-05],
          [1.3288e-05],
          [1.4711e-05],
          [1.6366e-05],
          [1.5137e-05],
          [1.4075e-05],
          [3.7172e-04],
          [5.4107e-05],
          [4.6971e-04],
          [1.1464e-05],
          [1.5840e-05],
          [1.3645e-05],
          [1.7716e-05],
          [2.0867e-05],
          [1.9875e-05],
          [2.0252e-05],
          [2.7998e-05],
          [1.7343e-05],
          [1.2887e-05],
          [1.1726e-05],
          [1.1294e-05],
          [1.1864e-05],
          [1.2222e-05],
          [1.4682e-05],
          [1.6497e-05],
          [1.7361e-05],
          [1.6100e-05],
          [1.6086e-04],
          [2.0008e-04],
          [2.2747e-05],
          [4.3405e-04],
          [1.2717e-05],
          [1.1860e-05],
          [1.0380e-05],
          [1.1312e-05],
          [1.0591e-05],
          [1.0851e-05],
          [1.0240e-05],
          [1.8925e-05],
          [1.0927e-05],
          [1.4232e-05],
          [1.1409e-05],
          [1.1777e-05],
          [1.0973e-05],
          [1.2727e-05],
          [1.3273e-05],
          [1.3646e-05],
          [8.2874e-04],
          [7.7332e-04],
          [3.4198e-05],
          [1.7253e-05],
          [1.7147e-05],
          [1.2721e-05],
          [1.3114e-05],
          [1.2195e-05],
          [1.2815e-05],
          [1.3127e-05],
          [1.1683e-05],
          [1.0731e-05],
          [1.1494e-05],
          [1.2326e-05],
          [1.2362e-05],
          [1.2626e-05],
          [1.5534e-05],
          [1.8402e-05],
          [2.5103e-05],
          [2.6385e-05],
          [2.2551e-05],
          [3.4138e-05],
          [2.6734e-05],
          [2.6321e-05],
          [2.9232e-05],
          [2.7791e-04],
          [5.1957e-04],
          [1.5812e-04],
          [1.6689e-03],
          [1.7976e-05],
          [1.5865e-05],
          [1.5116e-05],
          [1.8708e-05],
          [1.5705e-05],
          [2.0036e-05],
          [1.6585e-05],
          [1.7376e-05],
          [1.7026e-05],
          [1.7030e-05],
          [1.3559e-05],
          [3.8596e-04],
          [7.6457e-04],
          [1.3061e-05],
          [1.5209e-05],
          [2.8659e-05],
          [1.7222e-05],
          [1.5856e-05],
          [3.6662e-04],
          [5.9418e-05],
          [2.2789e-04],
          [1.6305e-05],
          [2.2224e-05],
          [5.1868e-04],
          [1.3905e-05],
          [7.0032e-04],
          [1.1698e-05],
          [2.0532e-05],
          [1.2528e-05],
          [4.4813e-04],
          [6.2599e-05],
          [2.9611e-03],
          [1.6448e-05],
          [1.7230e-05],
          [1.9095e-05],
          [1.7594e-05],
          [2.0564e-05],
          [1.7171e-05],
          [4.5891e-04],
          [5.0865e-04],
          [1.3613e-05],
          [1.3859e-05],
          [1.6081e-05],
          [1.4064e-05],
          [1.7357e-05],
          [1.6711e-05],
          [1.7509e-05],
          [2.7850e-04],
          [1.1189e-03],
          [1.6123e-05],
          [1.5400e-05],
          [1.4514e-05],
          [1.3642e-05],
          [3.0592e-04],
          [2.8395e-05],
          [1.7705e-05],
          [2.4542e-03],
          [1.3863e-05],
          [1.5934e-05],
          [1.4156e-05],
          [1.6583e-05],
          [1.7698e-05],
          [1.6286e-05],
          [1.4166e-05],
          [1.5616e-05],
          [1.7464e-05],
          [1.8245e-05],
          [1.5788e-05],
          [1.4792e-05],
          [1.2809e-05],
          [1.3613e-05],
          [1.6500e-05],
          [1.3863e-05],
          [1.3345e-05],
          [3.1565e-04],
          [5.6563e-04],
          [1.5695e-05],
          [1.6921e-05],
          [1.6510e-05],
          [1.8258e-05],
          [2.3483e-05],
          [2.3439e-05],
          [1.3728e-05],
          [1.9821e-05],
          [2.0213e-05],
          [1.2888e-05],
          [3.6166e-04],
          [1.1955e-04],
          [2.2660e-05],
          [2.5595e-04],
          [1.4842e-05],
          [2.1317e-04],
          [3.3395e-04],
          [2.2537e-05],
          [2.8820e-05],
          [3.2710e-05],
          [3.1928e-05],
          [3.6961e-05],
          [4.0138e-05],
          [4.2684e-05],
          [3.1523e-05],
          [3.3888e-05],
          [2.9379e-05],
          [3.8644e-05],
          [4.8234e-05],
          [2.6433e-05],
          [5.0316e-05],
          [2.4796e-04],
          [1.8869e-05],
          [1.6067e-05],
          [3.4448e-04],
          [2.0111e-04],
          [1.7531e-05],
          [2.4549e-04],
          [2.2964e-04],
          [4.1212e-05],
          [1.9231e-04],
          [1.2725e-05],
          [9.4990e-06],
          [1.0518e-05],
          [9.4040e-06],
          [9.9096e-06],
          [1.0450e-05],
          [4.2599e-05],
          [1.2407e-05],
          [1.6295e-05],
          [1.0718e-05],
          [9.9889e-04],
          [2.1646e-05],
          [7.1877e-05],
          [2.3350e-04],
          [1.0967e-05],
          [9.8308e-06],
          [9.7314e-06],
          [9.4602e-06],
          [1.0305e-05],
          [1.0632e-05],
          [3.5513e-04],
          [2.4375e-05],
          [2.5734e-03],
          [1.4068e-05],
          [1.5180e-05],
          [1.9418e-05],
          [1.9833e-05],
          [1.8652e-05],
          [2.1413e-05],
          [1.9119e-05],
          [2.6284e-05],
          [2.4048e-05],
          [2.7756e-05],
          [2.8725e-05],
          [3.3454e-05],
          [2.8554e-04],
          [1.0063e-03],
          [2.5126e-05],
          [2.5817e-05],
          [2.6640e-05],
          [1.8083e-05],
          [1.6338e-05],
          [1.6279e-05],
          [1.4995e-05],
          [1.5119e-05],
          [1.7651e-05],
          [1.3968e-05],
          [1.6370e-05],
          [1.2658e-05],
          [1.5546e-05],
          [1.6103e-05],
          [1.7742e-05],
          [1.5620e-05],
          [1.7554e-05],
          [1.7567e-05],
          [2.0260e-05],
          [1.8949e-05],
          [1.5979e-05],
          [1.6229e-05],
          [1.7751e-05],
          [2.1473e-05],
          [1.7151e-05],
          [2.3207e-05],
          [2.0110e-05],
          [3.0063e-05],
          [1.8612e-05],
          [1.9739e-05],
          [2.2259e-05],
          [1.9473e-05],
          [1.5957e-05],
          [1.5020e-05],
          [1.5008e-05],
          [1.5681e-05],
          [1.4358e-05],
          [2.3983e-05],
          [1.3232e-05],
          [1.6381e-05],
          [1.6719e-05],
          [1.8642e-05],
          [2.4254e-04],
          [5.6720e-05],
          [3.7506e-03],
          [2.6382e-05],
          [2.4055e-05],
          [2.2802e-05],
          [2.0184e-05],
          [1.9090e-05],
          [1.3750e-05],
          [1.1720e-05],
          [1.0577e-05],
          [1.0427e-05],
          [1.1062e-05],
          [1.3296e-05],
          [1.4557e-05],
          [1.9816e-05],
          [1.7996e-05],
          [3.7122e-04],
          [9.3815e-05],
          [2.5221e-03],
          [1.3607e-05],
          [1.1387e-05],
          [1.1005e-05],
          [1.5257e-05],
          [3.0877e-04],
          [1.7966e-03],
          [1.2059e-05],
          [1.1558e-05],
          [1.4169e-05],
          [1.7307e-05],
          [2.2058e-05],
          [2.7878e-05],
          [2.9251e-05],
          [2.5204e-05],
          [2.4460e-05],
          [1.8775e-05],
          [1.6071e-05],
          [1.2918e-05],
          [1.1196e-05],
          [1.0505e-05],
          [1.0764e-05],
          [1.1332e-05],
          [1.2828e-05],
          [2.3134e-05],
          [3.1557e-05],
          [3.8537e-05],
          [3.8123e-05],
          [2.7187e-05],
          [2.9624e-05],
          [2.7930e-05],
          [2.4260e-05],
          [1.5498e-05],
          [2.4243e-04],
          [4.3899e-04],
          [1.7661e-05],
          [1.7081e-05],
          [1.4586e-05],
          [1.5335e-05],
          [2.3490e-05],
          [2.3775e-05],
          [2.1486e-05],
          [1.1555e-04],
          [7.7916e-05],
          [1.7861e-04],
          [1.0082e-03],
          [2.4079e-05],
          [1.9922e-05],
          [1.8565e-05],
          [1.5382e-05],
          [1.3441e-05],
          [3.8827e-04],
          [1.2159e-04],
          [1.7227e-05],
          [7.0734e-05],
          [3.4655e-04],
          [1.9950e-05],
          [2.4024e-04],
          [3.5224e-05],
          [3.3408e-04],
          [1.4879e-05],
          [1.1350e-05],
          [9.8965e-06],
          [1.0485e-05],
          [1.0740e-05],
          [4.7597e-05],
          [7.5824e-06]]]])
