# Using CPU
# Loading Embeddings...
# Making Predictions...
torch.Size([1, 1, 442, 277])
tensor([[[[1.8330e-04],
          [4.6509e-05],
          [1.7506e-04],
          [4.3188e-05],
          [8.0385e-06],
          [3.0140e-04],
          [2.9725e-04],
          [3.2301e-05],
          [2.2238e-04],
          [6.5176e-04],
          [1.1533e-05],
          [1.1647e-05],
          [3.9026e-04],
          [2.0351e-04],
          [7.1663e-05],
          [3.5027e-05],
          [1.4451e-04],
          [2.6093e-05],
          [2.7124e-05],
          [1.8144e-05],
          [4.7831e-04],
          [4.4701e-05],
          [1.5129e-03],
          [1.3953e-05],
          [1.0959e-05],
          [1.3394e-05],
          [1.7638e-05],
          [2.7940e-05],
          [2.9020e-05],
          [3.3757e-05],
          [3.2272e-05],
          [3.7755e-05],
          [3.5720e-05],
          [5.1335e-05],
          [3.4300e-05],
          [3.3382e-05],
          [5.0774e-04],
          [2.9843e-05],
          [2.2721e-04],
          [6.1855e-05],
          [8.7900e-04],
          [1.4435e-05],
          [1.2022e-05],
          [1.4586e-05],
          [1.4771e-05],
          [1.2366e-05],
          [1.4935e-05],
          [3.0712e-05],
          [5.7220e-05],
          [2.0725e-04],
          [7.6554e-04],
          [1.8831e-05],
          [1.4841e-05],
          [3.5159e-04],
          [9.1398e-04],
          [1.0798e-05],
          [1.0243e-05],
          [1.9841e-05],
          [1.6670e-05],
          [1.2907e-05],
          [1.1545e-05],
          [1.0568e-05],
          [3.0298e-04],
          [6.8915e-04],
          [1.1611e-05],
          [1.2814e-05],
          [1.4841e-05],
          [1.4500e-05],
          [1.4248e-05],
          [1.3534e-05],
          [1.2039e-05],
          [2.9136e-04],
          [2.7345e-05],
          [2.3874e-05],
          [1.1737e-05],
          [1.8945e-05],
          [3.1807e-03],
          [1.1107e-05],
          [1.2050e-05],
          [1.0525e-05],
          [2.8093e-04],
          [4.9364e-04],
          [1.2247e-05],
          [1.0622e-05],
          [1.1235e-05],
          [1.2291e-05],
          [1.5439e-05],
          [1.4067e-05],
          [1.3061e-05],
          [1.1430e-05],
          [2.8554e-04],
          [6.8196e-05],
          [6.9078e-04],
          [1.4304e-05],
          [1.4803e-05],
          [2.3188e-05],
          [2.7571e-05],
          [3.2263e-05],
          [3.2677e-05],
          [3.3508e-05],
          [3.0702e-05],
          [2.2745e-05],
          [1.4178e-05],
          [1.4038e-05],
          [1.2554e-05],
          [1.1846e-05],
          [1.1039e-05],
          [1.2714e-05],
          [1.3209e-05],
          [1.5903e-05],
          [1.1986e-05],
          [9.5213e-05],
          [1.5500e-04],
          [2.3539e-05],
          [6.7149e-04],
          [1.3107e-05],
          [1.0305e-05],
          [1.0441e-05],
          [1.0124e-05],
          [1.1147e-05],
          [1.2436e-05],
          [1.0870e-05],
          [1.5581e-05],
          [1.0972e-05],
          [1.2228e-05],
          [1.0785e-05],
          [1.1388e-05],
          [1.1434e-05],
          [1.0853e-05],
          [1.3487e-05],
          [1.2320e-05],
          [5.0050e-04],
          [1.0660e-03],
          [1.9799e-05],
          [1.9681e-05],
          [1.8668e-05],
          [1.7580e-05],
          [1.6098e-05],
          [1.3300e-05],
          [1.2030e-05],
          [1.2479e-05],
          [1.1308e-05],
          [1.1320e-05],
          [1.2098e-05],
          [1.1381e-05],
          [1.2186e-05],
          [1.3627e-05],
          [1.3345e-05],
          [1.4992e-05],
          [1.9734e-05],
          [1.9149e-05],
          [2.3994e-05],
          [2.4792e-05],
          [3.1802e-05],
          [3.5921e-05],
          [4.0042e-05],
          [2.7029e-04],
          [5.5702e-04],
          [1.0636e-04],
          [1.9653e-03],
          [1.5462e-05],
          [1.4368e-05],
          [1.4374e-05],
          [1.4858e-05],
          [1.5237e-05],
          [1.9404e-05],
          [1.8231e-05],
          [1.9760e-05],
          [2.0412e-05],
          [1.7565e-05],
          [1.3944e-05],
          [2.7226e-04],
          [1.2809e-03],
          [1.2468e-05],
          [1.2643e-05],
          [2.1201e-05],
          [1.6069e-05],
          [1.2921e-05],
          [1.9274e-04],
          [3.5651e-05],
          [3.1166e-04],
          [1.1603e-05],
          [1.7540e-05],
          [1.4058e-04],
          [1.5701e-05],
          [8.0924e-04],
          [1.1758e-05],
          [1.1589e-05],
          [1.0809e-05],
          [2.8527e-04],
          [3.8925e-05],
          [1.9011e-03],
          [1.2823e-05],
          [1.4423e-05],
          [1.3598e-05],
          [1.2788e-05],
          [1.5403e-05],
          [1.3735e-05],
          [2.2105e-04],
          [8.2477e-04],
          [1.0948e-05],
          [1.0965e-05],
          [1.4857e-05],
          [1.2981e-05],
          [1.4965e-05],
          [1.7388e-05],
          [1.7693e-05],
          [1.9444e-04],
          [1.2019e-03],
          [1.4990e-05],
          [1.3738e-05],
          [1.3088e-05],
          [1.1539e-05],
          [2.2848e-04],
          [2.9637e-05],
          [1.6014e-05],
          [3.3366e-03],
          [1.2628e-05],
          [1.3899e-05],
          [1.3977e-05],
          [1.7296e-05],
          [1.7732e-05],
          [1.8790e-05],
          [1.5706e-05],
          [1.8976e-05],
          [2.3826e-05],
          [2.5369e-05],
          [2.0493e-05],
          [1.9435e-05],
          [1.6807e-05],
          [1.5578e-05],
          [1.6615e-05],
          [1.5815e-05],
          [1.3737e-05],
          [2.4018e-04],
          [7.7875e-04],
          [1.5070e-05],
          [1.8501e-05],
          [1.8563e-05],
          [2.2544e-05],
          [2.0034e-05],
          [1.9465e-05],
          [1.7848e-05],
          [2.1312e-05],
          [2.3609e-05],
          [1.5141e-05],
          [2.3417e-04],
          [2.1200e-04],
          [2.3866e-05],
          [4.7726e-04],
          [1.1615e-05],
          [1.5433e-04],
          [4.8999e-04],
          [1.6237e-05],
          [2.4192e-05],
          [2.4774e-05],
          [1.9852e-05],
          [2.7551e-05],
          [3.1436e-05],
          [3.1985e-05],
          [2.3241e-05],
          [2.7733e-05],
          [2.1030e-05],
          [2.7713e-05],
          [3.3122e-05],
          [2.8640e-05],
          [3.6712e-05],
          [1.8857e-04],
          [1.3284e-05],
          [2.2522e-05],
          [7.4670e-04],
          [1.3429e-04],
          [1.8639e-05],
          [4.1958e-04],
          [1.5222e-04],
          [4.7334e-05],
          [2.7416e-04],
          [1.2489e-05],
          [1.1392e-05],
          [1.0207e-05],
          [9.1982e-06],
          [9.8643e-06],
          [9.8702e-06],
          [2.6408e-05],
          [1.3254e-05],
          [1.6266e-05],
          [1.2251e-05],
          [3.6533e-04],
          [2.6077e-05],
          [1.0836e-04],
          [2.1808e-04],
          [1.0424e-05],
          [9.4313e-06],
          [1.0922e-05],
          [1.0592e-05],
          [9.7280e-06],
          [1.0081e-05],
          [2.4427e-04],
          [2.7387e-05],
          [2.6049e-03],
          [1.3514e-05],
          [1.3378e-05],
          [1.8125e-05],
          [1.9319e-05],
          [1.9300e-05],
          [2.2965e-05],
          [2.2594e-05],
          [2.7433e-05],
          [2.4916e-05],
          [3.3399e-05],
          [3.1529e-05],
          [3.0801e-05],
          [1.9815e-04],
          [1.1304e-03],
          [2.3036e-05],
          [2.6855e-05],
          [2.2530e-05],
          [1.7702e-05],
          [1.7543e-05],
          [2.1901e-05],
          [2.0144e-05],
          [1.8131e-05],
          [1.5209e-05],
          [1.6275e-05],
          [1.8838e-05],
          [1.3705e-05],
          [1.6621e-05],
          [1.7340e-05],
          [1.9028e-05],
          [1.7416e-05],
          [2.0852e-05],
          [2.3127e-05],
          [2.4289e-05],
          [1.9067e-05],
          [2.0982e-05],
          [2.3343e-05],
          [2.4683e-05],
          [3.0159e-05],
          [2.4793e-05],
          [2.8967e-05],
          [3.1683e-05],
          [3.4372e-05],
          [3.0982e-05],
          [3.3024e-05],
          [3.8462e-05],
          [3.2309e-05],
          [2.5530e-05],
          [2.4331e-05],
          [2.2327e-05],
          [2.2502e-05],
          [1.8192e-05],
          [1.7824e-05],
          [1.9573e-05],
          [2.1080e-05],
          [2.0644e-05],
          [2.3499e-05],
          [1.8177e-04],
          [4.6266e-05],
          [1.8555e-03],
          [3.0432e-05],
          [3.0405e-05],
          [3.1341e-05],
          [2.4504e-05],
          [2.5696e-05],
          [1.6712e-05],
          [1.3801e-05],
          [1.3332e-05],
          [1.3423e-05],
          [1.2943e-05],
          [1.5525e-05],
          [1.7932e-05],
          [1.9541e-05],
          [1.9277e-05],
          [2.1718e-04],
          [8.3634e-05],
          [2.3840e-03],
          [1.2780e-05],
          [1.3105e-05],
          [1.0929e-05],
          [1.0823e-05],
          [2.7676e-04],
          [1.8383e-03],
          [1.2481e-05],
          [1.4451e-05],
          [1.7539e-05],
          [2.5322e-05],
          [2.9164e-05],
          [3.4313e-05],
          [4.4477e-05],
          [3.8622e-05],
          [3.2711e-05],
          [2.8146e-05],
          [2.2261e-05],
          [1.4227e-05],
          [1.1613e-05],
          [1.3025e-05],
          [1.1435e-05],
          [1.3495e-05],
          [1.3192e-05],
          [4.5724e-05],
          [3.4526e-05],
          [4.0183e-05],
          [8.5920e-05],
          [3.4400e-05],
          [3.7878e-05],
          [2.5511e-05],
          [2.1153e-05],
          [1.4715e-05],
          [1.7355e-04],
          [5.5492e-04],
          [1.4812e-05],
          [1.3301e-05],
          [1.3938e-05],
          [1.4616e-05],
          [1.8529e-05],
          [1.7076e-05],
          [2.0090e-05],
          [1.1394e-04],
          [6.5468e-05],
          [1.7620e-04],
          [1.1814e-03],
          [2.9809e-05],
          [2.1883e-05],
          [2.2353e-05],
          [1.4701e-05],
          [1.1696e-05],
          [3.0193e-04],
          [1.2428e-04],
          [2.0383e-05],
          [5.9559e-05],
          [7.9991e-04],
          [1.4116e-05],
          [3.2727e-04],
          [2.2242e-05],
          [2.9654e-04],
          [1.3915e-05],
          [9.6712e-06],
          [8.2969e-06],
          [1.0420e-05],
          [1.0882e-05],
          [3.2457e-05],
          [9.2248e-06]]]])
