# Using CPU
# Loading Embeddings...
# Making Predictions...
torch.Size([1, 1, 442, 257])
tensor([[[[8.5863e-05],
          [2.3621e-05],
          [9.4138e-05],
          [7.0211e-05],
          [1.0042e-05],
          [1.6460e-04],
          [3.7871e-04],
          [3.3167e-05],
          [9.1847e-04],
          [4.2663e-04],
          [1.3497e-05],
          [1.3518e-05],
          [3.0627e-04],
          [1.2413e-04],
          [8.5513e-05],
          [2.5537e-05],
          [9.3539e-05],
          [2.0698e-05],
          [2.4639e-05],
          [3.0357e-05],
          [3.1709e-04],
          [3.0791e-05],
          [5.0426e-04],
          [1.3352e-05],
          [1.5111e-05],
          [2.0620e-05],
          [2.5819e-05],
          [3.8564e-05],
          [4.7884e-05],
          [6.2767e-05],
          [6.3538e-05],
          [7.4139e-05],
          [7.5541e-05],
          [7.8401e-05],
          [5.8719e-05],
          [4.7138e-05],
          [1.2113e-03],
          [4.5167e-05],
          [1.2546e-04],
          [1.1329e-04],
          [3.0382e-04],
          [1.9405e-05],
          [2.0184e-05],
          [2.1795e-05],
          [1.5222e-05],
          [1.6333e-05],
          [1.2495e-05],
          [2.4567e-05],
          [4.4460e-05],
          [1.8238e-04],
          [2.6311e-04],
          [1.5367e-05],
          [1.2594e-05],
          [1.9031e-04],
          [3.1957e-04],
          [1.5903e-05],
          [1.6069e-05],
          [1.8562e-05],
          [1.6953e-05],
          [2.2416e-05],
          [2.2960e-05],
          [1.9487e-05],
          [2.5569e-04],
          [2.3984e-04],
          [1.8391e-05],
          [1.7858e-05],
          [1.7268e-05],
          [1.4616e-05],
          [1.7019e-05],
          [1.4243e-05],
          [1.3391e-05],
          [1.7877e-04],
          [2.6108e-05],
          [1.6578e-05],
          [1.2447e-05],
          [1.6670e-05],
          [1.0278e-03],
          [1.3888e-05],
          [1.3264e-05],
          [1.1542e-05],
          [1.5867e-04],
          [1.5767e-04],
          [1.1468e-05],
          [1.0947e-05],
          [1.2776e-05],
          [1.4561e-05],
          [1.5828e-05],
          [1.5309e-05],
          [1.5540e-05],
          [1.3917e-05],
          [1.6361e-04],
          [4.8086e-05],
          [2.1327e-04],
          [1.3088e-05],
          [1.8796e-05],
          [2.5575e-05],
          [3.3782e-05],
          [3.5758e-05],
          [2.5734e-05],
          [2.6919e-05],
          [2.3601e-05],
          [2.0077e-05],
          [1.3738e-05],
          [1.4701e-05],
          [1.2412e-05],
          [1.5314e-05],
          [1.7086e-05],
          [2.1575e-05],
          [2.3299e-05],
          [2.5367e-05],
          [2.1649e-05],
          [1.1124e-04],
          [9.1052e-05],
          [1.4929e-05],
          [1.9605e-04],
          [1.4712e-05],
          [1.2413e-05],
          [1.1881e-05],
          [1.3188e-05],
          [1.6117e-05],
          [1.4969e-05],
          [1.2536e-05],
          [1.9494e-05],
          [1.2845e-05],
          [1.4398e-05],
          [1.3988e-05],
          [1.5186e-05],
          [1.5617e-05],
          [1.9053e-05],
          [2.0257e-05],
          [1.8552e-05],
          [4.4127e-04],
          [3.4542e-04],
          [2.1273e-05],
          [2.1525e-05],
          [2.2982e-05],
          [1.9779e-05],
          [2.2037e-05],
          [1.9182e-05],
          [1.9155e-05],
          [1.7871e-05],
          [1.4233e-05],
          [1.2024e-05],
          [1.3103e-05],
          [1.4833e-05],
          [1.9183e-05],
          [1.9105e-05],
          [2.8178e-05],
          [3.2092e-05],
          [4.8945e-05],
          [4.9640e-05],
          [4.8444e-05],
          [4.0682e-05],
          [6.5038e-05],
          [5.1029e-05],
          [5.5152e-05],
          [2.9041e-04],
          [2.7559e-04],
          [1.2057e-04],
          [7.1624e-04],
          [1.7410e-05],
          [1.8133e-05],
          [1.7309e-05],
          [2.0535e-05],
          [2.1573e-05],
          [2.5221e-05],
          [2.4370e-05],
          [2.4446e-05],
          [2.8164e-05],
          [2.6500e-05],
          [1.9736e-05],
          [2.2586e-04],
          [4.0027e-04],
          [2.4397e-05],
          [2.7430e-05],
          [2.9731e-05],
          [3.4423e-05],
          [3.1326e-05],
          [1.6151e-04],
          [5.1077e-05],
          [1.6691e-04],
          [1.6057e-05],
          [1.8346e-05],
          [8.8332e-05],
          [1.3475e-05],
          [3.1025e-04],
          [1.2114e-05],
          [1.4237e-05],
          [1.1932e-05],
          [3.3723e-04],
          [3.5076e-05],
          [9.4038e-04],
          [2.1690e-05],
          [2.5642e-05],
          [2.6607e-05],
          [2.7419e-05],
          [2.9407e-05],
          [2.1676e-05],
          [1.7043e-04],
          [2.5637e-04],
          [1.8777e-05],
          [1.6594e-05],
          [1.5157e-05],
          [1.4281e-05],
          [1.5056e-05],
          [1.6968e-05],
          [1.5121e-05],
          [1.4017e-04],
          [4.3740e-04],
          [1.4726e-05],
          [1.4555e-05],
          [1.5872e-05],
          [1.3870e-05],
          [1.6741e-04],
          [3.2117e-05],
          [1.5714e-05],
          [9.9713e-04],
          [1.5855e-05],
          [1.7967e-05],
          [1.3857e-05],
          [1.4898e-05],
          [1.6368e-05],
          [1.4875e-05],
          [1.3221e-05],
          [1.4184e-05],
          [1.5987e-05],
          [1.7481e-05],
          [1.4379e-05],
          [1.4383e-05],
          [1.2173e-05],
          [1.2226e-05],
          [1.3877e-05],
          [1.3394e-05],
          [1.4245e-05],
          [1.5344e-04],
          [2.7885e-04],
          [1.5483e-05],
          [1.7505e-05],
          [1.5468e-05],
          [1.5926e-05],
          [2.2985e-05],
          [1.7511e-05],
          [1.6620e-05],
          [2.4448e-05],
          [2.1333e-05],
          [1.3278e-05],
          [2.1594e-04],
          [1.4022e-04],
          [1.3997e-05],
          [1.5630e-04],
          [1.0251e-05],
          [1.2655e-04],
          [1.9673e-04],
          [1.8720e-05],
          [2.3641e-05],
          [2.6008e-05],
          [2.6619e-05],
          [3.5843e-05],
          [3.9500e-05],
          [5.2828e-05],
          [4.5798e-05],
          [5.8851e-05],
          [6.0225e-05],
          [8.8499e-05],
          [6.5544e-05],
          [6.1233e-05],
          [4.0575e-05],
          [1.5668e-04],
          [2.3093e-05],
          [2.3559e-05],
          [2.4411e-04],
          [1.3988e-04],
          [2.1463e-05],
          [1.5888e-04],
          [8.0752e-05],
          [3.6748e-05],
          [1.5690e-04],
          [1.5371e-05],
          [1.1830e-05],
          [9.1441e-06],
          [1.0060e-05],
          [9.8680e-06],
          [9.5879e-06],
          [3.3143e-05],
          [1.1939e-05],
          [1.5461e-05],
          [1.2709e-05],
          [2.5467e-04],
          [1.9855e-05],
          [6.7479e-05],
          [1.4366e-04],
          [1.3188e-05],
          [1.0112e-05],
          [9.3778e-06],
          [1.0093e-05],
          [9.5695e-06],
          [9.8539e-06],
          [2.1369e-04],
          [2.0576e-05],
          [9.3173e-04],
          [1.3306e-05],
          [1.2731e-05],
          [1.3622e-05],
          [1.4646e-05],
          [1.4029e-05],
          [1.6134e-05],
          [1.5490e-05],
          [1.9315e-05],
          [1.9639e-05],
          [2.4942e-05],
          [2.7672e-05],
          [3.3840e-05],
          [2.1297e-04],
          [4.6864e-04],
          [2.5326e-05],
          [2.2080e-05],
          [2.2064e-05],
          [1.3020e-05],
          [1.2259e-05],
          [1.8705e-05],
          [2.0533e-05],
          [2.0381e-05],
          [1.8083e-05],
          [1.8030e-05],
          [1.6778e-05],
          [1.1329e-05],
          [1.1504e-05],
          [1.1974e-05],
          [1.4652e-05],
          [1.2414e-05],
          [1.3555e-05],
          [1.2438e-05],
          [1.4246e-05],
          [1.3666e-05],
          [1.5089e-05],
          [1.9076e-05],
          [1.7869e-05],
          [2.0104e-05],
          [1.7997e-05],
          [2.4426e-05],
          [2.2664e-05],
          [2.3271e-05],
          [2.3582e-05],
          [3.4328e-05],
          [2.9363e-05],
          [3.6221e-05],
          [1.7658e-05],
          [3.0675e-05],
          [2.7076e-05],
          [1.7156e-05],
          [1.6694e-05],
          [1.3203e-05],
          [1.7816e-05],
          [1.7712e-05],
          [1.5124e-05],
          [1.5620e-05],
          [2.0842e-04],
          [3.8025e-05],
          [9.3528e-04],
          [1.9965e-05],
          [2.1626e-05],
          [1.7710e-05],
          [1.8989e-05],
          [1.6669e-05],
          [1.2199e-05],
          [1.0839e-05],
          [1.0684e-05],
          [1.0080e-05],
          [1.0652e-05],
          [1.1955e-05],
          [1.3783e-05],
          [1.7316e-05],
          [1.8200e-05],
          [2.3410e-04],
          [4.3086e-05],
          [8.2773e-04],
          [1.4305e-05],
          [1.2435e-05],
          [9.4836e-06],
          [1.0672e-05],
          [2.3258e-04],
          [6.7577e-04],
          [1.1237e-05],
          [1.1810e-05],
          [1.5812e-05],
          [2.3964e-05],
          [3.2407e-05],
          [3.9760e-05],
          [4.1526e-05],
          [3.5500e-05],
          [3.1690e-05],
          [2.8051e-05],
          [1.8968e-05],
          [1.6612e-05],
          [1.3480e-05],
          [1.0403e-05],
          [1.2390e-05],
          [1.1910e-05],
          [1.3661e-05],
          [9.0525e-05],
          [3.1217e-05],
          [3.6467e-05],
          [4.5427e-05],
          [2.6471e-05],
          [2.6357e-05],
          [2.3486e-05],
          [2.2106e-05],
          [1.5200e-05],
          [1.4452e-04],
          [2.2484e-04],
          [1.9607e-05],
          [1.5863e-05],
          [1.4617e-05],
          [1.5099e-05],
          [2.7316e-05],
          [2.3376e-05],
          [2.4167e-05],
          [5.5714e-05],
          [4.6845e-05],
          [9.8491e-05],
          [3.0911e-04],
          [1.8852e-05],
          [1.5576e-05],
          [1.5943e-05],
          [1.5629e-05],
          [1.2941e-05],
          [1.8679e-04],
          [1.9097e-04],
          [1.4428e-05],
          [5.6869e-05],
          [2.4055e-04],
          [1.3052e-05],
          [2.0936e-04],
          [2.0657e-05],
          [1.8210e-04],
          [1.5887e-05],
          [1.0705e-05],
          [9.8139e-06],
          [1.2309e-05],
          [4.3039e-05],
          [1.6535e-05],
          [7.3213e-06]]]])
