# Using CPU
# Loading Embeddings...
# Making Predictions...
torch.Size([1, 1, 442, 277])
tensor([[[[1.4812e-04],
          [4.3331e-05],
          [1.4756e-04],
          [4.2215e-05],
          [8.0806e-06],
          [2.9697e-04],
          [3.3375e-04],
          [3.1398e-05],
          [2.4050e-04],
          [6.7628e-04],
          [1.2028e-05],
          [1.1961e-05],
          [2.4980e-04],
          [2.0240e-04],
          [6.8030e-05],
          [3.7143e-05],
          [1.5844e-04],
          [3.0379e-05],
          [3.3601e-05],
          [1.8199e-05],
          [6.8554e-04],
          [4.4656e-05],
          [1.3859e-03],
          [1.3827e-05],
          [1.0906e-05],
          [1.3905e-05],
          [1.7748e-05],
          [2.8265e-05],
          [2.7246e-05],
          [3.3321e-05],
          [3.2156e-05],
          [4.6493e-05],
          [4.0979e-05],
          [4.9493e-05],
          [3.9046e-05],
          [3.8608e-05],
          [4.2150e-04],
          [3.0395e-05],
          [1.9450e-04],
          [6.1128e-05],
          [7.9472e-04],
          [1.7063e-05],
          [1.4741e-05],
          [1.7874e-05],
          [1.4834e-05],
          [1.3622e-05],
          [1.6444e-05],
          [3.3482e-05],
          [6.8522e-05],
          [1.9193e-04],
          [6.7953e-04],
          [1.9126e-05],
          [1.4466e-05],
          [3.3872e-04],
          [8.6426e-04],
          [1.1626e-05],
          [1.1038e-05],
          [2.0323e-05],
          [1.2711e-05],
          [1.4680e-05],
          [1.3646e-05],
          [1.2249e-05],
          [2.7892e-04],
          [5.8931e-04],
          [1.3736e-05],
          [1.3559e-05],
          [1.4283e-05],
          [1.3884e-05],
          [1.3694e-05],
          [1.4159e-05],
          [1.1508e-05],
          [2.3652e-04],
          [2.3311e-05],
          [1.8671e-05],
          [1.0307e-05],
          [1.7836e-05],
          [3.0917e-03],
          [1.1676e-05],
          [1.1594e-05],
          [1.1429e-05],
          [1.6967e-04],
          [4.1970e-04],
          [1.1741e-05],
          [1.0695e-05],
          [1.0700e-05],
          [1.1985e-05],
          [1.3270e-05],
          [1.4039e-05],
          [1.3486e-05],
          [1.2298e-05],
          [3.2123e-04],
          [5.3387e-05],
          [5.6715e-04],
          [1.1682e-05],
          [1.6751e-05],
          [1.9881e-05],
          [2.4726e-05],
          [2.8604e-05],
          [2.9218e-05],
          [3.0956e-05],
          [3.2791e-05],
          [2.1726e-05],
          [1.5109e-05],
          [1.3757e-05],
          [1.0895e-05],
          [1.0843e-05],
          [1.0770e-05],
          [1.1673e-05],
          [1.3078e-05],
          [1.3488e-05],
          [1.3029e-05],
          [8.2242e-05],
          [1.6709e-04],
          [1.8958e-05],
          [5.6966e-04],
          [1.2185e-05],
          [9.7322e-06],
          [9.8249e-06],
          [1.2027e-05],
          [1.0712e-05],
          [1.1676e-05],
          [1.0892e-05],
          [1.5845e-05],
          [1.0990e-05],
          [1.3710e-05],
          [1.0238e-05],
          [1.0537e-05],
          [1.1558e-05],
          [1.1810e-05],
          [1.3098e-05],
          [1.3091e-05],
          [4.3731e-04],
          [9.4036e-04],
          [2.2469e-05],
          [1.8535e-05],
          [1.6689e-05],
          [1.5328e-05],
          [1.6630e-05],
          [1.2945e-05],
          [1.1880e-05],
          [1.1384e-05],
          [1.1181e-05],
          [1.1839e-05],
          [1.2905e-05],
          [1.1708e-05],
          [1.1741e-05],
          [1.2290e-05],
          [1.2873e-05],
          [1.5603e-05],
          [2.4254e-05],
          [2.2018e-05],
          [2.7969e-05],
          [2.5954e-05],
          [2.9306e-05],
          [2.9686e-05],
          [3.5399e-05],
          [2.7547e-04],
          [6.0994e-04],
          [1.1802e-04],
          [2.1216e-03],
          [1.3363e-05],
          [1.1578e-05],
          [1.2793e-05],
          [1.3168e-05],
          [1.3967e-05],
          [1.8815e-05],
          [1.7272e-05],
          [1.9187e-05],
          [1.9859e-05],
          [1.6067e-05],
          [1.3720e-05],
          [2.3461e-04],
          [1.1037e-03],
          [1.3844e-05],
          [1.4308e-05],
          [1.7260e-05],
          [1.8873e-05],
          [1.4611e-05],
          [1.7995e-04],
          [3.5914e-05],
          [2.2796e-04],
          [1.1353e-05],
          [2.0595e-05],
          [1.2265e-04],
          [1.3314e-05],
          [7.4407e-04],
          [1.2065e-05],
          [1.3000e-05],
          [1.0852e-05],
          [2.9761e-04],
          [4.6852e-05],
          [2.2436e-03],
          [1.3484e-05],
          [1.3821e-05],
          [1.4521e-05],
          [1.2220e-05],
          [1.5064e-05],
          [1.4417e-05],
          [1.9353e-04],
          [7.0561e-04],
          [1.1208e-05],
          [1.1661e-05],
          [1.2719e-05],
          [1.1051e-05],
          [1.2805e-05],
          [1.2815e-05],
          [1.4816e-05],
          [2.3283e-04],
          [1.1817e-03],
          [1.4223e-05],
          [1.3740e-05],
          [1.4663e-05],
          [1.2241e-05],
          [2.1095e-04],
          [2.6573e-05],
          [1.6053e-05],
          [3.1592e-03],
          [1.1692e-05],
          [1.4468e-05],
          [1.3267e-05],
          [1.7174e-05],
          [1.3395e-05],
          [1.3579e-05],
          [1.1322e-05],
          [1.3024e-05],
          [1.6442e-05],
          [1.7472e-05],
          [1.4479e-05],
          [1.3502e-05],
          [1.1611e-05],
          [1.1994e-05],
          [1.3491e-05],
          [1.2585e-05],
          [1.5925e-05],
          [2.1596e-04],
          [7.1360e-04],
          [1.3562e-05],
          [1.3989e-05],
          [1.4004e-05],
          [1.6702e-05],
          [3.6918e-05],
          [2.4010e-05],
          [2.2076e-05],
          [2.7541e-05],
          [2.8214e-05],
          [1.7114e-05],
          [2.2947e-04],
          [1.7770e-04],
          [2.2143e-05],
          [3.9323e-04],
          [1.0868e-05],
          [1.4974e-04],
          [4.5266e-04],
          [1.3784e-05],
          [1.9208e-05],
          [1.8706e-05],
          [1.7148e-05],
          [2.1355e-05],
          [2.4023e-05],
          [2.5586e-05],
          [1.9852e-05],
          [2.6248e-05],
          [2.0138e-05],
          [3.0150e-05],
          [2.6447e-05],
          [3.1669e-05],
          [2.8297e-05],
          [2.0623e-04],
          [1.4374e-05],
          [2.2557e-05],
          [6.0752e-04],
          [1.3331e-04],
          [2.0113e-05],
          [3.6652e-04],
          [9.3232e-05],
          [3.6901e-05],
          [2.0175e-04],
          [1.2150e-05],
          [1.1043e-05],
          [9.0685e-06],
          [8.7852e-06],
          [1.0579e-05],
          [1.0784e-05],
          [2.0794e-05],
          [1.2727e-05],
          [1.9623e-05],
          [1.2966e-05],
          [2.9789e-04],
          [2.0828e-05],
          [5.5221e-05],
          [2.3799e-04],
          [9.6331e-06],
          [8.8920e-06],
          [9.5841e-06],
          [9.8483e-06],
          [9.9622e-06],
          [1.0732e-05],
          [2.9628e-04],
          [2.7699e-05],
          [2.6878e-03],
          [1.1785e-05],
          [1.0889e-05],
          [1.3273e-05],
          [1.4396e-05],
          [1.3874e-05],
          [1.6839e-05],
          [1.6946e-05],
          [2.0280e-05],
          [1.9354e-05],
          [2.4693e-05],
          [2.4341e-05],
          [2.4262e-05],
          [1.9274e-04],
          [1.1092e-03],
          [1.7818e-05],
          [2.0124e-05],
          [1.6758e-05],
          [1.3181e-05],
          [1.2796e-05],
          [1.8571e-05],
          [2.1486e-05],
          [2.1019e-05],
          [4.8405e-05],
          [1.5574e-05],
          [1.6815e-05],
          [1.1299e-05],
          [1.1568e-05],
          [1.2466e-05],
          [1.3633e-05],
          [1.2636e-05],
          [1.4769e-05],
          [1.6291e-05],
          [1.7380e-05],
          [1.4496e-05],
          [1.5776e-05],
          [1.7123e-05],
          [1.7424e-05],
          [2.5123e-05],
          [2.1528e-05],
          [3.5141e-05],
          [2.9202e-05],
          [2.8856e-05],
          [2.0934e-05],
          [2.3095e-05],
          [2.5313e-05],
          [2.2176e-05],
          [1.7094e-05],
          [1.6554e-05],
          [1.8138e-05],
          [1.5952e-05],
          [1.4372e-05],
          [1.6265e-05],
          [1.7306e-05],
          [1.5619e-05],
          [1.6992e-05],
          [1.8213e-05],
          [1.4581e-04],
          [5.1104e-05],
          [2.4968e-03],
          [2.2047e-05],
          [2.1731e-05],
          [2.1667e-05],
          [1.8568e-05],
          [1.9648e-05],
          [1.2499e-05],
          [1.0970e-05],
          [1.0441e-05],
          [1.0609e-05],
          [1.1880e-05],
          [1.0911e-05],
          [1.2612e-05],
          [1.5849e-05],
          [1.4622e-05],
          [1.9312e-04],
          [6.8158e-05],
          [2.3530e-03],
          [1.2190e-05],
          [9.6197e-06],
          [9.2949e-06],
          [1.0732e-05],
          [4.2405e-04],
          [1.8550e-03],
          [1.1640e-05],
          [1.0758e-05],
          [1.2806e-05],
          [1.7806e-05],
          [2.0904e-05],
          [2.7904e-05],
          [3.8701e-05],
          [3.6345e-05],
          [2.7859e-05],
          [2.6822e-05],
          [2.1636e-05],
          [1.4908e-05],
          [1.1541e-05],
          [1.1812e-05],
          [1.2965e-05],
          [1.2084e-05],
          [1.2092e-05],
          [5.1092e-05],
          [3.6383e-05],
          [4.5489e-05],
          [7.3323e-05],
          [2.7834e-05],
          [2.6995e-05],
          [2.2089e-05],
          [2.1143e-05],
          [1.3481e-05],
          [1.8904e-04],
          [5.0483e-04],
          [1.6042e-05],
          [1.5387e-05],
          [1.5384e-05],
          [1.5019e-05],
          [1.7569e-05],
          [1.8650e-05],
          [1.8262e-05],
          [8.8561e-05],
          [7.1773e-05],
          [2.2742e-04],
          [1.1305e-03],
          [2.0590e-05],
          [1.5764e-05],
          [1.6511e-05],
          [1.3617e-05],
          [1.1783e-05],
          [2.5021e-04],
          [1.4703e-04],
          [1.3743e-05],
          [4.4349e-05],
          [6.4909e-04],
          [1.4062e-05],
          [2.5339e-04],
          [1.8499e-05],
          [1.7828e-04],
          [1.3517e-05],
          [9.8756e-06],
          [8.1542e-06],
          [1.1952e-05],
          [1.0349e-05],
          [3.2949e-05],
          [9.6079e-06]]]])
