# Using CPU
# Loading Embeddings...
# Making Predictions...
torch.Size([1, 1, 442, 277])
tensor([[[[2.1212e-04],
          [3.9657e-05],
          [1.6639e-04],
          [5.1462e-05],
          [7.8797e-06],
          [2.6679e-04],
          [2.9136e-04],
          [3.3346e-05],
          [1.8788e-04],
          [6.6785e-04],
          [1.1508e-05],
          [1.1629e-05],
          [2.5713e-04],
          [1.9975e-04],
          [5.6762e-05],
          [3.0445e-05],
          [9.9494e-05],
          [2.3043e-05],
          [2.5527e-05],
          [1.6458e-05],
          [3.2195e-04],
          [4.3777e-05],
          [1.4388e-03],
          [1.4089e-05],
          [1.0946e-05],
          [1.3506e-05],
          [1.8097e-05],
          [2.8941e-05],
          [3.0035e-05],
          [3.4802e-05],
          [3.3681e-05],
          [3.8884e-05],
          [3.6659e-05],
          [5.7163e-05],
          [3.4041e-05],
          [3.2864e-05],
          [3.6154e-04],
          [2.9261e-05],
          [2.1424e-04],
          [6.1221e-05],
          [8.4926e-04],
          [1.4497e-05],
          [1.2026e-05],
          [1.4422e-05],
          [1.4848e-05],
          [1.1711e-05],
          [1.7001e-05],
          [3.7425e-05],
          [6.9225e-05],
          [1.7234e-04],
          [7.3800e-04],
          [2.0191e-05],
          [1.4979e-05],
          [2.9851e-04],
          [8.9224e-04],
          [1.0551e-05],
          [1.0866e-05],
          [2.1157e-05],
          [1.3342e-05],
          [1.3514e-05],
          [1.2204e-05],
          [1.0545e-05],
          [2.3744e-04],
          [6.3985e-04],
          [1.2385e-05],
          [1.2821e-05],
          [1.4766e-05],
          [1.4526e-05],
          [1.4275e-05],
          [1.3840e-05],
          [1.1486e-05],
          [2.3082e-04],
          [2.0559e-05],
          [2.1561e-05],
          [1.0449e-05],
          [1.6472e-05],
          [3.0687e-03],
          [1.0623e-05],
          [1.2106e-05],
          [1.0593e-05],
          [1.5129e-04],
          [4.5232e-04],
          [1.1843e-05],
          [1.0869e-05],
          [1.1612e-05],
          [1.3245e-05],
          [1.5488e-05],
          [1.4446e-05],
          [1.3786e-05],
          [1.2324e-05],
          [2.2981e-04],
          [4.2243e-05],
          [6.2534e-04],
          [1.1639e-05],
          [1.7190e-05],
          [2.0534e-05],
          [2.6449e-05],
          [3.0280e-05],
          [3.0252e-05],
          [3.2012e-05],
          [3.0286e-05],
          [2.2715e-05],
          [1.4170e-05],
          [1.3594e-05],
          [1.1290e-05],
          [1.1986e-05],
          [1.1734e-05],
          [1.4398e-05],
          [1.5015e-05],
          [1.7958e-05],
          [1.3209e-05],
          [8.9847e-05],
          [1.3074e-04],
          [2.4203e-05],
          [6.1544e-04],
          [1.2193e-05],
          [1.0153e-05],
          [1.0149e-05],
          [9.8989e-06],
          [1.1886e-05],
          [1.2651e-05],
          [1.0603e-05],
          [1.4398e-05],
          [1.0774e-05],
          [1.1921e-05],
          [1.1491e-05],
          [1.1379e-05],
          [1.1604e-05],
          [1.1039e-05],
          [1.4014e-05],
          [1.3114e-05],
          [3.3248e-04],
          [9.8716e-04],
          [2.5427e-05],
          [1.9272e-05],
          [1.7703e-05],
          [1.5554e-05],
          [1.5478e-05],
          [1.3074e-05],
          [1.2980e-05],
          [1.1957e-05],
          [1.2328e-05],
          [1.1495e-05],
          [1.2833e-05],
          [1.2026e-05],
          [1.1964e-05],
          [1.2399e-05],
          [1.4529e-05],
          [1.6220e-05],
          [2.5612e-05],
          [2.1903e-05],
          [2.7233e-05],
          [2.7995e-05],
          [3.6258e-05],
          [4.1936e-05],
          [4.6583e-05],
          [3.2196e-04],
          [5.9545e-04],
          [1.2210e-04],
          [2.0504e-03],
          [1.5773e-05],
          [1.4095e-05],
          [1.4481e-05],
          [1.5619e-05],
          [1.5630e-05],
          [1.8923e-05],
          [1.9502e-05],
          [2.1651e-05],
          [2.2122e-05],
          [1.8509e-05],
          [1.4007e-05],
          [2.3259e-04],
          [1.1987e-03],
          [1.2926e-05],
          [1.3583e-05],
          [1.8501e-05],
          [1.7714e-05],
          [1.2736e-05],
          [1.6368e-04],
          [3.8148e-05],
          [2.6867e-04],
          [1.2744e-05],
          [1.8774e-05],
          [1.1679e-04],
          [1.5531e-05],
          [7.7682e-04],
          [1.3011e-05],
          [1.1611e-05],
          [1.0732e-05],
          [2.5836e-04],
          [3.9588e-05],
          [1.8930e-03],
          [1.3214e-05],
          [1.3883e-05],
          [1.4266e-05],
          [1.2665e-05],
          [1.5666e-05],
          [1.3301e-05],
          [1.7796e-04],
          [7.5475e-04],
          [1.1180e-05],
          [1.0971e-05],
          [1.4894e-05],
          [1.2882e-05],
          [1.5148e-05],
          [1.7186e-05],
          [1.7598e-05],
          [1.6899e-04],
          [1.2284e-03],
          [1.5019e-05],
          [1.3337e-05],
          [1.3648e-05],
          [1.2305e-05],
          [1.9618e-04],
          [2.4622e-05],
          [1.5936e-05],
          [3.2309e-03],
          [1.2197e-05],
          [1.3882e-05],
          [1.4268e-05],
          [1.7204e-05],
          [1.8693e-05],
          [1.9351e-05],
          [1.6010e-05],
          [1.8879e-05],
          [2.3332e-05],
          [2.4930e-05],
          [1.9859e-05],
          [1.8360e-05],
          [1.5576e-05],
          [1.5246e-05],
          [1.6178e-05],
          [1.5430e-05],
          [1.4605e-05],
          [2.0738e-04],
          [7.5484e-04],
          [1.5323e-05],
          [1.8521e-05],
          [1.8940e-05],
          [2.2734e-05],
          [2.0012e-05],
          [1.8357e-05],
          [1.7223e-05],
          [2.4036e-05],
          [2.1154e-05],
          [1.5387e-05],
          [1.8690e-04],
          [1.3018e-04],
          [2.4407e-05],
          [4.4059e-04],
          [1.1221e-05],
          [1.3394e-04],
          [4.7014e-04],
          [1.6400e-05],
          [2.5017e-05],
          [2.4848e-05],
          [2.0726e-05],
          [2.9434e-05],
          [3.4857e-05],
          [3.4016e-05],
          [2.5877e-05],
          [2.8090e-05],
          [2.1871e-05],
          [2.8757e-05],
          [3.1823e-05],
          [3.0263e-05],
          [3.5270e-05],
          [1.8377e-04],
          [1.2186e-05],
          [2.0435e-05],
          [6.7875e-04],
          [1.4708e-04],
          [1.9484e-05],
          [3.8398e-04],
          [1.2706e-04],
          [5.0392e-05],
          [2.6855e-04],
          [1.2196e-05],
          [1.1677e-05],
          [1.0453e-05],
          [9.2258e-06],
          [1.0262e-05],
          [1.0195e-05],
          [2.5776e-05],
          [1.2408e-05],
          [1.4985e-05],
          [1.1434e-05],
          [2.6366e-04],
          [2.0248e-05],
          [9.9382e-05],
          [2.2980e-04],
          [1.0582e-05],
          [9.3982e-06],
          [1.0944e-05],
          [1.0870e-05],
          [1.0024e-05],
          [1.0237e-05],
          [2.0200e-04],
          [2.7609e-05],
          [2.6103e-03],
          [1.3407e-05],
          [1.3533e-05],
          [1.8160e-05],
          [1.9712e-05],
          [1.9402e-05],
          [2.3372e-05],
          [2.2865e-05],
          [2.7767e-05],
          [2.6007e-05],
          [3.4692e-05],
          [3.3073e-05],
          [3.2000e-05],
          [1.7420e-04],
          [1.1262e-03],
          [2.4048e-05],
          [2.6706e-05],
          [2.1354e-05],
          [1.7516e-05],
          [1.7231e-05],
          [2.1196e-05],
          [2.2050e-05],
          [1.8166e-05],
          [1.5127e-05],
          [1.6243e-05],
          [1.9118e-05],
          [1.3688e-05],
          [1.7037e-05],
          [1.8069e-05],
          [1.9371e-05],
          [1.7078e-05],
          [2.0547e-05],
          [2.2648e-05],
          [2.4041e-05],
          [1.8941e-05],
          [2.0858e-05],
          [2.3264e-05],
          [2.4499e-05],
          [2.9855e-05],
          [2.4751e-05],
          [3.2193e-05],
          [3.5505e-05],
          [3.7104e-05],
          [3.0306e-05],
          [3.2808e-05],
          [3.6050e-05],
          [3.4855e-05],
          [2.4379e-05],
          [2.5841e-05],
          [2.2801e-05],
          [2.1906e-05],
          [1.8346e-05],
          [2.0153e-05],
          [2.0576e-05],
          [2.3857e-05],
          [1.9961e-05],
          [2.3369e-05],
          [1.6318e-04],
          [4.8731e-05],
          [2.0003e-03],
          [2.9899e-05],
          [2.9919e-05],
          [3.1982e-05],
          [2.3735e-05],
          [2.5554e-05],
          [1.6709e-05],
          [1.3547e-05],
          [1.3336e-05],
          [1.3148e-05],
          [1.2517e-05],
          [1.5022e-05],
          [1.7311e-05],
          [2.0141e-05],
          [1.9119e-05],
          [2.0518e-04],
          [6.0105e-05],
          [2.4041e-03],
          [1.3150e-05],
          [1.2885e-05],
          [1.0844e-05],
          [1.0554e-05],
          [2.0541e-04],
          [1.8324e-03],
          [1.1709e-05],
          [1.2823e-05],
          [1.6589e-05],
          [2.2998e-05],
          [2.6635e-05],
          [3.2856e-05],
          [4.9301e-05],
          [3.9237e-05],
          [3.3620e-05],
          [2.8283e-05],
          [2.1952e-05],
          [1.4155e-05],
          [1.1526e-05],
          [1.3003e-05],
          [1.1659e-05],
          [1.3227e-05],
          [1.2806e-05],
          [4.4089e-05],
          [3.3705e-05],
          [4.1977e-05],
          [7.6576e-05],
          [3.4519e-05],
          [3.7139e-05],
          [2.5697e-05],
          [2.0541e-05],
          [1.3807e-05],
          [1.3340e-04],
          [5.6099e-04],
          [1.4339e-05],
          [1.3384e-05],
          [1.3760e-05],
          [1.5280e-05],
          [2.0837e-05],
          [1.8352e-05],
          [2.1878e-05],
          [1.0327e-04],
          [6.8128e-05],
          [1.3883e-04],
          [1.2489e-03],
          [2.9135e-05],
          [2.1600e-05],
          [2.1318e-05],
          [1.4402e-05],
          [1.1303e-05],
          [2.7449e-04],
          [1.1704e-04],
          [2.3269e-05],
          [6.9561e-05],
          [7.2179e-04],
          [1.4257e-05],
          [2.4579e-04],
          [1.8930e-05],
          [3.1684e-04],
          [1.4392e-05],
          [9.6932e-06],
          [8.5003e-06],
          [1.0947e-05],
          [1.0733e-05],
          [3.0203e-05],
          [9.2196e-06]]]])
