# Using CPU
# Loading Embeddings...
# Making Predictions...
torch.Size([1, 1, 442, 255])
tensor([[[[8.6973e-05],
          [2.3922e-05],
          [9.1685e-05],
          [6.8211e-05],
          [9.4688e-06],
          [6.4511e-04],
          [1.8776e-03],
          [3.1387e-05],
          [4.8222e-04],
          [2.0301e-03],
          [2.1171e-05],
          [2.0103e-05],
          [7.9761e-04],
          [2.2611e-04],
          [2.6006e-05],
          [1.3791e-05],
          [1.5959e-05],
          [1.5801e-05],
          [2.2448e-05],
          [3.1069e-05],
          [1.2776e-03],
          [2.6653e-05],
          [8.0946e-04],
          [1.4982e-05],
          [2.0397e-05],
          [2.6775e-05],
          [3.4550e-05],
          [5.1174e-05],
          [5.3799e-05],
          [6.9058e-05],
          [6.6129e-05],
          [7.8197e-05],
          [7.0661e-05],
          [7.7794e-05],
          [5.9139e-05],
          [5.5541e-05],
          [1.7123e-03],
          [4.7879e-05],
          [2.7411e-04],
          [2.6831e-04],
          [7.3508e-04],
          [2.3636e-05],
          [2.2247e-05],
          [2.5560e-05],
          [1.9705e-05],
          [1.8872e-05],
          [1.6093e-05],
          [1.4710e-05],
          [1.5498e-05],
          [4.3708e-04],
          [5.1430e-04],
          [1.2826e-05],
          [1.9300e-05],
          [8.8890e-04],
          [9.6951e-04],
          [1.7461e-05],
          [1.8506e-05],
          [1.8594e-05],
          [2.2816e-05],
          [2.8305e-05],
          [2.8060e-05],
          [2.5815e-05],
          [8.8891e-04],
          [3.1627e-04],
          [2.0746e-05],
          [1.9939e-05],
          [1.7064e-05],
          [1.4713e-05],
          [1.6890e-05],
          [1.6650e-05],
          [1.6953e-05],
          [6.1394e-04],
          [2.9312e-05],
          [3.1834e-05],
          [1.9311e-05],
          [3.0924e-05],
          [3.0846e-03],
          [1.5325e-05],
          [1.6064e-05],
          [1.3515e-05],
          [4.0668e-04],
          [1.5827e-04],
          [1.3932e-05],
          [1.4570e-05],
          [1.6148e-05],
          [2.0258e-05],
          [2.0689e-05],
          [2.3224e-05],
          [2.0161e-05],
          [1.8350e-05],
          [6.8689e-04],
          [3.4578e-05],
          [2.3591e-04],
          [1.4616e-05],
          [2.6965e-05],
          [3.1608e-05],
          [3.7261e-05],
          [5.2429e-05],
          [4.3206e-05],
          [4.6689e-05],
          [4.1487e-05],
          [2.8590e-05],
          [1.8379e-05],
          [1.5338e-05],
          [1.6677e-05],
          [2.2311e-05],
          [2.6362e-05],
          [3.2583e-05],
          [3.2578e-05],
          [3.3073e-05],
          [3.0415e-05],
          [2.3002e-04],
          [1.9921e-04],
          [2.2295e-05],
          [2.3865e-04],
          [1.9675e-05],
          [1.5353e-05],
          [1.2150e-05],
          [1.5358e-05],
          [1.7393e-05],
          [1.6677e-05],
          [1.4506e-05],
          [2.2395e-05],
          [1.3259e-05],
          [1.6426e-05],
          [1.6497e-05],
          [2.0540e-05],
          [1.9467e-05],
          [2.4993e-05],
          [2.6160e-05],
          [2.6379e-05],
          [7.4697e-04],
          [3.9582e-04],
          [2.5289e-05],
          [3.1730e-05],
          [2.2745e-05],
          [1.8787e-05],
          [1.7688e-05],
          [1.5290e-05],
          [1.6899e-05],
          [1.5477e-05],
          [1.5491e-05],
          [1.2714e-05],
          [1.5659e-05],
          [1.9324e-05],
          [2.6498e-05],
          [2.7845e-05],
          [3.9022e-05],
          [4.8054e-05],
          [6.3209e-05],
          [6.3329e-05],
          [5.2837e-05],
          [5.9004e-05],
          [4.5329e-05],
          [4.3544e-05],
          [3.9938e-05],
          [6.0955e-04],
          [1.0019e-03],
          [3.2367e-04],
          [1.9943e-03],
          [3.4296e-05],
          [1.6783e-05],
          [1.7021e-05],
          [1.9346e-05],
          [1.9417e-05],
          [2.5627e-05],
          [2.0220e-05],
          [2.3073e-05],
          [2.1826e-05],
          [2.5642e-05],
          [2.0753e-05],
          [6.2772e-04],
          [1.2539e-03],
          [2.8552e-05],
          [3.8602e-05],
          [4.4981e-05],
          [4.2528e-05],
          [4.1115e-05],
          [5.1963e-04],
          [3.3453e-05],
          [3.3703e-04],
          [2.1736e-05],
          [1.8311e-05],
          [3.0059e-04],
          [1.5272e-05],
          [2.2877e-04],
          [2.9697e-05],
          [3.1522e-05],
          [2.1143e-05],
          [1.1106e-03],
          [2.6169e-05],
          [4.4172e-03],
          [2.2652e-05],
          [2.8896e-05],
          [3.0985e-05],
          [3.1586e-05],
          [3.3213e-05],
          [3.2784e-05],
          [4.5351e-04],
          [3.5327e-04],
          [2.3878e-05],
          [2.0986e-05],
          [1.8562e-05],
          [1.6220e-05],
          [1.6514e-05],
          [2.0197e-05],
          [2.1380e-05],
          [5.8580e-04],
          [1.0521e-03],
          [1.6139e-05],
          [1.4771e-05],
          [1.5983e-05],
          [1.6362e-05],
          [6.1570e-04],
          [4.1090e-05],
          [2.1998e-05],
          [1.9259e-03],
          [1.6691e-05],
          [1.4407e-05],
          [1.4082e-05],
          [1.3692e-05],
          [1.5500e-05],
          [1.4296e-05],
          [1.2519e-05],
          [1.2015e-05],
          [2.1913e-05],
          [1.4089e-05],
          [1.3694e-05],
          [1.2650e-05],
          [1.0113e-05],
          [1.0722e-05],
          [1.1701e-05],
          [1.2243e-05],
          [1.3671e-05],
          [6.7388e-04],
          [4.9234e-04],
          [1.4843e-05],
          [1.7860e-05],
          [1.4089e-05],
          [2.1026e-05],
          [6.2082e-05],
          [3.1096e-05],
          [2.3617e-05],
          [2.7364e-05],
          [2.4970e-05],
          [1.6748e-05],
          [5.6151e-04],
          [1.0172e-04],
          [1.7655e-05],
          [2.2887e-04],
          [1.2655e-05],
          [3.2902e-04],
          [3.0650e-04],
          [1.9759e-05],
          [2.2938e-05],
          [2.5812e-05],
          [2.7990e-05],
          [3.7565e-05],
          [4.1151e-05],
          [5.3687e-05],
          [5.6961e-05],
          [8.1834e-05],
          [9.4764e-05],
          [8.4338e-05],
          [9.8731e-05],
          [1.1957e-04],
          [9.5161e-05],
          [3.1314e-04],
          [3.6229e-05],
          [3.1751e-05],
          [4.1281e-04],
          [3.1802e-04],
          [3.3743e-05],
          [5.1248e-04],
          [2.5269e-04],
          [3.1253e-05],
          [2.3906e-04],
          [1.4395e-05],
          [1.2576e-05],
          [1.2045e-05],
          [1.0906e-05],
          [1.0166e-05],
          [1.1338e-05],
          [3.6180e-05],
          [1.8632e-05],
          [2.5590e-05],
          [1.9903e-05],
          [4.9099e-04],
          [3.0919e-05],
          [1.0219e-04],
          [1.7003e-04],
          [1.1507e-05],
          [1.1516e-05],
          [1.1584e-05],
          [1.1049e-05],
          [1.0876e-05],
          [1.1618e-05],
          [7.9259e-04],
          [2.4098e-05],
          [1.7774e-03],
          [1.4132e-05],
          [1.5039e-05],
          [1.3751e-05],
          [1.3608e-05],
          [1.4248e-05],
          [1.3837e-05],
          [1.4547e-05],
          [1.6060e-05],
          [1.6986e-05],
          [2.0199e-05],
          [2.7034e-05],
          [2.8199e-05],
          [6.7868e-04],
          [9.1118e-04],
          [2.3187e-05],
          [1.8348e-05],
          [1.5334e-05],
          [1.1637e-05],
          [1.3570e-05],
          [1.7454e-05],
          [1.8631e-05],
          [1.5562e-05],
          [1.5507e-05],
          [1.6434e-05],
          [1.6656e-05],
          [1.4350e-05],
          [1.3813e-05],
          [1.4445e-05],
          [1.3467e-05],
          [1.3873e-05],
          [1.5191e-05],
          [1.5636e-05],
          [1.4773e-05],
          [1.3084e-05],
          [1.3398e-05],
          [1.5604e-05],
          [1.6863e-05],
          [1.9774e-05],
          [1.7769e-05],
          [2.6518e-05],
          [2.8494e-05],
          [2.9947e-05],
          [1.7940e-05],
          [2.3220e-05],
          [1.8747e-05],
          [2.0829e-05],
          [1.4008e-05],
          [1.8589e-05],
          [1.3767e-05],
          [1.5427e-05],
          [1.5379e-05],
          [5.3620e-05],
          [1.2745e-05],
          [1.4452e-05],
          [1.4838e-05],
          [1.5213e-05],
          [5.5779e-04],
          [3.9599e-05],
          [4.8483e-03],
          [1.6747e-05],
          [1.8206e-05],
          [1.5577e-05],
          [1.6633e-05],
          [1.5998e-05],
          [1.3570e-05],
          [1.3878e-05],
          [1.2217e-05],
          [1.3264e-05],
          [1.3205e-05],
          [1.3830e-05],
          [1.2748e-05],
          [1.3692e-05],
          [1.4231e-05],
          [7.2635e-04],
          [1.0294e-04],
          [1.8493e-03],
          [1.2954e-05],
          [1.2137e-05],
          [1.0843e-05],
          [1.1537e-05],
          [8.4097e-04],
          [1.0832e-03],
          [1.2417e-05],
          [1.2371e-05],
          [1.2070e-05],
          [1.9208e-05],
          [1.7128e-05],
          [2.1091e-05],
          [2.8278e-05],
          [2.3651e-05],
          [2.2332e-05],
          [2.5524e-05],
          [2.4972e-05],
          [2.0572e-05],
          [1.6815e-05],
          [1.6885e-05],
          [1.4702e-05],
          [1.2651e-05],
          [1.2478e-05],
          [2.6085e-05],
          [4.6207e-05],
          [5.9551e-05],
          [5.7431e-05],
          [4.2641e-05],
          [3.5894e-05],
          [2.3554e-05],
          [2.4293e-05],
          [2.0554e-05],
          [3.7571e-04],
          [4.1520e-04],
          [2.0944e-05],
          [1.9985e-05],
          [1.6409e-05],
          [1.4621e-05],
          [1.4963e-05],
          [1.7276e-05],
          [1.8066e-05],
          [2.0127e-04],
          [1.6943e-04],
          [5.0125e-04],
          [9.5727e-04],
          [1.7437e-05],
          [1.5870e-05],
          [2.1018e-05],
          [1.7109e-05],
          [1.6955e-05],
          [4.2137e-04],
          [7.5693e-05],
          [1.7168e-05],
          [7.0163e-05],
          [1.4393e-04],
          [2.1532e-05],
          [3.6459e-04],
          [1.8048e-05],
          [3.8151e-04],
          [1.8826e-05],
          [1.5041e-05],
          [1.2612e-05],
          [1.2722e-05],
          [1.1711e-05],
          [1.3265e-04],
          [6.8348e-06]]]])
