# Using CPU
# Loading Embeddings...
# Making Predictions...
torch.Size([1, 1, 442, 262])
tensor([[[[2.6822e-04],
          [3.9362e-05],
          [1.3101e-04],
          [2.1292e-05],
          [1.0867e-05],
          [3.5032e-04],
          [1.1467e-03],
          [1.4921e-05],
          [2.9142e-04],
          [1.1633e-03],
          [1.8980e-05],
          [1.7949e-05],
          [5.3832e-04],
          [2.1285e-04],
          [1.6952e-05],
          [1.2110e-05],
          [1.0681e-05],
          [1.3245e-05],
          [1.7290e-05],
          [1.6462e-05],
          [4.0298e-04],
          [2.4649e-05],
          [5.4873e-04],
          [1.7980e-05],
          [1.9648e-05],
          [2.6888e-05],
          [3.4836e-05],
          [5.4953e-05],
          [5.8716e-05],
          [7.9660e-05],
          [7.4923e-05],
          [8.3592e-05],
          [7.7144e-05],
          [8.1763e-05],
          [6.2285e-05],
          [5.2966e-05],
          [1.6920e-03],
          [7.4092e-05],
          [2.2763e-04],
          [2.0126e-04],
          [4.7027e-04],
          [2.2948e-05],
          [2.2783e-05],
          [2.4462e-05],
          [1.9144e-05],
          [1.9493e-05],
          [1.4900e-05],
          [1.6059e-05],
          [1.7591e-05],
          [5.1203e-04],
          [3.7622e-04],
          [1.3105e-05],
          [1.1655e-05],
          [3.7896e-04],
          [6.1000e-04],
          [1.7872e-05],
          [1.9059e-05],
          [1.7731e-05],
          [2.1822e-05],
          [2.6769e-05],
          [2.6679e-05],
          [2.6930e-05],
          [7.7655e-04],
          [2.4170e-04],
          [2.0697e-05],
          [1.9400e-05],
          [1.7193e-05],
          [1.6482e-05],
          [1.7527e-05],
          [1.5449e-05],
          [1.6013e-05],
          [4.5324e-04],
          [2.9319e-05],
          [2.4700e-05],
          [1.8983e-05],
          [1.8163e-05],
          [1.6939e-03],
          [1.6887e-05],
          [1.6144e-05],
          [1.4898e-05],
          [5.8801e-04],
          [1.6091e-04],
          [1.2298e-05],
          [1.4203e-05],
          [1.6831e-05],
          [1.9630e-05],
          [2.1151e-05],
          [2.2468e-05],
          [1.9331e-05],
          [1.7561e-05],
          [2.8095e-04],
          [1.5272e-04],
          [2.3802e-04],
          [1.6316e-05],
          [2.3088e-05],
          [2.6947e-05],
          [2.5774e-05],
          [3.6911e-05],
          [2.3463e-05],
          [2.2699e-05],
          [2.1981e-05],
          [2.1315e-05],
          [1.3194e-05],
          [1.2413e-05],
          [1.6002e-05],
          [2.2404e-05],
          [2.6543e-05],
          [3.1415e-05],
          [3.2723e-05],
          [3.4332e-05],
          [2.8858e-05],
          [1.1598e-04],
          [3.4178e-04],
          [3.3832e-05],
          [2.1097e-04],
          [2.2567e-05],
          [1.7887e-05],
          [1.3808e-05],
          [1.5084e-05],
          [1.7491e-05],
          [1.8372e-05],
          [1.4364e-05],
          [1.6041e-05],
          [1.2988e-05],
          [1.6288e-05],
          [1.5642e-05],
          [1.8767e-05],
          [1.8766e-05],
          [2.5284e-05],
          [2.4650e-05],
          [2.6742e-05],
          [7.0356e-04],
          [3.3300e-04],
          [2.8080e-05],
          [3.6659e-05],
          [2.9192e-05],
          [2.6801e-05],
          [2.4939e-05],
          [1.9800e-05],
          [2.1908e-05],
          [1.7546e-05],
          [1.7430e-05],
          [1.2534e-05],
          [1.5191e-05],
          [1.8045e-05],
          [2.5215e-05],
          [2.7164e-05],
          [3.8881e-05],
          [4.6265e-05],
          [7.0107e-05],
          [6.8854e-05],
          [6.3454e-05],
          [7.1288e-05],
          [6.5605e-05],
          [5.4827e-05],
          [5.0778e-05],
          [4.0771e-04],
          [5.7063e-04],
          [1.6574e-04],
          [1.1145e-03],
          [1.8118e-05],
          [1.7919e-05],
          [1.7056e-05],
          [1.9341e-05],
          [2.0258e-05],
          [2.9238e-05],
          [2.2054e-05],
          [2.3438e-05],
          [2.4058e-05],
          [2.7762e-05],
          [2.2720e-05],
          [5.0541e-04],
          [8.4351e-04],
          [3.0240e-05],
          [4.1829e-05],
          [6.2264e-05],
          [4.5648e-05],
          [4.2860e-05],
          [5.5577e-04],
          [6.2174e-05],
          [3.0594e-04],
          [2.0293e-05],
          [1.5723e-05],
          [3.2458e-04],
          [2.2434e-05],
          [2.5982e-04],
          [2.2138e-05],
          [2.6048e-05],
          [2.5058e-05],
          [3.4816e-04],
          [3.5821e-05],
          [2.4363e-03],
          [2.3711e-05],
          [3.0048e-05],
          [3.1902e-05],
          [3.1792e-05],
          [3.4839e-05],
          [3.4545e-05],
          [5.0489e-04],
          [2.6661e-04],
          [2.3197e-05],
          [1.9989e-05],
          [1.8738e-05],
          [1.8101e-05],
          [2.6863e-05],
          [3.3873e-05],
          [3.5905e-05],
          [7.5271e-04],
          [6.4979e-04],
          [3.4209e-05],
          [2.5100e-05],
          [2.3044e-05],
          [1.5861e-05],
          [6.4803e-04],
          [4.5449e-05],
          [2.3781e-05],
          [1.0769e-03],
          [1.8100e-05],
          [1.5488e-05],
          [1.5549e-05],
          [1.4957e-05],
          [1.7707e-05],
          [1.9717e-05],
          [1.5540e-05],
          [1.3742e-05],
          [1.6570e-05],
          [1.5415e-05],
          [1.4533e-05],
          [1.3894e-05],
          [1.8864e-05],
          [1.4198e-05],
          [1.5181e-05],
          [1.4093e-05],
          [1.7477e-05],
          [4.8341e-04],
          [3.4142e-04],
          [2.0027e-05],
          [1.8092e-05],
          [2.0185e-05],
          [2.6051e-05],
          [3.0519e-05],
          [2.2978e-05],
          [2.0871e-05],
          [6.7043e-05],
          [2.5333e-05],
          [1.2582e-05],
          [2.0159e-04],
          [5.8743e-04],
          [3.1076e-05],
          [2.7581e-04],
          [1.1944e-05],
          [2.1855e-04],
          [2.1785e-04],
          [2.2757e-05],
          [2.5842e-05],
          [2.7444e-05],
          [2.5889e-05],
          [3.3660e-05],
          [3.5481e-05],
          [5.2534e-05],
          [5.6189e-05],
          [8.8075e-05],
          [1.0222e-04],
          [1.1929e-04],
          [2.2680e-04],
          [1.4411e-04],
          [1.9018e-04],
          [7.9048e-04],
          [5.1716e-05],
          [5.9113e-05],
          [3.0781e-04],
          [2.3156e-04],
          [3.5424e-05],
          [3.7755e-04],
          [2.1703e-04],
          [5.7124e-05],
          [2.3684e-04],
          [1.5413e-05],
          [1.3071e-05],
          [1.2575e-05],
          [1.5702e-05],
          [1.1441e-05],
          [1.3867e-05],
          [2.2842e-05],
          [1.6500e-05],
          [2.2084e-05],
          [2.0683e-05],
          [1.1544e-03],
          [4.4077e-05],
          [1.8085e-04],
          [1.0952e-04],
          [1.1816e-05],
          [1.1682e-05],
          [1.1164e-05],
          [1.1042e-05],
          [1.2103e-05],
          [1.4526e-05],
          [3.9704e-04],
          [3.0449e-05],
          [1.0288e-03],
          [1.4326e-05],
          [1.1923e-05],
          [1.4920e-05],
          [1.4523e-05],
          [1.4682e-05],
          [1.4403e-05],
          [1.4791e-05],
          [1.7336e-05],
          [1.9205e-05],
          [2.4022e-05],
          [2.6905e-05],
          [3.2919e-05],
          [6.0042e-04],
          [5.7219e-04],
          [2.5086e-05],
          [2.0139e-05],
          [1.4789e-05],
          [1.1975e-05],
          [1.6297e-05],
          [2.2308e-05],
          [2.3078e-05],
          [2.3351e-05],
          [2.5543e-05],
          [3.0710e-05],
          [3.1480e-05],
          [2.6031e-05],
          [2.1055e-05],
          [2.2041e-05],
          [2.0584e-05],
          [2.4622e-05],
          [2.6457e-05],
          [2.6764e-05],
          [2.5270e-05],
          [2.6748e-05],
          [2.1412e-05],
          [2.3012e-05],
          [2.4263e-05],
          [2.4868e-05],
          [2.6091e-05],
          [3.0131e-05],
          [3.5080e-05],
          [3.1263e-05],
          [3.2533e-05],
          [3.2079e-05],
          [3.2609e-05],
          [3.2908e-05],
          [2.8786e-05],
          [2.4079e-05],
          [2.6416e-05],
          [2.6381e-05],
          [2.3432e-05],
          [1.7048e-05],
          [1.4713e-05],
          [1.4111e-05],
          [1.8102e-05],
          [1.6905e-05],
          [2.2509e-04],
          [3.4919e-05],
          [2.4214e-03],
          [1.9099e-05],
          [2.4343e-05],
          [2.4553e-05],
          [2.1301e-05],
          [2.7713e-05],
          [3.1399e-05],
          [3.3906e-05],
          [2.9371e-05],
          [2.7152e-05],
          [2.5442e-05],
          [3.1566e-05],
          [2.3280e-05],
          [2.2404e-05],
          [1.7016e-05],
          [3.1874e-04],
          [1.0656e-04],
          [1.0454e-03],
          [1.2857e-05],
          [1.2182e-05],
          [1.0906e-05],
          [1.5267e-05],
          [3.2381e-04],
          [6.2148e-04],
          [1.3288e-05],
          [1.3999e-05],
          [1.5310e-05],
          [1.7620e-05],
          [2.2167e-05],
          [2.6545e-05],
          [2.7949e-05],
          [2.5141e-05],
          [2.6103e-05],
          [3.8630e-05],
          [3.7057e-05],
          [3.1804e-05],
          [2.1058e-05],
          [2.0529e-05],
          [2.0326e-05],
          [1.9817e-05],
          [1.6106e-05],
          [9.0061e-05],
          [3.8793e-05],
          [4.8083e-05],
          [8.4930e-05],
          [3.0362e-05],
          [2.8275e-05],
          [2.5084e-05],
          [2.4693e-05],
          [2.0072e-05],
          [2.6379e-04],
          [2.9885e-04],
          [2.2430e-05],
          [1.9753e-05],
          [1.6824e-05],
          [1.5218e-05],
          [2.6556e-05],
          [2.4786e-05],
          [2.8011e-05],
          [1.5141e-04],
          [1.3078e-04],
          [2.2435e-04],
          [5.8890e-04],
          [2.7533e-05],
          [2.7171e-05],
          [1.9051e-05],
          [1.8332e-05],
          [1.6517e-05],
          [2.8731e-04],
          [2.0260e-04],
          [2.0387e-05],
          [8.1473e-05],
          [1.0676e-04],
          [2.1936e-05],
          [8.7608e-04],
          [2.6891e-05],
          [4.8756e-04],
          [2.1054e-05],
          [1.4351e-05],
          [1.1560e-05],
          [1.3248e-05],
          [1.2130e-05],
          [9.4448e-05],
          [6.1627e-06]]]])
