# Using CPU
# Loading Embeddings...
# Making Predictions...
torch.Size([1, 1, 442, 278])
tensor([[[[7.3931e-04],
          [3.5897e-05],
          [6.7573e-05],
          [2.8002e-05],
          [8.5530e-06],
          [4.9362e-04],
          [5.4770e-04],
          [2.7640e-05],
          [3.4735e-04],
          [6.9499e-04],
          [1.3383e-05],
          [1.2938e-05],
          [5.9373e-04],
          [1.8667e-04],
          [5.5948e-05],
          [2.4283e-05],
          [4.2497e-05],
          [1.8546e-05],
          [2.1704e-05],
          [2.4665e-05],
          [7.3173e-04],
          [2.9219e-05],
          [3.7198e-04],
          [1.9944e-05],
          [1.2077e-05],
          [1.6664e-05],
          [2.3584e-05],
          [4.1960e-05],
          [5.3142e-05],
          [6.9772e-05],
          [6.9569e-05],
          [8.6424e-05],
          [8.8731e-05],
          [9.1983e-05],
          [7.3304e-05],
          [6.7319e-05],
          [1.5805e-03],
          [1.0575e-04],
          [1.5990e-04],
          [8.2324e-05],
          [4.9450e-04],
          [1.9889e-05],
          [1.8962e-05],
          [1.8009e-05],
          [1.5510e-05],
          [1.5968e-05],
          [1.2727e-05],
          [2.2036e-05],
          [3.8183e-05],
          [2.2671e-04],
          [3.6067e-04],
          [1.6209e-05],
          [1.2433e-05],
          [4.8272e-04],
          [4.3741e-04],
          [1.4202e-05],
          [1.2717e-05],
          [2.1868e-05],
          [1.7832e-05],
          [1.4167e-05],
          [1.5005e-05],
          [1.2811e-05],
          [4.1724e-04],
          [2.5639e-04],
          [1.1626e-05],
          [1.4160e-05],
          [1.6618e-05],
          [1.6636e-05],
          [1.9518e-05],
          [1.7063e-05],
          [1.3044e-05],
          [3.1020e-04],
          [3.0753e-05],
          [2.3049e-05],
          [9.7249e-06],
          [2.1543e-05],
          [1.4317e-03],
          [1.3109e-05],
          [1.3313e-05],
          [1.1883e-05],
          [4.0982e-04],
          [1.8393e-04],
          [1.3858e-05],
          [1.2353e-05],
          [1.2971e-05],
          [1.3973e-05],
          [1.7703e-05],
          [1.7407e-05],
          [1.5017e-05],
          [1.2765e-05],
          [4.2160e-04],
          [9.4281e-05],
          [2.6522e-04],
          [1.4496e-05],
          [1.6585e-05],
          [1.4611e-05],
          [1.7171e-05],
          [2.1836e-05],
          [2.1357e-05],
          [2.5360e-05],
          [2.5089e-05],
          [1.9014e-05],
          [1.4482e-05],
          [1.1748e-05],
          [1.2800e-05],
          [1.5135e-05],
          [1.4488e-05],
          [1.6491e-05],
          [1.7242e-05],
          [1.8962e-05],
          [1.4986e-05],
          [1.5863e-04],
          [2.4636e-04],
          [1.8752e-05],
          [2.1406e-04],
          [1.2995e-05],
          [1.0495e-05],
          [9.3161e-06],
          [1.1434e-05],
          [1.3285e-05],
          [1.3269e-05],
          [1.1500e-05],
          [1.9608e-05],
          [1.2346e-05],
          [1.3393e-05],
          [1.1700e-05],
          [1.2801e-05],
          [1.3341e-05],
          [1.5203e-05],
          [1.5413e-05],
          [1.3402e-05],
          [6.0715e-04],
          [4.6326e-04],
          [2.3133e-05],
          [2.4500e-05],
          [2.4217e-05],
          [2.1185e-05],
          [2.2942e-05],
          [1.7661e-05],
          [1.6355e-05],
          [1.6408e-05],
          [1.4605e-05],
          [1.1540e-05],
          [1.2421e-05],
          [1.2834e-05],
          [1.4586e-05],
          [1.5387e-05],
          [1.6203e-05],
          [2.3076e-05],
          [3.9789e-05],
          [4.4164e-05],
          [5.4900e-05],
          [4.6467e-05],
          [5.9871e-05],
          [4.6234e-05],
          [3.8619e-05],
          [4.4311e-04],
          [4.1079e-04],
          [2.0051e-04],
          [9.4764e-04],
          [2.2315e-05],
          [1.4933e-05],
          [1.7051e-05],
          [1.4432e-05],
          [1.8126e-05],
          [2.0888e-05],
          [1.8871e-05],
          [1.9059e-05],
          [2.2483e-05],
          [2.2994e-05],
          [1.9582e-05],
          [3.2450e-04],
          [5.2033e-04],
          [1.7307e-05],
          [1.6191e-05],
          [2.5459e-05],
          [2.2381e-05],
          [1.7244e-05],
          [2.2393e-04],
          [4.9588e-05],
          [1.8997e-04],
          [1.3609e-05],
          [2.1963e-05],
          [1.8320e-04],
          [2.0801e-05],
          [3.3076e-04],
          [1.7029e-05],
          [1.8073e-05],
          [1.5873e-05],
          [5.4048e-04],
          [4.2227e-05],
          [1.4155e-03],
          [1.4278e-05],
          [1.6452e-05],
          [1.5723e-05],
          [1.4859e-05],
          [1.6835e-05],
          [1.6231e-05],
          [2.9553e-04],
          [2.9174e-04],
          [1.3791e-05],
          [1.4723e-05],
          [1.6072e-05],
          [1.6989e-05],
          [2.0678e-05],
          [2.3987e-05],
          [2.2791e-05],
          [3.7898e-04],
          [5.3507e-04],
          [2.2519e-05],
          [2.2142e-05],
          [2.2444e-05],
          [1.7134e-05],
          [2.7012e-04],
          [4.9676e-05],
          [2.0918e-05],
          [1.1167e-03],
          [1.6561e-05],
          [1.6202e-05],
          [1.2198e-05],
          [1.7498e-05],
          [1.2443e-05],
          [1.4053e-05],
          [1.2829e-05],
          [1.4198e-05],
          [1.5475e-05],
          [1.8283e-05],
          [1.6141e-05],
          [1.3896e-05],
          [1.2977e-05],
          [1.1563e-05],
          [1.4831e-05],
          [1.4194e-05],
          [1.5380e-05],
          [3.3177e-04],
          [3.0578e-04],
          [1.8540e-05],
          [1.3676e-05],
          [1.2346e-05],
          [1.9910e-05],
          [1.5856e-05],
          [2.2215e-05],
          [1.7109e-05],
          [2.0418e-05],
          [2.3004e-05],
          [1.5304e-05],
          [4.4019e-04],
          [3.1113e-04],
          [1.7738e-05],
          [2.0042e-04],
          [1.0311e-05],
          [2.3659e-04],
          [2.6650e-04],
          [1.7605e-05],
          [2.0678e-05],
          [2.1271e-05],
          [1.9548e-05],
          [2.3967e-05],
          [2.6365e-05],
          [3.2400e-05],
          [2.9385e-05],
          [3.7463e-05],
          [3.7204e-05],
          [3.6942e-05],
          [4.6618e-05],
          [3.8619e-05],
          [3.5947e-05],
          [3.0017e-04],
          [1.7528e-05],
          [1.6720e-05],
          [2.2597e-04],
          [1.8180e-04],
          [3.4632e-05],
          [1.7594e-04],
          [8.6672e-05],
          [3.8838e-05],
          [1.7883e-04],
          [1.1375e-05],
          [1.0542e-05],
          [9.0776e-06],
          [8.9245e-06],
          [8.7674e-06],
          [8.9233e-06],
          [1.9887e-05],
          [1.1876e-05],
          [1.4388e-05],
          [1.2157e-05],
          [6.7265e-04],
          [3.6113e-05],
          [1.4639e-04],
          [2.1679e-04],
          [9.5793e-06],
          [8.7949e-06],
          [9.3930e-06],
          [1.0425e-05],
          [1.0524e-05],
          [1.1149e-05],
          [4.5991e-04],
          [2.1334e-05],
          [1.1385e-03],
          [1.5685e-05],
          [1.5206e-05],
          [1.2586e-05],
          [1.5327e-05],
          [1.1838e-05],
          [1.4049e-05],
          [1.3324e-05],
          [1.6295e-05],
          [1.5315e-05],
          [1.8822e-05],
          [2.2637e-05],
          [2.0139e-05],
          [2.2168e-04],
          [5.4865e-04],
          [1.6569e-05],
          [1.4693e-05],
          [1.3206e-05],
          [1.2667e-05],
          [1.2537e-05],
          [1.8585e-05],
          [2.3022e-05],
          [1.9703e-05],
          [1.7537e-05],
          [1.7386e-05],
          [1.7333e-05],
          [1.3000e-05],
          [1.4566e-05],
          [1.4305e-05],
          [1.6940e-05],
          [1.8403e-05],
          [1.8128e-05],
          [1.8418e-05],
          [2.0786e-05],
          [2.2126e-05],
          [1.8374e-05],
          [1.9520e-05],
          [2.0009e-05],
          [2.0069e-05],
          [1.9738e-05],
          [2.6709e-05],
          [2.7217e-05],
          [2.6963e-05],
          [1.8217e-05],
          [2.2483e-05],
          [2.0028e-05],
          [1.9781e-05],
          [1.5293e-05],
          [1.4402e-05],
          [1.4368e-05],
          [1.4384e-05],
          [1.3069e-05],
          [1.3520e-05],
          [1.4552e-05],
          [1.2510e-05],
          [1.4145e-05],
          [1.3472e-05],
          [3.1641e-04],
          [4.0555e-05],
          [1.3550e-03],
          [1.5443e-05],
          [1.6565e-05],
          [1.6540e-05],
          [1.7276e-05],
          [1.6479e-05],
          [1.6204e-05],
          [1.7424e-05],
          [1.5375e-05],
          [1.4345e-05],
          [1.6128e-05],
          [1.8339e-05],
          [1.5946e-05],
          [2.1990e-05],
          [2.0189e-05],
          [4.5369e-04],
          [9.5527e-05],
          [8.9585e-04],
          [1.1303e-05],
          [1.0479e-05],
          [9.4565e-06],
          [8.8486e-06],
          [4.9535e-04],
          [7.1878e-04],
          [1.1517e-05],
          [1.0969e-05],
          [1.4456e-05],
          [1.8581e-05],
          [2.3623e-05],
          [3.3954e-05],
          [5.0358e-05],
          [4.6634e-05],
          [3.8520e-05],
          [3.3025e-05],
          [2.0443e-05],
          [1.4383e-05],
          [1.1438e-05],
          [1.2121e-05],
          [1.2519e-05],
          [1.4270e-05],
          [1.1882e-05],
          [1.6606e-05],
          [2.4267e-05],
          [2.9788e-05],
          [3.4890e-05],
          [2.5536e-05],
          [2.6588e-05],
          [2.0371e-05],
          [2.2843e-05],
          [1.7846e-05],
          [2.5779e-04],
          [2.8341e-04],
          [1.7896e-05],
          [1.6434e-05],
          [1.6505e-05],
          [1.3860e-05],
          [1.6425e-05],
          [1.8889e-05],
          [1.8393e-05],
          [1.0857e-04],
          [5.6925e-05],
          [2.8665e-04],
          [4.6612e-04],
          [1.4701e-05],
          [1.3588e-05],
          [1.4637e-05],
          [1.4385e-05],
          [1.1976e-05],
          [2.4550e-04],
          [1.2524e-04],
          [1.5468e-05],
          [8.0869e-05],
          [2.8968e-04],
          [1.3321e-05],
          [4.1516e-04],
          [2.8191e-05],
          [2.8686e-04],
          [1.9809e-05],
          [1.2462e-05],
          [1.0879e-05],
          [1.0780e-05],
          [2.5021e-05],
          [6.8806e-05],
          [8.6398e-06]]]])
