# Using CPU
# Loading Embeddings...
# Making Predictions...
torch.Size([1, 1, 442, 260])
tensor([[[[1.0538e-04],
          [3.7898e-05],
          [7.7492e-05],
          [2.1590e-05],
          [8.7990e-06],
          [4.7588e-04],
          [9.2200e-04],
          [1.4887e-05],
          [3.3353e-04],
          [1.0997e-03],
          [1.7588e-05],
          [1.6850e-05],
          [3.8292e-04],
          [1.7699e-04],
          [1.3039e-05],
          [1.5853e-05],
          [1.0982e-05],
          [1.2123e-05],
          [1.7159e-05],
          [1.8467e-05],
          [8.9758e-04],
          [2.2483e-05],
          [4.8218e-04],
          [1.3182e-05],
          [1.7996e-05],
          [2.2741e-05],
          [3.0613e-05],
          [5.1205e-05],
          [5.8953e-05],
          [7.2839e-05],
          [7.7455e-05],
          [9.1872e-05],
          [8.1205e-05],
          [8.9503e-05],
          [6.6104e-05],
          [5.9045e-05],
          [1.0684e-03],
          [3.8204e-05],
          [1.2413e-04],
          [1.8042e-04],
          [3.0902e-04],
          [2.3649e-05],
          [2.1534e-05],
          [2.3361e-05],
          [1.8061e-05],
          [1.7418e-05],
          [1.3866e-05],
          [1.2324e-05],
          [1.2260e-05],
          [2.2949e-04],
          [2.0278e-04],
          [1.3014e-05],
          [1.7343e-05],
          [7.1294e-04],
          [5.7592e-04],
          [1.4342e-05],
          [1.4362e-05],
          [1.3772e-05],
          [1.7056e-05],
          [2.0667e-05],
          [1.9827e-05],
          [2.0489e-05],
          [4.9487e-04],
          [1.6712e-04],
          [1.8067e-05],
          [1.7514e-05],
          [1.6542e-05],
          [1.5891e-05],
          [1.5757e-05],
          [1.4547e-05],
          [1.4680e-05],
          [2.5310e-04],
          [2.6737e-05],
          [2.7870e-05],
          [1.5390e-05],
          [1.7679e-05],
          [1.1670e-03],
          [1.5494e-05],
          [1.4941e-05],
          [1.2839e-05],
          [2.3170e-04],
          [1.7300e-04],
          [1.2083e-05],
          [1.2698e-05],
          [1.4424e-05],
          [1.6382e-05],
          [1.7824e-05],
          [2.0240e-05],
          [1.7550e-05],
          [1.6138e-05],
          [5.4751e-04],
          [1.6166e-04],
          [2.2254e-04],
          [1.3948e-05],
          [1.8896e-05],
          [2.6881e-05],
          [2.8261e-05],
          [4.7699e-05],
          [3.9717e-05],
          [4.7486e-05],
          [3.9626e-05],
          [2.7296e-05],
          [1.6311e-05],
          [1.3328e-05],
          [1.4227e-05],
          [2.0139e-05],
          [2.2679e-05],
          [2.6585e-05],
          [2.7738e-05],
          [2.9055e-05],
          [2.4965e-05],
          [2.1494e-04],
          [1.8445e-04],
          [2.2701e-05],
          [2.6681e-04],
          [1.8597e-05],
          [1.5548e-05],
          [1.2610e-05],
          [1.4619e-05],
          [1.5370e-05],
          [1.6017e-05],
          [1.2762e-05],
          [1.8896e-05],
          [1.1930e-05],
          [1.4967e-05],
          [1.5010e-05],
          [1.7991e-05],
          [1.7663e-05],
          [2.1968e-05],
          [2.2851e-05],
          [2.2064e-05],
          [4.4782e-04],
          [2.9864e-04],
          [2.2859e-05],
          [2.8860e-05],
          [2.5116e-05],
          [2.0719e-05],
          [2.0371e-05],
          [1.6977e-05],
          [1.7549e-05],
          [1.4646e-05],
          [1.4643e-05],
          [1.1105e-05],
          [1.3275e-05],
          [1.6242e-05],
          [2.1197e-05],
          [2.3071e-05],
          [2.9905e-05],
          [3.7285e-05],
          [4.9909e-05],
          [4.8640e-05],
          [4.9697e-05],
          [5.0158e-05],
          [6.7292e-05],
          [5.3009e-05],
          [5.3684e-05],
          [5.0720e-04],
          [5.2022e-04],
          [2.5111e-04],
          [1.1432e-03],
          [2.8984e-05],
          [1.6154e-05],
          [1.6257e-05],
          [1.7888e-05],
          [1.8150e-05],
          [2.5672e-05],
          [2.0722e-05],
          [2.1458e-05],
          [2.1900e-05],
          [2.4115e-05],
          [2.0216e-05],
          [5.5811e-04],
          [5.7993e-04],
          [2.5404e-05],
          [3.4471e-05],
          [5.8767e-05],
          [3.3725e-05],
          [3.2226e-05],
          [4.3545e-04],
          [4.9690e-05],
          [3.9209e-04],
          [1.7679e-05],
          [1.6605e-05],
          [1.6789e-04],
          [1.6242e-05],
          [1.9411e-04],
          [3.3602e-05],
          [3.8455e-05],
          [2.6259e-05],
          [7.6603e-04],
          [3.4100e-05],
          [3.1948e-03],
          [1.9201e-05],
          [2.3629e-05],
          [2.5160e-05],
          [2.5125e-05],
          [2.8194e-05],
          [2.7934e-05],
          [3.9673e-04],
          [1.3297e-04],
          [2.2231e-05],
          [1.9641e-05],
          [1.8276e-05],
          [1.5143e-05],
          [2.0593e-05],
          [2.4540e-05],
          [3.1561e-05],
          [4.7548e-04],
          [6.4807e-04],
          [1.9367e-05],
          [1.4507e-05],
          [1.4473e-05],
          [1.5335e-05],
          [4.5047e-04],
          [3.6755e-05],
          [2.0890e-05],
          [5.9475e-04],
          [1.3940e-05],
          [1.5961e-05],
          [1.2324e-05],
          [1.2764e-05],
          [1.4186e-05],
          [1.6842e-05],
          [1.4774e-05],
          [1.3823e-05],
          [3.9656e-05],
          [1.5565e-05],
          [1.4573e-05],
          [1.2358e-05],
          [1.1425e-05],
          [1.0458e-05],
          [1.1708e-05],
          [1.0993e-05],
          [1.2410e-05],
          [5.4475e-04],
          [3.5398e-04],
          [1.2931e-05],
          [1.5369e-05],
          [1.5269e-05],
          [1.9364e-05],
          [1.9727e-05],
          [2.0265e-05],
          [1.8372e-05],
          [2.0388e-05],
          [2.1437e-05],
          [1.2980e-05],
          [4.7741e-04],
          [1.1343e-03],
          [4.0857e-05],
          [4.1509e-04],
          [1.1674e-05],
          [3.0361e-04],
          [1.5063e-04],
          [1.6978e-05],
          [2.0563e-05],
          [2.3800e-05],
          [2.0611e-05],
          [2.8626e-05],
          [3.4761e-05],
          [4.2437e-05],
          [4.0820e-05],
          [6.3057e-05],
          [6.5665e-05],
          [8.2475e-05],
          [1.6572e-04],
          [1.0337e-04],
          [1.4347e-04],
          [3.6681e-04],
          [3.3718e-05],
          [2.8712e-05],
          [1.3682e-04],
          [2.9434e-04],
          [3.1403e-05],
          [1.4567e-04],
          [1.9664e-04],
          [1.3177e-04],
          [3.3360e-04],
          [1.6044e-05],
          [1.1742e-05],
          [1.1236e-05],
          [1.1581e-05],
          [9.8907e-06],
          [1.1585e-05],
          [2.1680e-05],
          [1.2349e-05],
          [1.5999e-05],
          [1.4136e-05],
          [2.6218e-04],
          [2.4485e-05],
          [1.4227e-04],
          [1.2391e-04],
          [1.2263e-05],
          [1.1491e-05],
          [1.0808e-05],
          [1.0266e-05],
          [9.7974e-06],
          [1.1593e-05],
          [5.2802e-04],
          [1.8343e-05],
          [8.0110e-04],
          [1.6689e-05],
          [1.4689e-05],
          [1.1521e-05],
          [1.2739e-05],
          [1.1877e-05],
          [1.1993e-05],
          [1.2452e-05],
          [1.6031e-05],
          [1.3881e-05],
          [1.9376e-05],
          [2.5359e-05],
          [2.8291e-05],
          [4.6910e-04],
          [4.5332e-04],
          [1.9741e-05],
          [1.6677e-05],
          [2.0031e-05],
          [1.1744e-05],
          [1.6596e-05],
          [2.6197e-05],
          [2.4648e-05],
          [2.1979e-05],
          [2.4112e-05],
          [2.5456e-05],
          [2.3886e-05],
          [1.6738e-05],
          [1.5225e-05],
          [1.4362e-05],
          [1.4162e-05],
          [1.6145e-05],
          [1.7189e-05],
          [1.6878e-05],
          [2.1440e-05],
          [1.7346e-05],
          [1.6192e-05],
          [1.7073e-05],
          [1.7953e-05],
          [2.0296e-05],
          [1.9682e-05],
          [2.6363e-05],
          [2.8463e-05],
          [3.5073e-05],
          [2.2612e-05],
          [3.0345e-05],
          [2.3928e-05],
          [2.8822e-05],
          [1.9083e-05],
          [1.7832e-05],
          [1.7344e-05],
          [1.9797e-05],
          [1.8104e-05],
          [1.9887e-05],
          [1.7919e-05],
          [1.7999e-05],
          [1.4514e-05],
          [1.6669e-05],
          [4.9342e-04],
          [4.1934e-05],
          [4.3299e-03],
          [1.6531e-05],
          [1.6368e-05],
          [1.5573e-05],
          [1.4302e-05],
          [1.5562e-05],
          [1.4396e-05],
          [1.4271e-05],
          [1.3507e-05],
          [1.2837e-05],
          [1.1805e-05],
          [1.4643e-05],
          [1.2599e-05],
          [1.3633e-05],
          [1.3680e-05],
          [5.5288e-04],
          [7.6100e-05],
          [6.1468e-04],
          [1.3581e-05],
          [1.2252e-05],
          [1.1739e-05],
          [1.2352e-05],
          [6.2814e-04],
          [5.4835e-04],
          [1.2474e-05],
          [1.3023e-05],
          [1.4372e-05],
          [1.4820e-05],
          [1.6136e-05],
          [2.1316e-05],
          [3.4997e-05],
          [2.7734e-05],
          [3.0691e-05],
          [2.9982e-05],
          [3.4743e-05],
          [2.5573e-05],
          [1.8773e-05],
          [1.6722e-05],
          [1.7263e-05],
          [1.4170e-05],
          [1.3727e-05],
          [5.3338e-05],
          [2.9826e-05],
          [3.9210e-05],
          [3.2953e-05],
          [2.5266e-05],
          [2.1916e-05],
          [2.3230e-05],
          [2.3029e-05],
          [1.9548e-05],
          [2.4109e-04],
          [1.5795e-04],
          [2.1092e-05],
          [1.8680e-05],
          [1.5913e-05],
          [1.4195e-05],
          [1.4498e-05],
          [1.5333e-05],
          [1.5724e-05],
          [1.5388e-04],
          [1.7467e-04],
          [3.8056e-04],
          [6.8558e-04],
          [1.4913e-05],
          [1.9550e-05],
          [1.4642e-05],
          [1.6085e-05],
          [1.6340e-05],
          [3.3709e-04],
          [1.0509e-03],
          [2.7468e-05],
          [1.2228e-04],
          [1.1721e-04],
          [1.8934e-05],
          [3.1175e-04],
          [3.0295e-05],
          [6.6527e-04],
          [1.6597e-05],
          [1.3008e-05],
          [1.0983e-05],
          [1.2544e-05],
          [1.6383e-05],
          [9.8737e-05],
          [1.0581e-05]]]])
