# Using CPU
# Loading Embeddings...
# Making Predictions...
torch.Size([1, 1, 442, 283])
tensor([[[[1.6742e-04],
          [6.1633e-05],
          [1.4499e-04],
          [2.6321e-05],
          [9.4049e-06],
          [1.3864e-03],
          [1.8193e-04],
          [1.5672e-05],
          [1.6651e-03],
          [2.2014e-04],
          [2.1506e-05],
          [1.9106e-05],
          [5.1373e-04],
          [1.8507e-04],
          [1.3422e-05],
          [1.2117e-05],
          [1.2342e-05],
          [1.4174e-05],
          [1.6660e-05],
          [1.7783e-05],
          [2.0163e-03],
          [3.5482e-05],
          [2.3898e-04],
          [2.2046e-05],
          [2.1673e-05],
          [2.9675e-05],
          [4.5877e-05],
          [7.6190e-05],
          [9.4014e-05],
          [1.3219e-04],
          [1.1488e-04],
          [1.2232e-04],
          [1.2325e-04],
          [1.3614e-04],
          [1.0457e-04],
          [7.2318e-05],
          [6.7817e-04],
          [5.9783e-05],
          [1.4319e-04],
          [2.2046e-04],
          [2.0162e-04],
          [2.5968e-05],
          [2.6343e-05],
          [2.8088e-05],
          [1.9246e-05],
          [1.8738e-05],
          [1.5527e-05],
          [1.2882e-05],
          [2.1263e-05],
          [4.4019e-04],
          [1.9489e-04],
          [1.1592e-05],
          [1.4467e-05],
          [1.0272e-03],
          [1.8835e-04],
          [1.5418e-05],
          [1.7309e-05],
          [1.7566e-05],
          [2.1778e-05],
          [2.4940e-05],
          [2.4641e-05],
          [2.2377e-05],
          [5.0625e-04],
          [2.2105e-04],
          [1.8003e-05],
          [1.8577e-05],
          [1.6839e-05],
          [1.5865e-05],
          [1.6833e-05],
          [1.5517e-05],
          [1.5010e-05],
          [5.5270e-04],
          [2.3205e-05],
          [3.2478e-05],
          [1.6027e-05],
          [2.0453e-05],
          [3.8104e-04],
          [1.5644e-05],
          [1.5502e-05],
          [1.3255e-05],
          [2.7111e-04],
          [1.6775e-04],
          [1.4162e-05],
          [1.4919e-05],
          [1.7481e-05],
          [2.1140e-05],
          [2.2503e-05],
          [2.4351e-05],
          [2.0764e-05],
          [1.7946e-05],
          [1.0966e-03],
          [6.0719e-05],
          [2.9841e-04],
          [1.2637e-05],
          [1.2899e-05],
          [1.4080e-05],
          [1.9706e-05],
          [2.8119e-05],
          [2.7794e-05],
          [2.9008e-05],
          [2.7932e-05],
          [1.9675e-05],
          [1.5149e-05],
          [1.3559e-05],
          [1.5179e-05],
          [2.0252e-05],
          [2.2287e-05],
          [2.8073e-05],
          [3.1773e-05],
          [2.9508e-05],
          [2.3240e-05],
          [4.9367e-04],
          [1.5029e-04],
          [3.0560e-05],
          [3.2416e-04],
          [1.5493e-05],
          [1.2886e-05],
          [1.1429e-05],
          [1.4977e-05],
          [1.5957e-05],
          [1.5990e-05],
          [1.4094e-05],
          [1.3879e-05],
          [1.2011e-05],
          [1.3064e-05],
          [1.5241e-05],
          [1.3799e-05],
          [1.4060e-05],
          [1.8289e-05],
          [1.6520e-05],
          [1.8430e-05],
          [4.0630e-04],
          [3.1260e-04],
          [2.3527e-05],
          [2.5140e-05],
          [2.4496e-05],
          [2.2668e-05],
          [2.0328e-05],
          [1.7810e-05],
          [1.8972e-05],
          [1.5884e-05],
          [1.2803e-05],
          [1.0909e-05],
          [1.1284e-05],
          [1.4100e-05],
          [1.5937e-05],
          [1.8577e-05],
          [2.3260e-05],
          [3.6478e-05],
          [5.0795e-05],
          [5.8982e-05],
          [7.3885e-05],
          [7.5778e-05],
          [8.2336e-05],
          [7.6435e-05],
          [5.7950e-05],
          [2.2189e-03],
          [1.6141e-04],
          [7.4408e-04],
          [2.7540e-04],
          [1.9168e-05],
          [1.7803e-05],
          [1.6106e-05],
          [1.7899e-05],
          [1.7967e-05],
          [2.2888e-05],
          [2.1125e-05],
          [2.2377e-05],
          [2.5616e-05],
          [2.6180e-05],
          [1.9558e-05],
          [1.4852e-03],
          [1.7663e-04],
          [2.4871e-05],
          [2.9291e-05],
          [4.7287e-05],
          [3.4725e-05],
          [3.3273e-05],
          [4.5205e-04],
          [5.8839e-05],
          [3.8254e-04],
          [3.3483e-05],
          [1.5895e-05],
          [4.3564e-04],
          [2.0615e-05],
          [2.8677e-04],
          [1.3413e-05],
          [1.3789e-05],
          [1.3603e-05],
          [1.5864e-03],
          [4.2051e-05],
          [4.6324e-04],
          [2.0975e-05],
          [2.8418e-05],
          [2.9176e-05],
          [2.8480e-05],
          [3.1117e-05],
          [2.5911e-05],
          [4.1753e-04],
          [1.5397e-04],
          [1.9900e-05],
          [1.5293e-05],
          [1.5938e-05],
          [1.3100e-05],
          [1.4825e-05],
          [1.3997e-05],
          [1.2216e-05],
          [1.0013e-03],
          [1.3197e-04],
          [1.4198e-05],
          [1.3862e-05],
          [1.4448e-05],
          [1.5142e-05],
          [1.0353e-03],
          [3.4621e-05],
          [1.8420e-05],
          [3.6583e-04],
          [1.3592e-05],
          [1.2501e-05],
          [1.2676e-05],
          [1.2069e-05],
          [1.4841e-05],
          [1.2631e-05],
          [1.2375e-05],
          [1.2648e-05],
          [1.3012e-05],
          [1.5930e-05],
          [1.5002e-05],
          [1.4237e-05],
          [1.1368e-05],
          [1.0563e-05],
          [1.1500e-05],
          [1.2832e-05],
          [1.3336e-05],
          [1.5022e-03],
          [1.2844e-04],
          [1.4844e-05],
          [1.8246e-05],
          [1.6864e-05],
          [1.7255e-05],
          [1.9725e-05],
          [2.9127e-05],
          [1.9176e-05],
          [3.0001e-05],
          [2.8807e-05],
          [1.5620e-05],
          [1.5798e-03],
          [1.4862e-04],
          [3.0884e-05],
          [2.4603e-04],
          [1.2293e-05],
          [7.4667e-04],
          [1.1491e-04],
          [2.1779e-05],
          [2.5402e-05],
          [2.6368e-05],
          [2.9459e-05],
          [3.0607e-05],
          [2.8476e-05],
          [3.5176e-05],
          [3.1755e-05],
          [4.5262e-05],
          [5.6381e-05],
          [7.3561e-05],
          [3.4017e-04],
          [8.1021e-05],
          [5.1769e-05],
          [3.8075e-04],
          [2.7021e-05],
          [2.7072e-05],
          [2.3368e-04],
          [2.3957e-04],
          [4.7317e-05],
          [1.1737e-04],
          [1.6958e-04],
          [4.8008e-05],
          [2.1569e-04],
          [1.4572e-05],
          [1.2798e-05],
          [1.1652e-05],
          [1.0573e-05],
          [1.0251e-05],
          [9.9141e-06],
          [1.9962e-05],
          [1.4795e-05],
          [2.2167e-05],
          [1.5180e-05],
          [6.4338e-04],
          [2.5060e-05],
          [1.0715e-04],
          [8.1517e-05],
          [1.2749e-05],
          [1.2793e-05],
          [1.2209e-05],
          [1.1520e-05],
          [1.0780e-05],
          [1.1328e-05],
          [1.3951e-03],
          [2.3210e-05],
          [2.8649e-04],
          [1.2111e-05],
          [1.3736e-05],
          [1.3883e-05],
          [1.5974e-05],
          [1.4027e-05],
          [1.4490e-05],
          [1.4464e-05],
          [1.9248e-05],
          [1.7835e-05],
          [2.4088e-05],
          [2.4225e-05],
          [2.8003e-05],
          [1.1127e-03],
          [1.8393e-04],
          [2.0093e-05],
          [1.5919e-05],
          [1.3214e-05],
          [1.2131e-05],
          [1.2558e-05],
          [2.0276e-05],
          [2.5908e-05],
          [2.1290e-05],
          [1.6077e-05],
          [1.3523e-05],
          [1.3812e-05],
          [1.3331e-05],
          [1.3020e-05],
          [1.3138e-05],
          [1.5429e-05],
          [1.3668e-05],
          [1.3970e-05],
          [1.3223e-05],
          [1.4526e-05],
          [1.2741e-05],
          [1.5589e-05],
          [2.1136e-05],
          [2.4731e-05],
          [3.1304e-05],
          [2.6484e-05],
          [4.4723e-05],
          [4.1392e-05],
          [4.0672e-05],
          [2.1379e-05],
          [3.0934e-05],
          [2.8388e-05],
          [2.5476e-05],
          [2.4108e-05],
          [1.9593e-05],
          [2.1859e-05],
          [2.3370e-05],
          [1.8925e-05],
          [2.2165e-05],
          [1.7121e-05],
          [2.2415e-05],
          [1.6943e-05],
          [1.6206e-05],
          [1.1333e-03],
          [5.8463e-05],
          [5.6468e-04],
          [2.0663e-05],
          [2.1002e-05],
          [1.9131e-05],
          [1.6992e-05],
          [1.7119e-05],
          [1.3675e-05],
          [1.4279e-05],
          [1.2564e-05],
          [1.3904e-05],
          [1.3010e-05],
          [1.3417e-05],
          [1.4178e-05],
          [1.6729e-05],
          [1.5676e-05],
          [1.2783e-03],
          [1.1680e-04],
          [4.7491e-04],
          [1.1901e-05],
          [1.0907e-05],
          [9.6583e-06],
          [1.1756e-05],
          [8.0994e-04],
          [3.1207e-04],
          [1.3346e-05],
          [1.2231e-05],
          [1.3296e-05],
          [2.0829e-05],
          [2.1387e-05],
          [2.9910e-05],
          [3.8145e-05],
          [3.5350e-05],
          [3.5529e-05],
          [2.5141e-05],
          [1.8578e-05],
          [1.3601e-05],
          [1.0451e-05],
          [9.9465e-06],
          [1.1585e-05],
          [1.1631e-05],
          [1.3345e-05],
          [5.7619e-05],
          [4.1418e-05],
          [5.0616e-05],
          [2.3449e-04],
          [3.0537e-05],
          [2.9973e-05],
          [2.2336e-05],
          [2.0963e-05],
          [1.7647e-05],
          [4.3944e-04],
          [1.6242e-04],
          [2.1311e-05],
          [2.1311e-05],
          [1.9506e-05],
          [1.7016e-05],
          [1.9673e-05],
          [1.8729e-05],
          [2.4993e-05],
          [1.7383e-04],
          [5.8781e-05],
          [2.6844e-04],
          [1.9187e-04],
          [2.4752e-05],
          [1.4897e-05],
          [1.5883e-05],
          [2.0936e-05],
          [1.5135e-05],
          [6.3357e-04],
          [1.4725e-04],
          [1.5648e-05],
          [4.9332e-05],
          [1.5637e-04],
          [2.1528e-05],
          [2.7813e-04],
          [2.5647e-05],
          [3.0911e-04],
          [1.9993e-05],
          [1.5166e-05],
          [1.1727e-05],
          [1.2125e-05],
          [1.1683e-05],
          [2.6578e-04],
          [1.1134e-05]]]])
