# Using CPU
# Loading Embeddings...
# Making Predictions...
torch.Size([1, 1, 442, 263])
tensor([[[[1.3823e-04],
          [4.9801e-05],
          [9.7998e-05],
          [3.8118e-05],
          [8.7985e-06],
          [4.8173e-04],
          [7.2393e-04],
          [1.6319e-05],
          [3.3070e-04],
          [8.5789e-04],
          [1.8643e-05],
          [1.7733e-05],
          [5.3863e-04],
          [2.1841e-04],
          [2.4017e-05],
          [1.1871e-05],
          [1.2416e-05],
          [1.3578e-05],
          [1.6454e-05],
          [3.6997e-05],
          [8.3763e-04],
          [3.0186e-05],
          [3.2177e-04],
          [1.8116e-05],
          [1.9918e-05],
          [2.8472e-05],
          [3.8115e-05],
          [6.3203e-05],
          [6.7001e-05],
          [9.1029e-05],
          [6.8218e-05],
          [8.9198e-05],
          [7.3723e-05],
          [7.7166e-05],
          [6.5618e-05],
          [5.8339e-05],
          [1.1753e-03],
          [4.9630e-05],
          [2.1414e-04],
          [1.8591e-04],
          [2.0719e-04],
          [2.3858e-05],
          [2.3670e-05],
          [2.4332e-05],
          [1.8254e-05],
          [1.6950e-05],
          [1.4038e-05],
          [1.7321e-05],
          [1.7713e-05],
          [2.2634e-04],
          [1.7851e-04],
          [1.4955e-05],
          [1.2373e-05],
          [5.3131e-04],
          [4.3477e-04],
          [1.7920e-05],
          [1.8667e-05],
          [1.7677e-05],
          [2.0457e-05],
          [2.5331e-05],
          [2.5743e-05],
          [2.5855e-05],
          [6.0635e-04],
          [2.5711e-04],
          [2.0549e-05],
          [2.0377e-05],
          [1.7854e-05],
          [1.8074e-05],
          [1.8218e-05],
          [1.5735e-05],
          [1.6591e-05],
          [3.2909e-04],
          [2.9744e-05],
          [2.3849e-05],
          [1.8349e-05],
          [2.3136e-05],
          [8.3948e-04],
          [1.4966e-05],
          [1.4533e-05],
          [1.3091e-05],
          [3.4964e-04],
          [1.4725e-04],
          [1.2341e-05],
          [1.3621e-05],
          [1.6177e-05],
          [1.9983e-05],
          [2.0797e-05],
          [2.2286e-05],
          [1.9032e-05],
          [1.6989e-05],
          [4.6200e-04],
          [9.2003e-05],
          [2.6389e-04],
          [1.5589e-05],
          [1.5304e-05],
          [1.9781e-05],
          [2.0619e-05],
          [3.1463e-05],
          [2.3955e-05],
          [2.7570e-05],
          [3.7837e-05],
          [2.0288e-05],
          [1.4742e-05],
          [1.3258e-05],
          [1.6354e-05],
          [2.3923e-05],
          [2.8482e-05],
          [3.4940e-05],
          [3.5823e-05],
          [3.7220e-05],
          [3.0990e-05],
          [1.4240e-04],
          [1.7054e-04],
          [2.4050e-05],
          [2.2927e-04],
          [1.9662e-05],
          [1.5161e-05],
          [1.1817e-05],
          [1.4924e-05],
          [1.7249e-05],
          [1.7104e-05],
          [1.3477e-05],
          [1.8825e-05],
          [1.2622e-05],
          [1.6396e-05],
          [1.5698e-05],
          [1.9575e-05],
          [1.9197e-05],
          [2.6153e-05],
          [2.4405e-05],
          [2.7000e-05],
          [6.2126e-04],
          [3.0600e-04],
          [2.8567e-05],
          [3.6037e-05],
          [2.7971e-05],
          [2.2501e-05],
          [2.1104e-05],
          [1.6770e-05],
          [1.8569e-05],
          [1.6082e-05],
          [1.5890e-05],
          [1.2082e-05],
          [1.4693e-05],
          [1.7821e-05],
          [2.6094e-05],
          [2.8606e-05],
          [4.2694e-05],
          [5.1801e-05],
          [8.3592e-05],
          [7.9755e-05],
          [7.3303e-05],
          [7.1872e-05],
          [6.6250e-05],
          [5.8479e-05],
          [5.1409e-05],
          [4.3724e-04],
          [4.3722e-04],
          [2.0312e-04],
          [8.8773e-04],
          [4.0605e-05],
          [1.8696e-05],
          [1.7356e-05],
          [2.0355e-05],
          [2.0606e-05],
          [2.7836e-05],
          [2.1780e-05],
          [2.4036e-05],
          [2.3837e-05],
          [2.7805e-05],
          [2.2744e-05],
          [5.0839e-04],
          [3.8776e-04],
          [3.1275e-05],
          [4.4838e-05],
          [6.4136e-05],
          [4.8764e-05],
          [4.5711e-05],
          [4.7152e-04],
          [5.4132e-05],
          [2.9802e-04],
          [1.9674e-05],
          [1.8360e-05],
          [2.0558e-04],
          [2.0764e-05],
          [2.2056e-04],
          [1.7604e-05],
          [1.8487e-05],
          [1.7024e-05],
          [5.2513e-04],
          [2.9903e-05],
          [2.1569e-03],
          [2.4805e-05],
          [3.1656e-05],
          [3.4282e-05],
          [3.4718e-05],
          [3.6495e-05],
          [3.1416e-05],
          [4.4857e-04],
          [2.0512e-04],
          [2.3318e-05],
          [1.9748e-05],
          [1.7628e-05],
          [1.4893e-05],
          [1.9460e-05],
          [2.2926e-05],
          [4.2575e-05],
          [3.6123e-04],
          [5.2615e-04],
          [2.2597e-05],
          [2.0060e-05],
          [1.9540e-05],
          [1.6097e-05],
          [3.5739e-04],
          [3.7431e-05],
          [2.3463e-05],
          [4.0702e-04],
          [1.7282e-05],
          [1.5111e-05],
          [1.5415e-05],
          [1.5160e-05],
          [1.7749e-05],
          [1.9720e-05],
          [1.6775e-05],
          [1.5694e-05],
          [3.2001e-05],
          [1.4078e-05],
          [1.6108e-05],
          [1.5641e-05],
          [2.0187e-05],
          [1.4747e-05],
          [1.5930e-05],
          [1.6688e-05],
          [1.6994e-05],
          [4.4854e-04],
          [2.6525e-04],
          [1.8758e-05],
          [1.8262e-05],
          [1.7433e-05],
          [2.2385e-05],
          [3.0451e-05],
          [2.0420e-05],
          [1.9564e-05],
          [2.1722e-05],
          [2.1229e-05],
          [1.4172e-05],
          [3.1653e-04],
          [9.5640e-04],
          [2.5384e-05],
          [1.9674e-04],
          [1.1646e-05],
          [2.4292e-04],
          [1.1919e-04],
          [1.7105e-05],
          [2.0044e-05],
          [2.1714e-05],
          [2.3496e-05],
          [3.0142e-05],
          [3.5100e-05],
          [5.4078e-05],
          [5.4131e-05],
          [8.6859e-05],
          [9.0381e-05],
          [1.3016e-04],
          [2.1399e-04],
          [1.3015e-04],
          [1.5747e-04],
          [5.9441e-04],
          [6.0016e-05],
          [5.2352e-05],
          [2.3760e-04],
          [2.2382e-04],
          [2.7658e-05],
          [1.1502e-04],
          [1.6125e-04],
          [1.0173e-04],
          [1.9322e-04],
          [1.6255e-05],
          [1.1936e-05],
          [1.1272e-05],
          [1.2450e-05],
          [1.3985e-05],
          [1.4840e-05],
          [4.2485e-05],
          [1.4887e-05],
          [1.6192e-05],
          [1.3532e-05],
          [6.5587e-04],
          [3.9423e-05],
          [1.1728e-04],
          [8.4557e-05],
          [1.1586e-05],
          [1.1069e-05],
          [1.2607e-05],
          [1.0578e-05],
          [1.0832e-05],
          [1.5435e-05],
          [4.7757e-04],
          [2.1631e-05],
          [6.0746e-04],
          [1.3331e-05],
          [1.1282e-05],
          [1.1757e-05],
          [1.2514e-05],
          [1.1805e-05],
          [1.2686e-05],
          [1.2601e-05],
          [1.4541e-05],
          [1.6423e-05],
          [1.9656e-05],
          [2.5445e-05],
          [2.5915e-05],
          [5.1671e-04],
          [3.4587e-04],
          [2.1341e-05],
          [1.7462e-05],
          [3.0075e-05],
          [1.2763e-05],
          [1.1472e-05],
          [1.7819e-05],
          [2.0881e-05],
          [1.8303e-05],
          [2.0016e-05],
          [1.6891e-05],
          [1.8546e-05],
          [1.4696e-05],
          [1.4608e-05],
          [1.4633e-05],
          [1.7160e-05],
          [1.5515e-05],
          [1.6971e-05],
          [1.6701e-05],
          [2.0370e-05],
          [1.6788e-05],
          [1.5016e-05],
          [1.6022e-05],
          [1.8158e-05],
          [2.2995e-05],
          [1.7633e-05],
          [2.5497e-05],
          [2.4571e-05],
          [3.2726e-05],
          [1.8378e-05],
          [1.8601e-05],
          [2.0821e-05],
          [2.0871e-05],
          [1.8534e-05],
          [1.7927e-05],
          [1.6168e-05],
          [1.5016e-05],
          [1.5279e-05],
          [1.7044e-05],
          [1.4108e-05],
          [1.2646e-05],
          [1.5412e-05],
          [1.4940e-05],
          [2.9387e-04],
          [4.3778e-05],
          [3.3453e-03],
          [1.7583e-05],
          [1.8715e-05],
          [1.6149e-05],
          [1.6355e-05],
          [2.0276e-05],
          [2.0159e-05],
          [1.8759e-05],
          [1.8710e-05],
          [1.7725e-05],
          [1.6919e-05],
          [1.8412e-05],
          [1.8700e-05],
          [1.6678e-05],
          [1.8452e-05],
          [3.4552e-04],
          [7.7074e-05],
          [4.9536e-04],
          [1.4956e-05],
          [1.2495e-05],
          [1.0902e-05],
          [2.2666e-05],
          [5.7288e-04],
          [4.4275e-04],
          [1.4214e-05],
          [1.4616e-05],
          [1.3705e-05],
          [2.1489e-05],
          [2.6334e-05],
          [3.2426e-05],
          [3.6285e-05],
          [3.4867e-05],
          [2.9706e-05],
          [2.3773e-05],
          [2.1266e-05],
          [1.8849e-05],
          [1.4278e-05],
          [1.4775e-05],
          [1.4238e-05],
          [1.4312e-05],
          [1.4327e-05],
          [7.7084e-05],
          [3.4257e-05],
          [4.7242e-05],
          [5.4046e-05],
          [3.7130e-05],
          [3.2809e-05],
          [2.3515e-05],
          [2.2574e-05],
          [1.9106e-05],
          [2.8632e-04],
          [1.5715e-04],
          [2.2172e-05],
          [2.0222e-05],
          [1.8009e-05],
          [1.5657e-05],
          [1.9307e-05],
          [2.0941e-05],
          [2.0810e-05],
          [1.2529e-04],
          [1.5867e-04],
          [3.4717e-04],
          [5.7122e-04],
          [2.3069e-05],
          [1.8688e-05],
          [1.7120e-05],
          [1.7082e-05],
          [1.5368e-05],
          [3.7350e-04],
          [1.2162e-03],
          [1.8299e-05],
          [6.0883e-05],
          [1.5146e-04],
          [2.0770e-05],
          [3.7957e-04],
          [1.9572e-05],
          [2.9492e-04],
          [1.9263e-05],
          [1.3924e-05],
          [1.1203e-05],
          [1.9837e-05],
          [1.8616e-05],
          [6.7166e-05],
          [8.9635e-06]]]])
