# Using CPU
# Loading Embeddings...
# Making Predictions...
torch.Size([1, 1, 442, 288])
tensor([[[[1.5866e-04],
          [3.7502e-05],
          [9.6689e-05],
          [4.3195e-05],
          [1.0973e-05],
          [2.1914e-04],
          [1.3739e-04],
          [1.8384e-05],
          [1.4235e-04],
          [1.3947e-04],
          [1.8083e-05],
          [1.6683e-05],
          [2.2766e-04],
          [2.2719e-04],
          [2.5852e-05],
          [1.7182e-05],
          [1.1916e-05],
          [1.2650e-05],
          [1.8703e-05],
          [3.8626e-05],
          [2.0057e-04],
          [2.4371e-05],
          [9.9231e-05],
          [1.4122e-05],
          [1.7985e-05],
          [2.4585e-05],
          [3.7545e-05],
          [6.8359e-05],
          [8.0593e-05],
          [1.0392e-04],
          [9.7360e-05],
          [1.3229e-04],
          [1.0057e-04],
          [1.1284e-04],
          [9.1165e-05],
          [7.3072e-05],
          [3.1607e-04],
          [4.9867e-05],
          [1.2933e-04],
          [8.5784e-05],
          [1.2872e-04],
          [2.2745e-05],
          [2.3775e-05],
          [2.5996e-05],
          [1.9054e-05],
          [2.2582e-05],
          [1.6547e-05],
          [2.2927e-05],
          [2.1718e-05],
          [1.6985e-04],
          [1.4008e-04],
          [1.4143e-05],
          [1.1979e-05],
          [2.0492e-04],
          [1.0562e-04],
          [1.3750e-05],
          [1.4275e-05],
          [1.5361e-05],
          [1.8482e-05],
          [2.1722e-05],
          [2.1871e-05],
          [1.9357e-05],
          [2.3815e-04],
          [2.0993e-04],
          [1.5367e-05],
          [1.5701e-05],
          [2.2463e-05],
          [2.3169e-05],
          [2.5136e-05],
          [1.6274e-05],
          [1.3352e-05],
          [2.8680e-04],
          [1.8618e-05],
          [3.0319e-05],
          [1.2731e-05],
          [1.5648e-05],
          [2.1656e-04],
          [1.6568e-05],
          [1.7253e-05],
          [1.4401e-05],
          [1.4289e-04],
          [1.6295e-04],
          [1.1616e-05],
          [1.2982e-05],
          [1.5054e-05],
          [1.8617e-05],
          [1.9703e-05],
          [2.0481e-05],
          [1.7351e-05],
          [1.7851e-05],
          [1.9814e-04],
          [3.5898e-05],
          [2.4557e-04],
          [1.6731e-05],
          [1.3192e-05],
          [1.3407e-05],
          [1.5488e-05],
          [2.4166e-05],
          [2.4708e-05],
          [2.8341e-05],
          [3.7241e-05],
          [2.5835e-05],
          [1.8065e-05],
          [1.5343e-05],
          [1.2636e-05],
          [1.6482e-05],
          [1.8163e-05],
          [2.3795e-05],
          [2.3213e-05],
          [2.4693e-05],
          [1.8971e-05],
          [7.3649e-05],
          [7.1115e-05],
          [1.8770e-05],
          [2.2249e-04],
          [1.2548e-05],
          [1.1389e-05],
          [1.1488e-05],
          [1.2837e-05],
          [1.4285e-05],
          [1.4286e-05],
          [1.3344e-05],
          [1.6298e-05],
          [1.4358e-05],
          [1.6725e-05],
          [1.3206e-05],
          [1.4512e-05],
          [1.5893e-05],
          [1.7677e-05],
          [2.5016e-05],
          [2.0174e-05],
          [2.5803e-04],
          [3.1977e-04],
          [2.7816e-05],
          [2.1462e-05],
          [2.4975e-05],
          [2.1894e-05],
          [2.6517e-05],
          [1.9333e-05],
          [1.8418e-05],
          [1.4702e-05],
          [1.3578e-05],
          [1.1216e-05],
          [1.2891e-05],
          [1.4083e-05],
          [1.7605e-05],
          [1.9003e-05],
          [2.7703e-05],
          [3.7691e-05],
          [5.9217e-05],
          [6.4960e-05],
          [6.6845e-05],
          [7.2316e-05],
          [9.1499e-05],
          [7.6252e-05],
          [5.9241e-05],
          [1.8450e-04],
          [7.6005e-05],
          [1.1706e-04],
          [1.1073e-04],
          [2.5785e-05],
          [2.0803e-05],
          [2.0200e-05],
          [2.0353e-05],
          [2.8872e-05],
          [2.6250e-05],
          [2.9912e-05],
          [2.7984e-05],
          [3.4818e-05],
          [3.6383e-05],
          [2.6446e-05],
          [2.1676e-04],
          [1.4370e-04],
          [2.3652e-05],
          [2.8204e-05],
          [3.1044e-05],
          [3.4429e-05],
          [3.0647e-05],
          [1.7851e-04],
          [2.7434e-05],
          [2.8621e-04],
          [1.7934e-05],
          [1.9754e-05],
          [1.4426e-04],
          [2.2321e-05],
          [2.5127e-04],
          [3.3823e-05],
          [3.5403e-05],
          [3.0238e-05],
          [1.8817e-04],
          [2.3285e-05],
          [1.6636e-04],
          [1.7148e-05],
          [2.1602e-05],
          [2.1875e-05],
          [2.2376e-05],
          [2.4945e-05],
          [1.9351e-05],
          [1.9716e-04],
          [1.6323e-04],
          [1.5560e-05],
          [1.5940e-05],
          [1.6248e-05],
          [1.9903e-05],
          [2.3475e-05],
          [2.3861e-05],
          [2.2949e-05],
          [1.5966e-04],
          [9.0391e-05],
          [1.7078e-05],
          [1.6502e-05],
          [1.6948e-05],
          [1.5554e-05],
          [2.0400e-04],
          [2.4036e-05],
          [1.7426e-05],
          [2.2002e-04],
          [1.8839e-05],
          [1.4849e-05],
          [1.2796e-05],
          [1.3259e-05],
          [1.4855e-05],
          [1.5743e-05],
          [1.2352e-05],
          [1.6042e-05],
          [1.7960e-05],
          [1.8620e-05],
          [1.5396e-05],
          [1.4452e-05],
          [1.4772e-05],
          [1.2060e-05],
          [1.4056e-05],
          [1.2762e-05],
          [1.3463e-05],
          [1.9927e-04],
          [8.0343e-05],
          [1.5904e-05],
          [1.4306e-05],
          [1.6049e-05],
          [2.9879e-05],
          [2.6738e-05],
          [2.2496e-05],
          [2.0577e-05],
          [2.2450e-05],
          [2.0928e-05],
          [1.2796e-05],
          [1.2424e-04],
          [7.1644e-05],
          [2.6697e-05],
          [2.0938e-04],
          [1.0218e-05],
          [1.3638e-04],
          [9.3833e-05],
          [1.9787e-05],
          [2.5970e-05],
          [2.9659e-05],
          [2.6532e-05],
          [3.5301e-05],
          [4.1338e-05],
          [5.5262e-05],
          [4.9703e-05],
          [6.8742e-05],
          [7.5606e-05],
          [1.1314e-04],
          [9.0961e-05],
          [9.1558e-05],
          [5.8538e-05],
          [1.6525e-04],
          [2.7287e-05],
          [2.5436e-05],
          [1.9400e-04],
          [7.8881e-05],
          [2.5207e-05],
          [1.2045e-04],
          [1.4727e-04],
          [2.2526e-05],
          [2.6036e-04],
          [1.2563e-05],
          [9.8926e-06],
          [8.9472e-06],
          [9.0048e-06],
          [9.8824e-06],
          [1.0735e-05],
          [3.5229e-05],
          [1.4153e-05],
          [2.1799e-05],
          [2.0713e-05],
          [2.6475e-04],
          [2.7480e-05],
          [7.1418e-05],
          [5.7116e-05],
          [9.4274e-06],
          [9.0887e-06],
          [9.8734e-06],
          [9.4666e-06],
          [1.0821e-05],
          [1.5464e-05],
          [2.1105e-04],
          [2.8342e-05],
          [1.5007e-04],
          [1.5890e-05],
          [1.5019e-05],
          [1.3109e-05],
          [1.4685e-05],
          [1.1735e-05],
          [1.1946e-05],
          [1.3788e-05],
          [1.5440e-05],
          [1.5863e-05],
          [2.1413e-05],
          [2.7054e-05],
          [2.7641e-05],
          [1.9388e-04],
          [1.2849e-04],
          [2.0371e-05],
          [1.6352e-05],
          [1.9800e-05],
          [1.0186e-05],
          [1.1608e-05],
          [1.5934e-05],
          [1.8679e-05],
          [1.6749e-05],
          [1.6957e-05],
          [1.4913e-05],
          [1.3077e-05],
          [1.1298e-05],
          [1.1322e-05],
          [1.1472e-05],
          [1.3665e-05],
          [1.1557e-05],
          [1.2386e-05],
          [1.3202e-05],
          [1.3491e-05],
          [1.4892e-05],
          [1.5403e-05],
          [1.7833e-05],
          [1.7617e-05],
          [1.7946e-05],
          [1.7092e-05],
          [2.1614e-05],
          [1.9720e-05],
          [4.2277e-05],
          [2.0552e-05],
          [2.3446e-05],
          [2.4131e-05],
          [2.2307e-05],
          [1.6313e-05],
          [1.9064e-05],
          [2.1201e-05],
          [1.6399e-05],
          [1.3490e-05],
          [1.2254e-05],
          [1.5659e-05],
          [1.4257e-05],
          [1.4414e-05],
          [1.5318e-05],
          [1.2270e-04],
          [2.3930e-05],
          [1.4524e-04],
          [1.6181e-05],
          [1.7205e-05],
          [1.4692e-05],
          [1.4895e-05],
          [1.5966e-05],
          [1.6011e-05],
          [1.3600e-05],
          [1.2703e-05],
          [1.2576e-05],
          [1.2863e-05],
          [1.4096e-05],
          [1.3246e-05],
          [1.6182e-05],
          [1.5479e-05],
          [1.5589e-04],
          [6.5447e-05],
          [2.6202e-04],
          [1.2738e-05],
          [1.0781e-05],
          [9.4881e-06],
          [1.5863e-05],
          [2.0477e-04],
          [1.3461e-04],
          [1.5649e-05],
          [1.1968e-05],
          [1.6346e-05],
          [2.3327e-05],
          [3.0915e-05],
          [3.9350e-05],
          [4.2341e-05],
          [3.2523e-05],
          [2.3353e-05],
          [1.5215e-05],
          [1.5614e-05],
          [1.4322e-05],
          [1.2978e-05],
          [9.3898e-06],
          [1.2103e-05],
          [1.1768e-05],
          [1.3143e-05],
          [6.6675e-05],
          [3.0023e-05],
          [4.0738e-05],
          [5.6957e-05],
          [4.5515e-05],
          [3.9708e-05],
          [2.5353e-05],
          [2.5292e-05],
          [1.6867e-05],
          [1.3354e-04],
          [1.0736e-04],
          [2.2835e-05],
          [1.7855e-05],
          [1.6517e-05],
          [1.4930e-05],
          [2.2037e-05],
          [2.1178e-05],
          [2.3968e-05],
          [6.7759e-05],
          [5.0373e-05],
          [1.1708e-04],
          [6.7536e-05],
          [2.1322e-05],
          [1.9198e-05],
          [1.8225e-05],
          [1.7404e-05],
          [1.2833e-05],
          [2.2381e-04],
          [5.6086e-05],
          [1.8937e-05],
          [5.6473e-05],
          [1.0839e-04],
          [1.5277e-05],
          [2.8354e-04],
          [2.3161e-05],
          [2.7959e-04],
          [1.7610e-05],
          [1.3006e-05],
          [1.0306e-05],
          [1.3805e-05],
          [1.0889e-05],
          [1.8163e-05],
          [4.4696e-06]]]])
