# Using CPU
# Loading Embeddings...
# Making Predictions...
torch.Size([1, 1, 442, 223])
tensor([[[[8.8270e-05],
          [2.9842e-05],
          [1.2524e-04],
          [3.4632e-05],
          [1.8426e-05],
          [7.6173e-04],
          [2.9751e-04],
          [3.1034e-05],
          [4.5134e-04],
          [3.5838e-04],
          [3.2875e-05],
          [2.9171e-05],
          [4.6303e-04],
          [2.8099e-04],
          [3.9431e-05],
          [2.3665e-05],
          [2.3241e-05],
          [4.5497e-05],
          [5.9730e-05],
          [5.3362e-05],
          [2.6336e-04],
          [3.8237e-05],
          [1.5678e-04],
          [2.7791e-05],
          [2.2386e-05],
          [2.7316e-05],
          [2.4879e-05],
          [3.6786e-05],
          [4.3438e-05],
          [5.5649e-05],
          [5.4066e-05],
          [5.8921e-05],
          [5.3620e-05],
          [5.9544e-05],
          [4.2946e-05],
          [3.9347e-05],
          [6.8519e-04],
          [4.1539e-05],
          [2.0711e-04],
          [1.8065e-04],
          [3.1506e-04],
          [1.5947e-05],
          [1.4731e-05],
          [1.4841e-05],
          [1.4179e-05],
          [1.2361e-05],
          [1.2541e-05],
          [1.8215e-05],
          [1.3953e-05],
          [5.2342e-04],
          [1.4475e-04],
          [1.6137e-05],
          [1.2257e-05],
          [8.0879e-04],
          [1.6568e-04],
          [2.0369e-05],
          [2.1148e-05],
          [1.9355e-05],
          [2.3603e-05],
          [2.5720e-05],
          [2.0524e-05],
          [1.8568e-05],
          [5.3984e-04],
          [2.4787e-04],
          [2.0106e-05],
          [1.6668e-05],
          [1.6454e-05],
          [1.7002e-05],
          [2.0124e-05],
          [1.8957e-05],
          [1.8674e-05],
          [5.9362e-04],
          [2.5802e-05],
          [4.7324e-05],
          [1.4688e-05],
          [2.3325e-05],
          [3.6136e-04],
          [1.6767e-05],
          [1.7228e-05],
          [1.3470e-05],
          [2.7581e-04],
          [2.4205e-04],
          [3.6477e-05],
          [3.4209e-05],
          [1.2962e-05],
          [1.5111e-05],
          [2.4841e-05],
          [3.4554e-05],
          [4.3958e-05],
          [5.3596e-05],
          [5.9080e-04],
          [7.1716e-05],
          [2.2612e-04],
          [1.6774e-04],
          [3.2933e-04],
          [8.1762e-04],
          [4.0197e-04],
          [2.4603e-04],
          [5.0134e-04],
          [1.2150e-03],
          [1.1593e-03],
          [1.1927e-04],
          [1.0740e-04],
          [8.4052e-05],
          [6.1139e-05],
          [2.0367e-05],
          [1.8400e-05],
          [1.9847e-05],
          [1.9726e-05],
          [2.3616e-05],
          [1.8805e-05],
          [7.6272e-05],
          [1.3561e-04],
          [2.0847e-05],
          [3.2919e-04],
          [1.6442e-05],
          [1.2048e-05],
          [2.3683e-05],
          [7.6674e-05],
          [6.9772e-04],
          [1.5242e-04],
          [7.3260e-04],
          [1.1832e-04],
          [1.0862e-04],
          [2.5567e-05],
          [3.3773e-05],
          [2.8004e-05],
          [2.6468e-05],
          [2.6773e-05],
          [2.6537e-05],
          [3.8227e-05],
          [5.0555e-04],
          [6.2957e-04],
          [1.1953e-04],
          [5.3455e-05],
          [4.3009e-05],
          [3.0279e-05],
          [2.5886e-05],
          [2.3069e-05],
          [2.3546e-05],
          [2.0271e-05],
          [1.8990e-05],
          [1.6303e-05],
          [1.4974e-05],
          [1.9613e-05],
          [1.7879e-05],
          [1.6444e-05],
          [2.1218e-05],
          [2.8659e-05],
          [4.1827e-05],
          [4.2375e-05],
          [5.2920e-05],
          [4.4612e-05],
          [5.6973e-05],
          [4.8237e-05],
          [5.0479e-05],
          [3.3661e-04],
          [2.3722e-04],
          [3.2826e-04],
          [3.0829e-04],
          [3.0734e-05],
          [1.9842e-05],
          [2.9779e-05],
          [3.5962e-05],
          [2.1612e-05],
          [2.4048e-05],
          [2.3479e-05],
          [2.3060e-05],
          [2.5494e-05],
          [2.1987e-05],
          [1.9208e-05],
          [9.4609e-04],
          [3.2274e-04],
          [2.0580e-05],
          [2.4144e-05],
          [3.1391e-05],
          [2.9721e-05],
          [2.5756e-05],
          [4.5811e-04],
          [6.2741e-05],
          [2.5546e-04],
          [1.9116e-05],
          [2.9339e-05],
          [3.5719e-04],
          [2.2017e-05],
          [2.0894e-04],
          [5.0313e-05],
          [6.5451e-05],
          [4.6556e-05],
          [5.0161e-04],
          [4.3485e-05],
          [4.3002e-04],
          [2.4112e-05],
          [2.5059e-05],
          [2.5250e-05],
          [2.4785e-05],
          [3.0055e-05],
          [2.0934e-05],
          [5.0351e-04],
          [2.2527e-04],
          [3.3829e-05],
          [3.0531e-05],
          [2.6486e-05],
          [2.3606e-05],
          [3.3646e-05],
          [2.9896e-05],
          [2.9375e-05],
          [5.8847e-04],
          [1.4644e-04],
          [2.2698e-05],
          [2.9660e-05],
          [2.2536e-05],
          [1.9489e-05],
          [8.7763e-04],
          [3.3811e-05],
          [1.9964e-05],
          [3.4526e-04],
          [1.5685e-05],
          [1.2156e-05],
          [1.2467e-05],
          [1.8657e-05],
          [1.4879e-05],
          [1.7495e-05],
          [1.5728e-05],
          [1.4941e-05],
          [1.9212e-05],
          [1.4842e-05],
          [1.2186e-05],
          [1.2765e-05],
          [1.6162e-05],
          [1.2762e-05],
          [1.3110e-05],
          [1.4082e-05],
          [1.4646e-05],
          [1.0438e-03],
          [1.8591e-04],
          [1.6914e-05],
          [1.9195e-05],
          [2.2003e-05],
          [3.1983e-05],
          [4.3963e-05],
          [7.1891e-05],
          [4.2678e-05],
          [6.1802e-05],
          [6.5051e-05],
          [3.2993e-05],
          [1.0841e-04],
          [8.1836e-05],
          [1.9409e-05],
          [2.5373e-04],
          [1.7158e-05],
          [4.5495e-04],
          [1.6366e-04],
          [1.6678e-05],
          [2.1607e-05],
          [1.9408e-05],
          [1.8566e-05],
          [2.5351e-05],
          [2.5767e-05],
          [3.2167e-05],
          [3.2805e-05],
          [5.9445e-05],
          [7.2653e-05],
          [1.6533e-04],
          [8.8126e-05],
          [9.4849e-05],
          [7.6523e-05],
          [4.0358e-04],
          [3.5324e-05],
          [3.4179e-05],
          [4.0726e-04],
          [1.4366e-04],
          [3.8335e-05],
          [3.4896e-04],
          [2.9895e-04],
          [7.4498e-05],
          [3.2791e-04],
          [1.6436e-05],
          [1.7078e-05],
          [1.7261e-05],
          [1.5007e-05],
          [1.6614e-05],
          [2.2978e-05],
          [4.3494e-05],
          [3.5208e-05],
          [5.6222e-05],
          [3.0836e-05],
          [4.8746e-04],
          [2.3567e-05],
          [1.0228e-04],
          [8.3115e-05],
          [1.5385e-05],
          [1.1737e-05],
          [1.3009e-05],
          [2.1832e-05],
          [3.2418e-05],
          [3.1750e-05],
          [5.0352e-04],
          [2.7232e-05],
          [2.8821e-04],
          [2.1904e-05],
          [2.3471e-05],
          [1.2223e-05],
          [1.4260e-05],
          [1.5146e-05],
          [1.5307e-05],
          [1.4392e-05],
          [1.6082e-05],
          [1.6585e-05],
          [1.8372e-05],
          [1.7944e-05],
          [2.0600e-05],
          [8.9588e-04],
          [2.0928e-04],
          [1.6951e-05],
          [1.5024e-05],
          [1.3541e-05],
          [1.2639e-05],
          [1.7347e-05],
          [3.8872e-05],
          [4.3981e-05],
          [4.4261e-05],
          [4.0118e-05],
          [3.5023e-05],
          [3.3127e-05],
          [1.9517e-05],
          [1.4131e-05],
          [1.4116e-05],
          [1.3466e-05],
          [1.4105e-05],
          [1.3850e-05],
          [1.4909e-05],
          [1.7289e-05],
          [1.4982e-05],
          [1.7206e-05],
          [2.2693e-05],
          [2.9968e-05],
          [2.9064e-05],
          [2.4583e-05],
          [4.6356e-05],
          [4.4290e-05],
          [4.5351e-05],
          [2.2290e-05],
          [2.2041e-05],
          [1.6391e-05],
          [2.3124e-05],
          [1.6868e-05],
          [2.1411e-05],
          [1.7155e-05],
          [2.4842e-05],
          [2.7385e-05],
          [3.3766e-05],
          [1.9554e-05],
          [1.4875e-05],
          [1.8733e-05],
          [2.0008e-05],
          [1.1180e-04],
          [2.4606e-05],
          [1.9302e-04],
          [2.1528e-05],
          [2.4934e-05],
          [1.9436e-05],
          [2.1761e-05],
          [2.0511e-05],
          [2.1071e-05],
          [1.9623e-05],
          [2.2309e-05],
          [1.6266e-05],
          [2.0242e-05],
          [1.4997e-05],
          [1.5236e-05],
          [1.5176e-05],
          [1.8603e-05],
          [1.6842e-04],
          [5.7490e-05],
          [2.5105e-04],
          [1.5013e-05],
          [1.4288e-05],
          [1.1584e-05],
          [1.8008e-05],
          [2.6888e-04],
          [1.6731e-04],
          [1.6155e-05],
          [1.7660e-05],
          [1.1540e-05],
          [1.4114e-05],
          [1.7907e-05],
          [2.8942e-05],
          [4.5337e-05],
          [5.5540e-05],
          [4.6366e-05],
          [3.7925e-05],
          [2.8786e-05],
          [1.8700e-05],
          [1.2191e-05],
          [1.1809e-05],
          [1.3332e-05],
          [1.3770e-05],
          [1.7505e-05],
          [5.1635e-05],
          [7.9309e-05],
          [1.3223e-04],
          [1.5889e-04],
          [1.1601e-04],
          [1.0908e-04],
          [1.0262e-04],
          [7.5430e-05],
          [4.4406e-05],
          [4.4142e-04],
          [1.5719e-04],
          [3.1955e-05],
          [2.2334e-05],
          [2.4333e-05],
          [2.1723e-05],
          [2.4057e-05],
          [1.8160e-05],
          [2.0303e-05],
          [6.6197e-05],
          [4.4829e-05],
          [4.2923e-04],
          [1.0078e-04],
          [3.1199e-05],
          [3.4631e-05],
          [4.6004e-05],
          [4.2993e-05],
          [2.7314e-05],
          [8.7718e-04],
          [1.5221e-04],
          [1.9549e-05],
          [7.9619e-05],
          [1.8543e-04],
          [1.5144e-05],
          [2.1707e-04],
          [2.4005e-05],
          [3.3284e-04],
          [1.7605e-05],
          [1.4814e-05],
          [1.5685e-05],
          [2.7795e-05],
          [2.4358e-05],
          [3.7321e-05],
          [8.0455e-06]]]])
