# Using CPU
# Loading Embeddings...
# Making Predictions...
torch.Size([1, 1, 442, 289])
tensor([[[[1.9831e-04],
          [2.6307e-05],
          [1.7214e-04],
          [2.3508e-05],
          [1.0562e-05],
          [1.0246e-03],
          [5.7167e-04],
          [1.4953e-05],
          [5.8360e-04],
          [5.8610e-04],
          [1.9667e-05],
          [2.0012e-05],
          [5.9907e-04],
          [3.4739e-04],
          [1.4644e-05],
          [2.1541e-05],
          [1.4197e-05],
          [1.2326e-05],
          [1.4610e-05],
          [1.5293e-05],
          [7.6397e-04],
          [2.4659e-05],
          [2.8768e-04],
          [1.5222e-05],
          [2.1960e-05],
          [3.1706e-05],
          [4.6685e-05],
          [8.4058e-05],
          [1.0152e-04],
          [1.3536e-04],
          [1.3148e-04],
          [1.5160e-04],
          [1.5476e-04],
          [1.6191e-04],
          [1.2598e-04],
          [9.5540e-05],
          [1.0409e-03],
          [1.2662e-04],
          [2.7351e-04],
          [1.8550e-04],
          [3.4323e-04],
          [2.8499e-05],
          [2.6357e-05],
          [2.8085e-05],
          [1.9424e-05],
          [1.8510e-05],
          [1.5360e-05],
          [2.3722e-05],
          [2.8139e-05],
          [8.9612e-04],
          [2.6725e-04],
          [2.4912e-05],
          [1.9187e-05],
          [8.3905e-04],
          [2.8400e-04],
          [1.7296e-05],
          [1.8735e-05],
          [1.8563e-05],
          [2.3108e-05],
          [2.8078e-05],
          [2.7269e-05],
          [2.7901e-05],
          [6.2473e-04],
          [3.7865e-04],
          [2.0405e-05],
          [2.1544e-05],
          [1.8809e-05],
          [1.7179e-05],
          [1.7464e-05],
          [1.5696e-05],
          [1.6382e-05],
          [6.8863e-04],
          [3.2991e-05],
          [2.4562e-05],
          [1.7442e-05],
          [1.8976e-05],
          [1.0537e-03],
          [1.5116e-05],
          [1.5147e-05],
          [1.2470e-05],
          [3.2776e-04],
          [2.0928e-04],
          [1.4344e-05],
          [1.5177e-05],
          [1.7825e-05],
          [2.1453e-05],
          [2.2943e-05],
          [2.5568e-05],
          [2.0327e-05],
          [1.7558e-05],
          [7.5023e-04],
          [9.1129e-05],
          [3.5525e-04],
          [1.1551e-05],
          [1.2869e-05],
          [1.0793e-05],
          [1.1428e-05],
          [1.4915e-05],
          [1.3018e-05],
          [1.4535e-05],
          [1.5709e-05],
          [1.5596e-05],
          [1.3306e-05],
          [1.2248e-05],
          [1.5719e-05],
          [2.3698e-05],
          [2.8664e-05],
          [3.5528e-05],
          [3.7719e-05],
          [3.8388e-05],
          [2.9534e-05],
          [1.1068e-04],
          [1.5539e-04],
          [2.3276e-05],
          [4.0419e-04],
          [1.9529e-05],
          [1.7039e-05],
          [1.2259e-05],
          [1.6983e-05],
          [1.8400e-05],
          [1.8250e-05],
          [1.3489e-05],
          [1.5723e-05],
          [1.3195e-05],
          [1.5888e-05],
          [1.5327e-05],
          [1.8062e-05],
          [1.8187e-05],
          [2.4524e-05],
          [2.4447e-05],
          [3.1342e-05],
          [5.6708e-04],
          [5.3170e-04],
          [4.5586e-05],
          [4.4784e-05],
          [3.9660e-05],
          [3.0075e-05],
          [2.7951e-05],
          [1.8927e-05],
          [2.0858e-05],
          [1.7361e-05],
          [1.6365e-05],
          [1.1958e-05],
          [1.3648e-05],
          [1.8125e-05],
          [2.5341e-05],
          [2.8074e-05],
          [4.0903e-05],
          [5.7744e-05],
          [9.2539e-05],
          [9.7366e-05],
          [1.0376e-04],
          [1.0358e-04],
          [1.0614e-04],
          [9.2275e-05],
          [7.4518e-05],
          [6.8458e-04],
          [2.9487e-04],
          [6.1681e-04],
          [6.4862e-04],
          [1.9887e-05],
          [2.0239e-05],
          [2.0228e-05],
          [2.6561e-05],
          [2.3322e-05],
          [3.0066e-05],
          [2.5490e-05],
          [2.5901e-05],
          [2.6795e-05],
          [2.8926e-05],
          [2.4501e-05],
          [9.8917e-04],
          [3.3693e-04],
          [3.4143e-05],
          [4.9877e-05],
          [5.1510e-05],
          [5.2374e-05],
          [4.8097e-05],
          [6.0638e-04],
          [1.1849e-04],
          [4.2722e-04],
          [1.8542e-05],
          [2.4151e-05],
          [7.7174e-04],
          [1.5304e-05],
          [3.0106e-04],
          [1.5853e-05],
          [1.7941e-05],
          [1.6994e-05],
          [1.6333e-03],
          [3.6758e-05],
          [9.9953e-04],
          [2.3259e-05],
          [3.1514e-05],
          [3.4296e-05],
          [3.4237e-05],
          [3.8813e-05],
          [3.2637e-05],
          [4.8100e-04],
          [2.9772e-04],
          [2.4235e-05],
          [1.9709e-05],
          [1.9405e-05],
          [1.4426e-05],
          [1.7780e-05],
          [1.7487e-05],
          [1.7604e-05],
          [1.5888e-03],
          [3.4150e-04],
          [1.7938e-05],
          [1.4458e-05],
          [1.4639e-05],
          [1.5885e-05],
          [2.4828e-03],
          [3.0501e-05],
          [3.6949e-05],
          [1.0548e-03],
          [1.6623e-05],
          [1.4949e-05],
          [1.3988e-05],
          [1.2522e-05],
          [1.5017e-05],
          [1.4686e-05],
          [1.2006e-05],
          [1.3107e-05],
          [1.6103e-05],
          [1.7913e-05],
          [1.7797e-05],
          [1.4405e-05],
          [1.4831e-05],
          [1.2118e-05],
          [1.2684e-05],
          [1.2565e-05],
          [1.2378e-05],
          [1.5468e-03],
          [2.8087e-04],
          [1.3915e-05],
          [1.7031e-05],
          [1.5390e-05],
          [1.7688e-05],
          [1.7046e-05],
          [1.6370e-05],
          [1.3585e-05],
          [2.1501e-05],
          [2.1942e-05],
          [1.0824e-05],
          [2.0700e-04],
          [2.8717e-04],
          [2.3946e-05],
          [3.0693e-04],
          [1.2530e-05],
          [6.8818e-04],
          [2.7920e-04],
          [2.2423e-05],
          [2.6462e-05],
          [3.0476e-05],
          [2.8703e-05],
          [3.7887e-05],
          [4.1711e-05],
          [6.1838e-05],
          [6.3456e-05],
          [1.0008e-04],
          [1.1523e-04],
          [1.6243e-04],
          [1.4914e-04],
          [1.7035e-04],
          [9.9977e-05],
          [3.7938e-04],
          [4.3300e-05],
          [3.6723e-05],
          [3.7913e-04],
          [1.7512e-04],
          [3.2572e-05],
          [1.7581e-04],
          [5.6629e-04],
          [7.8829e-05],
          [3.7092e-04],
          [1.5299e-05],
          [1.2515e-05],
          [1.1823e-05],
          [9.9326e-06],
          [1.1067e-05],
          [1.0871e-05],
          [2.1908e-05],
          [1.0772e-05],
          [1.1373e-05],
          [1.0645e-05],
          [7.0577e-04],
          [2.8387e-05],
          [1.3522e-04],
          [9.8221e-05],
          [1.2078e-05],
          [1.2336e-05],
          [1.1982e-05],
          [1.1323e-05],
          [1.0521e-05],
          [1.0441e-05],
          [1.9628e-03],
          [4.1652e-05],
          [7.3000e-04],
          [1.4261e-05],
          [1.1914e-05],
          [1.3036e-05],
          [1.2789e-05],
          [1.3114e-05],
          [1.3667e-05],
          [1.3218e-05],
          [1.8629e-05],
          [1.6532e-05],
          [2.1404e-05],
          [2.7833e-05],
          [3.0816e-05],
          [1.8557e-03],
          [3.7638e-04],
          [2.5025e-05],
          [2.0553e-05],
          [1.5691e-05],
          [1.1462e-05],
          [1.2521e-05],
          [1.3350e-05],
          [1.4955e-05],
          [1.5176e-05],
          [1.9386e-05],
          [1.4296e-05],
          [1.5539e-05],
          [1.3120e-05],
          [1.2917e-05],
          [1.2903e-05],
          [1.6455e-05],
          [1.6310e-05],
          [1.6667e-05],
          [1.7053e-05],
          [1.8241e-05],
          [1.7126e-05],
          [1.4963e-05],
          [1.6452e-05],
          [1.6179e-05],
          [1.7174e-05],
          [1.6674e-05],
          [1.8070e-05],
          [1.7383e-05],
          [1.7283e-05],
          [1.7991e-05],
          [1.9763e-05],
          [2.4434e-05],
          [2.2280e-05],
          [2.1182e-05],
          [1.8293e-05],
          [2.5558e-05],
          [1.7786e-05],
          [1.6111e-05],
          [1.0719e-05],
          [1.2101e-05],
          [1.4053e-05],
          [1.6683e-05],
          [1.6152e-05],
          [2.4656e-04],
          [3.3233e-05],
          [1.0810e-03],
          [1.8949e-05],
          [1.9997e-05],
          [1.7781e-05],
          [1.7137e-05],
          [1.7181e-05],
          [1.5388e-05],
          [1.6657e-05],
          [1.4050e-05],
          [1.3365e-05],
          [1.3667e-05],
          [1.8429e-05],
          [1.6529e-05],
          [2.0580e-05],
          [1.6281e-05],
          [6.0215e-04],
          [1.0393e-04],
          [7.0364e-04],
          [1.2586e-05],
          [1.1533e-05],
          [9.6977e-06],
          [1.0996e-05],
          [1.1338e-03],
          [4.5244e-04],
          [1.3046e-05],
          [1.2063e-05],
          [1.3104e-05],
          [1.5380e-05],
          [1.8829e-05],
          [2.1653e-05],
          [2.1529e-05],
          [2.2665e-05],
          [2.2476e-05],
          [2.1576e-05],
          [2.0251e-05],
          [1.5318e-05],
          [1.3498e-05],
          [1.2359e-05],
          [1.1541e-05],
          [1.2697e-05],
          [1.3047e-05],
          [4.5231e-05],
          [3.1550e-05],
          [4.2835e-05],
          [8.3482e-05],
          [3.0575e-05],
          [2.9256e-05],
          [2.3309e-05],
          [2.4014e-05],
          [2.1441e-05],
          [7.7433e-04],
          [2.5963e-04],
          [2.4057e-05],
          [2.3136e-05],
          [1.9843e-05],
          [1.5928e-05],
          [1.7381e-05],
          [1.8298e-05],
          [1.8503e-05],
          [9.7061e-05],
          [7.5797e-05],
          [6.8534e-04],
          [3.5200e-04],
          [2.0448e-05],
          [1.5933e-05],
          [1.5885e-05],
          [1.6527e-05],
          [1.4998e-05],
          [6.4140e-04],
          [2.3526e-04],
          [2.3419e-05],
          [9.0439e-05],
          [2.1175e-04],
          [2.2327e-05],
          [3.5532e-04],
          [3.9113e-05],
          [3.1450e-04],
          [3.0009e-05],
          [1.6012e-05],
          [1.2750e-05],
          [1.2154e-05],
          [1.1645e-05],
          [3.5575e-05],
          [5.1785e-06]]]])
