# Using CPU
# Loading Embeddings...
# Making Predictions...
torch.Size([1, 1, 442, 275])
tensor([[[[1.5192e-04],
          [2.9937e-05],
          [1.1928e-04],
          [2.3021e-05],
          [9.7641e-06],
          [8.3115e-04],
          [2.1660e-04],
          [1.6755e-05],
          [6.1965e-04],
          [2.5466e-04],
          [2.0261e-05],
          [1.9140e-05],
          [5.3522e-04],
          [2.6309e-04],
          [3.2808e-05],
          [1.1648e-05],
          [1.1769e-05],
          [1.2882e-05],
          [1.4883e-05],
          [1.7757e-05],
          [1.8791e-03],
          [3.0931e-05],
          [2.0700e-04],
          [1.4828e-05],
          [2.1271e-05],
          [2.8927e-05],
          [4.3451e-05],
          [8.1071e-05],
          [1.1131e-04],
          [1.5146e-04],
          [1.5623e-04],
          [1.9320e-04],
          [1.9573e-04],
          [1.9815e-04],
          [1.5309e-04],
          [1.1407e-04],
          [1.5362e-03],
          [7.1696e-05],
          [2.3491e-04],
          [1.6017e-04],
          [2.0852e-04],
          [3.0082e-05],
          [2.5909e-05],
          [2.6201e-05],
          [1.8051e-05],
          [1.6151e-05],
          [1.4446e-05],
          [1.3275e-05],
          [2.0154e-05],
          [3.3758e-04],
          [1.8471e-04],
          [1.6008e-05],
          [1.5023e-05],
          [1.0021e-03],
          [1.8376e-04],
          [1.5967e-05],
          [1.6710e-05],
          [1.6684e-05],
          [2.0658e-05],
          [2.3978e-05],
          [2.5624e-05],
          [2.3894e-05],
          [3.8902e-04],
          [2.4356e-04],
          [1.9401e-05],
          [2.0536e-05],
          [1.7681e-05],
          [1.6322e-05],
          [1.6330e-05],
          [1.5255e-05],
          [1.5314e-05],
          [4.2713e-04],
          [3.1242e-05],
          [2.4560e-05],
          [1.6358e-05],
          [2.0549e-05],
          [4.3680e-04],
          [1.6902e-05],
          [1.4847e-05],
          [1.3764e-05],
          [2.5460e-04],
          [1.7632e-04],
          [1.7225e-05],
          [1.5730e-05],
          [1.7385e-05],
          [2.2358e-05],
          [2.3175e-05],
          [2.4513e-05],
          [2.1010e-05],
          [1.8259e-05],
          [9.8868e-04],
          [7.0884e-05],
          [2.6774e-04],
          [1.4183e-05],
          [1.4981e-05],
          [2.1582e-05],
          [2.4225e-05],
          [3.3364e-05],
          [2.6768e-05],
          [2.7323e-05],
          [2.6190e-05],
          [1.7735e-05],
          [1.3112e-05],
          [1.1031e-05],
          [1.3249e-05],
          [2.0258e-05],
          [2.3219e-05],
          [2.8247e-05],
          [3.1167e-05],
          [3.2680e-05],
          [2.5121e-05],
          [2.3214e-04],
          [1.4684e-04],
          [1.8169e-05],
          [2.4819e-04],
          [1.8630e-05],
          [1.6540e-05],
          [1.3660e-05],
          [1.7261e-05],
          [1.7909e-05],
          [1.7108e-05],
          [1.3527e-05],
          [1.4702e-05],
          [1.2176e-05],
          [1.5288e-05],
          [1.4992e-05],
          [1.8148e-05],
          [1.7754e-05],
          [2.0973e-05],
          [2.5247e-05],
          [2.2164e-05],
          [5.1067e-04],
          [3.7790e-04],
          [2.6577e-05],
          [3.1864e-05],
          [3.2126e-05],
          [2.5714e-05],
          [2.8267e-05],
          [1.9705e-05],
          [2.1327e-05],
          [1.6617e-05],
          [1.6378e-05],
          [1.1325e-05],
          [1.2928e-05],
          [1.5584e-05],
          [2.1342e-05],
          [2.2562e-05],
          [3.2038e-05],
          [4.3512e-05],
          [5.9882e-05],
          [6.3159e-05],
          [7.7529e-05],
          [8.2642e-05],
          [1.0129e-04],
          [9.8925e-05],
          [7.3373e-05],
          [8.5119e-04],
          [1.8022e-04],
          [4.4633e-04],
          [2.1284e-04],
          [1.8183e-05],
          [1.7835e-05],
          [1.6629e-05],
          [1.7856e-05],
          [1.9756e-05],
          [2.2645e-05],
          [2.2751e-05],
          [2.4022e-05],
          [2.6619e-05],
          [2.6169e-05],
          [2.4827e-05],
          [6.9691e-04],
          [1.6345e-04],
          [3.5282e-05],
          [4.2748e-05],
          [4.3916e-05],
          [4.4771e-05],
          [4.0533e-05],
          [4.1305e-04],
          [9.5873e-05],
          [2.6744e-04],
          [1.7151e-05],
          [1.5774e-05],
          [2.5344e-04],
          [1.4187e-05],
          [2.4740e-04],
          [1.2472e-05],
          [1.2181e-05],
          [1.2711e-05],
          [1.1200e-03],
          [2.2733e-05],
          [6.2439e-04],
          [2.1196e-05],
          [2.7733e-05],
          [2.7858e-05],
          [2.8344e-05],
          [3.3338e-05],
          [2.6434e-05],
          [3.9908e-04],
          [2.1393e-04],
          [2.3681e-05],
          [1.9928e-05],
          [1.9672e-05],
          [1.4658e-05],
          [1.5293e-05],
          [1.5303e-05],
          [1.3784e-05],
          [8.3542e-04],
          [1.4454e-04],
          [1.3921e-05],
          [1.4476e-05],
          [1.6531e-05],
          [1.7278e-05],
          [7.5035e-04],
          [3.8020e-05],
          [1.7927e-05],
          [3.7019e-04],
          [1.5371e-05],
          [1.3891e-05],
          [1.3314e-05],
          [1.4388e-05],
          [1.7855e-05],
          [1.6365e-05],
          [1.3576e-05],
          [1.4897e-05],
          [1.7193e-05],
          [1.8972e-05],
          [1.7077e-05],
          [1.4100e-05],
          [1.2345e-05],
          [1.3086e-05],
          [1.2911e-05],
          [1.2312e-05],
          [1.2476e-05],
          [7.5389e-04],
          [1.1428e-04],
          [1.5899e-05],
          [1.8034e-05],
          [1.6429e-05],
          [1.7257e-05],
          [1.5208e-05],
          [1.9730e-05],
          [1.5600e-05],
          [2.1560e-05],
          [2.1007e-05],
          [1.3939e-05],
          [5.6847e-04],
          [1.9351e-04],
          [3.0846e-05],
          [2.3826e-04],
          [1.5182e-05],
          [3.5594e-04],
          [1.3753e-04],
          [2.7030e-05],
          [2.7744e-05],
          [2.8922e-05],
          [2.5572e-05],
          [3.6490e-05],
          [4.2253e-05],
          [4.7862e-05],
          [4.4210e-05],
          [6.2034e-05],
          [7.6546e-05],
          [1.1589e-04],
          [1.0753e-04],
          [1.2679e-04],
          [6.9635e-05],
          [2.5408e-04],
          [3.4598e-05],
          [3.7866e-05],
          [2.4739e-04],
          [3.4030e-04],
          [2.6365e-05],
          [1.2538e-04],
          [2.3707e-04],
          [7.3184e-05],
          [2.0202e-04],
          [1.7609e-05],
          [1.2925e-05],
          [1.1975e-05],
          [1.0696e-05],
          [9.5868e-06],
          [9.6653e-06],
          [2.3835e-05],
          [1.3144e-05],
          [1.7922e-05],
          [1.4060e-05],
          [2.9838e-04],
          [4.1978e-05],
          [1.1516e-04],
          [5.9018e-05],
          [1.5336e-05],
          [1.2812e-05],
          [1.2448e-05],
          [1.1357e-05],
          [1.0717e-05],
          [9.9959e-06],
          [9.5211e-04],
          [2.2665e-05],
          [2.6648e-04],
          [1.2921e-05],
          [1.1830e-05],
          [1.4905e-05],
          [1.5441e-05],
          [1.5573e-05],
          [1.9045e-05],
          [1.7495e-05],
          [2.2709e-05],
          [2.2541e-05],
          [3.1946e-05],
          [3.2421e-05],
          [3.7171e-05],
          [6.5130e-04],
          [1.6483e-04],
          [2.4609e-05],
          [2.0652e-05],
          [1.6196e-05],
          [1.4234e-05],
          [1.4545e-05],
          [1.4410e-05],
          [1.6596e-05],
          [1.4623e-05],
          [1.5075e-05],
          [1.3355e-05],
          [1.4550e-05],
          [1.3435e-05],
          [1.1907e-05],
          [1.3094e-05],
          [1.4193e-05],
          [1.3516e-05],
          [1.3779e-05],
          [1.3572e-05],
          [1.5540e-05],
          [1.3998e-05],
          [1.4037e-05],
          [1.8659e-05],
          [1.7927e-05],
          [2.1327e-05],
          [1.8715e-05],
          [2.7908e-05],
          [2.9435e-05],
          [2.7827e-05],
          [2.0761e-05],
          [2.4079e-05],
          [2.6328e-05],
          [2.6588e-05],
          [2.0368e-05],
          [1.8375e-05],
          [1.8888e-05],
          [2.2050e-05],
          [2.1204e-05],
          [1.8788e-05],
          [2.0774e-05],
          [1.7003e-05],
          [1.6978e-05],
          [1.7845e-05],
          [5.2800e-04],
          [3.0678e-05],
          [7.3125e-04],
          [2.3781e-05],
          [2.2660e-05],
          [2.2041e-05],
          [1.9254e-05],
          [1.8988e-05],
          [1.4352e-05],
          [1.2131e-05],
          [1.2222e-05],
          [1.1246e-05],
          [1.1259e-05],
          [1.2621e-05],
          [1.3659e-05],
          [1.7755e-05],
          [1.7213e-05],
          [6.6381e-04],
          [7.0779e-05],
          [4.1869e-04],
          [1.4257e-05],
          [1.2359e-05],
          [9.3753e-06],
          [1.0486e-05],
          [8.8295e-04],
          [2.0263e-04],
          [1.1065e-05],
          [1.2416e-05],
          [1.5626e-05],
          [2.1709e-05],
          [2.6011e-05],
          [3.2045e-05],
          [3.2564e-05],
          [2.7775e-05],
          [2.5022e-05],
          [2.0530e-05],
          [1.8322e-05],
          [1.3711e-05],
          [1.1819e-05],
          [1.1249e-05],
          [1.1028e-05],
          [1.1382e-05],
          [1.1901e-05],
          [2.0992e-05],
          [3.2687e-05],
          [4.2625e-05],
          [3.6039e-05],
          [2.7841e-05],
          [2.5957e-05],
          [2.6154e-05],
          [2.4397e-05],
          [2.0065e-05],
          [3.5608e-04],
          [1.4887e-04],
          [2.6039e-05],
          [2.1036e-05],
          [1.8213e-05],
          [1.6063e-05],
          [1.7414e-05],
          [1.7020e-05],
          [1.6606e-05],
          [2.2635e-04],
          [8.6782e-05],
          [6.5775e-04],
          [1.9348e-04],
          [1.9006e-05],
          [1.7058e-05],
          [1.8365e-05],
          [1.6020e-05],
          [1.4695e-05],
          [5.6411e-04],
          [2.9152e-04],
          [1.7840e-05],
          [7.6709e-05],
          [1.5309e-04],
          [2.1637e-05],
          [3.2301e-04],
          [3.5775e-05],
          [3.5756e-04],
          [3.7418e-05],
          [1.9818e-05],
          [1.2754e-05],
          [1.2798e-05],
          [1.2396e-05],
          [9.7786e-05],
          [8.0152e-06]]]])
