# Using CPU
# Loading Embeddings...
# Making Predictions...
torch.Size([1, 1, 442, 289])
tensor([[[[1.5650e-04],
          [2.7732e-05],
          [1.5322e-04],
          [2.3135e-05],
          [1.0432e-05],
          [7.6573e-04],
          [5.6492e-04],
          [1.6203e-05],
          [5.2641e-04],
          [5.7058e-04],
          [1.9696e-05],
          [2.0013e-05],
          [5.7009e-04],
          [3.1557e-04],
          [1.3590e-05],
          [1.3382e-05],
          [1.0770e-05],
          [9.5249e-06],
          [1.0951e-05],
          [1.3313e-05],
          [8.4465e-04],
          [2.3805e-05],
          [2.8392e-04],
          [1.7909e-05],
          [2.1082e-05],
          [3.1720e-05],
          [4.7337e-05],
          [8.2221e-05],
          [9.6323e-05],
          [1.4168e-04],
          [1.3230e-04],
          [1.5941e-04],
          [1.5305e-04],
          [1.5167e-04],
          [1.1559e-04],
          [8.9031e-05],
          [8.5880e-04],
          [8.4660e-05],
          [2.4682e-04],
          [1.7337e-04],
          [3.2037e-04],
          [2.8625e-05],
          [2.6752e-05],
          [2.7877e-05],
          [1.8890e-05],
          [1.7818e-05],
          [1.5620e-05],
          [2.1594e-05],
          [3.1098e-05],
          [8.0111e-04],
          [2.5974e-04],
          [2.0994e-05],
          [1.8763e-05],
          [7.2318e-04],
          [2.8288e-04],
          [1.6166e-05],
          [1.8069e-05],
          [1.8114e-05],
          [2.2230e-05],
          [2.6906e-05],
          [2.5615e-05],
          [2.4889e-05],
          [6.3615e-04],
          [3.6109e-04],
          [1.9635e-05],
          [2.0601e-05],
          [1.8276e-05],
          [1.6343e-05],
          [1.7082e-05],
          [1.4972e-05],
          [1.5992e-05],
          [6.7346e-04],
          [2.0903e-05],
          [3.0867e-05],
          [1.6691e-05],
          [1.9407e-05],
          [1.0300e-03],
          [1.4961e-05],
          [1.5071e-05],
          [1.2598e-05],
          [3.1529e-04],
          [2.0297e-04],
          [1.3720e-05],
          [1.5433e-05],
          [1.8167e-05],
          [2.1852e-05],
          [2.3132e-05],
          [2.5743e-05],
          [2.0745e-05],
          [1.7757e-05],
          [6.4457e-04],
          [4.2405e-05],
          [3.2533e-04],
          [1.1871e-05],
          [1.2641e-05],
          [1.0879e-05],
          [1.0955e-05],
          [1.4087e-05],
          [1.1810e-05],
          [1.3248e-05],
          [1.2662e-05],
          [1.2522e-05],
          [1.0012e-05],
          [1.1703e-05],
          [1.4903e-05],
          [2.2446e-05],
          [2.7115e-05],
          [3.3619e-05],
          [3.6313e-05],
          [3.7096e-05],
          [2.7477e-05],
          [1.2805e-04],
          [1.4539e-04],
          [2.0718e-05],
          [3.7891e-04],
          [1.7971e-05],
          [1.5766e-05],
          [1.3252e-05],
          [1.7572e-05],
          [1.8358e-05],
          [1.8155e-05],
          [1.3751e-05],
          [1.5440e-05],
          [1.2676e-05],
          [1.4992e-05],
          [1.4597e-05],
          [1.6647e-05],
          [1.6528e-05],
          [1.8977e-05],
          [2.2146e-05],
          [2.0426e-05],
          [5.7686e-04],
          [4.9818e-04],
          [2.6892e-05],
          [3.1869e-05],
          [3.0188e-05],
          [2.5055e-05],
          [2.4717e-05],
          [1.9652e-05],
          [2.0609e-05],
          [1.6474e-05],
          [1.5523e-05],
          [1.0982e-05],
          [1.2983e-05],
          [1.6413e-05],
          [2.2917e-05],
          [2.5765e-05],
          [3.7326e-05],
          [5.2270e-05],
          [8.0372e-05],
          [8.9749e-05],
          [1.0221e-04],
          [9.9044e-05],
          [1.0867e-04],
          [8.5204e-05],
          [7.4220e-05],
          [5.6050e-04],
          [2.8321e-04],
          [5.6983e-04],
          [6.1583e-04],
          [1.8448e-05],
          [1.8364e-05],
          [1.7270e-05],
          [1.8634e-05],
          [2.0209e-05],
          [2.4012e-05],
          [2.2273e-05],
          [2.4151e-05],
          [2.5710e-05],
          [2.5091e-05],
          [2.2272e-05],
          [9.1900e-04],
          [3.1462e-04],
          [3.3429e-05],
          [4.2665e-05],
          [4.6694e-05],
          [4.9666e-05],
          [4.5379e-05],
          [6.2049e-04],
          [4.8690e-05],
          [4.0348e-04],
          [1.6945e-05],
          [2.3753e-05],
          [7.4094e-04],
          [1.4649e-05],
          [2.8583e-04],
          [1.5452e-05],
          [1.7482e-05],
          [1.6543e-05],
          [1.2133e-03],
          [3.4617e-05],
          [9.6524e-04],
          [2.1552e-05],
          [2.9913e-05],
          [3.1075e-05],
          [3.1099e-05],
          [3.5841e-05],
          [2.7692e-05],
          [4.7419e-04],
          [2.8276e-04],
          [2.3452e-05],
          [1.9430e-05],
          [1.9064e-05],
          [1.4440e-05],
          [1.7359e-05],
          [1.7261e-05],
          [1.7364e-05],
          [1.3935e-03],
          [3.3060e-04],
          [1.8013e-05],
          [1.4310e-05],
          [1.4700e-05],
          [1.5512e-05],
          [2.2393e-03],
          [3.1686e-05],
          [3.7127e-05],
          [9.5403e-04],
          [1.6378e-05],
          [1.4768e-05],
          [1.3843e-05],
          [1.3736e-05],
          [1.5294e-05],
          [1.4199e-05],
          [1.1944e-05],
          [1.2716e-05],
          [1.5742e-05],
          [1.7452e-05],
          [1.8226e-05],
          [1.4606e-05],
          [1.1459e-05],
          [1.1717e-05],
          [1.2398e-05],
          [1.2525e-05],
          [1.2658e-05],
          [1.2232e-03],
          [2.4966e-04],
          [1.4132e-05],
          [1.6994e-05],
          [1.4860e-05],
          [1.7081e-05],
          [1.5026e-05],
          [1.6043e-05],
          [1.3425e-05],
          [2.2245e-05],
          [2.2779e-05],
          [1.0706e-05],
          [2.3965e-04],
          [1.3213e-04],
          [2.3864e-05],
          [2.8292e-04],
          [1.1503e-05],
          [6.1312e-04],
          [2.6356e-04],
          [2.3838e-05],
          [2.9737e-05],
          [3.0426e-05],
          [2.7548e-05],
          [3.4804e-05],
          [3.7408e-05],
          [5.4503e-05],
          [5.4650e-05],
          [7.6069e-05],
          [9.2511e-05],
          [1.3164e-04],
          [1.2893e-04],
          [1.3741e-04],
          [8.2034e-05],
          [2.5569e-04],
          [3.6136e-05],
          [3.4051e-05],
          [3.5150e-04],
          [1.3898e-04],
          [3.5696e-05],
          [1.5770e-04],
          [5.6718e-04],
          [3.4761e-05],
          [3.4607e-04],
          [1.4530e-05],
          [1.2427e-05],
          [1.1654e-05],
          [9.7318e-06],
          [1.0869e-05],
          [1.0717e-05],
          [2.0983e-05],
          [1.0581e-05],
          [1.1502e-05],
          [1.0375e-05],
          [5.9967e-04],
          [2.6863e-05],
          [1.2686e-04],
          [9.7833e-05],
          [1.2939e-05],
          [1.2740e-05],
          [1.2394e-05],
          [1.1637e-05],
          [1.0838e-05],
          [9.8543e-06],
          [1.6407e-03],
          [4.0806e-05],
          [6.9974e-04],
          [1.4781e-05],
          [1.1172e-05],
          [1.3643e-05],
          [1.3457e-05],
          [1.3916e-05],
          [1.4147e-05],
          [1.4536e-05],
          [2.0565e-05],
          [1.7878e-05],
          [2.3306e-05],
          [2.5375e-05],
          [3.3211e-05],
          [1.7648e-03],
          [3.6625e-04],
          [2.3916e-05],
          [1.9802e-05],
          [1.4880e-05],
          [1.1754e-05],
          [1.2544e-05],
          [1.3263e-05],
          [1.5123e-05],
          [1.5188e-05],
          [1.6197e-05],
          [1.4312e-05],
          [1.4730e-05],
          [1.2440e-05],
          [1.3777e-05],
          [1.3818e-05],
          [1.6822e-05],
          [1.6618e-05],
          [1.6429e-05],
          [1.6805e-05],
          [1.8057e-05],
          [1.6356e-05],
          [1.4129e-05],
          [1.5525e-05],
          [1.5464e-05],
          [1.7661e-05],
          [1.6262e-05],
          [1.8914e-05],
          [1.7923e-05],
          [1.8727e-05],
          [1.7658e-05],
          [1.9400e-05],
          [2.3905e-05],
          [2.1966e-05],
          [2.0654e-05],
          [1.8331e-05],
          [2.6175e-05],
          [1.7279e-05],
          [1.5659e-05],
          [1.0541e-05],
          [1.2130e-05],
          [1.3903e-05],
          [1.6728e-05],
          [1.5674e-05],
          [2.1305e-04],
          [3.6789e-05],
          [1.0224e-03],
          [2.1697e-05],
          [2.2860e-05],
          [1.9940e-05],
          [1.8558e-05],
          [1.7995e-05],
          [1.5893e-05],
          [1.4850e-05],
          [1.2672e-05],
          [1.2112e-05],
          [1.2379e-05],
          [1.7009e-05],
          [1.5745e-05],
          [1.9733e-05],
          [1.5301e-05],
          [4.7553e-04],
          [1.1182e-04],
          [6.8194e-04],
          [1.2506e-05],
          [1.1131e-05],
          [9.4610e-06],
          [1.0905e-05],
          [9.9183e-04],
          [4.3143e-04],
          [1.2859e-05],
          [1.0990e-05],
          [1.0941e-05],
          [1.4598e-05],
          [1.9205e-05],
          [2.2356e-05],
          [2.7623e-05],
          [2.5153e-05],
          [2.6946e-05],
          [2.1734e-05],
          [1.8113e-05],
          [1.3267e-05],
          [1.2811e-05],
          [1.1875e-05],
          [1.1351e-05],
          [1.2110e-05],
          [1.2597e-05],
          [4.8342e-05],
          [3.1461e-05],
          [4.0648e-05],
          [1.0263e-04],
          [2.9513e-05],
          [2.9090e-05],
          [2.5758e-05],
          [2.4282e-05],
          [2.0883e-05],
          [7.4435e-04],
          [2.4409e-04],
          [2.4553e-05],
          [2.3512e-05],
          [2.0324e-05],
          [1.6278e-05],
          [1.7316e-05],
          [1.9052e-05],
          [1.8776e-05],
          [9.0828e-05],
          [7.3036e-05],
          [5.9197e-04],
          [3.4002e-04],
          [2.0469e-05],
          [1.5757e-05],
          [1.5649e-05],
          [1.6693e-05],
          [1.4583e-05],
          [6.9300e-04],
          [1.2004e-04],
          [1.6208e-05],
          [4.3627e-05],
          [2.1296e-04],
          [2.0912e-05],
          [3.7776e-04],
          [1.9656e-05],
          [3.0473e-04],
          [2.2307e-05],
          [1.5506e-05],
          [1.2414e-05],
          [1.2602e-05],
          [1.1675e-05],
          [4.3303e-05],
          [5.6881e-06]]]])
