# Using CPU
# Loading Embeddings...
# Making Predictions...
torch.Size([1, 1, 442, 257])
tensor([[[[1.6124e-04],
          [3.7182e-05],
          [1.7558e-04],
          [1.0081e-04],
          [1.0024e-05],
          [2.8847e-04],
          [4.2958e-04],
          [3.6085e-05],
          [4.0885e-04],
          [1.2176e-03],
          [1.1606e-05],
          [1.1561e-05],
          [5.1448e-04],
          [2.5546e-04],
          [7.0883e-05],
          [2.6609e-05],
          [7.3482e-05],
          [1.9787e-05],
          [2.2396e-05],
          [2.0892e-05],
          [7.4033e-04],
          [4.9005e-05],
          [1.6330e-03],
          [1.3494e-05],
          [1.3907e-05],
          [1.5352e-05],
          [1.8627e-05],
          [2.8051e-05],
          [3.0014e-05],
          [3.2867e-05],
          [2.4535e-05],
          [3.6387e-05],
          [2.7485e-05],
          [5.6732e-05],
          [2.5270e-05],
          [2.8113e-05],
          [5.2988e-04],
          [7.0565e-05],
          [2.2977e-04],
          [2.0216e-04],
          [7.9641e-04],
          [1.9914e-05],
          [1.7520e-05],
          [1.9467e-05],
          [1.4688e-05],
          [1.4862e-05],
          [1.2934e-05],
          [2.6259e-05],
          [3.7002e-05],
          [2.8835e-04],
          [5.8865e-04],
          [1.6081e-05],
          [1.5700e-05],
          [4.9186e-04],
          [7.5776e-04],
          [1.2038e-05],
          [1.1282e-05],
          [1.6253e-05],
          [1.6970e-05],
          [1.5445e-05],
          [1.5359e-05],
          [1.3156e-05],
          [3.4320e-04],
          [4.2165e-04],
          [1.3953e-05],
          [1.3513e-05],
          [1.5748e-05],
          [1.5426e-05],
          [1.5987e-05],
          [1.5750e-05],
          [1.2924e-05],
          [3.9913e-04],
          [3.1693e-05],
          [2.3732e-05],
          [1.6092e-05],
          [2.5199e-05],
          [2.9921e-03],
          [1.3371e-05],
          [1.3508e-05],
          [1.2892e-05],
          [2.6473e-04],
          [3.3358e-04],
          [1.3545e-05],
          [1.1573e-05],
          [1.2428e-05],
          [1.4152e-05],
          [1.5275e-05],
          [1.6644e-05],
          [1.5660e-05],
          [1.4531e-05],
          [3.7442e-04],
          [5.5853e-05],
          [4.8779e-04],
          [1.2811e-05],
          [1.8090e-05],
          [2.1674e-05],
          [2.3275e-05],
          [2.8704e-05],
          [2.7869e-05],
          [2.9058e-05],
          [2.7082e-05],
          [2.1089e-05],
          [1.4846e-05],
          [1.3295e-05],
          [1.0863e-05],
          [1.1924e-05],
          [1.2296e-05],
          [1.4900e-05],
          [1.4455e-05],
          [1.6618e-05],
          [1.5263e-05],
          [1.3633e-04],
          [1.1847e-04],
          [2.8085e-05],
          [4.6043e-04],
          [1.7893e-05],
          [1.0860e-05],
          [1.1797e-05],
          [1.1340e-05],
          [1.0245e-05],
          [1.1419e-05],
          [1.0063e-05],
          [2.4243e-05],
          [1.1513e-05],
          [1.4846e-05],
          [1.1419e-05],
          [1.0393e-05],
          [1.0471e-05],
          [1.1324e-05],
          [1.2900e-05],
          [1.4646e-05],
          [4.4086e-04],
          [6.2350e-04],
          [2.8213e-05],
          [1.5922e-05],
          [1.5868e-05],
          [1.3622e-05],
          [1.3585e-05],
          [1.2045e-05],
          [1.2044e-05],
          [1.2334e-05],
          [1.1068e-05],
          [9.6899e-06],
          [1.2098e-05],
          [1.0725e-05],
          [1.0980e-05],
          [1.3534e-05],
          [1.5797e-05],
          [1.6621e-05],
          [2.6210e-05],
          [2.1560e-05],
          [2.6372e-05],
          [3.0192e-05],
          [2.7782e-05],
          [2.5945e-05],
          [2.7053e-05],
          [6.2734e-04],
          [5.5079e-04],
          [2.7900e-04],
          [1.9834e-03],
          [1.6256e-05],
          [1.6255e-05],
          [1.5718e-05],
          [1.8471e-05],
          [1.7047e-05],
          [2.4030e-05],
          [1.6790e-05],
          [1.7892e-05],
          [1.7655e-05],
          [2.0809e-05],
          [1.4388e-05],
          [4.1164e-04],
          [8.4436e-04],
          [1.7857e-05],
          [1.5936e-05],
          [2.5320e-05],
          [1.7310e-05],
          [1.6910e-05],
          [2.8489e-04],
          [3.9284e-05],
          [6.3288e-04],
          [1.9124e-05],
          [2.3569e-05],
          [2.3148e-04],
          [1.6527e-05],
          [7.9237e-04],
          [1.2665e-05],
          [1.3887e-05],
          [1.3908e-05],
          [1.0541e-03],
          [8.2881e-05],
          [3.2940e-03],
          [1.6378e-05],
          [1.7231e-05],
          [1.7874e-05],
          [1.7593e-05],
          [2.0829e-05],
          [1.8855e-05],
          [2.9438e-04],
          [5.5308e-04],
          [1.3772e-05],
          [1.3972e-05],
          [1.5669e-05],
          [1.4159e-05],
          [1.8586e-05],
          [1.7776e-05],
          [1.6061e-05],
          [3.8331e-04],
          [1.4911e-03],
          [1.6510e-05],
          [1.4798e-05],
          [1.3854e-05],
          [1.3044e-05],
          [3.6104e-04],
          [4.1052e-05],
          [1.9692e-05],
          [2.6233e-03],
          [1.4889e-05],
          [1.8498e-05],
          [1.4135e-05],
          [1.6558e-05],
          [1.8069e-05],
          [1.6859e-05],
          [1.5132e-05],
          [1.6502e-05],
          [3.3193e-05],
          [1.8148e-05],
          [1.7052e-05],
          [1.5401e-05],
          [1.4144e-05],
          [1.4918e-05],
          [1.4962e-05],
          [1.2458e-05],
          [1.3388e-05],
          [4.0969e-04],
          [7.1208e-04],
          [1.5881e-05],
          [1.8344e-05],
          [1.6937e-05],
          [2.0732e-05],
          [2.4557e-05],
          [2.6765e-05],
          [1.6347e-05],
          [2.0799e-05],
          [2.2282e-05],
          [1.4049e-05],
          [3.7087e-04],
          [1.2707e-04],
          [3.1965e-05],
          [2.7351e-04],
          [1.4514e-05],
          [1.8468e-04],
          [3.9178e-04],
          [2.1622e-05],
          [2.8455e-05],
          [3.1784e-05],
          [3.0596e-05],
          [3.4647e-05],
          [3.6707e-05],
          [3.8166e-05],
          [2.8132e-05],
          [3.2412e-05],
          [3.0885e-05],
          [3.0136e-05],
          [4.3499e-05],
          [3.0973e-05],
          [3.9889e-05],
          [2.9875e-04],
          [4.1091e-05],
          [2.9286e-05],
          [4.7952e-04],
          [2.3922e-04],
          [3.5746e-05],
          [2.3530e-04],
          [1.8765e-04],
          [4.1956e-05],
          [3.2950e-04],
          [1.5338e-05],
          [1.3180e-05],
          [8.9687e-06],
          [9.3663e-06],
          [1.0653e-05],
          [1.1353e-05],
          [2.5676e-05],
          [1.5331e-05],
          [1.8545e-05],
          [1.3319e-05],
          [3.7414e-04],
          [3.4260e-05],
          [1.1951e-04],
          [2.8636e-04],
          [1.2387e-05],
          [9.1816e-06],
          [1.0127e-05],
          [1.0017e-05],
          [1.1092e-05],
          [1.1659e-05],
          [5.4871e-04],
          [3.3492e-05],
          [3.5240e-03],
          [1.5220e-05],
          [1.5574e-05],
          [2.0967e-05],
          [2.0295e-05],
          [1.8998e-05],
          [2.2992e-05],
          [1.9008e-05],
          [2.5713e-05],
          [2.3585e-05],
          [2.6799e-05],
          [3.0603e-05],
          [2.9504e-05],
          [3.7224e-04],
          [1.2383e-03],
          [2.4574e-05],
          [2.2381e-05],
          [4.6853e-05],
          [1.9552e-05],
          [1.6062e-05],
          [1.6580e-05],
          [1.7561e-05],
          [2.0858e-05],
          [1.7906e-05],
          [1.8091e-05],
          [1.8190e-05],
          [1.2480e-05],
          [1.5158e-05],
          [1.4883e-05],
          [1.7627e-05],
          [1.6260e-05],
          [1.7595e-05],
          [1.8515e-05],
          [2.1011e-05],
          [1.9922e-05],
          [1.7292e-05],
          [1.8938e-05],
          [1.9391e-05],
          [2.1706e-05],
          [1.8799e-05],
          [2.1062e-05],
          [2.1901e-05],
          [3.9040e-05],
          [2.1958e-05],
          [2.2423e-05],
          [2.7032e-05],
          [2.2799e-05],
          [2.0957e-05],
          [1.7277e-05],
          [1.7907e-05],
          [1.8454e-05],
          [1.5431e-05],
          [1.3808e-05],
          [1.3201e-05],
          [1.7202e-05],
          [1.6867e-05],
          [2.0331e-05],
          [3.0733e-04],
          [4.7567e-05],
          [3.2180e-03],
          [2.9532e-05],
          [2.5125e-05],
          [2.5183e-05],
          [2.0031e-05],
          [1.8496e-05],
          [1.1944e-05],
          [1.0206e-05],
          [1.0859e-05],
          [1.0379e-05],
          [1.0799e-05],
          [1.4478e-05],
          [1.4641e-05],
          [1.9931e-05],
          [1.7497e-05],
          [4.5573e-04],
          [9.1685e-05],
          [2.4049e-03],
          [1.3911e-05],
          [1.2848e-05],
          [1.3332e-05],
          [2.5455e-05],
          [3.0982e-04],
          [1.9965e-03],
          [1.3590e-05],
          [1.3481e-05],
          [1.5401e-05],
          [2.1991e-05],
          [3.0378e-05],
          [3.8641e-05],
          [4.0396e-05],
          [3.2080e-05],
          [3.1023e-05],
          [2.8369e-05],
          [2.5730e-05],
          [1.4844e-05],
          [1.1279e-05],
          [1.1569e-05],
          [1.1650e-05],
          [1.1990e-05],
          [1.3039e-05],
          [2.9100e-05],
          [3.5921e-05],
          [3.7092e-05],
          [6.0669e-05],
          [4.2944e-05],
          [3.5988e-05],
          [2.9258e-05],
          [2.6026e-05],
          [1.7024e-05],
          [2.4096e-04],
          [4.5919e-04],
          [1.9541e-05],
          [1.8140e-05],
          [1.5707e-05],
          [1.6085e-05],
          [1.8748e-05],
          [2.1473e-05],
          [1.8026e-05],
          [1.2790e-04],
          [6.4818e-05],
          [2.2361e-04],
          [1.2943e-03],
          [2.7742e-05],
          [2.2200e-05],
          [2.0114e-05],
          [1.6739e-05],
          [1.3152e-05],
          [2.9873e-04],
          [2.0778e-04],
          [1.8631e-05],
          [6.1238e-05],
          [4.2573e-04],
          [1.4578e-05],
          [2.3425e-04],
          [2.4550e-05],
          [4.0437e-04],
          [1.9043e-05],
          [1.1907e-05],
          [1.1068e-05],
          [1.1473e-05],
          [2.3564e-05],
          [8.3188e-05],
          [8.1079e-06]]]])
