# Using CPU
# Loading Embeddings...
# Making Predictions...
torch.Size([1, 1, 442, 258])
tensor([[[[2.4044e-04],
          [1.4236e-04],
          [1.8464e-04],
          [4.7642e-05],
          [9.1487e-06],
          [5.2562e-04],
          [4.4872e-04],
          [3.8846e-05],
          [4.0055e-04],
          [9.3386e-04],
          [1.1953e-05],
          [1.0973e-05],
          [3.6394e-04],
          [1.9059e-04],
          [6.3755e-05],
          [2.4550e-05],
          [6.9828e-05],
          [1.5903e-05],
          [2.1584e-05],
          [1.9346e-05],
          [7.1750e-04],
          [4.5103e-05],
          [1.7859e-03],
          [1.3266e-05],
          [1.3278e-05],
          [1.5318e-05],
          [1.7392e-05],
          [2.3852e-05],
          [2.3586e-05],
          [3.0456e-05],
          [2.3122e-05],
          [2.8229e-05],
          [2.8779e-05],
          [5.7601e-05],
          [2.4680e-05],
          [2.6240e-05],
          [6.2771e-04],
          [6.0412e-05],
          [2.0798e-04],
          [9.3700e-05],
          [9.6384e-04],
          [1.6799e-05],
          [1.5863e-05],
          [1.6874e-05],
          [1.7089e-05],
          [1.6645e-05],
          [1.3257e-05],
          [3.2638e-05],
          [4.9264e-05],
          [2.6673e-04],
          [7.9758e-04],
          [1.6858e-05],
          [1.2540e-05],
          [5.4382e-04],
          [1.1130e-03],
          [1.2665e-05],
          [1.1745e-05],
          [1.9785e-05],
          [1.9849e-05],
          [1.5441e-05],
          [1.5974e-05],
          [1.3713e-05],
          [3.1977e-04],
          [5.6531e-04],
          [1.4104e-05],
          [1.3220e-05],
          [1.5542e-05],
          [1.4139e-05],
          [1.4247e-05],
          [1.4360e-05],
          [1.1607e-05],
          [3.0108e-04],
          [2.8423e-05],
          [5.0282e-05],
          [1.1370e-05],
          [2.1389e-05],
          [3.9811e-03],
          [1.3311e-05],
          [1.2615e-05],
          [1.0645e-05],
          [7.2973e-04],
          [4.6241e-04],
          [1.4112e-05],
          [1.1445e-05],
          [1.1616e-05],
          [1.1820e-05],
          [1.3128e-05],
          [1.3505e-05],
          [1.2693e-05],
          [1.2405e-05],
          [4.1955e-04],
          [5.2215e-05],
          [6.9998e-04],
          [1.3392e-05],
          [2.1622e-05],
          [2.6481e-05],
          [3.2454e-05],
          [3.8253e-05],
          [3.8284e-05],
          [3.8306e-05],
          [3.7074e-05],
          [2.5443e-05],
          [1.6383e-05],
          [1.5682e-05],
          [1.1912e-05],
          [1.1714e-05],
          [1.2184e-05],
          [1.5623e-05],
          [1.5500e-05],
          [1.7213e-05],
          [1.6813e-05],
          [1.6766e-04],
          [1.5079e-04],
          [1.9921e-05],
          [5.0822e-04],
          [1.6386e-05],
          [1.0846e-05],
          [1.2089e-05],
          [1.3395e-05],
          [1.1614e-05],
          [1.3046e-05],
          [1.2221e-05],
          [2.1087e-05],
          [1.1004e-05],
          [1.3391e-05],
          [1.1896e-05],
          [1.1240e-05],
          [1.1367e-05],
          [1.2679e-05],
          [1.2729e-05],
          [1.1860e-05],
          [4.0079e-04],
          [8.7388e-04],
          [2.0455e-05],
          [1.5008e-05],
          [1.3945e-05],
          [1.3021e-05],
          [1.4442e-05],
          [1.3316e-05],
          [1.2560e-05],
          [1.2236e-05],
          [9.9985e-06],
          [9.2284e-06],
          [1.0527e-05],
          [1.1205e-05],
          [1.1860e-05],
          [1.2418e-05],
          [1.5610e-05],
          [1.7454e-05],
          [2.4407e-05],
          [2.2931e-05],
          [2.4036e-05],
          [2.8797e-05],
          [2.6540e-05],
          [2.5097e-05],
          [2.8663e-05],
          [7.8297e-04],
          [7.9116e-04],
          [2.7123e-04],
          [2.6569e-03],
          [1.5170e-05],
          [1.4453e-05],
          [1.4716e-05],
          [1.6817e-05],
          [1.4366e-05],
          [2.1019e-05],
          [1.5948e-05],
          [1.7213e-05],
          [1.7790e-05],
          [1.8316e-05],
          [1.4703e-05],
          [4.1170e-04],
          [1.1194e-03],
          [1.3586e-05],
          [1.4476e-05],
          [2.6245e-05],
          [1.7377e-05],
          [1.6456e-05],
          [2.1020e-04],
          [3.8305e-05],
          [4.7337e-04],
          [1.8057e-05],
          [2.4640e-05],
          [4.8359e-04],
          [1.4972e-05],
          [1.1427e-03],
          [1.3730e-05],
          [1.5478e-05],
          [1.3328e-05],
          [9.3731e-04],
          [8.7653e-05],
          [3.3053e-03],
          [1.7056e-05],
          [1.7953e-05],
          [1.8437e-05],
          [1.7362e-05],
          [2.0119e-05],
          [1.6594e-05],
          [2.3911e-04],
          [7.5542e-04],
          [1.3702e-05],
          [1.3368e-05],
          [1.3363e-05],
          [1.2750e-05],
          [1.6115e-05],
          [1.5273e-05],
          [1.3825e-05],
          [3.1433e-04],
          [1.9642e-03],
          [1.4880e-05],
          [1.4947e-05],
          [1.3859e-05],
          [1.2434e-05],
          [3.3296e-04],
          [3.3038e-05],
          [1.8924e-05],
          [3.7690e-03],
          [1.5752e-05],
          [1.8395e-05],
          [1.2661e-05],
          [1.3880e-05],
          [1.6730e-05],
          [1.5258e-05],
          [1.3436e-05],
          [1.4051e-05],
          [1.5705e-05],
          [1.6671e-05],
          [1.5331e-05],
          [1.5230e-05],
          [1.2051e-05],
          [1.3935e-05],
          [1.3820e-05],
          [1.2643e-05],
          [1.2631e-05],
          [3.8589e-04],
          [1.0085e-03],
          [1.4693e-05],
          [1.4828e-05],
          [1.5330e-05],
          [1.6550e-05],
          [2.2270e-05],
          [2.3581e-05],
          [1.7410e-05],
          [2.4610e-05],
          [2.5315e-05],
          [1.4549e-05],
          [4.1947e-04],
          [1.4056e-04],
          [2.1071e-05],
          [3.5544e-04],
          [1.0179e-05],
          [2.3491e-04],
          [5.1153e-04],
          [1.7210e-05],
          [2.3047e-05],
          [2.4721e-05],
          [2.5484e-05],
          [2.8104e-05],
          [3.2824e-05],
          [3.7371e-05],
          [2.8191e-05],
          [3.2973e-05],
          [2.7447e-05],
          [3.8916e-05],
          [3.7715e-05],
          [2.5998e-05],
          [4.1150e-05],
          [1.6588e-04],
          [3.4391e-05],
          [2.0174e-05],
          [5.0177e-04],
          [2.5326e-04],
          [2.2247e-05],
          [3.5609e-04],
          [1.5674e-04],
          [3.4710e-05],
          [2.6049e-04],
          [1.4727e-05],
          [1.3329e-05],
          [9.4413e-06],
          [9.8603e-06],
          [1.0879e-05],
          [1.1618e-05],
          [1.7986e-05],
          [1.6780e-05],
          [2.1008e-05],
          [1.4037e-05],
          [1.1828e-03],
          [3.1252e-05],
          [9.6601e-05],
          [2.8823e-04],
          [1.2060e-05],
          [9.5367e-06],
          [9.5377e-06],
          [9.8383e-06],
          [1.0598e-05],
          [1.0520e-05],
          [3.9455e-04],
          [3.2251e-05],
          [4.4484e-03],
          [1.2605e-05],
          [1.2979e-05],
          [1.4397e-05],
          [1.5657e-05],
          [1.5148e-05],
          [1.7638e-05],
          [1.5451e-05],
          [2.1616e-05],
          [1.8707e-05],
          [2.3173e-05],
          [2.6194e-05],
          [2.8369e-05],
          [2.9536e-04],
          [1.8243e-03],
          [2.0912e-05],
          [2.0554e-05],
          [1.9883e-05],
          [1.5177e-05],
          [1.4106e-05],
          [1.6971e-05],
          [2.0168e-05],
          [1.9215e-05],
          [1.7648e-05],
          [1.7692e-05],
          [1.8013e-05],
          [1.1756e-05],
          [1.3339e-05],
          [1.2885e-05],
          [1.5003e-05],
          [1.3541e-05],
          [1.4699e-05],
          [1.4728e-05],
          [1.6827e-05],
          [1.6466e-05],
          [1.4025e-05],
          [1.7222e-05],
          [1.6349e-05],
          [2.2626e-05],
          [1.6496e-05],
          [2.6013e-05],
          [2.4057e-05],
          [2.2515e-05],
          [2.1866e-05],
          [2.6523e-05],
          [3.1732e-05],
          [2.6135e-05],
          [2.3720e-05],
          [1.9065e-05],
          [2.0420e-05],
          [2.0458e-05],
          [1.7433e-05],
          [1.6093e-05],
          [1.4469e-05],
          [1.4714e-05],
          [1.4043e-05],
          [1.6888e-05],
          [3.4534e-04],
          [4.7672e-05],
          [3.4832e-03],
          [2.2667e-05],
          [2.1513e-05],
          [1.9757e-05],
          [1.8556e-05],
          [1.7039e-05],
          [1.1661e-05],
          [1.0959e-05],
          [1.0164e-05],
          [9.9746e-06],
          [1.0954e-05],
          [1.0662e-05],
          [1.0929e-05],
          [1.6634e-05],
          [1.5557e-05],
          [3.9916e-04],
          [7.1428e-05],
          [3.2904e-03],
          [1.4464e-05],
          [1.1111e-05],
          [1.0660e-05],
          [1.1225e-05],
          [3.5681e-04],
          [2.6068e-03],
          [1.3145e-05],
          [1.3068e-05],
          [1.4330e-05],
          [2.4891e-05],
          [3.4297e-05],
          [4.4022e-05],
          [4.5807e-05],
          [3.6292e-05],
          [3.1577e-05],
          [3.0625e-05],
          [2.3813e-05],
          [1.4156e-05],
          [1.0882e-05],
          [1.2582e-05],
          [1.1098e-05],
          [1.1083e-05],
          [1.2774e-05],
          [4.9008e-05],
          [3.5392e-05],
          [3.8590e-05],
          [6.9768e-05],
          [3.2818e-05],
          [2.6007e-05],
          [2.6731e-05],
          [2.3067e-05],
          [1.5248e-05],
          [1.9990e-04],
          [6.5122e-04],
          [1.6637e-05],
          [1.5086e-05],
          [1.3020e-05],
          [1.3864e-05],
          [2.0762e-05],
          [2.2864e-05],
          [1.9180e-05],
          [1.4608e-04],
          [6.8146e-05],
          [2.4884e-04],
          [1.6462e-03],
          [1.8447e-05],
          [1.7916e-05],
          [1.6427e-05],
          [1.5105e-05],
          [1.3165e-05],
          [3.9998e-04],
          [1.4291e-04],
          [1.6435e-05],
          [1.0180e-04],
          [5.2476e-04],
          [1.4961e-05],
          [2.7651e-04],
          [2.1920e-05],
          [3.0594e-04],
          [1.5754e-05],
          [9.8543e-06],
          [8.9011e-06],
          [1.0840e-05],
          [3.1201e-05],
          [6.5208e-05],
          [7.9157e-06]]]])
