# Using CPU
# Loading Embeddings...
# Making Predictions...
torch.Size([1, 1, 442, 260])
tensor([[[[2.2356e-04],
          [1.1383e-04],
          [1.6646e-04],
          [6.3799e-05],
          [9.5062e-06],
          [5.1726e-04],
          [4.6749e-04],
          [3.7395e-05],
          [4.1328e-04],
          [1.1234e-03],
          [1.1994e-05],
          [1.1089e-05],
          [4.0559e-04],
          [2.5200e-04],
          [6.3530e-05],
          [2.0514e-05],
          [6.7876e-05],
          [1.5245e-05],
          [1.8850e-05],
          [2.1314e-05],
          [6.6329e-04],
          [3.9334e-05],
          [1.8986e-03],
          [1.3609e-05],
          [1.4351e-05],
          [1.7884e-05],
          [2.0598e-05],
          [2.8195e-05],
          [2.7978e-05],
          [3.1935e-05],
          [2.8538e-05],
          [3.4408e-05],
          [2.8653e-05],
          [5.9924e-05],
          [2.1254e-05],
          [2.3177e-05],
          [6.8811e-04],
          [8.4507e-05],
          [3.1635e-04],
          [8.3481e-05],
          [1.0227e-03],
          [2.0269e-05],
          [1.7873e-05],
          [1.7328e-05],
          [1.3575e-05],
          [1.3399e-05],
          [1.2161e-05],
          [2.7044e-05],
          [3.1385e-05],
          [3.2889e-04],
          [8.4253e-04],
          [1.4216e-05],
          [1.3803e-05],
          [4.9863e-04],
          [1.0363e-03],
          [1.2218e-05],
          [1.1367e-05],
          [1.5297e-05],
          [1.7711e-05],
          [1.4445e-05],
          [1.3808e-05],
          [1.5252e-05],
          [5.0446e-04],
          [5.5731e-04],
          [1.3111e-05],
          [1.4132e-05],
          [1.6179e-05],
          [1.5604e-05],
          [1.6059e-05],
          [1.5826e-05],
          [1.4142e-05],
          [6.3614e-04],
          [2.7817e-05],
          [6.6996e-05],
          [1.1845e-05],
          [2.8147e-05],
          [4.1948e-03],
          [1.3572e-05],
          [1.3988e-05],
          [1.2896e-05],
          [6.9523e-04],
          [3.3648e-04],
          [1.4253e-05],
          [1.2172e-05],
          [1.3295e-05],
          [1.3768e-05],
          [1.4684e-05],
          [1.5368e-05],
          [1.3706e-05],
          [1.3478e-05],
          [4.2642e-04],
          [4.3866e-05],
          [5.2678e-04],
          [1.2762e-05],
          [1.9607e-05],
          [1.8595e-05],
          [1.9052e-05],
          [1.9244e-05],
          [1.6001e-05],
          [1.7184e-05],
          [2.3911e-05],
          [1.4268e-05],
          [1.1363e-05],
          [1.1999e-05],
          [1.1591e-05],
          [1.2874e-05],
          [1.3295e-05],
          [1.5465e-05],
          [1.6040e-05],
          [1.6701e-05],
          [1.5706e-05],
          [1.9251e-04],
          [1.7182e-04],
          [2.4974e-05],
          [4.7914e-04],
          [1.8562e-05],
          [1.1063e-05],
          [1.1588e-05],
          [1.0689e-05],
          [1.2139e-05],
          [1.1637e-05],
          [1.0354e-05],
          [2.2807e-05],
          [1.2270e-05],
          [1.4266e-05],
          [1.1210e-05],
          [1.1460e-05],
          [1.0457e-05],
          [1.2194e-05],
          [1.4552e-05],
          [1.5184e-05],
          [9.3196e-04],
          [8.6389e-04],
          [2.0880e-05],
          [1.8659e-05],
          [1.6723e-05],
          [1.4685e-05],
          [1.5042e-05],
          [1.4128e-05],
          [1.4428e-05],
          [1.3727e-05],
          [1.1484e-05],
          [9.9278e-06],
          [1.2094e-05],
          [1.1030e-05],
          [1.2394e-05],
          [1.4091e-05],
          [1.8930e-05],
          [2.0621e-05],
          [2.8661e-05],
          [2.5584e-05],
          [2.8444e-05],
          [2.6928e-05],
          [4.0773e-05],
          [3.5689e-05],
          [4.1042e-05],
          [5.3131e-04],
          [7.7505e-04],
          [1.8368e-04],
          [2.8954e-03],
          [1.6146e-05],
          [1.6579e-05],
          [1.6018e-05],
          [1.9460e-05],
          [1.6426e-05],
          [2.4282e-05],
          [1.8997e-05],
          [2.0927e-05],
          [2.2092e-05],
          [2.1611e-05],
          [1.7766e-05],
          [5.0469e-04],
          [1.1103e-03],
          [1.5038e-05],
          [1.4982e-05],
          [2.8175e-05],
          [2.1072e-05],
          [1.8170e-05],
          [5.4069e-04],
          [3.9609e-05],
          [7.2079e-04],
          [1.9580e-05],
          [2.0945e-05],
          [6.8852e-04],
          [1.4505e-05],
          [8.7762e-04],
          [1.1929e-05],
          [1.4078e-05],
          [1.3212e-05],
          [5.3248e-04],
          [8.5821e-05],
          [4.3788e-03],
          [1.6885e-05],
          [1.7410e-05],
          [1.8053e-05],
          [1.8612e-05],
          [2.1637e-05],
          [1.9101e-05],
          [5.9143e-04],
          [6.5391e-04],
          [1.4119e-05],
          [1.3406e-05],
          [1.5646e-05],
          [1.3493e-05],
          [1.8191e-05],
          [1.7055e-05],
          [1.6458e-05],
          [3.2094e-04],
          [1.6965e-03],
          [1.6562e-05],
          [1.4804e-05],
          [1.3341e-05],
          [1.2581e-05],
          [4.1959e-04],
          [2.8182e-05],
          [2.4611e-05],
          [3.7275e-03],
          [1.4671e-05],
          [1.6353e-05],
          [1.5015e-05],
          [1.4808e-05],
          [1.9450e-05],
          [1.6742e-05],
          [1.5321e-05],
          [1.4783e-05],
          [1.9435e-05],
          [1.6108e-05],
          [1.6726e-05],
          [1.3653e-05],
          [1.2432e-05],
          [1.3451e-05],
          [1.3236e-05],
          [1.2114e-05],
          [1.3272e-05],
          [4.4937e-04],
          [8.7302e-04],
          [1.5715e-05],
          [1.7187e-05],
          [1.7608e-05],
          [1.9697e-05],
          [2.9091e-05],
          [2.7203e-05],
          [1.3257e-05],
          [1.4959e-05],
          [1.5020e-05],
          [1.1970e-05],
          [3.8674e-04],
          [9.2212e-05],
          [2.1357e-05],
          [2.8561e-04],
          [1.2188e-05],
          [2.1640e-04],
          [4.7189e-04],
          [2.3398e-05],
          [2.8689e-05],
          [3.3825e-05],
          [2.9973e-05],
          [3.6603e-05],
          [3.9942e-05],
          [4.1273e-05],
          [3.2363e-05],
          [3.7646e-05],
          [3.4696e-05],
          [3.3479e-05],
          [5.9057e-05],
          [5.1661e-05],
          [6.4013e-05],
          [4.3514e-04],
          [3.2845e-05],
          [3.4905e-05],
          [6.0530e-04],
          [2.4739e-04],
          [2.4397e-05],
          [3.5280e-04],
          [1.7444e-04],
          [4.0450e-05],
          [3.4229e-04],
          [1.2606e-05],
          [1.1037e-05],
          [9.6329e-06],
          [9.6503e-06],
          [1.1002e-05],
          [1.1741e-05],
          [2.1247e-05],
          [1.1305e-05],
          [1.2002e-05],
          [9.8411e-06],
          [8.9196e-04],
          [2.5921e-05],
          [9.8745e-05],
          [2.7584e-04],
          [1.0862e-05],
          [9.5703e-06],
          [1.0404e-05],
          [1.0101e-05],
          [1.0692e-05],
          [1.1863e-05],
          [3.9592e-04],
          [2.6653e-05],
          [4.3036e-03],
          [1.4852e-05],
          [1.5649e-05],
          [1.9487e-05],
          [1.9518e-05],
          [1.9670e-05],
          [2.1708e-05],
          [1.9465e-05],
          [2.5136e-05],
          [2.2439e-05],
          [2.7117e-05],
          [3.1256e-05],
          [3.0115e-05],
          [3.6969e-04],
          [1.5841e-03],
          [2.7413e-05],
          [2.2516e-05],
          [2.8788e-05],
          [1.8330e-05],
          [1.5992e-05],
          [1.4558e-05],
          [1.4179e-05],
          [1.4949e-05],
          [2.3695e-05],
          [1.3725e-05],
          [1.4046e-05],
          [1.3014e-05],
          [1.5806e-05],
          [1.4411e-05],
          [1.7590e-05],
          [1.5579e-05],
          [1.7844e-05],
          [1.7802e-05],
          [1.9795e-05],
          [1.8219e-05],
          [1.6311e-05],
          [1.6632e-05],
          [1.7401e-05],
          [1.8143e-05],
          [1.7698e-05],
          [1.7634e-05],
          [1.8642e-05],
          [3.5233e-05],
          [1.7870e-05],
          [2.0619e-05],
          [1.9580e-05],
          [2.0515e-05],
          [1.5783e-05],
          [1.3368e-05],
          [1.5450e-05],
          [1.4562e-05],
          [1.4316e-05],
          [1.7077e-05],
          [1.2151e-05],
          [1.5832e-05],
          [1.4927e-05],
          [1.7821e-05],
          [3.6969e-04],
          [4.5853e-05],
          [4.6039e-03],
          [2.4951e-05],
          [2.2456e-05],
          [2.1709e-05],
          [1.9311e-05],
          [1.5915e-05],
          [1.2260e-05],
          [1.0927e-05],
          [1.0341e-05],
          [1.0033e-05],
          [1.0839e-05],
          [1.2491e-05],
          [1.3865e-05],
          [1.8929e-05],
          [1.7852e-05],
          [4.0676e-04],
          [8.4089e-05],
          [3.5203e-03],
          [1.5023e-05],
          [1.1773e-05],
          [1.2591e-05],
          [2.0183e-05],
          [3.2438e-04],
          [2.5486e-03],
          [1.2767e-05],
          [1.2972e-05],
          [1.3634e-05],
          [1.9501e-05],
          [2.3319e-05],
          [2.4346e-05],
          [2.5446e-05],
          [2.1800e-05],
          [2.1266e-05],
          [1.9610e-05],
          [1.8172e-05],
          [1.2549e-05],
          [1.2193e-05],
          [1.2010e-05],
          [1.1608e-05],
          [1.1476e-05],
          [1.1483e-05],
          [3.9627e-05],
          [3.1648e-05],
          [3.0633e-05],
          [3.8119e-05],
          [2.7354e-05],
          [2.8153e-05],
          [2.8933e-05],
          [2.4573e-05],
          [1.6419e-05],
          [2.8507e-04],
          [6.3953e-04],
          [1.8062e-05],
          [1.7859e-05],
          [1.5532e-05],
          [1.5985e-05],
          [1.9655e-05],
          [1.9464e-05],
          [1.7331e-05],
          [1.5318e-04],
          [6.9917e-05],
          [2.2662e-04],
          [1.6163e-03],
          [2.4003e-05],
          [2.2367e-05],
          [1.9999e-05],
          [1.6452e-05],
          [1.2844e-05],
          [4.3378e-04],
          [1.1313e-04],
          [1.7707e-05],
          [6.9224e-05],
          [4.6048e-04],
          [1.5467e-05],
          [2.4201e-04],
          [2.8018e-05],
          [3.5361e-04],
          [1.7761e-05],
          [1.2119e-05],
          [1.0915e-05],
          [1.1995e-05],
          [1.1377e-05],
          [5.7341e-05],
          [7.9267e-06]]]])
