# Using CPU
# Loading Embeddings...
# Making Predictions...
torch.Size([1, 1, 442, 266])
tensor([[[[4.7215e-04],
          [2.4015e-05],
          [6.8138e-05],
          [3.8292e-05],
          [9.1548e-06],
          [3.4010e-04],
          [3.2111e-04],
          [2.6477e-05],
          [2.3635e-04],
          [3.5409e-04],
          [1.3876e-05],
          [1.1969e-05],
          [7.5541e-04],
          [1.6855e-04],
          [5.2428e-05],
          [2.1409e-05],
          [4.2950e-05],
          [1.6511e-05],
          [1.8908e-05],
          [1.7498e-05],
          [4.9612e-04],
          [2.4814e-05],
          [2.3073e-04],
          [2.1198e-05],
          [1.1530e-05],
          [1.4455e-05],
          [2.0885e-05],
          [3.6492e-05],
          [4.7829e-05],
          [6.1034e-05],
          [6.4127e-05],
          [7.4836e-05],
          [7.7589e-05],
          [7.7770e-05],
          [6.2951e-05],
          [5.1945e-05],
          [3.0154e-04],
          [4.4360e-05],
          [1.1571e-04],
          [5.8498e-05],
          [3.4602e-04],
          [1.5826e-05],
          [1.5746e-05],
          [1.5187e-05],
          [1.3602e-05],
          [1.1512e-05],
          [1.1707e-05],
          [1.9394e-05],
          [3.2616e-05],
          [1.9765e-04],
          [2.2924e-04],
          [1.2820e-05],
          [9.8950e-06],
          [3.4566e-04],
          [2.9405e-04],
          [1.1614e-05],
          [1.0519e-05],
          [1.9312e-05],
          [1.4743e-05],
          [1.1724e-05],
          [1.1941e-05],
          [1.1257e-05],
          [2.3929e-04],
          [2.3793e-04],
          [1.2678e-05],
          [1.3028e-05],
          [1.4275e-05],
          [1.5610e-05],
          [1.7154e-05],
          [1.4861e-05],
          [1.0651e-05],
          [3.0863e-04],
          [2.1779e-05],
          [1.7051e-05],
          [9.2646e-06],
          [2.0077e-05],
          [9.5858e-04],
          [1.1263e-05],
          [9.9776e-06],
          [9.5221e-06],
          [5.0962e-04],
          [2.0217e-04],
          [1.0783e-05],
          [9.8426e-06],
          [1.0966e-05],
          [1.2226e-05],
          [1.1578e-05],
          [1.1675e-05],
          [1.2618e-05],
          [1.3444e-05],
          [2.9471e-04],
          [7.1408e-05],
          [2.0503e-04],
          [1.0625e-05],
          [1.4619e-05],
          [1.6637e-05],
          [1.9909e-05],
          [2.6028e-05],
          [2.7466e-05],
          [3.0308e-05],
          [2.6579e-05],
          [2.2299e-05],
          [1.5409e-05],
          [1.2211e-05],
          [1.1898e-05],
          [1.2043e-05],
          [1.3755e-05],
          [1.6827e-05],
          [1.7158e-05],
          [1.8767e-05],
          [1.2340e-05],
          [1.1641e-04],
          [2.1492e-04],
          [1.4323e-05],
          [2.0507e-04],
          [1.3418e-05],
          [9.2868e-06],
          [1.0070e-05],
          [9.3058e-06],
          [1.1743e-05],
          [1.1527e-05],
          [1.0086e-05],
          [1.1475e-05],
          [1.2347e-05],
          [1.2749e-05],
          [1.0996e-05],
          [1.1614e-05],
          [1.0638e-05],
          [1.3963e-05],
          [1.7131e-05],
          [2.2062e-05],
          [5.3042e-04],
          [3.8825e-04],
          [3.0180e-05],
          [2.1596e-05],
          [2.2753e-05],
          [2.0662e-05],
          [2.4353e-05],
          [1.8746e-05],
          [1.6543e-05],
          [1.4778e-05],
          [1.3796e-05],
          [1.1945e-05],
          [1.2506e-05],
          [1.3191e-05],
          [1.3146e-05],
          [1.1974e-05],
          [1.6277e-05],
          [1.9391e-05],
          [3.3281e-05],
          [3.8248e-05],
          [5.1490e-05],
          [4.5404e-05],
          [6.2099e-05],
          [5.1371e-05],
          [4.6630e-05],
          [4.3152e-04],
          [2.6542e-04],
          [1.4492e-04],
          [5.4574e-04],
          [1.6484e-05],
          [1.3469e-05],
          [1.4189e-05],
          [1.6471e-05],
          [1.8015e-05],
          [2.4569e-05],
          [2.1014e-05],
          [2.0874e-05],
          [2.1875e-05],
          [2.0798e-05],
          [1.5994e-05],
          [2.6937e-04],
          [3.6151e-04],
          [1.6387e-05],
          [1.3829e-05],
          [2.3456e-05],
          [1.8234e-05],
          [1.4228e-05],
          [2.1055e-04],
          [5.8362e-05],
          [1.6741e-04],
          [1.3784e-05],
          [1.9891e-05],
          [2.9087e-04],
          [2.2026e-05],
          [2.8611e-04],
          [1.7069e-05],
          [1.5316e-05],
          [1.4355e-05],
          [3.8377e-04],
          [3.0557e-05],
          [7.5294e-04],
          [1.3940e-05],
          [1.4306e-05],
          [1.3979e-05],
          [1.5810e-05],
          [1.6227e-05],
          [1.2904e-05],
          [4.1248e-04],
          [2.3768e-04],
          [1.1691e-05],
          [1.1412e-05],
          [1.2292e-05],
          [1.1691e-05],
          [1.4306e-05],
          [1.4605e-05],
          [1.4638e-05],
          [2.3567e-04],
          [3.3961e-04],
          [1.4158e-05],
          [1.5932e-05],
          [1.5819e-05],
          [1.2801e-05],
          [2.5255e-04],
          [3.1823e-05],
          [1.4201e-05],
          [7.3184e-04],
          [1.4061e-05],
          [1.1097e-05],
          [1.0030e-05],
          [1.1651e-05],
          [1.1375e-05],
          [1.2449e-05],
          [1.1826e-05],
          [1.2992e-05],
          [2.3866e-05],
          [1.6405e-05],
          [1.4851e-05],
          [1.4883e-05],
          [1.1918e-05],
          [1.1499e-05],
          [1.3566e-05],
          [1.2473e-05],
          [1.2293e-05],
          [2.3754e-04],
          [2.1070e-04],
          [1.4071e-05],
          [1.2262e-05],
          [1.1179e-05],
          [1.6555e-05],
          [2.0382e-05],
          [1.9092e-05],
          [1.8848e-05],
          [2.2042e-05],
          [2.4358e-05],
          [1.6597e-05],
          [2.9337e-04],
          [1.5389e-04],
          [1.4523e-05],
          [1.6403e-04],
          [8.9506e-06],
          [1.6941e-04],
          [1.9731e-04],
          [1.5173e-05],
          [1.7781e-05],
          [2.0342e-05],
          [1.8879e-05],
          [2.3649e-05],
          [2.5026e-05],
          [2.6314e-05],
          [2.4380e-05],
          [2.4611e-05],
          [2.3947e-05],
          [3.4592e-05],
          [3.8986e-05],
          [3.2545e-05],
          [3.2352e-05],
          [1.3125e-04],
          [1.6177e-05],
          [1.8064e-05],
          [2.3004e-04],
          [1.5383e-04],
          [1.8689e-05],
          [1.7104e-04],
          [8.3824e-05],
          [4.8685e-05],
          [1.1965e-04],
          [1.1955e-05],
          [9.1988e-06],
          [1.0023e-05],
          [8.9215e-06],
          [9.4617e-06],
          [1.0059e-05],
          [1.3677e-05],
          [1.3934e-05],
          [1.6723e-05],
          [1.3573e-05],
          [4.4959e-04],
          [1.9961e-05],
          [6.6687e-05],
          [1.3578e-04],
          [9.1224e-06],
          [9.2245e-06],
          [9.6704e-06],
          [9.4405e-06],
          [9.7390e-06],
          [9.8736e-06],
          [3.0567e-04],
          [1.8656e-05],
          [6.2595e-04],
          [1.3225e-05],
          [1.1508e-05],
          [1.0607e-05],
          [1.2302e-05],
          [1.1761e-05],
          [1.2106e-05],
          [1.1687e-05],
          [1.4177e-05],
          [1.2422e-05],
          [1.6501e-05],
          [1.6040e-05],
          [1.6310e-05],
          [1.9471e-04],
          [3.4665e-04],
          [1.4050e-05],
          [1.4328e-05],
          [1.4942e-05],
          [1.0886e-05],
          [1.2440e-05],
          [2.0171e-05],
          [2.6963e-05],
          [2.4662e-05],
          [2.3139e-05],
          [2.2135e-05],
          [2.0176e-05],
          [1.2906e-05],
          [1.1427e-05],
          [9.9472e-06],
          [1.1549e-05],
          [1.1525e-05],
          [1.1566e-05],
          [1.2734e-05],
          [1.4012e-05],
          [1.5950e-05],
          [1.2921e-05],
          [1.6463e-05],
          [1.6932e-05],
          [1.9662e-05],
          [1.6797e-05],
          [2.8787e-05],
          [2.4907e-05],
          [2.3695e-05],
          [1.5305e-05],
          [1.6289e-05],
          [1.7261e-05],
          [2.1007e-05],
          [1.3601e-05],
          [1.7024e-05],
          [1.9265e-05],
          [1.2086e-05],
          [1.2156e-05],
          [1.2977e-05],
          [1.2915e-05],
          [1.1978e-05],
          [1.1187e-05],
          [1.1624e-05],
          [2.1993e-04],
          [3.0886e-05],
          [6.8568e-04],
          [1.3571e-05],
          [1.4716e-05],
          [1.4137e-05],
          [1.3783e-05],
          [1.3035e-05],
          [1.1598e-05],
          [1.2028e-05],
          [1.0199e-05],
          [1.0090e-05],
          [1.0712e-05],
          [9.5330e-06],
          [9.9917e-06],
          [1.4455e-05],
          [1.4112e-05],
          [2.7199e-04],
          [6.7280e-05],
          [5.2975e-04],
          [1.3913e-05],
          [9.5147e-06],
          [9.6275e-06],
          [9.3212e-06],
          [3.5528e-04],
          [4.3987e-04],
          [1.0688e-05],
          [1.0465e-05],
          [1.2968e-05],
          [1.7091e-05],
          [2.3407e-05],
          [3.3973e-05],
          [4.6469e-05],
          [4.6990e-05],
          [4.0375e-05],
          [3.3725e-05],
          [1.9355e-05],
          [1.3236e-05],
          [1.1006e-05],
          [1.0997e-05],
          [1.1022e-05],
          [1.1416e-05],
          [1.1776e-05],
          [4.7239e-05],
          [2.3378e-05],
          [3.3248e-05],
          [4.9476e-05],
          [2.4700e-05],
          [3.6892e-05],
          [1.8572e-05],
          [2.2138e-05],
          [1.2199e-05],
          [1.8046e-04],
          [1.8119e-04],
          [1.5336e-05],
          [1.1877e-05],
          [1.4214e-05],
          [1.4896e-05],
          [2.0086e-05],
          [1.9168e-05],
          [2.3963e-05],
          [8.5353e-05],
          [4.2302e-05],
          [1.8089e-04],
          [2.4183e-04],
          [2.2879e-05],
          [1.5944e-05],
          [1.3673e-05],
          [1.9150e-05],
          [1.0402e-05],
          [2.1582e-04],
          [1.7057e-04],
          [1.4529e-05],
          [5.4972e-05],
          [2.3762e-04],
          [1.2249e-05],
          [2.2124e-04],
          [2.0373e-05],
          [1.9279e-04],
          [1.5828e-05],
          [1.1466e-05],
          [9.7093e-06],
          [1.3185e-05],
          [3.1777e-05],
          [3.9622e-05],
          [6.8062e-06]]]])
