# Using CPU
# Loading Embeddings...
# Making Predictions...
torch.Size([1, 1, 442, 271])
tensor([[[[1.0669e-04],
          [3.5492e-05],
          [6.7714e-05],
          [2.9018e-05],
          [2.2900e-05],
          [2.1198e-04],
          [2.1955e-04],
          [2.7107e-05],
          [1.3625e-04],
          [2.8930e-04],
          [1.9154e-05],
          [2.0223e-05],
          [2.0065e-04],
          [1.6645e-04],
          [4.8710e-05],
          [2.4302e-05],
          [2.8682e-05],
          [3.4753e-05],
          [2.8854e-05],
          [3.8023e-05],
          [3.5102e-04],
          [2.6999e-05],
          [1.5201e-04],
          [2.1242e-05],
          [2.1277e-05],
          [2.4078e-05],
          [3.5084e-05],
          [5.8380e-05],
          [6.6447e-05],
          [8.9307e-05],
          [8.4725e-05],
          [9.5912e-05],
          [8.9275e-05],
          [1.0140e-04],
          [7.4240e-05],
          [5.9335e-05],
          [7.5838e-04],
          [1.0347e-04],
          [2.1822e-04],
          [9.5698e-05],
          [2.0417e-04],
          [2.4575e-05],
          [2.2188e-05],
          [2.3108e-05],
          [1.6060e-05],
          [1.7767e-05],
          [1.7107e-05],
          [1.7173e-05],
          [1.8424e-05],
          [1.3862e-04],
          [1.2710e-04],
          [2.3968e-05],
          [2.6403e-05],
          [2.9399e-04],
          [1.5499e-04],
          [2.7668e-05],
          [2.2590e-05],
          [1.8472e-05],
          [1.7136e-05],
          [1.8677e-05],
          [1.9256e-05],
          [1.7470e-05],
          [2.7651e-04],
          [1.5187e-04],
          [3.1570e-05],
          [3.2653e-05],
          [3.6879e-05],
          [4.4333e-05],
          [4.5809e-05],
          [2.8130e-05],
          [1.9156e-05],
          [1.9869e-04],
          [2.9795e-05],
          [2.3268e-05],
          [1.8201e-05],
          [2.0568e-05],
          [2.6015e-04],
          [2.7803e-05],
          [2.3730e-05],
          [2.5858e-05],
          [1.4594e-04],
          [1.2959e-04],
          [1.6982e-05],
          [1.7417e-05],
          [1.5091e-05],
          [1.7299e-05],
          [1.7099e-05],
          [1.8505e-05],
          [1.6740e-05],
          [1.7591e-05],
          [2.2670e-04],
          [1.0457e-04],
          [1.4275e-04],
          [2.4442e-05],
          [2.2012e-05],
          [2.8795e-05],
          [3.0879e-05],
          [3.3192e-05],
          [3.4559e-05],
          [3.7380e-05],
          [3.6382e-05],
          [3.6590e-05],
          [2.8788e-05],
          [2.4350e-05],
          [2.0167e-05],
          [1.7391e-05],
          [1.8793e-05],
          [2.3268e-05],
          [2.4227e-05],
          [2.3776e-05],
          [1.8611e-05],
          [1.4882e-04],
          [1.8852e-04],
          [1.6599e-05],
          [1.4403e-04],
          [1.4215e-05],
          [1.3369e-05],
          [2.1857e-05],
          [1.7208e-05],
          [2.3606e-05],
          [2.0803e-05],
          [2.2831e-05],
          [2.6018e-05],
          [3.2932e-05],
          [2.2196e-05],
          [2.6724e-05],
          [2.8118e-05],
          [3.2375e-05],
          [1.3637e-04],
          [1.5666e-03],
          [9.3553e-02],
          [3.5214e-01],
          [7.6251e-01],
          [3.4810e-01],
          [5.0257e-02],
          [6.0229e-03],
          [8.7030e-04],
          [1.3485e-04],
          [2.4801e-05],
          [2.0917e-05],
          [1.9394e-05],
          [2.0106e-05],
          [2.1771e-05],
          [2.4395e-05],
          [2.0424e-05],
          [1.8219e-05],
          [1.8510e-05],
          [2.4948e-05],
          [3.3730e-05],
          [5.0429e-05],
          [5.5781e-05],
          [5.9648e-05],
          [6.5422e-05],
          [5.2929e-05],
          [5.0117e-05],
          [4.0844e-05],
          [2.6961e-04],
          [1.6569e-04],
          [1.4668e-04],
          [2.7095e-04],
          [1.5330e-04],
          [1.8226e-03],
          [9.3933e-03],
          [8.7798e-03],
          [1.0200e-03],
          [7.8196e-04],
          [7.4967e-04],
          [1.7064e-04],
          [2.9406e-05],
          [2.1516e-05],
          [1.8890e-05],
          [2.1840e-04],
          [1.7550e-04],
          [1.9356e-05],
          [2.6181e-05],
          [4.3362e-05],
          [2.8727e-05],
          [2.7192e-05],
          [2.0416e-04],
          [8.1898e-05],
          [2.0668e-04],
          [3.0706e-05],
          [2.0013e-05],
          [1.3076e-04],
          [1.7769e-05],
          [1.3647e-04],
          [3.4078e-05],
          [3.2898e-05],
          [3.4606e-05],
          [2.5228e-04],
          [5.1295e-05],
          [5.4798e-04],
          [1.8203e-05],
          [2.1013e-05],
          [2.1482e-05],
          [2.1449e-05],
          [2.2955e-05],
          [2.2968e-05],
          [2.6020e-04],
          [1.3971e-04],
          [1.6664e-05],
          [1.5056e-05],
          [2.1749e-05],
          [1.9805e-05],
          [2.5033e-05],
          [2.6538e-05],
          [3.0665e-05],
          [2.2945e-04],
          [1.5992e-04],
          [2.7490e-05],
          [2.4339e-05],
          [1.8340e-05],
          [2.3686e-05],
          [1.6884e-04],
          [2.9267e-05],
          [2.2784e-05],
          [2.2249e-04],
          [2.1066e-05],
          [2.1480e-05],
          [2.2207e-05],
          [2.9074e-05],
          [3.3561e-05],
          [3.2311e-05],
          [2.9565e-05],
          [2.9747e-05],
          [5.2287e-05],
          [4.1975e-05],
          [3.7786e-05],
          [5.7501e-05],
          [5.6486e-05],
          [3.1264e-05],
          [3.2941e-05],
          [2.1686e-05],
          [2.8833e-05],
          [2.1879e-04],
          [1.1317e-04],
          [2.7343e-05],
          [2.2326e-05],
          [3.2488e-05],
          [3.2903e-05],
          [3.6629e-05],
          [2.2877e-05],
          [2.1263e-05],
          [4.1863e-05],
          [2.1660e-05],
          [1.7569e-05],
          [3.2353e-04],
          [3.3984e-04],
          [2.1858e-05],
          [1.7946e-04],
          [1.7901e-05],
          [1.1266e-04],
          [1.2410e-04],
          [2.1643e-05],
          [2.3492e-05],
          [2.6050e-05],
          [2.3453e-05],
          [3.1802e-05],
          [3.7932e-05],
          [4.6171e-05],
          [3.9773e-05],
          [5.3407e-05],
          [6.1942e-05],
          [7.5837e-05],
          [1.0628e-04],
          [7.5768e-05],
          [4.6724e-05],
          [4.8363e-04],
          [2.4111e-05],
          [2.0007e-05],
          [1.0600e-04],
          [1.1241e-04],
          [4.4475e-05],
          [7.6417e-05],
          [9.9285e-05],
          [9.4518e-05],
          [1.8507e-04],
          [1.2778e-05],
          [1.0569e-05],
          [1.3639e-05],
          [1.4997e-05],
          [2.0029e-05],
          [2.0981e-05],
          [2.6483e-05],
          [2.6382e-05],
          [3.1810e-05],
          [3.9913e-05],
          [2.0277e-04],
          [2.5967e-05],
          [5.7750e-05],
          [5.5518e-05],
          [1.6793e-05],
          [1.6293e-05],
          [1.6066e-05],
          [1.3983e-05],
          [1.8513e-05],
          [2.0556e-05],
          [2.8297e-04],
          [2.3776e-05],
          [1.8296e-04],
          [2.7950e-05],
          [2.6908e-05],
          [2.6615e-05],
          [2.8965e-05],
          [2.5623e-05],
          [2.3176e-05],
          [2.3645e-05],
          [3.1709e-05],
          [3.1807e-05],
          [2.6584e-05],
          [2.6411e-05],
          [3.2619e-05],
          [2.1678e-04],
          [1.5507e-04],
          [2.4294e-05],
          [2.5474e-05],
          [2.7287e-05],
          [2.7761e-05],
          [3.0153e-05],
          [3.8018e-05],
          [3.6351e-05],
          [3.2088e-05],
          [2.6012e-05],
          [2.6471e-05],
          [2.5008e-05],
          [1.9711e-05],
          [1.6888e-05],
          [1.6590e-05],
          [1.7560e-05],
          [1.6684e-05],
          [2.0459e-05],
          [2.3460e-05],
          [2.5043e-05],
          [2.6581e-05],
          [4.0400e-05],
          [4.0587e-05],
          [3.8461e-05],
          [3.8973e-05],
          [3.9472e-05],
          [4.3657e-05],
          [4.6263e-05],
          [4.6362e-05],
          [4.2674e-05],
          [3.2500e-05],
          [3.4650e-05],
          [2.5018e-05],
          [2.1859e-05],
          [3.4665e-05],
          [2.1997e-05],
          [2.1914e-05],
          [2.5073e-05],
          [1.8318e-05],
          [2.6487e-05],
          [2.0054e-05],
          [3.0014e-05],
          [2.9868e-05],
          [3.8736e-04],
          [4.5872e-05],
          [6.1322e-04],
          [3.5418e-05],
          [3.3708e-05],
          [3.8130e-05],
          [3.2778e-05],
          [3.3614e-05],
          [3.7881e-05],
          [2.7473e-05],
          [2.3958e-05],
          [2.0340e-05],
          [2.4932e-05],
          [2.1157e-05],
          [1.8514e-05],
          [2.3751e-05],
          [2.2008e-05],
          [3.1681e-04],
          [6.2082e-05],
          [3.0901e-04],
          [2.4321e-05],
          [1.9310e-05],
          [1.8173e-05],
          [2.1573e-05],
          [3.0584e-04],
          [2.2223e-04],
          [2.5978e-05],
          [3.2573e-05],
          [4.3830e-05],
          [6.3247e-05],
          [8.6462e-05],
          [1.0362e-04],
          [1.1633e-04],
          [9.6767e-05],
          [6.6494e-05],
          [4.1791e-05],
          [4.9128e-05],
          [2.5177e-05],
          [2.2267e-05],
          [2.2274e-05],
          [3.1210e-05],
          [4.8442e-05],
          [3.6693e-05],
          [1.1841e-04],
          [4.3069e-05],
          [4.2112e-05],
          [5.5203e-05],
          [3.5704e-05],
          [3.4628e-05],
          [2.4873e-05],
          [2.5483e-05],
          [1.4414e-05],
          [1.3279e-04],
          [1.3064e-04],
          [2.0219e-05],
          [2.5638e-05],
          [2.7411e-05],
          [2.0103e-05],
          [2.8405e-05],
          [3.1158e-05],
          [2.3088e-05],
          [1.9153e-04],
          [7.6176e-05],
          [2.4312e-04],
          [1.7751e-04],
          [2.3105e-05],
          [1.9764e-05],
          [1.5620e-05],
          [1.8167e-05],
          [1.3291e-05],
          [1.7307e-04],
          [3.3581e-04],
          [2.1478e-05],
          [6.7217e-05],
          [1.0581e-04],
          [1.6624e-05],
          [2.3312e-04],
          [2.6898e-05],
          [2.9847e-04],
          [1.8502e-05],
          [1.4593e-05],
          [1.2197e-05],
          [1.7238e-05],
          [1.2441e-05],
          [1.0553e-04],
          [1.2220e-05]]]])
