# Using CPU
# Loading Embeddings...
# Making Predictions...
torch.Size([1, 1, 442, 258])
tensor([[[[2.1539e-04],
          [5.8930e-05],
          [1.5240e-04],
          [2.3502e-05],
          [9.5372e-06],
          [8.7587e-04],
          [8.9748e-04],
          [1.8422e-05],
          [7.5626e-04],
          [8.9116e-04],
          [2.0235e-05],
          [2.0612e-05],
          [4.3896e-04],
          [2.0218e-04],
          [1.3770e-05],
          [1.8999e-05],
          [1.2519e-05],
          [1.1888e-05],
          [1.6544e-05],
          [1.5340e-05],
          [1.1377e-03],
          [3.2102e-05],
          [5.2290e-04],
          [1.6169e-05],
          [1.9435e-05],
          [2.7026e-05],
          [3.7707e-05],
          [5.9806e-05],
          [7.2158e-05],
          [8.9333e-05],
          [1.0053e-04],
          [1.2042e-04],
          [1.1804e-04],
          [1.1832e-04],
          [9.0270e-05],
          [7.8242e-05],
          [2.1852e-03],
          [9.7357e-05],
          [2.7378e-04],
          [2.5892e-04],
          [4.0859e-04],
          [2.4987e-05],
          [2.1694e-05],
          [2.3410e-05],
          [1.7318e-05],
          [1.7113e-05],
          [1.3896e-05],
          [1.2829e-05],
          [1.2174e-05],
          [2.6166e-04],
          [3.4020e-04],
          [1.2724e-05],
          [1.1274e-05],
          [1.0194e-03],
          [4.8086e-04],
          [1.3727e-05],
          [1.4696e-05],
          [1.4712e-05],
          [1.9330e-05],
          [2.0987e-05],
          [2.0198e-05],
          [2.1084e-05],
          [5.2752e-04],
          [2.4134e-04],
          [1.7166e-05],
          [1.6927e-05],
          [1.5802e-05],
          [1.5053e-05],
          [1.6171e-05],
          [1.4854e-05],
          [1.5841e-05],
          [2.8401e-04],
          [2.7600e-05],
          [2.0631e-05],
          [2.0124e-05],
          [1.7445e-05],
          [1.4370e-03],
          [1.4007e-05],
          [1.3584e-05],
          [1.1876e-05],
          [2.9502e-04],
          [2.3641e-04],
          [1.3424e-05],
          [1.4359e-05],
          [1.5970e-05],
          [1.8144e-05],
          [1.9893e-05],
          [2.1756e-05],
          [1.8999e-05],
          [1.6848e-05],
          [8.3097e-04],
          [8.8698e-05],
          [3.8639e-04],
          [2.0327e-05],
          [2.4690e-05],
          [2.7394e-05],
          [3.0853e-05],
          [4.6561e-05],
          [3.2266e-05],
          [3.5727e-05],
          [3.0476e-05],
          [2.2206e-05],
          [1.3627e-05],
          [1.1443e-05],
          [1.4005e-05],
          [1.8214e-05],
          [1.9852e-05],
          [2.4197e-05],
          [2.7381e-05],
          [2.8053e-05],
          [2.2130e-05],
          [3.9473e-04],
          [2.1924e-04],
          [3.0654e-05],
          [2.5792e-04],
          [1.5820e-05],
          [1.4870e-05],
          [1.3239e-05],
          [1.5487e-05],
          [1.5513e-05],
          [1.5963e-05],
          [1.2187e-05],
          [1.3468e-05],
          [1.1514e-05],
          [1.3595e-05],
          [1.4145e-05],
          [1.5666e-05],
          [1.4627e-05],
          [1.7101e-05],
          [1.8610e-05],
          [1.7806e-05],
          [4.2980e-04],
          [3.9133e-04],
          [2.0010e-05],
          [2.4115e-05],
          [2.1721e-05],
          [1.8187e-05],
          [1.8482e-05],
          [1.5131e-05],
          [1.6739e-05],
          [1.4480e-05],
          [1.4262e-05],
          [1.1309e-05],
          [1.2699e-05],
          [1.4337e-05],
          [1.7287e-05],
          [1.8833e-05],
          [2.3396e-05],
          [2.9971e-05],
          [4.0012e-05],
          [4.2340e-05],
          [4.4303e-05],
          [4.9835e-05],
          [6.0572e-05],
          [5.1776e-05],
          [4.6792e-05],
          [1.2650e-03],
          [3.7424e-04],
          [4.5657e-04],
          [8.9215e-04],
          [2.1249e-05],
          [1.5077e-05],
          [1.4988e-05],
          [1.5187e-05],
          [1.5176e-05],
          [1.9570e-05],
          [1.6554e-05],
          [1.8479e-05],
          [1.8812e-05],
          [1.9185e-05],
          [1.8885e-05],
          [9.3611e-04],
          [5.8794e-04],
          [2.4048e-05],
          [2.7383e-05],
          [4.1548e-05],
          [2.8713e-05],
          [2.8022e-05],
          [4.2602e-04],
          [4.8033e-05],
          [2.4828e-04],
          [1.6562e-05],
          [1.4623e-05],
          [2.0694e-04],
          [2.0173e-05],
          [3.8435e-04],
          [2.1111e-05],
          [2.3042e-05],
          [2.0990e-05],
          [1.3146e-03],
          [3.3913e-05],
          [1.7786e-03],
          [1.7462e-05],
          [2.2749e-05],
          [2.3206e-05],
          [2.1946e-05],
          [2.3269e-05],
          [2.3276e-05],
          [4.0300e-04],
          [2.4119e-04],
          [2.1849e-05],
          [1.9679e-05],
          [1.9731e-05],
          [1.5953e-05],
          [2.2584e-05],
          [2.6047e-05],
          [2.5209e-05],
          [7.8890e-04],
          [5.4073e-04],
          [2.0707e-05],
          [1.5937e-05],
          [1.4983e-05],
          [1.5830e-05],
          [8.4403e-04],
          [3.6542e-05],
          [2.3824e-05],
          [9.8377e-04],
          [1.4673e-05],
          [1.3746e-05],
          [1.2644e-05],
          [1.3151e-05],
          [1.4607e-05],
          [1.7167e-05],
          [1.4446e-05],
          [1.4740e-05],
          [3.2917e-05],
          [1.6721e-05],
          [1.6226e-05],
          [1.2676e-05],
          [1.1555e-05],
          [1.0690e-05],
          [1.1865e-05],
          [1.1220e-05],
          [1.2241e-05],
          [1.1233e-03],
          [3.2371e-04],
          [1.3291e-05],
          [1.5373e-05],
          [1.5629e-05],
          [2.3988e-05],
          [4.1924e-05],
          [2.0786e-05],
          [1.9673e-05],
          [2.2276e-05],
          [2.3868e-05],
          [1.4191e-05],
          [7.4186e-04],
          [2.2504e-04],
          [2.8113e-05],
          [2.4917e-04],
          [1.3010e-05],
          [4.9467e-04],
          [2.1287e-04],
          [2.4414e-05],
          [2.8696e-05],
          [2.8043e-05],
          [2.3732e-05],
          [3.0615e-05],
          [3.7042e-05],
          [3.9300e-05],
          [3.7259e-05],
          [5.3536e-05],
          [6.3366e-05],
          [8.3634e-05],
          [1.0862e-04],
          [7.4028e-05],
          [8.6351e-05],
          [4.7478e-04],
          [3.3063e-05],
          [3.4253e-05],
          [3.0817e-04],
          [4.9008e-04],
          [2.5480e-05],
          [3.7286e-04],
          [1.7677e-04],
          [3.9270e-05],
          [2.2744e-04],
          [1.4501e-05],
          [1.3369e-05],
          [1.1547e-05],
          [1.0171e-05],
          [1.0149e-05],
          [1.0811e-05],
          [1.3754e-05],
          [1.4718e-05],
          [1.8706e-05],
          [1.6170e-05],
          [6.9503e-04],
          [5.6318e-05],
          [1.7301e-04],
          [1.0618e-04],
          [1.3502e-05],
          [1.3113e-05],
          [1.2272e-05],
          [1.1557e-05],
          [1.1107e-05],
          [1.3112e-05],
          [7.4292e-04],
          [2.2807e-05],
          [9.3041e-04],
          [1.4556e-05],
          [1.2459e-05],
          [1.3281e-05],
          [1.4213e-05],
          [1.2859e-05],
          [1.4223e-05],
          [1.4317e-05],
          [1.6043e-05],
          [1.4305e-05],
          [1.8721e-05],
          [2.3881e-05],
          [2.6220e-05],
          [8.3914e-04],
          [4.8053e-04],
          [2.1467e-05],
          [1.9012e-05],
          [5.3008e-05],
          [1.1813e-05],
          [1.8221e-05],
          [2.4493e-05],
          [2.6041e-05],
          [2.3347e-05],
          [5.8320e-05],
          [2.5122e-05],
          [2.4964e-05],
          [1.7612e-05],
          [1.6317e-05],
          [1.6921e-05],
          [1.6482e-05],
          [1.7351e-05],
          [2.0715e-05],
          [2.1467e-05],
          [2.1390e-05],
          [2.0365e-05],
          [1.9079e-05],
          [2.2264e-05],
          [2.2837e-05],
          [2.3107e-05],
          [2.4286e-05],
          [2.8090e-05],
          [2.9375e-05],
          [2.8588e-05],
          [2.5881e-05],
          [2.2883e-05],
          [2.4695e-05],
          [2.4431e-05],
          [2.0524e-05],
          [1.7506e-05],
          [1.9066e-05],
          [1.8859e-05],
          [1.6911e-05],
          [2.8256e-05],
          [1.5363e-05],
          [1.7051e-05],
          [1.6811e-05],
          [1.7557e-05],
          [1.1406e-03],
          [3.1916e-05],
          [1.9455e-03],
          [1.6573e-05],
          [1.8746e-05],
          [1.8325e-05],
          [1.5700e-05],
          [1.8762e-05],
          [1.7291e-05],
          [1.8264e-05],
          [1.5804e-05],
          [1.5614e-05],
          [1.4522e-05],
          [1.6989e-05],
          [1.5661e-05],
          [1.3361e-05],
          [1.1758e-05],
          [1.3272e-03],
          [7.9658e-05],
          [1.0116e-03],
          [1.3361e-05],
          [1.1349e-05],
          [1.0191e-05],
          [1.1114e-05],
          [6.0570e-04],
          [5.7802e-04],
          [1.4360e-05],
          [1.2827e-05],
          [1.2101e-05],
          [1.5865e-05],
          [1.8633e-05],
          [2.3611e-05],
          [2.8288e-05],
          [2.6216e-05],
          [2.4089e-05],
          [2.7972e-05],
          [3.3215e-05],
          [2.7951e-05],
          [1.9418e-05],
          [1.6905e-05],
          [1.7191e-05],
          [1.5385e-05],
          [1.3348e-05],
          [2.0003e-05],
          [3.3599e-05],
          [4.7779e-05],
          [5.0143e-05],
          [3.3942e-05],
          [2.8151e-05],
          [2.7553e-05],
          [2.7711e-05],
          [2.4168e-05],
          [3.4570e-04],
          [2.5059e-04],
          [2.1994e-05],
          [2.0335e-05],
          [1.6241e-05],
          [1.4461e-05],
          [1.4805e-05],
          [1.5109e-05],
          [1.6030e-05],
          [3.2907e-04],
          [1.1116e-04],
          [5.6687e-04],
          [4.9753e-04],
          [1.8883e-05],
          [1.5344e-05],
          [1.7556e-05],
          [1.6627e-05],
          [1.5877e-05],
          [6.1787e-04],
          [1.6824e-04],
          [1.9340e-05],
          [7.8422e-05],
          [1.5118e-04],
          [2.1848e-05],
          [2.4884e-04],
          [2.6397e-05],
          [3.9793e-04],
          [2.2651e-05],
          [1.5757e-05],
          [1.3229e-05],
          [1.2950e-05],
          [1.3190e-05],
          [2.1901e-04],
          [7.6861e-06]]]])
