# Using CPU
# Loading Embeddings...
# Making Predictions...
torch.Size([1, 1, 442, 259])
tensor([[[[2.2277e-04],
          [5.0621e-05],
          [1.6573e-04],
          [2.3074e-05],
          [1.1138e-05],
          [7.5869e-04],
          [9.3353e-04],
          [1.7102e-05],
          [6.5491e-04],
          [9.2843e-04],
          [2.0460e-05],
          [1.9305e-05],
          [9.9653e-04],
          [3.6127e-04],
          [1.9824e-05],
          [2.2639e-05],
          [2.1340e-05],
          [1.3136e-05],
          [2.0172e-05],
          [2.8850e-05],
          [1.3503e-03],
          [4.0221e-05],
          [5.3651e-04],
          [3.1816e-05],
          [2.1968e-05],
          [2.7421e-05],
          [3.8071e-05],
          [6.1571e-05],
          [7.8495e-05],
          [1.0768e-04],
          [1.0348e-04],
          [1.3067e-04],
          [1.2540e-04],
          [1.2664e-04],
          [9.4986e-05],
          [8.4944e-05],
          [2.6984e-03],
          [9.4108e-05],
          [2.6107e-04],
          [3.0809e-04],
          [4.1850e-04],
          [2.5072e-05],
          [2.2460e-05],
          [2.3247e-05],
          [1.7703e-05],
          [1.7366e-05],
          [1.4654e-05],
          [1.2964e-05],
          [1.2823e-05],
          [3.7722e-04],
          [3.5200e-04],
          [2.5118e-05],
          [1.3821e-05],
          [1.0159e-03],
          [4.9730e-04],
          [1.8096e-05],
          [1.7090e-05],
          [1.6567e-05],
          [2.0698e-05],
          [2.5237e-05],
          [2.2912e-05],
          [2.2841e-05],
          [7.5349e-04],
          [2.4652e-04],
          [2.1155e-05],
          [2.1404e-05],
          [1.8949e-05],
          [1.6946e-05],
          [1.6385e-05],
          [1.5867e-05],
          [1.6613e-05],
          [4.5288e-04],
          [2.9786e-05],
          [2.7676e-05],
          [2.0204e-05],
          [2.5389e-05],
          [1.4837e-03],
          [2.1240e-05],
          [1.7786e-05],
          [1.6697e-05],
          [6.1985e-04],
          [3.0217e-04],
          [2.5904e-05],
          [1.9365e-05],
          [1.8142e-05],
          [1.8957e-05],
          [2.1253e-05],
          [2.4039e-05],
          [1.9675e-05],
          [1.7564e-05],
          [8.2043e-04],
          [7.1248e-05],
          [4.3773e-04],
          [1.6919e-05],
          [2.4148e-05],
          [2.5552e-05],
          [2.6983e-05],
          [3.6610e-05],
          [2.8028e-05],
          [3.2018e-05],
          [2.8035e-05],
          [2.0596e-05],
          [1.3518e-05],
          [1.1731e-05],
          [1.4761e-05],
          [2.1534e-05],
          [2.5055e-05],
          [2.9022e-05],
          [3.1369e-05],
          [3.2872e-05],
          [2.6608e-05],
          [3.6416e-04],
          [2.1796e-04],
          [3.3688e-05],
          [3.2278e-04],
          [1.9567e-05],
          [1.6715e-05],
          [1.3028e-05],
          [1.5234e-05],
          [1.5539e-05],
          [1.6900e-05],
          [1.3095e-05],
          [1.5067e-05],
          [1.2738e-05],
          [1.6103e-05],
          [1.5693e-05],
          [1.8629e-05],
          [1.7821e-05],
          [2.1897e-05],
          [2.3110e-05],
          [2.3174e-05],
          [9.6428e-04],
          [4.0930e-04],
          [5.2887e-05],
          [3.0175e-05],
          [2.4329e-05],
          [2.1515e-05],
          [2.0591e-05],
          [1.7223e-05],
          [1.7441e-05],
          [1.5464e-05],
          [1.4475e-05],
          [1.2004e-05],
          [1.3758e-05],
          [1.7104e-05],
          [2.2003e-05],
          [2.3651e-05],
          [3.0742e-05],
          [3.9846e-05],
          [5.3701e-05],
          [5.3277e-05],
          [5.1009e-05],
          [5.4628e-05],
          [6.5336e-05],
          [6.2560e-05],
          [4.7778e-05],
          [1.2037e-03],
          [3.9078e-04],
          [4.7575e-04],
          [9.0671e-04],
          [1.8140e-05],
          [1.7325e-05],
          [1.6009e-05],
          [1.7831e-05],
          [1.7305e-05],
          [2.3430e-05],
          [1.8538e-05],
          [2.0543e-05],
          [2.1636e-05],
          [2.3544e-05],
          [2.0119e-05],
          [8.1150e-04],
          [6.1310e-04],
          [2.4929e-05],
          [3.2727e-05],
          [4.7409e-05],
          [3.6031e-05],
          [3.3442e-05],
          [4.7698e-04],
          [5.5057e-05],
          [2.8630e-04],
          [1.8799e-05],
          [1.7373e-05],
          [5.1548e-04],
          [2.5209e-05],
          [4.1397e-04],
          [1.9877e-05],
          [2.1719e-05],
          [2.1991e-05],
          [1.2808e-03],
          [3.2733e-05],
          [1.8422e-03],
          [2.1031e-05],
          [2.6777e-05],
          [2.8771e-05],
          [2.8448e-05],
          [2.9280e-05],
          [2.8126e-05],
          [4.4712e-04],
          [2.4423e-04],
          [2.2014e-05],
          [1.8965e-05],
          [1.8722e-05],
          [1.5304e-05],
          [2.1716e-05],
          [2.5112e-05],
          [2.4700e-05],
          [7.8643e-04],
          [5.6362e-04],
          [2.0487e-05],
          [1.6136e-05],
          [1.5442e-05],
          [1.6581e-05],
          [7.4033e-04],
          [3.9760e-05],
          [2.3918e-05],
          [1.0036e-03],
          [1.8070e-05],
          [1.4226e-05],
          [1.3153e-05],
          [1.3161e-05],
          [1.5292e-05],
          [1.6943e-05],
          [1.4436e-05],
          [1.4593e-05],
          [3.0484e-05],
          [1.6601e-05],
          [1.6268e-05],
          [1.3208e-05],
          [1.2481e-05],
          [1.2363e-05],
          [1.2399e-05],
          [1.1671e-05],
          [1.2618e-05],
          [9.2028e-04],
          [3.3264e-04],
          [1.4089e-05],
          [1.6532e-05],
          [1.5949e-05],
          [2.4723e-05],
          [2.3254e-05],
          [1.9956e-05],
          [1.8830e-05],
          [2.1010e-05],
          [2.2775e-05],
          [1.4643e-05],
          [7.4498e-04],
          [2.7894e-04],
          [3.3618e-05],
          [3.7752e-04],
          [1.8391e-05],
          [4.2030e-04],
          [2.1291e-04],
          [2.1907e-05],
          [2.2997e-05],
          [2.3959e-05],
          [2.2992e-05],
          [2.8604e-05],
          [3.1783e-05],
          [4.2996e-05],
          [4.3726e-05],
          [5.5290e-05],
          [6.5208e-05],
          [7.4117e-05],
          [1.2994e-04],
          [7.4109e-05],
          [1.0457e-04],
          [5.3901e-04],
          [3.7967e-05],
          [4.6752e-05],
          [3.0903e-04],
          [4.2432e-04],
          [2.9620e-05],
          [3.7259e-04],
          [2.1899e-04],
          [4.5998e-05],
          [3.8832e-04],
          [2.1236e-05],
          [1.2951e-05],
          [1.3828e-05],
          [1.0150e-05],
          [1.0030e-05],
          [1.0686e-05],
          [4.9164e-05],
          [1.4152e-05],
          [1.7846e-05],
          [1.5138e-05],
          [1.8579e-03],
          [5.1922e-05],
          [2.3009e-04],
          [1.0778e-04],
          [2.1984e-05],
          [1.3012e-05],
          [1.4004e-05],
          [1.1492e-05],
          [1.0900e-05],
          [1.3307e-05],
          [8.1055e-04],
          [2.7119e-05],
          [9.3647e-04],
          [1.4570e-05],
          [1.2032e-05],
          [1.2581e-05],
          [1.4097e-05],
          [1.2990e-05],
          [1.4049e-05],
          [1.3757e-05],
          [1.4693e-05],
          [1.4804e-05],
          [1.7730e-05],
          [2.1746e-05],
          [2.3418e-05],
          [7.0561e-04],
          [4.8091e-04],
          [2.0281e-05],
          [1.6777e-05],
          [6.9040e-05],
          [1.0971e-05],
          [1.6858e-05],
          [2.2473e-05],
          [2.4487e-05],
          [2.2339e-05],
          [2.1484e-05],
          [2.3368e-05],
          [2.5036e-05],
          [1.7169e-05],
          [1.6875e-05],
          [1.8545e-05],
          [1.7765e-05],
          [1.8196e-05],
          [2.1339e-05],
          [2.2415e-05],
          [2.1597e-05],
          [1.9866e-05],
          [1.9235e-05],
          [2.2771e-05],
          [2.2516e-05],
          [2.3057e-05],
          [2.3532e-05],
          [2.7958e-05],
          [2.8729e-05],
          [3.2066e-05],
          [2.4918e-05],
          [2.2862e-05],
          [2.5937e-05],
          [2.4567e-05],
          [2.0480e-05],
          [1.7157e-05],
          [1.8882e-05],
          [1.8559e-05],
          [1.6462e-05],
          [1.3777e-05],
          [1.5286e-05],
          [1.7429e-05],
          [1.7301e-05],
          [1.7852e-05],
          [1.2273e-03],
          [3.7270e-05],
          [1.9854e-03],
          [1.7330e-05],
          [1.9256e-05],
          [1.9114e-05],
          [1.6590e-05],
          [2.1235e-05],
          [1.8889e-05],
          [1.9393e-05],
          [1.6500e-05],
          [1.6653e-05],
          [1.5982e-05],
          [1.8030e-05],
          [1.6156e-05],
          [1.3018e-05],
          [1.3081e-05],
          [1.1699e-03],
          [8.7261e-05],
          [1.0440e-03],
          [1.3216e-05],
          [1.4312e-05],
          [1.2337e-05],
          [1.4338e-05],
          [7.2980e-04],
          [5.5183e-04],
          [1.3517e-05],
          [1.2696e-05],
          [1.1641e-05],
          [1.4172e-05],
          [1.6040e-05],
          [2.4401e-05],
          [2.9084e-05],
          [2.6707e-05],
          [2.3865e-05],
          [2.8952e-05],
          [3.3088e-05],
          [2.9190e-05],
          [1.9648e-05],
          [1.9336e-05],
          [1.7997e-05],
          [1.6292e-05],
          [1.3514e-05],
          [2.8031e-05],
          [3.1036e-05],
          [4.3115e-05],
          [4.5858e-05],
          [3.1787e-05],
          [2.7757e-05],
          [2.8584e-05],
          [2.8375e-05],
          [2.4146e-05],
          [4.3393e-04],
          [2.5780e-04],
          [2.9779e-05],
          [2.1682e-05],
          [2.5348e-05],
          [1.8100e-05],
          [2.0218e-05],
          [1.8419e-05],
          [2.4091e-05],
          [2.7985e-04],
          [1.1636e-04],
          [5.7096e-04],
          [5.1016e-04],
          [2.2805e-05],
          [2.1027e-05],
          [2.3075e-05],
          [1.8003e-05],
          [1.6174e-05],
          [4.5838e-04],
          [2.5605e-04],
          [2.0036e-05],
          [7.7760e-05],
          [1.4985e-04],
          [2.2552e-05],
          [6.2206e-04],
          [2.7642e-05],
          [6.4391e-04],
          [2.5289e-05],
          [2.0488e-05],
          [1.2848e-05],
          [1.3153e-05],
          [1.2385e-05],
          [2.2321e-04],
          [8.4103e-06]]]])
