# Using CPU
# Loading Embeddings...
# Making Predictions...
torch.Size([1, 1, 442, 267])
tensor([[[[2.2367e-04],
          [3.3751e-05],
          [7.9267e-05],
          [2.7591e-05],
          [9.0482e-06],
          [4.5665e-04],
          [5.2087e-04],
          [1.2947e-05],
          [3.7411e-04],
          [6.4322e-04],
          [1.6950e-05],
          [1.6119e-05],
          [2.5583e-04],
          [1.8759e-04],
          [2.6174e-05],
          [1.1249e-05],
          [1.0599e-05],
          [1.0351e-05],
          [1.0826e-05],
          [1.6848e-05],
          [4.0720e-04],
          [2.0262e-05],
          [3.1524e-04],
          [1.4007e-05],
          [1.9336e-05],
          [2.8245e-05],
          [3.8616e-05],
          [7.0324e-05],
          [9.3490e-05],
          [1.3267e-04],
          [1.2910e-04],
          [1.5514e-04],
          [1.6029e-04],
          [1.5355e-04],
          [1.2410e-04],
          [8.4599e-05],
          [3.2062e-04],
          [5.1864e-05],
          [1.3756e-04],
          [1.1842e-04],
          [3.0765e-04],
          [2.2783e-05],
          [2.1798e-05],
          [2.3125e-05],
          [1.6986e-05],
          [1.6204e-05],
          [1.2786e-05],
          [1.9252e-05],
          [2.1888e-05],
          [2.1148e-04],
          [2.6478e-04],
          [1.7246e-05],
          [1.6521e-05],
          [5.0498e-04],
          [2.8684e-04],
          [1.7227e-05],
          [1.8142e-05],
          [1.6507e-05],
          [1.9101e-05],
          [2.3229e-05],
          [2.4087e-05],
          [2.3727e-05],
          [2.1795e-04],
          [2.5392e-04],
          [2.0146e-05],
          [1.9870e-05],
          [1.7310e-05],
          [1.5180e-05],
          [1.6587e-05],
          [1.4676e-05],
          [1.5716e-05],
          [3.5652e-04],
          [2.1279e-05],
          [1.6457e-05],
          [1.6384e-05],
          [2.0980e-05],
          [7.8065e-04],
          [1.2926e-05],
          [1.2843e-05],
          [1.0752e-05],
          [1.5045e-04],
          [1.2390e-04],
          [1.1129e-05],
          [1.2260e-05],
          [1.4602e-05],
          [1.8288e-05],
          [1.8685e-05],
          [1.9861e-05],
          [1.6822e-05],
          [1.5406e-05],
          [4.0946e-04],
          [3.6110e-05],
          [1.5356e-04],
          [1.2042e-05],
          [1.2267e-05],
          [1.2696e-05],
          [1.2830e-05],
          [1.7587e-05],
          [1.6397e-05],
          [1.7288e-05],
          [1.8782e-05],
          [1.3834e-05],
          [1.1313e-05],
          [1.0392e-05],
          [1.3142e-05],
          [2.1944e-05],
          [2.5287e-05],
          [3.1037e-05],
          [3.1905e-05],
          [3.3345e-05],
          [2.7333e-05],
          [4.1253e-04],
          [1.1726e-04],
          [1.5629e-05],
          [1.4862e-04],
          [1.8984e-05],
          [1.6295e-05],
          [1.3318e-05],
          [1.6568e-05],
          [1.8275e-05],
          [1.7535e-05],
          [1.3194e-05],
          [1.8261e-05],
          [1.2170e-05],
          [1.5464e-05],
          [1.4815e-05],
          [1.8042e-05],
          [1.8461e-05],
          [2.2731e-05],
          [2.4392e-05],
          [5.3186e-05],
          [4.1339e-04],
          [4.1267e-04],
          [8.2723e-05],
          [3.6379e-05],
          [3.2297e-05],
          [2.7734e-05],
          [2.8364e-05],
          [2.2744e-05],
          [2.4081e-05],
          [1.9088e-05],
          [1.8345e-05],
          [1.2492e-05],
          [1.4352e-05],
          [1.7767e-05],
          [2.6320e-05],
          [2.9340e-05],
          [4.1916e-05],
          [5.0043e-05],
          [7.9556e-05],
          [8.1661e-05],
          [8.8207e-05],
          [8.2036e-05],
          [1.0062e-04],
          [9.2321e-05],
          [6.3740e-05],
          [7.7513e-04],
          [3.0432e-04],
          [2.3741e-04],
          [6.3097e-04],
          [1.6006e-05],
          [1.7467e-05],
          [2.5178e-05],
          [2.8140e-05],
          [1.9765e-05],
          [2.3874e-05],
          [2.3195e-05],
          [2.3256e-05],
          [2.4425e-05],
          [2.4918e-05],
          [2.3654e-05],
          [5.4940e-04],
          [4.4909e-04],
          [3.5167e-05],
          [4.5392e-05],
          [5.3425e-05],
          [5.3032e-05],
          [4.7018e-05],
          [2.8016e-04],
          [4.1591e-05],
          [1.9733e-04],
          [2.1741e-05],
          [2.1172e-05],
          [1.8782e-04],
          [1.1895e-05],
          [1.8357e-04],
          [1.2572e-05],
          [1.5296e-05],
          [1.1137e-05],
          [5.9195e-04],
          [3.9307e-05],
          [9.5854e-04],
          [2.2340e-05],
          [2.8761e-05],
          [3.0670e-05],
          [3.0919e-05],
          [3.5696e-05],
          [2.7531e-05],
          [2.1349e-04],
          [2.2678e-04],
          [2.2315e-05],
          [1.8498e-05],
          [1.6548e-05],
          [1.2749e-05],
          [1.2259e-05],
          [1.1342e-05],
          [1.1801e-05],
          [2.8463e-04],
          [3.6837e-04],
          [1.1572e-05],
          [1.2692e-05],
          [1.3537e-05],
          [1.3761e-05],
          [3.8041e-04],
          [2.4418e-05],
          [1.7713e-05],
          [6.1342e-04],
          [1.4303e-05],
          [1.4399e-05],
          [1.3089e-05],
          [1.2219e-05],
          [1.4146e-05],
          [1.1695e-05],
          [1.0986e-05],
          [1.1013e-05],
          [1.8774e-05],
          [1.4189e-05],
          [1.2212e-05],
          [1.0929e-05],
          [1.0072e-05],
          [1.2274e-05],
          [1.1310e-05],
          [1.0395e-05],
          [1.1712e-05],
          [3.8638e-04],
          [2.4237e-04],
          [1.8630e-05],
          [1.5656e-05],
          [1.2479e-05],
          [1.4214e-05],
          [1.5556e-05],
          [1.7407e-05],
          [1.4100e-05],
          [1.9277e-05],
          [2.2719e-05],
          [1.1515e-05],
          [7.7099e-04],
          [9.7121e-05],
          [2.0261e-05],
          [1.2887e-04],
          [1.0279e-05],
          [2.7730e-04],
          [1.8461e-04],
          [1.6665e-05],
          [1.9675e-05],
          [2.3088e-05],
          [2.2645e-05],
          [2.9932e-05],
          [3.5484e-05],
          [5.4374e-05],
          [5.8537e-05],
          [9.6311e-05],
          [1.1733e-04],
          [1.7880e-04],
          [1.7361e-04],
          [1.8443e-04],
          [1.5355e-04],
          [1.5604e-04],
          [4.5739e-05],
          [4.2238e-05],
          [1.9003e-04],
          [5.3571e-04],
          [2.4053e-05],
          [1.6304e-04],
          [1.7907e-04],
          [3.3412e-05],
          [1.7807e-04],
          [1.4859e-05],
          [1.3460e-05],
          [1.1865e-05],
          [9.0507e-06],
          [9.2062e-06],
          [8.8902e-06],
          [1.5986e-05],
          [1.0041e-05],
          [1.0700e-05],
          [9.8363e-06],
          [2.7082e-04],
          [2.0581e-05],
          [6.2115e-05],
          [1.3793e-04],
          [1.1563e-05],
          [1.1398e-05],
          [1.0960e-05],
          [1.0603e-05],
          [9.7757e-06],
          [1.3592e-05],
          [4.1821e-04],
          [1.7366e-05],
          [5.4347e-04],
          [1.0526e-05],
          [1.0411e-05],
          [1.1683e-05],
          [1.1620e-05],
          [1.1924e-05],
          [1.2167e-05],
          [1.2214e-05],
          [1.6043e-05],
          [1.4973e-05],
          [2.0622e-05],
          [2.2958e-05],
          [2.7980e-05],
          [5.1665e-04],
          [4.1900e-04],
          [1.9976e-05],
          [1.6734e-05],
          [3.0912e-05],
          [1.2280e-05],
          [1.1770e-05],
          [1.4119e-05],
          [1.7425e-05],
          [1.4376e-05],
          [1.3069e-05],
          [1.1150e-05],
          [1.2933e-05],
          [9.4826e-06],
          [9.8412e-06],
          [1.0679e-05],
          [1.2575e-05],
          [1.1027e-05],
          [1.1569e-05],
          [1.1182e-05],
          [1.2630e-05],
          [1.1708e-05],
          [1.3434e-05],
          [1.5545e-05],
          [1.4772e-05],
          [1.5665e-05],
          [1.4617e-05],
          [1.8965e-05],
          [2.1605e-05],
          [2.3117e-05],
          [2.2286e-05],
          [2.8113e-05],
          [3.1596e-05],
          [3.2193e-05],
          [1.8217e-05],
          [2.1170e-05],
          [2.8218e-05],
          [1.7152e-05],
          [1.7107e-05],
          [1.2775e-05],
          [1.6799e-05],
          [1.6616e-05],
          [1.5559e-05],
          [1.5736e-05],
          [9.2589e-04],
          [4.3969e-05],
          [1.1244e-03],
          [1.6131e-05],
          [1.6813e-05],
          [1.4910e-05],
          [1.4607e-05],
          [1.4548e-05],
          [1.2091e-05],
          [1.0747e-05],
          [1.0258e-05],
          [9.6710e-06],
          [9.8612e-06],
          [1.0897e-05],
          [1.1658e-05],
          [1.4058e-05],
          [1.3845e-05],
          [6.6652e-04],
          [7.5965e-05],
          [6.0694e-04],
          [1.1888e-05],
          [1.0970e-05],
          [9.2821e-06],
          [1.2959e-05],
          [3.3685e-04],
          [3.6156e-04],
          [1.1190e-05],
          [1.2524e-05],
          [1.6011e-05],
          [2.6636e-05],
          [3.7820e-05],
          [4.8830e-05],
          [4.8342e-05],
          [3.8082e-05],
          [2.5167e-05],
          [1.6471e-05],
          [1.4340e-05],
          [1.1336e-05],
          [1.0546e-05],
          [9.7785e-06],
          [9.9587e-06],
          [1.1598e-05],
          [1.2465e-05],
          [3.5591e-05],
          [3.0575e-05],
          [3.6562e-05],
          [2.7535e-05],
          [1.9350e-05],
          [3.5994e-05],
          [2.0451e-05],
          [2.1234e-05],
          [1.7040e-05],
          [2.2116e-04],
          [2.2136e-04],
          [2.0303e-05],
          [1.8253e-05],
          [1.5682e-05],
          [1.3837e-05],
          [2.3221e-05],
          [2.3925e-05],
          [2.7402e-05],
          [1.4654e-04],
          [8.1913e-05],
          [1.9942e-04],
          [3.2368e-04],
          [2.8863e-05],
          [1.9005e-05],
          [1.3476e-05],
          [1.9537e-05],
          [1.4059e-05],
          [3.5829e-04],
          [7.9468e-05],
          [1.5363e-05],
          [3.8650e-05],
          [1.6392e-04],
          [2.0001e-05],
          [1.4814e-04],
          [1.7674e-05],
          [1.7749e-04],
          [1.8285e-05],
          [1.2740e-05],
          [9.8743e-06],
          [1.5250e-05],
          [1.0930e-05],
          [9.8935e-05],
          [7.3042e-06]]]])
