# Using CPU
# Loading Embeddings...
# Making Predictions...
torch.Size([1, 1, 442, 267])
tensor([[[[1.0760e-04],
          [4.3914e-05],
          [1.2848e-04],
          [5.3552e-05],
          [8.3891e-06],
          [3.8809e-04],
          [6.9550e-04],
          [2.7283e-05],
          [4.6536e-04],
          [1.1805e-03],
          [1.5913e-05],
          [1.5111e-05],
          [2.7776e-04],
          [2.2914e-04],
          [6.9895e-05],
          [2.3978e-05],
          [6.9049e-05],
          [2.0395e-05],
          [2.0663e-05],
          [2.4694e-05],
          [6.2274e-04],
          [3.5747e-05],
          [1.1819e-03],
          [1.4187e-05],
          [1.5356e-05],
          [2.2941e-05],
          [3.0449e-05],
          [5.0972e-05],
          [5.7054e-05],
          [6.8669e-05],
          [6.5457e-05],
          [7.6190e-05],
          [7.4637e-05],
          [7.9224e-05],
          [6.3632e-05],
          [5.3323e-05],
          [3.9399e-04],
          [9.6374e-05],
          [1.6840e-04],
          [7.6320e-05],
          [8.5382e-04],
          [2.2684e-05],
          [2.1317e-05],
          [2.4514e-05],
          [1.7594e-05],
          [1.7310e-05],
          [1.3213e-05],
          [1.4234e-05],
          [2.5424e-05],
          [2.0148e-04],
          [7.0203e-04],
          [1.2423e-05],
          [1.2681e-05],
          [6.9722e-04],
          [1.0497e-03],
          [1.5208e-05],
          [1.6220e-05],
          [1.5816e-05],
          [1.9578e-05],
          [2.3560e-05],
          [2.3118e-05],
          [2.1084e-05],
          [2.2437e-04],
          [4.2091e-04],
          [1.7159e-05],
          [1.7762e-05],
          [1.6547e-05],
          [1.5000e-05],
          [1.6054e-05],
          [1.4262e-05],
          [1.3774e-05],
          [2.8928e-04],
          [2.3742e-05],
          [1.7565e-05],
          [1.5673e-05],
          [2.2556e-05],
          [3.2717e-03],
          [1.3277e-05],
          [1.3358e-05],
          [1.1766e-05],
          [3.0265e-04],
          [2.6627e-04],
          [1.3611e-05],
          [1.3398e-05],
          [1.3893e-05],
          [1.6174e-05],
          [1.7435e-05],
          [1.9461e-05],
          [1.6396e-05],
          [1.4483e-05],
          [3.7447e-04],
          [5.1599e-05],
          [4.1336e-04],
          [1.1576e-05],
          [1.8969e-05],
          [2.0705e-05],
          [2.4757e-05],
          [2.9869e-05],
          [2.7367e-05],
          [2.7959e-05],
          [2.4217e-05],
          [1.7783e-05],
          [1.2431e-05],
          [1.0611e-05],
          [1.2260e-05],
          [1.6815e-05],
          [1.9441e-05],
          [2.4331e-05],
          [2.5648e-05],
          [2.6692e-05],
          [2.2261e-05],
          [2.4859e-04],
          [1.1435e-04],
          [2.2430e-05],
          [4.1063e-04],
          [1.5243e-05],
          [1.3382e-05],
          [1.1480e-05],
          [1.4344e-05],
          [1.6408e-05],
          [1.5908e-05],
          [1.2414e-05],
          [1.6807e-05],
          [1.1718e-05],
          [1.3654e-05],
          [1.2521e-05],
          [1.4376e-05],
          [1.4719e-05],
          [1.8231e-05],
          [1.9772e-05],
          [1.9106e-05],
          [3.4757e-04],
          [6.6912e-04],
          [2.2931e-05],
          [2.4759e-05],
          [2.2721e-05],
          [2.0172e-05],
          [2.1731e-05],
          [1.8123e-05],
          [1.8387e-05],
          [1.4821e-05],
          [1.5186e-05],
          [1.0752e-05],
          [1.2224e-05],
          [1.4177e-05],
          [1.9201e-05],
          [2.0444e-05],
          [2.8744e-05],
          [3.6441e-05],
          [5.3170e-05],
          [5.4549e-05],
          [6.0062e-05],
          [5.7322e-05],
          [6.5124e-05],
          [5.2449e-05],
          [4.6847e-05],
          [1.1262e-03],
          [7.3880e-04],
          [3.0487e-04],
          [2.6904e-03],
          [1.4942e-05],
          [1.6692e-05],
          [1.6128e-05],
          [1.8780e-05],
          [2.0351e-05],
          [2.5058e-05],
          [2.3020e-05],
          [2.2827e-05],
          [2.3222e-05],
          [2.2602e-05],
          [1.9658e-05],
          [5.2566e-04],
          [9.4990e-04],
          [2.6386e-05],
          [2.9809e-05],
          [3.2325e-05],
          [3.6378e-05],
          [3.2172e-05],
          [1.9754e-04],
          [3.6936e-05],
          [3.3816e-04],
          [1.7162e-05],
          [2.4459e-05],
          [2.9005e-04],
          [1.5411e-05],
          [6.6696e-04],
          [1.5088e-05],
          [1.4656e-05],
          [1.4079e-05],
          [9.0197e-04],
          [5.9059e-05],
          [4.0253e-03],
          [2.0704e-05],
          [2.5500e-05],
          [2.7059e-05],
          [2.7517e-05],
          [3.1266e-05],
          [2.3376e-05],
          [2.2403e-04],
          [5.1908e-04],
          [1.8787e-05],
          [1.5877e-05],
          [1.5190e-05],
          [2.3919e-05],
          [1.2546e-05],
          [1.1805e-05],
          [1.6836e-05],
          [4.0131e-04],
          [1.4610e-03],
          [1.1864e-05],
          [1.2128e-05],
          [1.3043e-05],
          [1.3031e-05],
          [4.0624e-04],
          [2.6658e-05],
          [1.8213e-05],
          [2.9893e-03],
          [1.3566e-05],
          [1.6473e-05],
          [1.3068e-05],
          [1.4558e-05],
          [1.4709e-05],
          [1.1870e-05],
          [1.0741e-05],
          [1.0992e-05],
          [3.2656e-05],
          [1.2293e-05],
          [1.0847e-05],
          [1.2824e-05],
          [1.0808e-05],
          [1.1304e-05],
          [1.3685e-05],
          [1.0555e-05],
          [1.1615e-05],
          [4.9977e-04],
          [7.8114e-04],
          [1.6364e-05],
          [1.6167e-05],
          [1.2801e-05],
          [1.3665e-05],
          [3.6762e-05],
          [1.5191e-05],
          [1.6569e-05],
          [1.7830e-05],
          [1.7797e-05],
          [1.4257e-05],
          [6.8653e-04],
          [1.7647e-04],
          [2.2976e-05],
          [2.2486e-04],
          [1.1422e-05],
          [2.1802e-04],
          [4.4380e-04],
          [1.9374e-05],
          [2.2761e-05],
          [2.5657e-05],
          [2.6726e-05],
          [3.6241e-05],
          [4.2588e-05],
          [5.8367e-05],
          [5.4726e-05],
          [7.5413e-05],
          [8.4370e-05],
          [1.1465e-04],
          [8.7440e-05],
          [8.6734e-05],
          [5.5343e-05],
          [1.7556e-04],
          [2.8755e-05],
          [2.8009e-05],
          [3.3281e-04],
          [3.5330e-04],
          [2.1924e-05],
          [2.7902e-04],
          [1.4585e-04],
          [2.8372e-05],
          [2.9144e-04],
          [1.3043e-05],
          [1.1597e-05],
          [9.7242e-06],
          [1.0431e-05],
          [9.0446e-06],
          [9.2933e-06],
          [2.0125e-05],
          [1.1532e-05],
          [1.3225e-05],
          [1.1594e-05],
          [3.3103e-04],
          [3.1591e-05],
          [1.0440e-04],
          [3.0847e-04],
          [1.1282e-05],
          [9.9520e-06],
          [1.9005e-05],
          [9.6842e-06],
          [9.4115e-06],
          [9.3470e-06],
          [4.3499e-04],
          [2.9640e-05],
          [3.4822e-03],
          [1.2521e-05],
          [1.0609e-05],
          [1.2339e-05],
          [1.2260e-05],
          [1.2702e-05],
          [1.2926e-05],
          [1.3732e-05],
          [1.6497e-05],
          [1.6788e-05],
          [2.2739e-05],
          [2.6679e-05],
          [3.2993e-05],
          [3.7294e-04],
          [1.4725e-03],
          [2.2657e-05],
          [1.8187e-05],
          [2.7222e-05],
          [1.0596e-05],
          [1.1293e-05],
          [1.7757e-05],
          [1.9897e-05],
          [1.8172e-05],
          [1.6277e-05],
          [1.5862e-05],
          [1.6880e-05],
          [1.1247e-05],
          [1.1662e-05],
          [1.0264e-05],
          [1.1735e-05],
          [1.0486e-05],
          [1.0931e-05],
          [1.0409e-05],
          [1.3303e-05],
          [1.1099e-05],
          [1.1603e-05],
          [1.4758e-05],
          [1.5136e-05],
          [1.9991e-05],
          [1.6540e-05],
          [2.5585e-05],
          [2.4457e-05],
          [2.3539e-05],
          [1.7630e-05],
          [2.4776e-05],
          [2.0254e-05],
          [2.1979e-05],
          [1.5728e-05],
          [1.7475e-05],
          [1.4717e-05],
          [1.5823e-05],
          [1.3554e-05],
          [1.2487e-05],
          [1.3907e-05],
          [1.4542e-05],
          [1.5052e-05],
          [1.3743e-05],
          [7.9827e-04],
          [6.5583e-05],
          [4.7406e-03],
          [1.7202e-05],
          [1.8559e-05],
          [1.5144e-05],
          [1.6398e-05],
          [1.4200e-05],
          [1.1640e-05],
          [1.2468e-05],
          [1.0557e-05],
          [1.0241e-05],
          [1.1011e-05],
          [9.9207e-06],
          [1.0964e-05],
          [1.4332e-05],
          [1.4735e-05],
          [9.2460e-04],
          [6.8424e-05],
          [2.8674e-03],
          [1.2115e-05],
          [1.0808e-05],
          [9.2828e-06],
          [1.0513e-05],
          [3.1959e-04],
          [2.0745e-03],
          [1.0269e-05],
          [1.1429e-05],
          [1.4257e-05],
          [2.1154e-05],
          [2.7387e-05],
          [3.4851e-05],
          [4.9011e-05],
          [4.0354e-05],
          [3.3563e-05],
          [2.6482e-05],
          [2.0341e-05],
          [1.2411e-05],
          [1.1921e-05],
          [1.0834e-05],
          [1.0772e-05],
          [1.0473e-05],
          [1.1088e-05],
          [4.2113e-05],
          [2.6744e-05],
          [3.4932e-05],
          [4.3821e-05],
          [3.0436e-05],
          [2.5698e-05],
          [2.0406e-05],
          [2.0372e-05],
          [1.6146e-05],
          [2.5042e-04],
          [5.7183e-04],
          [1.9929e-05],
          [1.8513e-05],
          [1.6470e-05],
          [1.5313e-05],
          [2.2248e-05],
          [1.9949e-05],
          [1.8023e-05],
          [1.5889e-04],
          [8.9965e-05],
          [2.1704e-04],
          [1.4695e-03],
          [2.2069e-05],
          [1.6241e-05],
          [1.5463e-05],
          [1.3738e-05],
          [1.3141e-05],
          [2.8237e-04],
          [1.0940e-04],
          [2.3489e-05],
          [7.5358e-05],
          [4.3386e-04],
          [1.6545e-05],
          [2.5878e-04],
          [2.7643e-05],
          [3.2320e-04],
          [2.9662e-05],
          [1.6681e-05],
          [1.2683e-05],
          [1.3076e-05],
          [3.0268e-05],
          [9.2802e-05],
          [1.0371e-05]]]])
