# Using CPU
# Loading Embeddings...
# Making Predictions...
torch.Size([1, 1, 442, 457])
tensor([[[[1.3375e-04],
          [5.8746e-05],
          [8.9612e-05],
          [1.1137e-04],
          [5.2440e-05],
          [2.5775e-04],
          [1.6747e-04],
          [8.9395e-05],
          [2.9584e-04],
          [1.8130e-04],
          [8.6060e-05],
          [5.9190e-05],
          [2.7553e-04],
          [1.9272e-04],
          [1.3563e-04],
          [7.4877e-05],
          [8.9451e-05],
          [9.1665e-05],
          [1.4501e-04],
          [1.4316e-04],
          [2.2909e-04],
          [1.0114e-04],
          [1.0254e-04],
          [8.9855e-05],
          [1.0141e-04],
          [7.1425e-05],
          [7.3986e-05],
          [9.3459e-05],
          [1.0303e-04],
          [9.3576e-05],
          [8.1372e-05],
          [7.3908e-05],
          [7.5276e-05],
          [5.5219e-05],
          [4.9118e-05],
          [4.1443e-05],
          [4.2214e-04],
          [4.8808e-05],
          [1.5622e-04],
          [7.4834e-05],
          [1.3198e-04],
          [3.8908e-05],
          [3.5542e-05],
          [3.3927e-05],
          [2.6635e-05],
          [2.7626e-05],
          [2.4887e-05],
          [3.7935e-05],
          [3.8456e-05],
          [1.6485e-04],
          [1.3182e-04],
          [7.0172e-05],
          [4.7064e-05],
          [1.6276e-04],
          [1.0421e-04],
          [3.6709e-05],
          [2.3680e-05],
          [2.1030e-05],
          [3.0081e-05],
          [2.9284e-05],
          [3.3188e-05],
          [2.8642e-05],
          [2.3087e-04],
          [2.2030e-04],
          [4.5856e-05],
          [5.6903e-05],
          [7.8548e-05],
          [8.8728e-05],
          [1.1309e-04],
          [6.0461e-05],
          [4.5382e-05],
          [1.4529e-04],
          [4.5923e-05],
          [2.6889e-05],
          [2.7957e-05],
          [3.1961e-05],
          [1.4267e-04],
          [4.4452e-05],
          [4.8016e-05],
          [4.7867e-05],
          [1.6260e-04],
          [1.2216e-04],
          [3.7174e-05],
          [3.1910e-05],
          [3.6284e-05],
          [3.3933e-05],
          [2.7767e-05],
          [3.6309e-05],
          [3.3357e-05],
          [3.1931e-05],
          [1.2772e-04],
          [7.8008e-05],
          [1.2989e-04],
          [6.3228e-05],
          [6.9153e-05],
          [5.8939e-05],
          [7.0988e-05],
          [1.5728e-04],
          [1.0513e-04],
          [1.7415e-04],
          [1.3541e-04],
          [1.2663e-04],
          [1.2482e-04],
          [1.1896e-04],
          [1.0276e-04],
          [7.3538e-05],
          [5.3419e-05],
          [4.7052e-05],
          [4.0131e-05],
          [3.4586e-05],
          [2.5454e-05],
          [1.5001e-04],
          [9.2269e-05],
          [2.9039e-05],
          [1.7197e-04],
          [2.2431e-05],
          [2.2205e-05],
          [2.2930e-05],
          [2.7634e-05],
          [2.7459e-05],
          [3.1067e-05],
          [3.5043e-05],
          [4.6623e-05],
          [4.5179e-05],
          [5.0562e-05],
          [5.4458e-05],
          [5.3694e-05],
          [6.5727e-05],
          [7.1419e-05],
          [9.7963e-05],
          [8.2620e-04],
          [5.3765e-03],
          [6.8283e-03],
          [3.4760e-03],
          [7.3842e-04],
          [2.3055e-04],
          [7.4655e-05],
          [6.1960e-05],
          [5.4253e-05],
          [4.2540e-05],
          [5.1959e-05],
          [4.5770e-05],
          [4.2771e-05],
          [4.7064e-05],
          [4.1060e-05],
          [4.4118e-05],
          [4.0788e-05],
          [4.2973e-05],
          [6.4189e-05],
          [8.7581e-05],
          [7.8649e-05],
          [8.2516e-05],
          [7.4058e-05],
          [6.7275e-05],
          [5.0951e-05],
          [4.7356e-05],
          [2.3333e-04],
          [8.2647e-05],
          [1.0778e-04],
          [1.1451e-04],
          [6.2136e-05],
          [8.2131e-05],
          [2.3326e-04],
          [2.9877e-04],
          [9.7779e-05],
          [7.5913e-05],
          [5.5401e-05],
          [5.5209e-05],
          [4.7555e-05],
          [3.8475e-05],
          [4.2041e-05],
          [3.2604e-04],
          [1.3128e-04],
          [3.6033e-05],
          [4.0872e-05],
          [4.1444e-05],
          [3.8168e-05],
          [3.5029e-05],
          [1.8544e-04],
          [9.1344e-05],
          [2.4172e-04],
          [2.4177e-05],
          [2.6528e-05],
          [1.7234e-04],
          [3.7331e-05],
          [2.9252e-04],
          [9.2847e-05],
          [1.1759e-04],
          [6.8810e-05],
          [1.6230e-04],
          [5.4277e-05],
          [1.6014e-04],
          [2.9492e-05],
          [3.0953e-05],
          [3.2139e-05],
          [3.7952e-05],
          [3.4981e-05],
          [3.5176e-05],
          [1.9017e-04],
          [1.2461e-04],
          [3.3270e-05],
          [3.6315e-05],
          [3.1871e-05],
          [4.7263e-05],
          [8.3546e-05],
          [6.9746e-05],
          [8.7262e-05],
          [1.0840e-04],
          [1.0265e-04],
          [7.4252e-05],
          [6.6229e-05],
          [4.1503e-05],
          [2.9917e-05],
          [1.7085e-04],
          [3.9243e-05],
          [2.5366e-05],
          [1.4757e-04],
          [3.7078e-05],
          [4.3026e-05],
          [4.8751e-05],
          [6.0398e-05],
          [6.5590e-05],
          [1.1019e-04],
          [8.6592e-05],
          [8.1211e-05],
          [1.1462e-04],
          [8.0648e-05],
          [7.1086e-05],
          [1.0065e-04],
          [1.0319e-04],
          [5.8084e-05],
          [6.5137e-05],
          [6.0872e-05],
          [5.2601e-05],
          [1.9085e-04],
          [1.0228e-04],
          [4.5161e-05],
          [5.1294e-05],
          [7.5831e-05],
          [6.0543e-05],
          [1.1710e-04],
          [6.2277e-05],
          [5.2986e-05],
          [1.1152e-04],
          [5.8040e-05],
          [3.9937e-05],
          [1.5830e-04],
          [1.0517e-04],
          [3.6064e-05],
          [1.5351e-04],
          [4.1065e-05],
          [1.4532e-04],
          [1.1455e-04],
          [3.4206e-05],
          [3.5477e-05],
          [3.6552e-05],
          [3.8334e-05],
          [3.2734e-05],
          [3.6284e-05],
          [3.8171e-05],
          [4.3700e-05],
          [3.8856e-05],
          [4.3872e-05],
          [7.5214e-05],
          [9.9796e-05],
          [4.7145e-05],
          [7.5311e-05],
          [4.3190e-04],
          [2.7926e-05],
          [2.0905e-05],
          [2.1628e-04],
          [1.0369e-04],
          [3.2833e-05],
          [2.2358e-04],
          [1.1112e-04],
          [4.8998e-05],
          [2.0730e-04],
          [1.6705e-05],
          [1.8001e-05],
          [1.9935e-05],
          [2.9043e-05],
          [4.2003e-05],
          [5.4573e-05],
          [7.0324e-05],
          [8.8658e-05],
          [1.2659e-04],
          [1.0925e-04],
          [2.7792e-04],
          [5.0306e-05],
          [9.4872e-05],
          [6.2584e-05],
          [2.6927e-05],
          [2.4863e-05],
          [3.3588e-05],
          [3.7405e-05],
          [3.9802e-05],
          [4.3547e-05],
          [1.6154e-04],
          [5.7675e-05],
          [1.3001e-04],
          [5.6588e-05],
          [5.7464e-05],
          [3.8384e-05],
          [5.8528e-05],
          [5.9698e-05],
          [5.9997e-05],
          [5.6949e-05],
          [7.1594e-05],
          [9.0156e-05],
          [5.9271e-05],
          [4.4630e-05],
          [3.5171e-05],
          [2.3793e-04],
          [1.2441e-04],
          [3.0427e-05],
          [3.9272e-05],
          [4.2435e-05],
          [5.0400e-05],
          [7.1252e-05],
          [8.3468e-05],
          [8.3021e-05],
          [9.2425e-05],
          [7.7103e-05],
          [7.2624e-05],
          [6.1779e-05],
          [4.9639e-05],
          [3.5049e-05],
          [2.3991e-05],
          [3.2209e-05],
          [2.4314e-05],
          [3.1499e-05],
          [4.4539e-05],
          [5.1500e-05],
          [5.8340e-05],
          [8.0873e-05],
          [1.1320e-04],
          [1.0929e-04],
          [1.1672e-04],
          [1.0890e-04],
          [1.3694e-04],
          [1.3725e-04],
          [1.3087e-04],
          [1.0204e-04],
          [7.2219e-05],
          [6.1168e-05],
          [4.6888e-05],
          [3.8378e-05],
          [5.5753e-05],
          [3.7759e-05],
          [4.3973e-05],
          [5.6180e-05],
          [4.6125e-05],
          [5.6840e-05],
          [4.1846e-05],
          [4.2383e-05],
          [4.9592e-05],
          [1.8560e-04],
          [4.4282e-05],
          [1.4709e-04],
          [4.5590e-05],
          [4.7542e-05],
          [6.2484e-05],
          [4.3418e-05],
          [5.4052e-05],
          [6.5874e-05],
          [5.2139e-05],
          [2.6757e-05],
          [2.8476e-05],
          [2.8550e-05],
          [2.9363e-05],
          [3.2660e-05],
          [3.4796e-05],
          [2.4730e-05],
          [1.8713e-04],
          [4.4600e-05],
          [2.2915e-04],
          [2.9563e-05],
          [3.9897e-05],
          [4.0138e-05],
          [3.7284e-05],
          [2.1743e-04],
          [2.2163e-04],
          [5.8304e-05],
          [5.2500e-05],
          [7.7907e-05],
          [1.0070e-04],
          [1.3636e-04],
          [1.3579e-04],
          [2.2368e-04],
          [1.5996e-04],
          [1.0505e-04],
          [9.8150e-05],
          [1.1564e-04],
          [5.3528e-05],
          [4.1351e-05],
          [3.4333e-05],
          [4.4003e-05],
          [4.5940e-05],
          [2.8335e-05],
          [8.0468e-05],
          [5.5099e-05],
          [6.1634e-05],
          [8.3873e-05],
          [6.0968e-05],
          [5.0266e-05],
          [2.7504e-05],
          [2.3276e-05],
          [2.0584e-05],
          [1.2101e-04],
          [8.0770e-05],
          [2.7530e-05],
          [2.8553e-05],
          [5.3848e-05],
          [3.6927e-05],
          [3.9945e-05],
          [4.1675e-05],
          [3.4020e-05],
          [1.0150e-04],
          [7.9810e-05],
          [1.9867e-04],
          [2.4331e-04],
          [2.9110e-05],
          [2.5270e-05],
          [2.6294e-05],
          [1.9522e-05],
          [1.6979e-05],
          [1.5647e-04],
          [1.1104e-04],
          [2.2289e-05],
          [2.1828e-04],
          [1.3073e-04],
          [1.8545e-05],
          [1.2214e-04],
          [2.4223e-05],
          [1.7128e-04],
          [3.1206e-05],
          [3.6400e-05],
          [3.6806e-05],
          [3.8694e-05],
          [2.6677e-05],
          [3.3899e-05],
          [5.8015e-06]]]])
