# Using CPU
# Loading Embeddings...
# Making Predictions...
torch.Size([1, 1, 442, 325])
tensor([[[[1.3048e-04],
          [2.9190e-05],
          [1.8345e-04],
          [1.0306e-04],
          [9.2981e-06],
          [2.6110e-04],
          [5.8987e-04],
          [2.7715e-05],
          [1.1963e-03],
          [1.1666e-03],
          [1.3054e-05],
          [1.1843e-05],
          [2.6074e-04],
          [2.5762e-04],
          [6.8692e-05],
          [2.8665e-05],
          [6.1792e-05],
          [1.9262e-05],
          [2.0222e-05],
          [2.1421e-05],
          [1.9813e-03],
          [6.3092e-05],
          [2.3825e-03],
          [1.4231e-05],
          [1.6133e-05],
          [2.5071e-05],
          [3.4267e-05],
          [6.0635e-05],
          [7.5883e-05],
          [9.7840e-05],
          [9.2758e-05],
          [1.0569e-04],
          [8.9971e-05],
          [9.7665e-05],
          [7.4828e-05],
          [5.5101e-05],
          [9.7343e-04],
          [3.9160e-05],
          [2.3533e-04],
          [1.2801e-04],
          [1.2366e-03],
          [1.9333e-05],
          [1.5291e-05],
          [1.5520e-05],
          [1.3792e-05],
          [1.2980e-05],
          [1.5677e-05],
          [3.1128e-05],
          [5.5524e-05],
          [2.2853e-04],
          [9.8369e-04],
          [1.8344e-05],
          [1.3738e-05],
          [1.2636e-03],
          [1.4742e-03],
          [1.3669e-05],
          [1.3051e-05],
          [1.6303e-05],
          [1.6228e-05],
          [1.6266e-05],
          [1.7098e-05],
          [1.6876e-05],
          [3.9381e-04],
          [6.1046e-04],
          [1.5240e-05],
          [1.6618e-05],
          [1.4482e-05],
          [1.3553e-05],
          [1.3869e-05],
          [1.4846e-05],
          [1.1226e-05],
          [2.6387e-04],
          [2.2286e-05],
          [1.6497e-05],
          [1.2540e-05],
          [2.0872e-05],
          [5.6218e-03],
          [1.1971e-05],
          [1.0459e-05],
          [1.0068e-05],
          [1.8904e-04],
          [5.0341e-04],
          [1.2000e-05],
          [1.0310e-05],
          [1.0964e-05],
          [1.3545e-05],
          [1.3948e-05],
          [1.4816e-05],
          [1.2566e-05],
          [1.1378e-05],
          [1.0046e-03],
          [5.8633e-05],
          [6.4731e-04],
          [1.1990e-05],
          [1.5996e-05],
          [2.2474e-05],
          [2.5435e-05],
          [3.0307e-05],
          [2.7974e-05],
          [2.9789e-05],
          [2.6394e-05],
          [2.1620e-05],
          [1.3777e-05],
          [1.1604e-05],
          [1.2231e-05],
          [1.7488e-05],
          [2.0476e-05],
          [2.4898e-05],
          [2.4601e-05],
          [2.4845e-05],
          [1.8919e-05],
          [3.9698e-04],
          [1.2120e-04],
          [2.1793e-05],
          [5.9338e-04],
          [1.4596e-05],
          [1.3238e-05],
          [1.0781e-05],
          [1.1990e-05],
          [1.3193e-05],
          [1.2839e-05],
          [1.0550e-05],
          [2.2700e-05],
          [1.1211e-05],
          [1.2925e-05],
          [1.0886e-05],
          [1.3866e-05],
          [1.5516e-05],
          [1.9667e-05],
          [2.1942e-05],
          [2.1335e-05],
          [3.7322e-04],
          [1.2278e-03],
          [2.7919e-05],
          [3.0841e-05],
          [3.0100e-05],
          [2.4269e-05],
          [2.5198e-05],
          [1.8605e-05],
          [1.7971e-05],
          [1.3970e-05],
          [1.2975e-05],
          [9.5609e-06],
          [1.0581e-05],
          [1.2623e-05],
          [1.8871e-05],
          [2.1248e-05],
          [3.4933e-05],
          [4.6081e-05],
          [7.8647e-05],
          [8.0193e-05],
          [8.9077e-05],
          [7.3166e-05],
          [8.6309e-05],
          [5.8504e-05],
          [4.6501e-05],
          [2.4190e-03],
          [1.2552e-03],
          [7.5488e-04],
          [4.9715e-03],
          [1.2834e-05],
          [1.3776e-05],
          [1.2763e-05],
          [1.5607e-05],
          [1.6512e-05],
          [1.9942e-05],
          [1.8491e-05],
          [1.8289e-05],
          [1.8780e-05],
          [1.9677e-05],
          [1.6580e-05],
          [1.3105e-03],
          [1.8778e-03],
          [2.6314e-05],
          [3.4747e-05],
          [4.1064e-05],
          [3.8233e-05],
          [3.3286e-05],
          [3.3408e-04],
          [5.0877e-05],
          [2.0315e-04],
          [1.5369e-05],
          [2.5794e-05],
          [1.8999e-04],
          [1.3709e-05],
          [1.1032e-03],
          [1.3077e-05],
          [1.2469e-05],
          [1.1220e-05],
          [2.4155e-03],
          [5.8056e-05],
          [5.3813e-03],
          [1.6370e-05],
          [2.0623e-05],
          [2.1398e-05],
          [2.2475e-05],
          [2.5790e-05],
          [1.9243e-05],
          [3.0366e-04],
          [9.6379e-04],
          [1.6206e-05],
          [1.3526e-05],
          [1.2732e-05],
          [9.7546e-06],
          [1.1336e-05],
          [1.0513e-05],
          [2.6694e-05],
          [7.9984e-04],
          [2.3495e-03],
          [1.2359e-05],
          [1.2690e-05],
          [1.3332e-05],
          [1.0869e-05],
          [1.1300e-03],
          [3.0425e-05],
          [2.0119e-05],
          [5.4683e-03],
          [1.2299e-05],
          [1.9425e-05],
          [1.1662e-05],
          [1.4419e-05],
          [1.1627e-05],
          [1.2186e-05],
          [1.1334e-05],
          [1.3638e-05],
          [2.3407e-05],
          [1.7011e-05],
          [1.6922e-05],
          [1.5958e-05],
          [1.4212e-05],
          [1.2287e-05],
          [1.4113e-05],
          [1.1376e-05],
          [1.4638e-05],
          [9.1736e-04],
          [1.1770e-03],
          [1.5727e-05],
          [1.1633e-05],
          [1.1991e-05],
          [1.7079e-05],
          [1.7631e-05],
          [2.0791e-05],
          [1.8738e-05],
          [2.3703e-05],
          [2.5909e-05],
          [1.5448e-05],
          [1.3011e-03],
          [1.3099e-04],
          [1.6499e-05],
          [3.6024e-04],
          [1.0970e-05],
          [4.8465e-04],
          [6.4748e-04],
          [1.3308e-05],
          [1.5930e-05],
          [1.6782e-05],
          [1.5772e-05],
          [2.0373e-05],
          [2.5020e-05],
          [3.9367e-05],
          [4.1782e-05],
          [7.3623e-05],
          [9.4818e-05],
          [1.5839e-04],
          [1.3841e-04],
          [1.4074e-04],
          [1.0802e-04],
          [9.4270e-04],
          [4.5558e-05],
          [3.5780e-05],
          [6.4190e-04],
          [7.3167e-04],
          [3.3029e-05],
          [4.2002e-04],
          [1.7252e-04],
          [3.8381e-05],
          [1.5375e-04],
          [1.2693e-05],
          [1.2047e-05],
          [9.7325e-06],
          [9.9419e-06],
          [1.0465e-05],
          [1.0156e-05],
          [2.2370e-05],
          [1.5167e-05],
          [1.8068e-05],
          [1.2333e-05],
          [3.5579e-04],
          [2.1167e-05],
          [6.6340e-05],
          [3.4765e-04],
          [1.0273e-05],
          [9.9674e-06],
          [9.7768e-06],
          [1.0196e-05],
          [9.8466e-06],
          [1.0287e-05],
          [1.4820e-03],
          [4.1562e-05],
          [5.8387e-03],
          [1.2625e-05],
          [1.0998e-05],
          [1.2669e-05],
          [1.2847e-05],
          [1.1602e-05],
          [1.4809e-05],
          [1.3950e-05],
          [1.7009e-05],
          [1.5354e-05],
          [1.8494e-05],
          [2.0905e-05],
          [2.0258e-05],
          [6.9449e-04],
          [2.0991e-03],
          [1.5232e-05],
          [1.8777e-05],
          [4.1609e-05],
          [1.3504e-05],
          [1.4240e-05],
          [1.8298e-05],
          [2.2775e-05],
          [1.9962e-05],
          [2.0316e-05],
          [1.4482e-05],
          [1.5317e-05],
          [1.1647e-05],
          [1.1561e-05],
          [1.1079e-05],
          [1.1230e-05],
          [1.0568e-05],
          [1.2291e-05],
          [1.4134e-05],
          [1.8871e-05],
          [1.3785e-05],
          [1.3459e-05],
          [1.5935e-05],
          [1.7794e-05],
          [2.6260e-05],
          [2.4933e-05],
          [3.5258e-05],
          [3.1374e-05],
          [3.3873e-05],
          [1.8082e-05],
          [1.9283e-05],
          [2.2601e-05],
          [2.0058e-05],
          [1.5307e-05],
          [1.4429e-05],
          [1.4771e-05],
          [1.6719e-05],
          [1.8197e-05],
          [1.9190e-05],
          [1.8086e-05],
          [1.3577e-05],
          [1.3457e-05],
          [1.5619e-05],
          [9.1354e-04],
          [5.8790e-05],
          [4.7227e-03],
          [1.8703e-05],
          [1.8740e-05],
          [1.9233e-05],
          [1.5375e-05],
          [1.5359e-05],
          [1.0842e-05],
          [1.0314e-05],
          [1.0303e-05],
          [1.0413e-05],
          [1.1303e-05],
          [1.0032e-05],
          [1.0970e-05],
          [1.4576e-05],
          [1.2305e-05],
          [1.6750e-03],
          [6.7979e-05],
          [4.1306e-03],
          [1.3286e-05],
          [1.0998e-05],
          [9.6064e-06],
          [1.1416e-05],
          [7.2272e-04],
          [3.0078e-03],
          [1.2373e-05],
          [1.2016e-05],
          [1.5104e-05],
          [1.8797e-05],
          [2.4102e-05],
          [2.9015e-05],
          [3.6275e-05],
          [3.0973e-05],
          [2.7225e-05],
          [2.3838e-05],
          [2.0862e-05],
          [1.3916e-05],
          [1.4163e-05],
          [1.1468e-05],
          [1.2678e-05],
          [1.0801e-05],
          [1.1716e-05],
          [3.7006e-05],
          [3.5016e-05],
          [4.1221e-05],
          [5.6836e-05],
          [2.7479e-05],
          [2.4157e-05],
          [1.9410e-05],
          [1.9255e-05],
          [1.2995e-05],
          [2.5232e-04],
          [8.4820e-04],
          [1.6357e-05],
          [1.5370e-05],
          [1.4952e-05],
          [1.4760e-05],
          [1.7958e-05],
          [1.6714e-05],
          [1.6991e-05],
          [1.6094e-04],
          [7.5230e-05],
          [3.5007e-04],
          [1.9552e-03],
          [1.9026e-05],
          [1.4347e-05],
          [1.4373e-05],
          [1.2737e-05],
          [1.2186e-05],
          [4.8276e-04],
          [1.0758e-04],
          [1.6719e-05],
          [5.5424e-05],
          [8.2489e-04],
          [1.8578e-05],
          [1.9974e-04],
          [1.7981e-05],
          [1.7980e-04],
          [1.4336e-05],
          [1.0064e-05],
          [8.8008e-06],
          [1.0149e-05],
          [1.4135e-05],
          [9.3517e-05],
          [1.1746e-05]]]])
