# Using CPU
# Loading Embeddings...
# Making Predictions...
torch.Size([1, 1, 442, 288])
tensor([[[[1.7288e-04],
          [2.8127e-05],
          [6.8016e-05],
          [2.0826e-05],
          [1.3301e-05],
          [3.1270e-04],
          [1.2019e-04],
          [1.8169e-05],
          [1.9790e-04],
          [9.8478e-05],
          [1.3914e-05],
          [1.4112e-05],
          [4.7522e-04],
          [1.6441e-04],
          [1.7183e-05],
          [1.5322e-05],
          [1.5198e-05],
          [1.5016e-05],
          [1.9471e-05],
          [2.6168e-05],
          [3.1967e-04],
          [1.8625e-05],
          [8.6744e-05],
          [1.8242e-05],
          [1.5086e-05],
          [2.1456e-05],
          [2.9542e-05],
          [4.8318e-05],
          [5.0385e-05],
          [6.4802e-05],
          [6.0114e-05],
          [7.1813e-05],
          [5.6894e-05],
          [6.4293e-05],
          [4.4619e-05],
          [4.2454e-05],
          [1.8848e-03],
          [6.6686e-05],
          [2.6950e-04],
          [1.8781e-04],
          [1.9061e-04],
          [2.2791e-05],
          [2.0386e-05],
          [2.1526e-05],
          [2.3201e-05],
          [2.8654e-05],
          [2.0139e-05],
          [2.7013e-05],
          [2.3715e-05],
          [1.8033e-04],
          [1.0427e-04],
          [1.3334e-05],
          [1.7148e-05],
          [2.6691e-04],
          [8.6817e-05],
          [1.7770e-05],
          [1.3285e-05],
          [1.7158e-05],
          [1.6492e-05],
          [1.9804e-05],
          [2.0316e-05],
          [1.6903e-05],
          [3.5217e-04],
          [1.6277e-04],
          [1.3987e-05],
          [1.6139e-05],
          [2.1354e-05],
          [2.1713e-05],
          [2.4946e-05],
          [1.6283e-05],
          [1.3874e-05],
          [2.5827e-04],
          [2.3133e-05],
          [1.6454e-05],
          [1.2658e-05],
          [1.6982e-05],
          [2.5529e-04],
          [1.6178e-05],
          [1.9309e-05],
          [1.7234e-05],
          [1.8182e-04],
          [1.2943e-04],
          [1.5388e-05],
          [1.1757e-05],
          [1.3163e-05],
          [1.5157e-05],
          [1.6378e-05],
          [1.8235e-05],
          [1.8696e-05],
          [2.0335e-05],
          [2.9032e-04],
          [7.2384e-05],
          [1.6635e-04],
          [1.6858e-05],
          [1.3338e-05],
          [1.5571e-05],
          [1.8338e-05],
          [2.4564e-05],
          [1.9584e-05],
          [2.3002e-05],
          [2.7404e-05],
          [2.4029e-05],
          [1.8001e-05],
          [1.7132e-05],
          [1.2128e-05],
          [1.5266e-05],
          [1.6829e-05],
          [2.1231e-05],
          [2.2115e-05],
          [2.2086e-05],
          [1.9394e-05],
          [1.0292e-04],
          [1.1085e-04],
          [1.9152e-05],
          [1.7718e-04],
          [1.4320e-05],
          [1.2419e-05],
          [1.0636e-05],
          [1.2462e-05],
          [1.4807e-05],
          [1.6035e-05],
          [1.3504e-05],
          [1.6925e-05],
          [1.4496e-05],
          [1.6190e-05],
          [1.3165e-05],
          [1.5434e-05],
          [1.4057e-05],
          [1.7011e-05],
          [2.1164e-05],
          [1.6382e-05],
          [2.7596e-04],
          [1.8009e-04],
          [2.0903e-05],
          [2.1718e-05],
          [1.9671e-05],
          [1.6693e-05],
          [1.8074e-05],
          [1.5083e-05],
          [1.4242e-05],
          [1.2581e-05],
          [1.1768e-05],
          [1.1040e-05],
          [1.2450e-05],
          [1.4433e-05],
          [1.6178e-05],
          [1.8594e-05],
          [2.5588e-05],
          [3.2310e-05],
          [4.6045e-05],
          [4.5745e-05],
          [5.2988e-05],
          [4.8121e-05],
          [6.0137e-05],
          [5.5652e-05],
          [6.8683e-05],
          [3.1686e-04],
          [9.7436e-05],
          [1.7225e-04],
          [1.3630e-04],
          [2.6048e-05],
          [1.9248e-05],
          [2.1480e-05],
          [1.8757e-05],
          [2.7711e-05],
          [2.9486e-05],
          [3.1401e-05],
          [3.0949e-05],
          [3.5877e-05],
          [3.5923e-05],
          [2.8044e-05],
          [3.6566e-04],
          [1.7517e-04],
          [2.5108e-05],
          [2.3938e-05],
          [2.4712e-05],
          [2.5357e-05],
          [2.2955e-05],
          [2.6990e-04],
          [5.2758e-05],
          [2.2730e-04],
          [1.7755e-05],
          [1.8169e-05],
          [1.3958e-04],
          [1.8822e-05],
          [1.4824e-04],
          [2.9142e-05],
          [3.3025e-05],
          [2.8921e-05],
          [2.9185e-04],
          [2.4169e-05],
          [1.8033e-04],
          [1.9008e-05],
          [2.3031e-05],
          [2.3392e-05],
          [2.2723e-05],
          [2.5005e-05],
          [2.3504e-05],
          [2.5361e-04],
          [1.5154e-04],
          [1.4621e-05],
          [1.6329e-05],
          [1.7426e-05],
          [1.9397e-05],
          [2.2638e-05],
          [2.4550e-05],
          [2.6610e-05],
          [2.6105e-04],
          [1.0440e-04],
          [2.2139e-05],
          [2.2811e-05],
          [2.2672e-05],
          [1.9762e-05],
          [2.5057e-04],
          [3.3550e-05],
          [1.9030e-05],
          [2.2179e-04],
          [2.0944e-05],
          [1.5188e-05],
          [1.4063e-05],
          [1.5227e-05],
          [1.5214e-05],
          [1.4067e-05],
          [1.1719e-05],
          [1.4360e-05],
          [2.0267e-05],
          [1.7820e-05],
          [1.5329e-05],
          [1.3736e-05],
          [1.2201e-05],
          [1.2802e-05],
          [1.5853e-05],
          [1.5423e-05],
          [1.7692e-05],
          [2.6079e-04],
          [9.1230e-05],
          [1.6374e-05],
          [1.6070e-05],
          [1.8688e-05],
          [2.8137e-05],
          [2.3957e-05],
          [2.7202e-05],
          [2.2456e-05],
          [2.6206e-05],
          [2.0575e-05],
          [1.3752e-05],
          [1.7558e-04],
          [7.3090e-05],
          [2.0692e-05],
          [2.0800e-04],
          [1.0899e-05],
          [1.8179e-04],
          [1.1319e-04],
          [1.8848e-05],
          [2.3154e-05],
          [2.6232e-05],
          [2.4766e-05],
          [3.4734e-05],
          [4.2849e-05],
          [5.2273e-05],
          [4.4490e-05],
          [5.3996e-05],
          [5.8763e-05],
          [5.2551e-05],
          [4.3807e-05],
          [4.3613e-05],
          [3.7427e-05],
          [2.9947e-04],
          [2.9768e-05],
          [3.0160e-05],
          [1.8239e-04],
          [1.2494e-04],
          [2.2919e-05],
          [1.3199e-04],
          [1.6312e-04],
          [3.7018e-05],
          [2.5411e-04],
          [1.3448e-05],
          [1.0188e-05],
          [1.0491e-05],
          [8.8557e-06],
          [8.8627e-06],
          [1.1357e-05],
          [2.9015e-05],
          [1.6042e-05],
          [2.4018e-05],
          [2.1096e-05],
          [2.0599e-04],
          [2.3865e-05],
          [6.3080e-05],
          [5.0187e-05],
          [1.0477e-05],
          [9.8083e-06],
          [1.0611e-05],
          [1.1871e-05],
          [1.4432e-05],
          [1.7983e-05],
          [3.1702e-04],
          [2.0379e-05],
          [1.6092e-04],
          [1.7432e-05],
          [1.6215e-05],
          [1.3475e-05],
          [1.4709e-05],
          [1.4375e-05],
          [1.4969e-05],
          [1.4044e-05],
          [1.7987e-05],
          [1.7722e-05],
          [2.2428e-05],
          [2.5682e-05],
          [2.6473e-05],
          [2.9492e-04],
          [1.5959e-04],
          [2.0666e-05],
          [1.8262e-05],
          [2.5650e-05],
          [1.2482e-05],
          [1.3255e-05],
          [1.3824e-05],
          [1.5954e-05],
          [1.6309e-05],
          [1.9886e-05],
          [1.5199e-05],
          [1.5381e-05],
          [1.3852e-05],
          [1.5437e-05],
          [1.4120e-05],
          [1.5995e-05],
          [1.6081e-05],
          [1.7042e-05],
          [1.8021e-05],
          [2.0583e-05],
          [1.9742e-05],
          [1.8756e-05],
          [2.0271e-05],
          [2.2777e-05],
          [2.3401e-05],
          [2.3531e-05],
          [2.4491e-05],
          [2.5018e-05],
          [3.5977e-05],
          [1.8139e-05],
          [2.1580e-05],
          [1.8842e-05],
          [2.1134e-05],
          [1.5156e-05],
          [1.7958e-05],
          [2.4571e-05],
          [2.1323e-05],
          [1.9493e-05],
          [1.6822e-05],
          [1.6389e-05],
          [1.4713e-05],
          [1.4779e-05],
          [1.3656e-05],
          [1.7519e-04],
          [2.6401e-05],
          [1.3677e-04],
          [1.7849e-05],
          [1.7951e-05],
          [1.7571e-05],
          [1.8087e-05],
          [2.0980e-05],
          [2.2114e-05],
          [2.2190e-05],
          [2.1580e-05],
          [1.6868e-05],
          [1.7258e-05],
          [1.6371e-05],
          [1.6296e-05],
          [1.8378e-05],
          [1.4704e-05],
          [2.1491e-04],
          [7.5314e-05],
          [1.8974e-04],
          [1.2387e-05],
          [1.1402e-05],
          [9.1443e-06],
          [1.0723e-05],
          [2.9018e-04],
          [1.2484e-04],
          [1.0922e-05],
          [1.0488e-05],
          [1.2874e-05],
          [2.1319e-05],
          [2.9124e-05],
          [3.7156e-05],
          [3.8528e-05],
          [3.3583e-05],
          [2.7582e-05],
          [2.4333e-05],
          [2.0273e-05],
          [1.8331e-05],
          [1.4456e-05],
          [1.2301e-05],
          [1.2848e-05],
          [1.5705e-05],
          [1.5714e-05],
          [7.3540e-05],
          [3.8418e-05],
          [5.2835e-05],
          [5.8117e-05],
          [6.0330e-05],
          [5.4650e-05],
          [3.5635e-05],
          [3.1846e-05],
          [2.0427e-05],
          [2.7974e-04],
          [1.1553e-04],
          [2.9807e-05],
          [2.0431e-05],
          [1.8498e-05],
          [1.8624e-05],
          [2.3496e-05],
          [2.0649e-05],
          [2.3081e-05],
          [1.1198e-04],
          [6.2402e-05],
          [2.0850e-04],
          [6.9097e-05],
          [2.8213e-05],
          [2.5745e-05],
          [2.5941e-05],
          [1.9774e-05],
          [1.4013e-05],
          [2.0555e-04],
          [1.1763e-04],
          [1.8497e-05],
          [6.9452e-05],
          [1.1685e-04],
          [1.6505e-05],
          [2.8049e-04],
          [2.0497e-05],
          [3.3401e-04],
          [2.1678e-05],
          [1.3948e-05],
          [1.0309e-05],
          [1.4159e-05],
          [1.2034e-05],
          [2.4076e-05],
          [5.4408e-06]]]])
