# Using CPU
# Loading Embeddings...
# Making Predictions...
torch.Size([1, 1, 442, 288])
tensor([[[[1.0596e-04],
          [3.5167e-05],
          [1.1877e-04],
          [4.1506e-05],
          [9.9009e-06],
          [2.6818e-04],
          [2.6006e-04],
          [2.1102e-05],
          [2.8201e-04],
          [2.6598e-04],
          [1.3894e-05],
          [1.3652e-05],
          [4.7848e-04],
          [3.4932e-04],
          [3.7453e-05],
          [1.2566e-05],
          [1.5518e-05],
          [1.3462e-05],
          [1.9127e-05],
          [2.6294e-05],
          [4.2297e-04],
          [2.4781e-05],
          [2.0710e-04],
          [1.4038e-05],
          [1.4014e-05],
          [1.7250e-05],
          [2.2573e-05],
          [3.7947e-05],
          [4.0410e-05],
          [5.4352e-05],
          [4.6120e-05],
          [5.6148e-05],
          [4.9411e-05],
          [5.7002e-05],
          [4.6999e-05],
          [4.1489e-05],
          [1.5213e-03],
          [3.7909e-05],
          [1.7735e-04],
          [2.1907e-04],
          [2.9685e-04],
          [1.8342e-05],
          [1.6210e-05],
          [1.6295e-05],
          [1.5248e-05],
          [1.9656e-05],
          [1.5016e-05],
          [1.9620e-05],
          [1.8215e-05],
          [1.8158e-04],
          [2.1337e-04],
          [1.1168e-05],
          [1.1230e-05],
          [4.3107e-04],
          [1.7659e-04],
          [1.5061e-05],
          [1.2113e-05],
          [1.5471e-05],
          [1.3778e-05],
          [1.4619e-05],
          [1.6597e-05],
          [1.4781e-05],
          [3.1036e-04],
          [2.1544e-04],
          [1.3862e-05],
          [1.3578e-05],
          [1.6678e-05],
          [1.7173e-05],
          [1.9362e-05],
          [1.5536e-05],
          [1.4061e-05],
          [2.5440e-04],
          [1.8528e-05],
          [3.5077e-05],
          [1.3609e-05],
          [1.6623e-05],
          [5.2137e-04],
          [1.5256e-05],
          [1.5405e-05],
          [1.3617e-05],
          [1.4868e-04],
          [2.3220e-04],
          [1.1600e-05],
          [9.8529e-06],
          [1.0906e-05],
          [1.2846e-05],
          [1.2927e-05],
          [1.3721e-05],
          [1.2559e-05],
          [1.4500e-05],
          [2.6482e-04],
          [4.0563e-05],
          [3.1220e-04],
          [1.3156e-05],
          [1.2414e-05],
          [1.5571e-05],
          [1.8378e-05],
          [2.5620e-05],
          [2.0763e-05],
          [2.3581e-05],
          [2.1949e-05],
          [2.1647e-05],
          [1.5806e-05],
          [1.3299e-05],
          [1.1893e-05],
          [1.4359e-05],
          [1.3167e-05],
          [1.5340e-05],
          [1.6807e-05],
          [1.6812e-05],
          [1.5003e-05],
          [1.4484e-04],
          [8.1484e-05],
          [2.1833e-05],
          [3.2709e-04],
          [1.4255e-05],
          [1.0878e-05],
          [1.1622e-05],
          [1.1176e-05],
          [1.1572e-05],
          [1.1928e-05],
          [1.2332e-05],
          [1.9542e-05],
          [1.3353e-05],
          [1.4112e-05],
          [1.2820e-05],
          [1.3139e-05],
          [1.3777e-05],
          [1.5776e-05],
          [1.6996e-05],
          [1.7566e-05],
          [3.0284e-04],
          [3.4570e-04],
          [1.7075e-05],
          [1.8855e-05],
          [2.0288e-05],
          [1.8850e-05],
          [2.0407e-05],
          [1.4878e-05],
          [1.4895e-05],
          [1.2046e-05],
          [1.0974e-05],
          [1.0380e-05],
          [1.1895e-05],
          [1.2881e-05],
          [1.4604e-05],
          [1.5076e-05],
          [1.8297e-05],
          [2.3526e-05],
          [3.3475e-05],
          [3.7242e-05],
          [4.2814e-05],
          [3.8161e-05],
          [4.3812e-05],
          [3.7996e-05],
          [3.7811e-05],
          [4.3966e-04],
          [1.1853e-04],
          [1.7639e-04],
          [3.0692e-04],
          [2.0491e-05],
          [1.4653e-05],
          [1.4761e-05],
          [1.5269e-05],
          [2.0162e-05],
          [2.3325e-05],
          [2.1054e-05],
          [2.0653e-05],
          [2.5404e-05],
          [2.5432e-05],
          [2.0007e-05],
          [3.1906e-04],
          [2.5700e-04],
          [1.8978e-05],
          [1.9511e-05],
          [2.7907e-05],
          [1.8752e-05],
          [1.8758e-05],
          [3.3766e-04],
          [2.9671e-05],
          [4.3121e-04],
          [1.7825e-05],
          [1.9191e-05],
          [1.4420e-04],
          [1.8929e-05],
          [2.9325e-04],
          [2.8459e-05],
          [3.6392e-05],
          [2.8434e-05],
          [5.1737e-04],
          [2.7820e-05],
          [3.5448e-04],
          [1.5653e-05],
          [1.7167e-05],
          [1.7082e-05],
          [1.7623e-05],
          [2.0254e-05],
          [1.9180e-05],
          [2.8113e-04],
          [2.3391e-04],
          [1.5529e-05],
          [1.3968e-05],
          [1.4465e-05],
          [1.6293e-05],
          [2.2170e-05],
          [2.0793e-05],
          [2.6214e-05],
          [3.3129e-04],
          [2.0308e-04],
          [1.7900e-05],
          [2.0327e-05],
          [1.9859e-05],
          [1.5755e-05],
          [3.3846e-04],
          [2.7492e-05],
          [1.8907e-05],
          [4.3874e-04],
          [1.6634e-05],
          [1.7345e-05],
          [1.2470e-05],
          [1.4511e-05],
          [1.6488e-05],
          [1.3743e-05],
          [1.2269e-05],
          [1.2816e-05],
          [2.4923e-05],
          [1.7575e-05],
          [1.3184e-05],
          [1.4016e-05],
          [1.2404e-05],
          [1.3103e-05],
          [1.4029e-05],
          [1.3806e-05],
          [1.5260e-05],
          [4.1260e-04],
          [1.2804e-04],
          [1.5979e-05],
          [1.5441e-05],
          [1.6030e-05],
          [2.5078e-05],
          [2.2204e-05],
          [2.5099e-05],
          [2.2152e-05],
          [2.8036e-05],
          [2.1394e-05],
          [1.2702e-05],
          [4.9562e-04],
          [7.2970e-05],
          [2.0398e-05],
          [3.7450e-04],
          [9.6288e-06],
          [2.0753e-04],
          [1.6767e-04],
          [1.4295e-05],
          [1.9067e-05],
          [2.2002e-05],
          [2.2519e-05],
          [3.0055e-05],
          [3.4989e-05],
          [4.2636e-05],
          [3.5816e-05],
          [4.1509e-05],
          [4.0550e-05],
          [3.5810e-05],
          [6.1166e-05],
          [3.9593e-05],
          [5.8040e-05],
          [1.8281e-04],
          [2.0913e-05],
          [2.1680e-05],
          [2.1361e-04],
          [1.8671e-04],
          [2.0674e-05],
          [1.3607e-04],
          [1.3464e-04],
          [2.9445e-05],
          [2.5134e-04],
          [1.3693e-05],
          [9.8951e-06],
          [1.0794e-05],
          [8.4790e-06],
          [9.0851e-06],
          [1.0759e-05],
          [2.2425e-05],
          [1.5854e-05],
          [2.6238e-05],
          [2.4317e-05],
          [2.6428e-04],
          [2.7423e-05],
          [9.6838e-05],
          [9.5982e-05],
          [1.0483e-05],
          [9.4183e-06],
          [9.0430e-06],
          [9.7446e-06],
          [1.1723e-05],
          [1.5486e-05],
          [4.9542e-04],
          [2.2847e-05],
          [3.6362e-04],
          [1.7775e-05],
          [1.4881e-05],
          [1.3880e-05],
          [1.3375e-05],
          [1.3643e-05],
          [1.3804e-05],
          [1.4570e-05],
          [1.7932e-05],
          [1.7496e-05],
          [2.1682e-05],
          [2.7508e-05],
          [2.3815e-05],
          [4.5049e-04],
          [2.5510e-04],
          [1.9554e-05],
          [1.5397e-05],
          [2.4634e-05],
          [1.1529e-05],
          [1.2608e-05],
          [1.4594e-05],
          [1.5903e-05],
          [1.5012e-05],
          [3.8205e-05],
          [1.5675e-05],
          [1.4780e-05],
          [1.3025e-05],
          [1.6103e-05],
          [1.2001e-05],
          [1.5589e-05],
          [1.3180e-05],
          [1.4279e-05],
          [1.4910e-05],
          [1.6957e-05],
          [1.7256e-05],
          [1.8423e-05],
          [1.9436e-05],
          [2.2356e-05],
          [2.3055e-05],
          [2.1315e-05],
          [2.3155e-05],
          [2.3281e-05],
          [2.1845e-05],
          [1.9763e-05],
          [2.4538e-05],
          [2.3715e-05],
          [2.1564e-05],
          [1.6391e-05],
          [1.8493e-05],
          [1.9252e-05],
          [2.0919e-05],
          [1.8277e-05],
          [1.6668e-05],
          [1.5656e-05],
          [1.4026e-05],
          [1.4477e-05],
          [1.4233e-05],
          [5.6223e-04],
          [2.8514e-05],
          [2.9322e-04],
          [1.7785e-05],
          [1.9028e-05],
          [1.7302e-05],
          [1.6462e-05],
          [1.7069e-05],
          [1.7298e-05],
          [1.6303e-05],
          [1.6556e-05],
          [1.5479e-05],
          [1.5998e-05],
          [1.4416e-05],
          [1.5501e-05],
          [1.4867e-05],
          [1.5384e-05],
          [7.0625e-04],
          [6.2155e-05],
          [3.3812e-04],
          [1.2429e-05],
          [1.1196e-05],
          [8.9112e-06],
          [1.0104e-05],
          [5.4196e-04],
          [2.8303e-04],
          [1.1711e-05],
          [1.0488e-05],
          [1.4126e-05],
          [2.2452e-05],
          [3.1168e-05],
          [3.9634e-05],
          [3.9438e-05],
          [3.3594e-05],
          [2.6728e-05],
          [2.2519e-05],
          [1.7187e-05],
          [1.9637e-05],
          [1.7429e-05],
          [1.4809e-05],
          [1.1651e-05],
          [1.7000e-05],
          [1.7356e-05],
          [6.7899e-05],
          [4.0232e-05],
          [5.4723e-05],
          [6.4024e-05],
          [6.7696e-05],
          [5.6270e-05],
          [3.0357e-05],
          [2.3414e-05],
          [1.4942e-05],
          [2.9922e-04],
          [1.6270e-04],
          [2.0409e-05],
          [1.5337e-05],
          [1.4077e-05],
          [1.3421e-05],
          [2.1635e-05],
          [1.9703e-05],
          [2.3587e-05],
          [9.4612e-05],
          [5.7261e-05],
          [1.5949e-04],
          [1.6580e-04],
          [2.9933e-05],
          [2.2851e-05],
          [2.2234e-05],
          [2.2072e-05],
          [1.4055e-05],
          [2.4652e-04],
          [6.5343e-05],
          [1.4778e-05],
          [5.3310e-05],
          [2.0410e-04],
          [1.8377e-05],
          [1.5282e-04],
          [1.9564e-05],
          [4.2537e-04],
          [1.3354e-05],
          [1.0661e-05],
          [1.0135e-05],
          [1.3992e-05],
          [1.2212e-05],
          [7.4005e-05],
          [7.5161e-06]]]])
