# Using CPU
# Loading Embeddings...
# Making Predictions...
torch.Size([1, 1, 442, 288])
tensor([[[[9.9682e-05],
          [2.6784e-05],
          [6.9260e-05],
          [1.8776e-05],
          [1.3039e-05],
          [2.4965e-04],
          [1.2858e-04],
          [1.9496e-05],
          [1.4218e-04],
          [1.3392e-04],
          [1.3108e-05],
          [1.3723e-05],
          [3.8795e-04],
          [1.6028e-04],
          [1.4114e-05],
          [1.3349e-05],
          [1.5842e-05],
          [1.5655e-05],
          [1.9746e-05],
          [2.2793e-05],
          [3.3196e-04],
          [1.9025e-05],
          [9.1386e-05],
          [1.2466e-05],
          [1.4558e-05],
          [2.0545e-05],
          [2.6936e-05],
          [4.3029e-05],
          [4.4187e-05],
          [5.4184e-05],
          [5.0506e-05],
          [6.0001e-05],
          [4.8017e-05],
          [5.5780e-05],
          [3.9657e-05],
          [4.0508e-05],
          [1.4068e-03],
          [4.8147e-05],
          [1.3022e-04],
          [1.5005e-04],
          [1.1145e-04],
          [2.2338e-05],
          [1.9350e-05],
          [2.2357e-05],
          [2.3882e-05],
          [3.0488e-05],
          [2.3592e-05],
          [2.8904e-05],
          [2.7301e-05],
          [1.7564e-04],
          [9.1795e-05],
          [1.5424e-05],
          [2.0148e-05],
          [2.5732e-04],
          [1.0061e-04],
          [1.9050e-05],
          [1.2739e-05],
          [1.2774e-05],
          [1.6116e-05],
          [2.1642e-05],
          [2.2284e-05],
          [1.7433e-05],
          [3.2418e-04],
          [1.4150e-04],
          [1.4566e-05],
          [1.8375e-05],
          [2.4973e-05],
          [2.5120e-05],
          [2.7900e-05],
          [1.9881e-05],
          [1.4303e-05],
          [2.1586e-04],
          [1.8859e-05],
          [1.8223e-05],
          [1.2864e-05],
          [1.5778e-05],
          [2.7342e-04],
          [1.9011e-05],
          [2.1858e-05],
          [1.9103e-05],
          [1.6090e-04],
          [1.2057e-04],
          [1.4446e-05],
          [1.1499e-05],
          [1.2703e-05],
          [1.4634e-05],
          [1.5545e-05],
          [1.7076e-05],
          [2.1558e-05],
          [2.1684e-05],
          [2.4394e-04],
          [5.6284e-05],
          [1.5786e-04],
          [1.9617e-05],
          [1.5621e-05],
          [1.6611e-05],
          [1.8800e-05],
          [2.6142e-05],
          [2.2855e-05],
          [2.4818e-05],
          [3.1660e-05],
          [2.4702e-05],
          [1.9655e-05],
          [1.6938e-05],
          [1.2646e-05],
          [1.4729e-05],
          [1.6135e-05],
          [1.9260e-05],
          [2.0645e-05],
          [2.0555e-05],
          [1.7749e-05],
          [7.9484e-05],
          [8.0884e-05],
          [1.7124e-05],
          [1.4794e-04],
          [1.3216e-05],
          [1.2197e-05],
          [1.0766e-05],
          [1.2398e-05],
          [1.5281e-05],
          [1.7705e-05],
          [1.5739e-05],
          [2.1873e-05],
          [1.6709e-05],
          [2.0057e-05],
          [1.7056e-05],
          [1.8792e-05],
          [1.7883e-05],
          [2.0884e-05],
          [2.7415e-05],
          [2.0043e-05],
          [2.9950e-04],
          [1.8353e-04],
          [2.7252e-05],
          [1.9832e-05],
          [2.3494e-05],
          [1.7916e-05],
          [1.8520e-05],
          [1.7442e-05],
          [1.7545e-05],
          [1.2334e-05],
          [1.1627e-05],
          [1.3087e-05],
          [1.4922e-05],
          [1.5899e-05],
          [1.5614e-05],
          [1.7682e-05],
          [2.4458e-05],
          [3.0555e-05],
          [4.2555e-05],
          [4.2163e-05],
          [5.4531e-05],
          [4.7676e-05],
          [7.0174e-05],
          [6.5949e-05],
          [8.2607e-05],
          [1.6840e-04],
          [7.9250e-05],
          [1.2411e-04],
          [1.2434e-04],
          [3.4138e-05],
          [2.3528e-05],
          [2.4688e-05],
          [2.3628e-05],
          [3.4809e-05],
          [3.2395e-05],
          [4.0595e-05],
          [3.9741e-05],
          [4.8559e-05],
          [4.7904e-05],
          [3.7022e-05],
          [2.4821e-04],
          [1.2177e-04],
          [2.8601e-05],
          [2.5836e-05],
          [2.1785e-05],
          [2.4728e-05],
          [2.2605e-05],
          [2.5177e-04],
          [2.9277e-05],
          [2.1206e-04],
          [2.2396e-05],
          [2.3231e-05],
          [1.4202e-04],
          [1.8149e-05],
          [1.4190e-04],
          [3.1702e-05],
          [3.4768e-05],
          [2.9028e-05],
          [2.5282e-04],
          [2.5823e-05],
          [1.5288e-04],
          [1.9704e-05],
          [2.2388e-05],
          [2.1856e-05],
          [2.1232e-05],
          [2.3087e-05],
          [2.1784e-05],
          [2.3732e-04],
          [1.2279e-04],
          [1.4240e-05],
          [2.0545e-05],
          [2.2371e-05],
          [2.4167e-05],
          [2.9534e-05],
          [2.9330e-05],
          [2.4877e-05],
          [2.2243e-04],
          [8.7396e-05],
          [2.8533e-05],
          [2.8765e-05],
          [2.7061e-05],
          [2.2565e-05],
          [1.9645e-04],
          [2.6306e-05],
          [2.2677e-05],
          [1.8704e-04],
          [2.4602e-05],
          [2.3009e-05],
          [1.6925e-05],
          [1.7582e-05],
          [1.6533e-05],
          [1.8043e-05],
          [1.4740e-05],
          [1.7624e-05],
          [2.1200e-05],
          [2.2574e-05],
          [1.9350e-05],
          [1.7529e-05],
          [1.4652e-05],
          [1.5615e-05],
          [1.9746e-05],
          [1.8688e-05],
          [2.0585e-05],
          [1.8065e-04],
          [6.9873e-05],
          [1.9949e-05],
          [1.9234e-05],
          [1.8380e-05],
          [2.8030e-05],
          [2.5471e-05],
          [2.6689e-05],
          [2.4847e-05],
          [3.0876e-05],
          [1.8669e-05],
          [1.4499e-05],
          [1.6476e-04],
          [8.0321e-05],
          [1.7833e-05],
          [1.3631e-04],
          [9.9565e-06],
          [1.5387e-04],
          [7.9756e-05],
          [1.6766e-05],
          [2.1825e-05],
          [2.4769e-05],
          [2.4260e-05],
          [3.3984e-05],
          [4.0617e-05],
          [5.0403e-05],
          [4.1854e-05],
          [4.8846e-05],
          [5.2118e-05],
          [4.6544e-05],
          [3.8842e-05],
          [3.7758e-05],
          [3.5227e-05],
          [2.4497e-04],
          [2.0475e-05],
          [2.0500e-05],
          [1.7399e-04],
          [1.0661e-04],
          [1.8176e-05],
          [1.1039e-04],
          [1.6508e-04],
          [3.2527e-05],
          [1.8066e-04],
          [1.1622e-05],
          [9.8576e-06],
          [1.0323e-05],
          [8.8110e-06],
          [9.4635e-06],
          [1.1684e-05],
          [2.2793e-05],
          [1.5338e-05],
          [2.7535e-05],
          [2.4190e-05],
          [3.0319e-04],
          [2.4452e-05],
          [6.2661e-05],
          [4.9399e-05],
          [1.0307e-05],
          [1.0549e-05],
          [1.2180e-05],
          [1.1260e-05],
          [1.3052e-05],
          [1.7458e-05],
          [3.1062e-04],
          [1.9257e-05],
          [1.3139e-04],
          [1.7754e-05],
          [1.7274e-05],
          [1.3742e-05],
          [1.6074e-05],
          [1.3343e-05],
          [1.4028e-05],
          [1.3510e-05],
          [1.8948e-05],
          [1.9779e-05],
          [2.1379e-05],
          [2.5345e-05],
          [2.5980e-05],
          [2.6735e-04],
          [1.3100e-04],
          [2.0440e-05],
          [1.7644e-05],
          [2.3728e-05],
          [1.1708e-05],
          [1.4010e-05],
          [1.6125e-05],
          [1.5913e-05],
          [1.6219e-05],
          [1.5773e-05],
          [1.7874e-05],
          [1.9384e-05],
          [1.5208e-05],
          [1.9121e-05],
          [1.8133e-05],
          [2.1546e-05],
          [2.2447e-05],
          [2.1222e-05],
          [2.3642e-05],
          [2.6613e-05],
          [2.7184e-05],
          [2.4756e-05],
          [2.5983e-05],
          [2.4193e-05],
          [2.5117e-05],
          [2.3899e-05],
          [2.3149e-05],
          [2.1624e-05],
          [3.0251e-05],
          [1.8330e-05],
          [2.1104e-05],
          [2.2853e-05],
          [2.1986e-05],
          [1.8557e-05],
          [2.0446e-05],
          [1.8248e-05],
          [1.9682e-05],
          [1.9136e-05],
          [1.6464e-05],
          [1.4876e-05],
          [1.5222e-05],
          [1.5433e-05],
          [1.4767e-05],
          [1.5767e-04],
          [2.3615e-05],
          [1.4010e-04],
          [1.9075e-05],
          [2.0544e-05],
          [2.0688e-05],
          [2.1089e-05],
          [2.4117e-05],
          [2.5394e-05],
          [2.5329e-05],
          [2.6478e-05],
          [2.2420e-05],
          [2.2031e-05],
          [2.3881e-05],
          [2.1121e-05],
          [2.9686e-05],
          [2.4176e-05],
          [1.7859e-04],
          [6.5902e-05],
          [1.9685e-04],
          [1.7620e-05],
          [1.3552e-05],
          [1.0861e-05],
          [1.1033e-05],
          [3.5719e-04],
          [9.9410e-05],
          [1.1286e-05],
          [1.1195e-05],
          [1.5108e-05],
          [2.0990e-05],
          [2.7926e-05],
          [3.4838e-05],
          [3.5877e-05],
          [3.0493e-05],
          [2.3575e-05],
          [2.2337e-05],
          [2.3886e-05],
          [2.3166e-05],
          [1.7257e-05],
          [1.7695e-05],
          [1.7527e-05],
          [2.0652e-05],
          [1.9265e-05],
          [6.1777e-05],
          [4.1960e-05],
          [6.1942e-05],
          [6.5333e-05],
          [6.2921e-05],
          [4.9003e-05],
          [3.3411e-05],
          [3.7529e-05],
          [2.4803e-05],
          [1.9703e-04],
          [8.3657e-05],
          [3.3829e-05],
          [2.5428e-05],
          [2.1930e-05],
          [2.1957e-05],
          [2.9683e-05],
          [2.4355e-05],
          [2.3120e-05],
          [9.0327e-05],
          [5.2969e-05],
          [1.5649e-04],
          [7.7155e-05],
          [2.4803e-05],
          [2.5365e-05],
          [2.6259e-05],
          [1.8876e-05],
          [1.5210e-05],
          [1.9052e-04],
          [5.7860e-05],
          [1.6756e-05],
          [5.1129e-05],
          [7.6150e-05],
          [1.6157e-05],
          [1.8632e-04],
          [1.6868e-05],
          [2.4599e-04],
          [1.4471e-05],
          [1.1911e-05],
          [1.0670e-05],
          [1.4318e-05],
          [1.2780e-05],
          [1.6444e-05],
          [5.7688e-06]]]])
