# Using CPU
# Loading Embeddings...
# Making Predictions...
torch.Size([1, 1, 442, 288])
tensor([[[[1.2327e-04],
          [2.8375e-05],
          [7.1656e-05],
          [2.3120e-05],
          [1.0690e-05],
          [3.5664e-04],
          [1.0323e-04],
          [1.3173e-05],
          [2.1995e-04],
          [1.0023e-04],
          [1.4513e-05],
          [1.3949e-05],
          [4.0238e-04],
          [1.6205e-04],
          [3.1705e-05],
          [1.2282e-05],
          [1.5852e-05],
          [1.4523e-05],
          [1.9033e-05],
          [2.3481e-05],
          [4.9746e-04],
          [1.8843e-05],
          [8.6470e-05],
          [1.6056e-05],
          [1.4699e-05],
          [2.0951e-05],
          [2.7759e-05],
          [4.5727e-05],
          [4.8776e-05],
          [5.9919e-05],
          [5.7480e-05],
          [6.7382e-05],
          [5.7950e-05],
          [6.9195e-05],
          [4.9096e-05],
          [4.4138e-05],
          [1.5544e-03],
          [4.7491e-05],
          [1.0613e-04],
          [1.4451e-04],
          [1.1508e-04],
          [1.9800e-05],
          [1.7502e-05],
          [2.0106e-05],
          [1.5137e-05],
          [1.6873e-05],
          [1.2794e-05],
          [1.6016e-05],
          [1.4060e-05],
          [2.2763e-04],
          [9.2151e-05],
          [1.1354e-05],
          [1.4230e-05],
          [3.2184e-04],
          [9.1004e-05],
          [1.3714e-05],
          [1.3942e-05],
          [1.3533e-05],
          [1.7030e-05],
          [1.9776e-05],
          [1.9507e-05],
          [1.7805e-05],
          [2.9385e-04],
          [1.6139e-04],
          [1.5682e-05],
          [1.6410e-05],
          [1.6641e-05],
          [1.6945e-05],
          [1.8830e-05],
          [1.5076e-05],
          [1.4124e-05],
          [3.3320e-04],
          [2.2235e-05],
          [1.9081e-05],
          [1.2206e-05],
          [1.6073e-05],
          [2.8062e-04],
          [1.3946e-05],
          [1.7818e-05],
          [1.6984e-05],
          [4.1664e-04],
          [1.2963e-04],
          [1.4985e-05],
          [1.1160e-05],
          [1.2306e-05],
          [1.4000e-05],
          [1.4997e-05],
          [1.6235e-05],
          [1.4068e-05],
          [1.7151e-05],
          [3.0506e-04],
          [5.1102e-05],
          [1.5535e-04],
          [1.2432e-05],
          [1.4207e-05],
          [1.7298e-05],
          [1.9623e-05],
          [2.6406e-05],
          [2.2046e-05],
          [2.2706e-05],
          [2.3542e-05],
          [2.0910e-05],
          [1.5490e-05],
          [1.4192e-05],
          [1.1950e-05],
          [1.6108e-05],
          [1.7805e-05],
          [2.1465e-05],
          [2.2251e-05],
          [2.2233e-05],
          [1.9190e-05],
          [1.3071e-04],
          [1.1735e-04],
          [2.0409e-05],
          [1.5665e-04],
          [1.3564e-05],
          [1.1928e-05],
          [1.0714e-05],
          [1.2366e-05],
          [1.3894e-05],
          [1.3877e-05],
          [1.1842e-05],
          [2.0738e-05],
          [1.1072e-05],
          [1.2479e-05],
          [1.2577e-05],
          [1.3711e-05],
          [1.4435e-05],
          [1.6854e-05],
          [1.8407e-05],
          [1.6864e-05],
          [5.2396e-04],
          [1.8455e-04],
          [1.9341e-05],
          [2.0600e-05],
          [1.9597e-05],
          [1.8326e-05],
          [2.0929e-05],
          [1.6081e-05],
          [1.4478e-05],
          [1.3013e-05],
          [1.3072e-05],
          [1.0639e-05],
          [1.1419e-05],
          [1.3293e-05],
          [1.6479e-05],
          [1.8350e-05],
          [2.5324e-05],
          [3.1296e-05],
          [4.3942e-05],
          [4.1909e-05],
          [4.4061e-05],
          [4.1508e-05],
          [5.3352e-05],
          [4.1291e-05],
          [3.9467e-05],
          [3.4981e-04],
          [6.6988e-05],
          [1.8810e-04],
          [1.1890e-04],
          [2.5114e-05],
          [1.8726e-05],
          [1.9691e-05],
          [1.8988e-05],
          [1.8938e-05],
          [2.6347e-05],
          [2.0798e-05],
          [2.0644e-05],
          [2.2127e-05],
          [2.3143e-05],
          [1.8218e-05],
          [3.4210e-04],
          [1.1916e-04],
          [2.0722e-05],
          [2.4879e-05],
          [2.7001e-05],
          [3.0728e-05],
          [2.7873e-05],
          [3.2237e-04],
          [3.4683e-05],
          [2.3654e-04],
          [1.5105e-05],
          [1.3950e-05],
          [4.4182e-04],
          [2.4747e-05],
          [1.3626e-04],
          [2.9440e-05],
          [3.2818e-05],
          [3.1998e-05],
          [3.7784e-04],
          [2.1720e-05],
          [1.1210e-04],
          [1.9141e-05],
          [2.2866e-05],
          [2.4578e-05],
          [2.4223e-05],
          [2.8912e-05],
          [2.2368e-05],
          [3.9334e-04],
          [1.4251e-04],
          [1.7336e-05],
          [1.4988e-05],
          [1.4779e-05],
          [1.5892e-05],
          [1.7707e-05],
          [2.1723e-05],
          [2.2867e-05],
          [3.6625e-04],
          [8.9005e-05],
          [1.5422e-05],
          [1.5799e-05],
          [1.7439e-05],
          [1.3904e-05],
          [4.1444e-04],
          [2.9391e-05],
          [1.6691e-05],
          [1.9144e-04],
          [1.4585e-05],
          [1.9106e-05],
          [1.3398e-05],
          [1.5165e-05],
          [1.7147e-05],
          [1.3749e-05],
          [1.2116e-05],
          [1.2528e-05],
          [1.8653e-05],
          [1.6477e-05],
          [1.2991e-05],
          [1.6513e-05],
          [1.2600e-05],
          [1.2420e-05],
          [1.3209e-05],
          [1.1554e-05],
          [1.3601e-05],
          [2.9339e-04],
          [7.6367e-05],
          [1.4895e-05],
          [1.6989e-05],
          [1.5208e-05],
          [2.6614e-05],
          [2.1885e-05],
          [2.3330e-05],
          [2.0975e-05],
          [2.0585e-05],
          [1.6560e-05],
          [1.0787e-05],
          [2.4476e-04],
          [1.2903e-04],
          [1.6924e-05],
          [1.6119e-04],
          [1.0874e-05],
          [2.2832e-04],
          [8.5266e-05],
          [1.9487e-05],
          [2.7073e-05],
          [3.1416e-05],
          [3.0995e-05],
          [4.3110e-05],
          [5.1519e-05],
          [6.6380e-05],
          [5.6094e-05],
          [7.1889e-05],
          [6.9609e-05],
          [8.6839e-05],
          [5.9088e-05],
          [5.8678e-05],
          [4.1735e-05],
          [2.1327e-04],
          [2.0756e-05],
          [2.1088e-05],
          [1.8939e-04],
          [1.4450e-04],
          [1.8579e-05],
          [1.3537e-04],
          [1.2827e-04],
          [3.1856e-05],
          [2.5650e-04],
          [1.1963e-05],
          [1.0155e-05],
          [1.0074e-05],
          [9.4510e-06],
          [9.4670e-06],
          [1.1009e-05],
          [4.1490e-05],
          [1.5322e-05],
          [1.9629e-05],
          [2.1239e-05],
          [7.6395e-04],
          [2.3985e-05],
          [7.1033e-05],
          [5.2191e-05],
          [9.8142e-06],
          [1.0021e-05],
          [9.3429e-06],
          [9.6074e-06],
          [1.1978e-05],
          [1.7324e-05],
          [6.0878e-04],
          [2.0289e-05],
          [1.4737e-04],
          [1.7210e-05],
          [1.5080e-05],
          [1.4070e-05],
          [1.4695e-05],
          [1.5051e-05],
          [1.6431e-05],
          [1.6146e-05],
          [2.0222e-05],
          [1.9730e-05],
          [2.6741e-05],
          [3.1238e-05],
          [3.4941e-05],
          [4.3488e-04],
          [1.2033e-04],
          [2.4961e-05],
          [2.0630e-05],
          [1.5767e-05],
          [1.3325e-05],
          [1.4147e-05],
          [1.6990e-05],
          [2.0553e-05],
          [1.8760e-05],
          [1.9610e-05],
          [1.9981e-05],
          [2.1122e-05],
          [1.6256e-05],
          [1.5302e-05],
          [1.3094e-05],
          [1.4120e-05],
          [1.2999e-05],
          [1.5862e-05],
          [1.7037e-05],
          [1.8389e-05],
          [2.0957e-05],
          [1.8104e-05],
          [1.9369e-05],
          [2.0527e-05],
          [2.2691e-05],
          [2.1918e-05],
          [2.4573e-05],
          [2.3510e-05],
          [2.4738e-05],
          [1.8492e-05],
          [1.9161e-05],
          [1.9411e-05],
          [1.8397e-05],
          [1.4256e-05],
          [1.8888e-05],
          [1.8018e-05],
          [1.8493e-05],
          [1.7511e-05],
          [1.4243e-05],
          [1.5100e-05],
          [1.3508e-05],
          [1.6417e-05],
          [1.5420e-05],
          [2.4013e-04],
          [2.4575e-05],
          [8.5541e-05],
          [2.0745e-05],
          [2.0794e-05],
          [1.8066e-05],
          [1.7519e-05],
          [2.0589e-05],
          [1.7600e-05],
          [1.7997e-05],
          [1.5609e-05],
          [1.8292e-05],
          [1.8520e-05],
          [1.6237e-05],
          [1.6621e-05],
          [1.6418e-05],
          [1.6359e-05],
          [3.1661e-04],
          [8.7948e-05],
          [1.9674e-04],
          [1.2509e-05],
          [1.3366e-05],
          [1.2449e-05],
          [2.9046e-05],
          [6.3392e-04],
          [1.1726e-04],
          [1.5338e-05],
          [1.3153e-05],
          [1.3847e-05],
          [1.8362e-05],
          [2.4163e-05],
          [3.0175e-05],
          [4.0652e-05],
          [3.5350e-05],
          [3.1968e-05],
          [2.4517e-05],
          [2.3023e-05],
          [2.4835e-05],
          [2.1969e-05],
          [1.9215e-05],
          [1.7924e-05],
          [2.0740e-05],
          [1.7001e-05],
          [7.7969e-05],
          [3.4441e-05],
          [3.8236e-05],
          [3.6668e-05],
          [3.0573e-05],
          [3.0433e-05],
          [2.3011e-05],
          [2.0478e-05],
          [1.5252e-05],
          [2.1200e-04],
          [7.6803e-05],
          [1.6836e-05],
          [1.6949e-05],
          [1.5079e-05],
          [1.3683e-05],
          [2.0303e-05],
          [1.8085e-05],
          [2.5789e-05],
          [1.2158e-04],
          [6.0682e-05],
          [1.9592e-04],
          [7.1052e-05],
          [3.1575e-05],
          [2.4898e-05],
          [1.5086e-05],
          [2.2116e-05],
          [1.2822e-05],
          [3.4957e-04],
          [1.3568e-04],
          [1.5984e-05],
          [5.5622e-05],
          [1.0338e-04],
          [1.6226e-05],
          [2.1483e-04],
          [1.9112e-05],
          [2.8930e-04],
          [1.9282e-05],
          [1.3016e-05],
          [1.0611e-05],
          [1.4186e-05],
          [2.0590e-05],
          [3.9521e-05],
          [5.9049e-06]]]])
