# Using CPU
# Loading Embeddings...
# Making Predictions...
torch.Size([1, 1, 442, 213])
tensor([[[[2.3206e-04],
          [5.9593e-05],
          [2.2268e-04],
          [4.7367e-05],
          [1.0493e-05],
          [1.1686e-04],
          [1.6969e-04],
          [2.2135e-05],
          [1.0494e-04],
          [1.3508e-04],
          [1.5755e-05],
          [1.5071e-05],
          [3.3417e-04],
          [3.6180e-04],
          [4.5862e-05],
          [4.3490e-05],
          [7.3578e-05],
          [6.6991e-05],
          [7.1376e-05],
          [4.7405e-05],
          [3.2344e-04],
          [2.3496e-05],
          [1.5296e-04],
          [1.6318e-05],
          [1.6404e-05],
          [2.5204e-05],
          [3.5420e-05],
          [5.8613e-05],
          [7.4342e-05],
          [1.0266e-04],
          [8.4531e-05],
          [8.8032e-05],
          [7.2654e-05],
          [8.0906e-05],
          [5.8445e-05],
          [4.1891e-05],
          [5.3955e-04],
          [4.9964e-05],
          [2.4872e-04],
          [8.7953e-05],
          [1.8768e-04],
          [1.3497e-05],
          [1.2913e-05],
          [1.2674e-05],
          [1.3240e-05],
          [1.1872e-05],
          [1.2984e-05],
          [3.0017e-05],
          [4.4493e-05],
          [6.6905e-04],
          [4.7060e-04],
          [3.2578e-05],
          [2.4634e-05],
          [4.2144e-04],
          [1.4647e-04],
          [1.4913e-05],
          [1.2956e-05],
          [1.5512e-05],
          [1.3966e-05],
          [1.4180e-05],
          [1.7483e-05],
          [1.5076e-05],
          [3.8515e-04],
          [3.1432e-04],
          [1.5793e-05],
          [2.5315e-05],
          [3.0488e-05],
          [3.3559e-05],
          [3.0609e-05],
          [1.9615e-05],
          [1.4182e-05],
          [2.4839e-04],
          [2.5735e-05],
          [2.9401e-05],
          [1.3080e-05],
          [2.0393e-05],
          [3.0137e-04],
          [1.9058e-05],
          [1.2734e-05],
          [1.7010e-05],
          [2.0911e-04],
          [2.1150e-04],
          [1.1719e-05],
          [1.0918e-05],
          [1.1986e-05],
          [1.5405e-05],
          [1.7020e-05],
          [1.8058e-05],
          [1.5728e-05],
          [1.4018e-05],
          [2.7493e-04],
          [4.4977e-05],
          [2.5897e-04],
          [1.3533e-05],
          [1.2733e-05],
          [1.7307e-05],
          [1.9934e-05],
          [4.2193e-05],
          [5.7106e-05],
          [7.8251e-05],
          [9.7666e-05],
          [7.5622e-05],
          [4.1898e-05],
          [2.8518e-05],
          [1.8820e-05],
          [2.2364e-05],
          [2.7251e-05],
          [3.4744e-05],
          [3.5712e-05],
          [3.8034e-05],
          [2.9214e-05],
          [4.2016e-05],
          [1.6070e-04],
          [2.5255e-05],
          [3.1593e-04],
          [1.7137e-05],
          [1.2222e-05],
          [9.2794e-06],
          [1.1048e-05],
          [1.2719e-05],
          [1.3872e-05],
          [1.1494e-05],
          [2.0113e-05],
          [1.1394e-05],
          [1.4796e-05],
          [1.4454e-05],
          [1.7347e-05],
          [1.6444e-05],
          [1.9164e-05],
          [2.5035e-05],
          [2.3179e-05],
          [4.9288e-04],
          [3.3964e-04],
          [2.5534e-05],
          [2.8743e-05],
          [2.3379e-05],
          [2.2598e-05],
          [2.2726e-05],
          [1.6556e-05],
          [1.8614e-05],
          [1.4541e-05],
          [1.2299e-05],
          [9.4355e-06],
          [1.1470e-05],
          [1.4556e-05],
          [2.1169e-05],
          [2.2987e-05],
          [3.6416e-05],
          [4.6549e-05],
          [7.7438e-05],
          [8.8645e-05],
          [8.1244e-05],
          [7.0461e-05],
          [9.2846e-05],
          [7.6687e-05],
          [6.2464e-05],
          [1.1342e-04],
          [6.6849e-05],
          [1.4722e-04],
          [1.5125e-04],
          [1.9325e-05],
          [1.7525e-05],
          [1.6112e-05],
          [1.9396e-05],
          [2.0646e-05],
          [2.2853e-05],
          [2.2861e-05],
          [2.3025e-05],
          [2.2307e-05],
          [2.3993e-05],
          [1.9392e-05],
          [3.0477e-04],
          [2.0951e-04],
          [2.6843e-05],
          [3.1503e-05],
          [3.8825e-05],
          [3.6812e-05],
          [3.2000e-05],
          [2.7769e-04],
          [4.3691e-05],
          [3.6591e-04],
          [1.4106e-05],
          [1.4961e-05],
          [3.1020e-04],
          [1.8825e-05],
          [2.7651e-04],
          [5.2618e-05],
          [7.1963e-05],
          [4.4889e-05],
          [2.3504e-04],
          [2.8193e-05],
          [9.7819e-05],
          [2.3856e-05],
          [2.8652e-05],
          [3.0787e-05],
          [2.9723e-05],
          [3.3472e-05],
          [2.2076e-05],
          [2.9535e-04],
          [2.5790e-04],
          [2.0179e-05],
          [1.5235e-05],
          [1.6001e-05],
          [1.2980e-05],
          [1.2820e-05],
          [1.2514e-05],
          [1.3601e-05],
          [2.5977e-04],
          [1.2315e-04],
          [1.3040e-05],
          [1.4118e-05],
          [1.4936e-05],
          [1.6478e-05],
          [2.3990e-04],
          [3.9184e-05],
          [2.0763e-05],
          [2.6219e-04],
          [1.5913e-05],
          [1.6209e-05],
          [1.3364e-05],
          [1.6276e-05],
          [1.5989e-05],
          [1.8438e-05],
          [1.4347e-05],
          [1.3794e-05],
          [2.1148e-05],
          [1.5256e-05],
          [1.3661e-05],
          [1.6175e-05],
          [1.5448e-05],
          [1.5699e-05],
          [1.4110e-05],
          [1.0380e-05],
          [1.3153e-05],
          [2.6162e-04],
          [1.1275e-04],
          [1.4389e-05],
          [1.3638e-05],
          [2.3599e-05],
          [3.1530e-05],
          [6.9678e-05],
          [7.4695e-05],
          [5.9229e-05],
          [6.5911e-05],
          [6.7432e-05],
          [3.7611e-05],
          [8.9275e-05],
          [1.2216e-04],
          [2.1780e-05],
          [2.9582e-04],
          [1.5421e-05],
          [1.8049e-04],
          [1.4384e-04],
          [1.6195e-05],
          [1.6077e-05],
          [1.6732e-05],
          [1.4316e-05],
          [1.8632e-05],
          [2.4886e-05],
          [3.7726e-05],
          [3.2351e-05],
          [4.0580e-05],
          [5.0569e-05],
          [8.2687e-05],
          [7.0337e-05],
          [6.6191e-05],
          [5.2633e-05],
          [4.6940e-04],
          [2.4783e-05],
          [2.6557e-05],
          [3.2140e-04],
          [6.0728e-05],
          [3.5442e-05],
          [1.2971e-04],
          [1.7137e-04],
          [3.7665e-05],
          [3.0432e-04],
          [1.7418e-05],
          [1.0555e-05],
          [1.2386e-05],
          [1.2827e-05],
          [1.6435e-05],
          [1.3731e-05],
          [5.8056e-05],
          [2.1272e-05],
          [3.9952e-05],
          [2.5177e-05],
          [3.1650e-04],
          [2.2899e-05],
          [9.9501e-05],
          [4.3883e-05],
          [1.1334e-05],
          [9.0966e-06],
          [9.5903e-06],
          [1.4095e-05],
          [1.9473e-05],
          [2.2289e-05],
          [3.7725e-04],
          [2.0473e-05],
          [2.0993e-04],
          [1.8273e-05],
          [1.4692e-05],
          [1.3460e-05],
          [1.2593e-05],
          [1.2658e-05],
          [1.1839e-05],
          [1.1438e-05],
          [1.2509e-05],
          [1.2701e-05],
          [1.5077e-05],
          [1.6053e-05],
          [2.1513e-05],
          [1.8393e-04],
          [1.4455e-04],
          [1.5119e-05],
          [1.2465e-05],
          [3.1986e-05],
          [1.1329e-05],
          [1.5107e-05],
          [1.6398e-05],
          [2.4932e-05],
          [2.4860e-05],
          [2.1945e-05],
          [2.3546e-05],
          [1.8176e-05],
          [1.3114e-05],
          [1.0606e-05],
          [1.2780e-05],
          [1.2559e-05],
          [1.3315e-05],
          [1.0409e-05],
          [1.3379e-05],
          [1.3678e-05],
          [1.5860e-05],
          [1.7315e-05],
          [2.1912e-05],
          [2.1100e-05],
          [2.0194e-05],
          [1.9497e-05],
          [3.1973e-05],
          [3.3360e-05],
          [5.1254e-05],
          [3.7806e-05],
          [4.5383e-05],
          [5.8180e-05],
          [5.5787e-05],
          [4.7557e-05],
          [3.8157e-05],
          [3.6764e-05],
          [2.9576e-05],
          [2.8179e-05],
          [2.7752e-05],
          [2.5404e-05],
          [2.9383e-05],
          [2.7208e-05],
          [3.0318e-05],
          [9.7980e-05],
          [2.9521e-05],
          [1.3721e-04],
          [1.8187e-05],
          [1.9496e-05],
          [1.7030e-05],
          [1.5006e-05],
          [1.5043e-05],
          [1.1615e-05],
          [1.1149e-05],
          [1.2652e-05],
          [1.1519e-05],
          [1.5050e-05],
          [1.3046e-05],
          [1.2262e-05],
          [1.2687e-05],
          [1.2951e-05],
          [8.6366e-05],
          [7.1910e-05],
          [5.2711e-04],
          [2.1462e-05],
          [1.5181e-05],
          [1.9484e-05],
          [2.1268e-05],
          [2.9438e-04],
          [2.1919e-04],
          [1.7593e-05],
          [1.7070e-05],
          [1.9565e-05],
          [1.7599e-05],
          [2.0048e-05],
          [2.3987e-05],
          [2.8841e-05],
          [2.2687e-05],
          [1.7134e-05],
          [1.8818e-05],
          [1.8040e-05],
          [1.7028e-05],
          [1.5305e-05],
          [1.7850e-05],
          [2.1910e-05],
          [1.6932e-05],
          [2.0474e-05],
          [4.3419e-05],
          [6.1862e-05],
          [1.0417e-04],
          [1.0884e-04],
          [9.0978e-05],
          [6.9929e-05],
          [3.9275e-05],
          [2.4898e-05],
          [1.5594e-05],
          [2.0147e-04],
          [1.5369e-04],
          [1.7227e-05],
          [2.0168e-05],
          [2.9211e-05],
          [4.0348e-05],
          [5.7340e-05],
          [5.6181e-05],
          [5.0432e-05],
          [6.7686e-05],
          [4.4822e-05],
          [2.1676e-04],
          [1.7900e-04],
          [4.6561e-05],
          [3.8435e-05],
          [4.8462e-05],
          [2.7258e-05],
          [1.7465e-05],
          [2.2045e-04],
          [1.0030e-04],
          [1.6077e-05],
          [6.9355e-05],
          [1.7379e-04],
          [1.6601e-05],
          [3.8245e-04],
          [1.6578e-05],
          [3.8592e-04],
          [1.5626e-05],
          [1.0661e-05],
          [1.1628e-05],
          [1.5067e-05],
          [1.1692e-05],
          [1.4260e-05],
          [4.4853e-06]]]])
