# Using CPU
# Loading Embeddings...
# Making Predictions...
torch.Size([1, 1, 442, 246])
tensor([[[[9.9194e-05],
          [2.3511e-05],
          [1.8151e-04],
          [5.8554e-05],
          [9.0346e-06],
          [3.3792e-04],
          [1.2023e-03],
          [3.2876e-05],
          [8.8048e-04],
          [1.5627e-03],
          [1.2717e-05],
          [1.2952e-05],
          [2.6851e-04],
          [3.5919e-04],
          [6.2179e-05],
          [2.7077e-05],
          [9.9292e-05],
          [2.1372e-05],
          [2.6027e-05],
          [1.7506e-05],
          [8.1505e-04],
          [5.1148e-05],
          [1.5185e-03],
          [1.4220e-05],
          [1.3455e-05],
          [1.6822e-05],
          [2.1478e-05],
          [3.3261e-05],
          [3.4314e-05],
          [4.9276e-05],
          [3.8660e-05],
          [5.1379e-05],
          [4.2096e-05],
          [5.5334e-05],
          [3.6103e-05],
          [3.5910e-05],
          [5.8178e-04],
          [8.0905e-05],
          [2.7523e-04],
          [1.1655e-04],
          [9.2036e-04],
          [1.9235e-05],
          [1.6103e-05],
          [1.8146e-05],
          [1.4948e-05],
          [1.4249e-05],
          [1.5434e-05],
          [3.8562e-05],
          [7.4288e-05],
          [2.0632e-04],
          [8.3117e-04],
          [2.0673e-05],
          [1.4913e-05],
          [5.7657e-04],
          [9.7851e-04],
          [1.1953e-05],
          [1.1591e-05],
          [1.4014e-05],
          [1.4212e-05],
          [1.5373e-05],
          [1.4614e-05],
          [1.6009e-05],
          [2.9260e-04],
          [5.1106e-04],
          [1.2768e-05],
          [1.2980e-05],
          [1.3374e-05],
          [1.3677e-05],
          [1.3668e-05],
          [1.4062e-05],
          [1.3186e-05],
          [2.4528e-04],
          [2.3142e-05],
          [2.6554e-05],
          [1.1674e-05],
          [1.7610e-05],
          [3.5200e-03],
          [1.4120e-05],
          [1.3212e-05],
          [1.2921e-05],
          [1.4260e-04],
          [4.4552e-04],
          [1.1029e-05],
          [1.0034e-05],
          [1.1124e-05],
          [1.2663e-05],
          [1.2844e-05],
          [1.4409e-05],
          [1.2943e-05],
          [1.3795e-05],
          [4.0355e-04],
          [4.0968e-05],
          [6.9152e-04],
          [1.0111e-05],
          [1.1222e-05],
          [1.4735e-05],
          [1.4807e-05],
          [1.8678e-05],
          [1.6616e-05],
          [1.7224e-05],
          [1.8293e-05],
          [1.5185e-05],
          [1.2267e-05],
          [1.0756e-05],
          [1.0546e-05],
          [1.3125e-05],
          [1.3776e-05],
          [1.5437e-05],
          [1.6373e-05],
          [1.6340e-05],
          [1.4030e-05],
          [2.0668e-04],
          [9.5767e-05],
          [1.9178e-05],
          [6.0330e-04],
          [1.3027e-05],
          [1.0731e-05],
          [1.1137e-05],
          [1.2367e-05],
          [1.1723e-05],
          [1.2527e-05],
          [1.0414e-05],
          [2.0886e-05],
          [1.0395e-05],
          [1.2499e-05],
          [1.1275e-05],
          [1.1796e-05],
          [1.1084e-05],
          [1.2337e-05],
          [1.3943e-05],
          [1.4909e-05],
          [3.4843e-04],
          [1.2441e-03],
          [1.9423e-05],
          [1.6957e-05],
          [1.5239e-05],
          [1.3636e-05],
          [1.4107e-05],
          [1.2118e-05],
          [1.2999e-05],
          [1.1966e-05],
          [1.1359e-05],
          [1.0885e-05],
          [1.3114e-05],
          [1.1434e-05],
          [1.2824e-05],
          [1.3581e-05],
          [1.7373e-05],
          [2.1053e-05],
          [2.9035e-05],
          [2.9864e-05],
          [3.2194e-05],
          [3.2024e-05],
          [4.0982e-05],
          [3.3454e-05],
          [3.7652e-05],
          [6.5240e-04],
          [7.9901e-04],
          [2.7504e-04],
          [2.4246e-03],
          [1.3433e-05],
          [1.3813e-05],
          [1.4137e-05],
          [1.5560e-05],
          [1.4427e-05],
          [1.9907e-05],
          [1.6771e-05],
          [1.7503e-05],
          [1.8184e-05],
          [1.6493e-05],
          [1.7418e-05],
          [5.6585e-04],
          [1.2580e-03],
          [1.8848e-05],
          [1.9353e-05],
          [3.0941e-05],
          [2.3137e-05],
          [2.0582e-05],
          [2.0831e-04],
          [3.7467e-05],
          [2.2207e-04],
          [1.6030e-05],
          [1.9895e-05],
          [1.2245e-04],
          [1.2709e-05],
          [8.5691e-04],
          [1.0428e-05],
          [1.2093e-05],
          [1.0915e-05],
          [9.4245e-04],
          [4.4916e-05],
          [2.9420e-03],
          [1.4427e-05],
          [1.6890e-05],
          [1.5899e-05],
          [1.6261e-05],
          [1.7881e-05],
          [1.5922e-05],
          [2.7067e-04],
          [7.6566e-04],
          [1.2831e-05],
          [1.2393e-05],
          [1.2721e-05],
          [1.1371e-05],
          [1.3356e-05],
          [1.2296e-05],
          [1.4506e-05],
          [3.7456e-04],
          [1.3413e-03],
          [1.2559e-05],
          [1.2826e-05],
          [1.2631e-05],
          [1.3602e-05],
          [5.3797e-04],
          [2.3292e-05],
          [2.0904e-05],
          [3.3011e-03],
          [1.3736e-05],
          [1.5501e-05],
          [1.2619e-05],
          [1.4466e-05],
          [1.3299e-05],
          [1.1227e-05],
          [1.0727e-05],
          [1.1617e-05],
          [2.7215e-05],
          [1.3479e-05],
          [1.2240e-05],
          [1.2473e-05],
          [1.0774e-05],
          [1.3414e-05],
          [1.3638e-05],
          [1.0114e-05],
          [1.0560e-05],
          [3.8939e-04],
          [7.3545e-04],
          [2.1033e-05],
          [1.2336e-05],
          [1.2589e-05],
          [1.2943e-05],
          [1.5549e-05],
          [1.3624e-05],
          [1.2497e-05],
          [2.0377e-05],
          [1.5565e-05],
          [1.0937e-05],
          [6.6756e-04],
          [1.0958e-04],
          [2.0175e-05],
          [3.4937e-04],
          [1.2495e-05],
          [2.6727e-04],
          [4.7817e-04],
          [1.6583e-05],
          [2.2500e-05],
          [2.5381e-05],
          [2.1985e-05],
          [2.6176e-05],
          [2.8963e-05],
          [3.0225e-05],
          [2.3090e-05],
          [3.0846e-05],
          [3.2565e-05],
          [4.2465e-05],
          [7.4680e-05],
          [4.6517e-05],
          [7.9955e-05],
          [2.1727e-04],
          [2.9674e-05],
          [1.8061e-05],
          [4.6501e-04],
          [3.4849e-04],
          [1.9584e-05],
          [3.3357e-04],
          [1.3145e-04],
          [2.9856e-05],
          [1.8808e-04],
          [1.2064e-05],
          [9.5284e-06],
          [9.2160e-06],
          [9.2436e-06],
          [9.2661e-06],
          [9.3752e-06],
          [2.6597e-05],
          [9.5377e-06],
          [1.1070e-05],
          [8.7088e-06],
          [1.8999e-04],
          [3.1051e-05],
          [7.1237e-05],
          [2.7056e-04],
          [9.2446e-06],
          [9.6221e-06],
          [9.4750e-06],
          [9.5312e-06],
          [9.4591e-06],
          [9.5226e-06],
          [5.4417e-04],
          [3.3776e-05],
          [3.1922e-03],
          [1.1741e-05],
          [1.1911e-05],
          [1.2411e-05],
          [1.3966e-05],
          [1.3906e-05],
          [1.5239e-05],
          [1.4267e-05],
          [1.8794e-05],
          [1.6825e-05],
          [1.9863e-05],
          [2.0883e-05],
          [2.3840e-05],
          [4.1475e-04],
          [1.2700e-03],
          [1.8005e-05],
          [1.6301e-05],
          [2.4338e-05],
          [1.3018e-05],
          [1.2710e-05],
          [1.3346e-05],
          [1.4167e-05],
          [1.2359e-05],
          [1.3719e-05],
          [1.1614e-05],
          [1.3100e-05],
          [1.0303e-05],
          [1.1465e-05],
          [1.1366e-05],
          [1.3607e-05],
          [1.2252e-05],
          [1.3654e-05],
          [1.3169e-05],
          [1.4932e-05],
          [1.4085e-05],
          [1.2001e-05],
          [1.5208e-05],
          [1.3935e-05],
          [1.7137e-05],
          [1.5152e-05],
          [1.9830e-05],
          [2.1246e-05],
          [2.0286e-05],
          [2.0632e-05],
          [2.9003e-05],
          [2.6534e-05],
          [2.8418e-05],
          [2.0430e-05],
          [2.4622e-05],
          [2.2746e-05],
          [2.0749e-05],
          [1.7955e-05],
          [1.3418e-05],
          [1.6616e-05],
          [1.4550e-05],
          [1.2676e-05],
          [1.4165e-05],
          [4.5683e-04],
          [5.9095e-05],
          [2.5239e-03],
          [1.7697e-05],
          [1.6627e-05],
          [1.5556e-05],
          [1.4697e-05],
          [1.4813e-05],
          [1.0888e-05],
          [1.0026e-05],
          [1.0419e-05],
          [9.9061e-06],
          [1.1282e-05],
          [1.1346e-05],
          [1.1179e-05],
          [1.4683e-05],
          [1.3687e-05],
          [5.8189e-04],
          [5.1480e-05],
          [2.5956e-03],
          [1.1055e-05],
          [9.6895e-06],
          [9.1268e-06],
          [9.5537e-06],
          [3.5379e-04],
          [1.9934e-03],
          [1.0907e-05],
          [1.1468e-05],
          [1.3731e-05],
          [1.8034e-05],
          [2.2415e-05],
          [2.8713e-05],
          [3.1141e-05],
          [2.5944e-05],
          [2.3285e-05],
          [1.9700e-05],
          [1.5777e-05],
          [1.2285e-05],
          [1.0599e-05],
          [1.1468e-05],
          [1.0669e-05],
          [1.5901e-05],
          [1.1137e-05],
          [5.1720e-05],
          [2.5419e-05],
          [2.9301e-05],
          [3.1415e-05],
          [2.1049e-05],
          [2.0782e-05],
          [2.3550e-05],
          [2.1725e-05],
          [1.5633e-05],
          [1.8294e-04],
          [6.6801e-04],
          [1.7671e-05],
          [1.4651e-05],
          [1.2610e-05],
          [1.3753e-05],
          [2.0402e-05],
          [2.3017e-05],
          [1.9611e-05],
          [1.2459e-04],
          [6.5007e-05],
          [1.7742e-04],
          [1.1930e-03],
          [1.5283e-05],
          [1.5760e-05],
          [1.4987e-05],
          [1.3502e-05],
          [1.1880e-05],
          [2.6512e-04],
          [8.2989e-05],
          [1.7962e-05],
          [5.3616e-05],
          [6.9052e-04],
          [1.5402e-05],
          [2.2823e-04],
          [1.8055e-05],
          [2.7615e-04],
          [1.3860e-05],
          [1.1103e-05],
          [9.5900e-06],
          [1.0369e-05],
          [1.2305e-05],
          [4.4449e-05],
          [1.2459e-05]]]])
