# Using CPU
# Loading Embeddings...
# Making Predictions...
torch.Size([1, 1, 442, 253])
tensor([[[[6.3069e-05],
          [5.6372e-05],
          [7.1239e-05],
          [2.0182e-05],
          [8.4707e-06],
          [2.0526e-04],
          [2.5189e-04],
          [1.4435e-05],
          [1.5637e-04],
          [4.0123e-04],
          [1.7338e-05],
          [1.7679e-05],
          [2.5596e-04],
          [1.8555e-04],
          [1.6052e-05],
          [1.0293e-05],
          [9.6172e-06],
          [1.0231e-05],
          [1.2207e-05],
          [2.0909e-05],
          [2.9348e-04],
          [2.2873e-05],
          [1.3887e-04],
          [1.3203e-05],
          [1.9291e-05],
          [2.8384e-05],
          [4.5438e-05],
          [8.5374e-05],
          [1.0818e-04],
          [1.3829e-04],
          [1.5119e-04],
          [1.9745e-04],
          [1.7099e-04],
          [1.8972e-04],
          [1.3369e-04],
          [9.4661e-05],
          [3.3486e-04],
          [5.5343e-05],
          [1.1984e-04],
          [7.8058e-05],
          [1.4899e-04],
          [2.6478e-05],
          [2.5808e-05],
          [2.8553e-05],
          [1.9677e-05],
          [1.8539e-05],
          [1.5440e-05],
          [1.5221e-05],
          [1.4213e-05],
          [1.9267e-04],
          [1.3213e-04],
          [1.4128e-05],
          [1.4470e-05],
          [2.4557e-04],
          [1.7663e-04],
          [1.7996e-05],
          [1.8553e-05],
          [1.7738e-05],
          [2.1594e-05],
          [2.3931e-05],
          [2.4697e-05],
          [2.2651e-05],
          [2.6230e-04],
          [1.6199e-04],
          [1.8377e-05],
          [1.8655e-05],
          [1.6673e-05],
          [1.6886e-05],
          [1.7282e-05],
          [1.5487e-05],
          [1.6200e-05],
          [2.8091e-04],
          [1.8006e-05],
          [1.4656e-05],
          [1.4620e-05],
          [1.5747e-05],
          [2.7585e-04],
          [1.6346e-05],
          [1.5925e-05],
          [1.3709e-05],
          [1.6627e-04],
          [1.2716e-04],
          [1.2798e-05],
          [1.6706e-05],
          [1.6107e-05],
          [1.9502e-05],
          [2.1191e-05],
          [2.4697e-05],
          [1.8476e-05],
          [1.6448e-05],
          [1.9609e-04],
          [9.4193e-05],
          [1.8883e-04],
          [1.2636e-05],
          [1.0870e-05],
          [1.2296e-05],
          [1.4072e-05],
          [1.7071e-05],
          [1.5068e-05],
          [1.9396e-05],
          [2.0699e-05],
          [1.7986e-05],
          [1.2936e-05],
          [1.4027e-05],
          [1.5518e-05],
          [1.8947e-05],
          [2.2315e-05],
          [2.8902e-05],
          [2.9175e-05],
          [3.1279e-05],
          [2.4211e-05],
          [2.1217e-04],
          [1.0503e-04],
          [1.6015e-05],
          [1.7287e-04],
          [1.5937e-05],
          [1.4505e-05],
          [1.3525e-05],
          [1.5671e-05],
          [2.0709e-05],
          [1.6525e-05],
          [1.9849e-05],
          [1.9158e-05],
          [1.6702e-05],
          [1.7839e-05],
          [1.5319e-05],
          [1.7482e-05],
          [1.9436e-05],
          [1.8835e-05],
          [1.9543e-05],
          [2.0092e-05],
          [4.3915e-04],
          [2.8711e-04],
          [3.4971e-05],
          [2.8856e-05],
          [2.9620e-05],
          [2.5738e-05],
          [2.7191e-05],
          [2.0892e-05],
          [2.1105e-05],
          [1.7137e-05],
          [1.6417e-05],
          [1.4288e-05],
          [1.4776e-05],
          [1.6006e-05],
          [2.3855e-05],
          [2.5535e-05],
          [3.9487e-05],
          [4.9455e-05],
          [8.6423e-05],
          [8.6797e-05],
          [1.0305e-04],
          [9.4604e-05],
          [1.2030e-04],
          [9.3630e-05],
          [7.6812e-05],
          [3.8696e-04],
          [2.1334e-04],
          [1.4132e-04],
          [3.8064e-04],
          [1.5734e-05],
          [1.7949e-05],
          [1.6790e-05],
          [1.7557e-05],
          [1.9031e-05],
          [2.4816e-05],
          [2.1350e-05],
          [2.1354e-05],
          [2.2167e-05],
          [2.3383e-05],
          [2.0390e-05],
          [2.5780e-04],
          [1.3927e-04],
          [3.4249e-05],
          [4.3275e-05],
          [5.0522e-05],
          [5.0995e-05],
          [4.3103e-05],
          [2.2517e-04],
          [3.0502e-05],
          [2.1657e-04],
          [1.9335e-05],
          [1.4653e-05],
          [1.3579e-04],
          [1.1136e-05],
          [1.6384e-04],
          [1.3220e-05],
          [1.2745e-05],
          [1.2836e-05],
          [2.3087e-04],
          [3.9578e-05],
          [8.3864e-04],
          [1.9835e-05],
          [2.5826e-05],
          [2.7993e-05],
          [2.8515e-05],
          [3.5635e-05],
          [2.5647e-05],
          [2.0995e-04],
          [1.2566e-04],
          [2.0692e-05],
          [2.0765e-05],
          [1.7775e-05],
          [1.5875e-05],
          [1.6291e-05],
          [1.6536e-05],
          [1.4711e-05],
          [1.8906e-04],
          [1.5925e-04],
          [1.5319e-05],
          [1.5409e-05],
          [1.6739e-05],
          [1.5446e-05],
          [1.8981e-04],
          [2.5854e-05],
          [1.9461e-05],
          [2.3739e-04],
          [1.7181e-05],
          [1.6195e-05],
          [1.6411e-05],
          [1.5859e-05],
          [1.7572e-05],
          [1.6684e-05],
          [1.7792e-05],
          [1.6705e-05],
          [1.6848e-05],
          [1.6406e-05],
          [1.5858e-05],
          [1.4782e-05],
          [1.3673e-05],
          [1.5143e-05],
          [1.5310e-05],
          [1.5297e-05],
          [1.5778e-05],
          [2.2001e-04],
          [1.1623e-04],
          [1.8430e-05],
          [1.8223e-05],
          [1.6134e-05],
          [1.7603e-05],
          [1.6361e-05],
          [2.0548e-05],
          [1.7210e-05],
          [2.3468e-05],
          [2.4160e-05],
          [1.4304e-05],
          [3.9183e-04],
          [4.6002e-04],
          [1.5045e-05],
          [1.5245e-04],
          [9.5516e-06],
          [1.2918e-04],
          [8.9638e-05],
          [2.1608e-05],
          [2.6634e-05],
          [2.9854e-05],
          [2.8517e-05],
          [4.0247e-05],
          [5.0401e-05],
          [7.0379e-05],
          [6.9603e-05],
          [1.1807e-04],
          [1.5222e-04],
          [2.3086e-04],
          [1.9049e-04],
          [2.0145e-04],
          [1.2083e-04],
          [1.3774e-04],
          [4.6953e-05],
          [4.1705e-05],
          [1.8568e-04],
          [1.4293e-04],
          [2.6605e-05],
          [8.1112e-05],
          [1.3011e-04],
          [6.0151e-05],
          [2.0840e-04],
          [1.5665e-05],
          [1.6631e-05],
          [1.6137e-05],
          [1.4271e-05],
          [1.1230e-05],
          [1.0544e-05],
          [2.5243e-05],
          [1.1343e-05],
          [1.4328e-05],
          [1.1187e-05],
          [2.4527e-04],
          [1.6800e-05],
          [5.1564e-05],
          [5.9102e-05],
          [1.3697e-05],
          [1.4751e-05],
          [1.5152e-05],
          [1.5542e-05],
          [1.4557e-05],
          [1.2848e-05],
          [2.6217e-04],
          [2.0190e-05],
          [1.9223e-04],
          [1.5386e-05],
          [1.4808e-05],
          [1.6061e-05],
          [1.6696e-05],
          [1.7809e-05],
          [1.6113e-05],
          [1.7988e-05],
          [1.9653e-05],
          [1.8041e-05],
          [2.3170e-05],
          [2.8323e-05],
          [3.6048e-05],
          [2.1059e-04],
          [1.3457e-04],
          [2.3027e-05],
          [1.9623e-05],
          [1.8147e-05],
          [1.4847e-05],
          [1.3130e-05],
          [1.7595e-05],
          [2.3331e-05],
          [2.1294e-05],
          [1.9844e-05],
          [1.6054e-05],
          [1.6220e-05],
          [1.2352e-05],
          [1.3104e-05],
          [1.5026e-05],
          [1.7295e-05],
          [1.6662e-05],
          [1.4932e-05],
          [1.5188e-05],
          [1.5830e-05],
          [1.6223e-05],
          [1.5361e-05],
          [1.8154e-05],
          [1.7962e-05],
          [2.3880e-05],
          [1.8648e-05],
          [2.8130e-05],
          [2.6271e-05],
          [3.1857e-05],
          [1.7334e-05],
          [2.1189e-05],
          [2.3800e-05],
          [2.2706e-05],
          [1.5797e-05],
          [1.8024e-05],
          [2.1555e-05],
          [1.5400e-05],
          [1.4838e-05],
          [1.5317e-05],
          [1.6543e-05],
          [1.5867e-05],
          [2.4022e-05],
          [1.7635e-05],
          [7.7815e-04],
          [5.4002e-05],
          [1.1362e-03],
          [2.0607e-05],
          [2.4104e-05],
          [1.6517e-05],
          [2.0725e-05],
          [1.9121e-05],
          [1.8395e-05],
          [1.8670e-05],
          [1.8081e-05],
          [1.5159e-05],
          [1.4991e-05],
          [1.6392e-05],
          [1.5043e-05],
          [1.8474e-05],
          [1.7664e-05],
          [2.7907e-04],
          [5.8664e-05],
          [2.8880e-04],
          [1.5452e-05],
          [1.4532e-05],
          [1.2197e-05],
          [1.1058e-05],
          [2.3964e-04],
          [1.5675e-04],
          [1.0813e-05],
          [1.1027e-05],
          [1.5025e-05],
          [2.1217e-05],
          [2.8998e-05],
          [3.3865e-05],
          [5.4631e-05],
          [4.6908e-05],
          [4.7532e-05],
          [3.0134e-05],
          [2.2013e-05],
          [1.7789e-05],
          [1.4068e-05],
          [1.5600e-05],
          [1.5068e-05],
          [1.4585e-05],
          [1.3690e-05],
          [3.5750e-05],
          [3.2240e-05],
          [3.3166e-05],
          [3.4599e-05],
          [2.5597e-05],
          [2.8629e-05],
          [2.1724e-05],
          [2.3618e-05],
          [2.0004e-05],
          [1.7520e-04],
          [1.2280e-04],
          [2.1946e-05],
          [2.1986e-05],
          [1.7712e-05],
          [1.7701e-05],
          [1.9904e-05],
          [2.1823e-05],
          [4.1173e-05],
          [1.5241e-04],
          [7.3518e-05],
          [2.0231e-04],
          [2.5750e-04],
          [2.8139e-05],
          [1.8982e-05],
          [1.7047e-05],
          [2.2730e-05],
          [1.6524e-05],
          [2.4967e-04],
          [2.4977e-04],
          [1.2314e-05],
          [4.2713e-05],
          [1.0445e-04],
          [1.6168e-05],
          [1.3707e-04],
          [1.3679e-05],
          [2.5705e-04],
          [1.8441e-05],
          [1.3981e-05],
          [1.3236e-05],
          [1.4207e-05],
          [1.3384e-05],
          [1.8187e-04],
          [8.1740e-06]]]])
