# Using CPU
# Loading Embeddings...
# Making Predictions...
torch.Size([1, 1, 442, 269])
tensor([[[[1.4919e-04],
          [4.0549e-05],
          [1.1191e-04],
          [2.4960e-05],
          [1.0037e-05],
          [7.8287e-04],
          [3.0814e-04],
          [1.3730e-05],
          [6.0001e-04],
          [4.9331e-04],
          [1.6943e-05],
          [1.6423e-05],
          [5.3738e-04],
          [2.6207e-04],
          [1.5615e-05],
          [1.3434e-05],
          [1.4279e-05],
          [1.4697e-05],
          [1.8645e-05],
          [1.7341e-05],
          [1.4382e-03],
          [2.7527e-05],
          [3.5876e-04],
          [1.7035e-05],
          [1.9967e-05],
          [2.6407e-05],
          [3.4753e-05],
          [6.0891e-05],
          [6.9150e-05],
          [8.4694e-05],
          [9.3650e-05],
          [1.1330e-04],
          [9.5142e-05],
          [9.6803e-05],
          [7.2568e-05],
          [5.7133e-05],
          [1.0783e-03],
          [3.8312e-05],
          [1.6697e-04],
          [1.4125e-04],
          [2.9023e-04],
          [2.3092e-05],
          [2.1942e-05],
          [2.3685e-05],
          [1.6656e-05],
          [1.6948e-05],
          [1.4148e-05],
          [1.3264e-05],
          [1.2320e-05],
          [2.6817e-04],
          [2.5764e-04],
          [1.1787e-05],
          [1.5213e-05],
          [1.0182e-03],
          [3.1025e-04],
          [1.5007e-05],
          [1.5568e-05],
          [1.5149e-05],
          [1.6979e-05],
          [2.2387e-05],
          [2.0120e-05],
          [1.8351e-05],
          [4.4956e-04],
          [2.1024e-04],
          [1.6476e-05],
          [1.6221e-05],
          [1.6618e-05],
          [1.7492e-05],
          [1.7978e-05],
          [1.4978e-05],
          [1.4867e-05],
          [4.0140e-04],
          [2.8060e-05],
          [5.2538e-05],
          [1.5552e-05],
          [2.2652e-05],
          [6.1909e-04],
          [1.4243e-05],
          [1.5150e-05],
          [1.3356e-05],
          [2.8909e-04],
          [1.7906e-04],
          [1.2787e-05],
          [1.3344e-05],
          [1.5277e-05],
          [1.7485e-05],
          [1.9740e-05],
          [2.2530e-05],
          [1.8646e-05],
          [1.6337e-05],
          [7.7885e-04],
          [6.5348e-05],
          [2.4064e-04],
          [1.4662e-05],
          [1.6941e-05],
          [2.6007e-05],
          [2.6834e-05],
          [4.1127e-05],
          [3.5842e-05],
          [4.0531e-05],
          [3.2021e-05],
          [2.4382e-05],
          [1.4099e-05],
          [1.2438e-05],
          [1.4380e-05],
          [1.8976e-05],
          [2.2140e-05],
          [2.7452e-05],
          [2.8574e-05],
          [2.9394e-05],
          [2.4577e-05],
          [3.6027e-04],
          [1.8160e-04],
          [1.8450e-05],
          [2.1566e-04],
          [1.4736e-05],
          [1.2594e-05],
          [1.0762e-05],
          [1.3834e-05],
          [1.4290e-05],
          [1.5830e-05],
          [1.2202e-05],
          [1.4404e-05],
          [1.2226e-05],
          [1.4603e-05],
          [1.4208e-05],
          [1.7246e-05],
          [1.5562e-05],
          [1.9610e-05],
          [2.0943e-05],
          [2.0943e-05],
          [4.8008e-04],
          [3.6560e-04],
          [2.1357e-05],
          [2.4563e-05],
          [2.1316e-05],
          [1.7906e-05],
          [2.0220e-05],
          [1.5840e-05],
          [1.5561e-05],
          [1.4389e-05],
          [1.1971e-05],
          [1.0259e-05],
          [1.2957e-05],
          [1.6190e-05],
          [2.1808e-05],
          [2.3123e-05],
          [3.2074e-05],
          [4.0740e-05],
          [5.4298e-05],
          [5.5441e-05],
          [5.4505e-05],
          [6.0314e-05],
          [8.4715e-05],
          [6.3289e-05],
          [5.9856e-05],
          [7.9468e-04],
          [1.8711e-04],
          [3.4293e-04],
          [4.8594e-04],
          [4.2130e-05],
          [1.6092e-05],
          [1.5944e-05],
          [1.7750e-05],
          [1.8429e-05],
          [2.3097e-05],
          [2.0587e-05],
          [2.1466e-05],
          [2.3473e-05],
          [2.1305e-05],
          [1.8077e-05],
          [8.8462e-04],
          [2.9211e-04],
          [2.1589e-05],
          [2.8260e-05],
          [4.6367e-05],
          [3.2792e-05],
          [3.1484e-05],
          [3.6054e-04],
          [5.3179e-05],
          [2.8559e-04],
          [1.7884e-05],
          [1.3997e-05],
          [2.4840e-04],
          [1.8545e-05],
          [2.2725e-04],
          [1.6947e-05],
          [1.8920e-05],
          [1.5214e-05],
          [1.3025e-03],
          [2.6419e-05],
          [7.8336e-04],
          [1.9960e-05],
          [2.6021e-05],
          [2.7983e-05],
          [2.6501e-05],
          [2.6528e-05],
          [2.4984e-05],
          [3.5042e-04],
          [1.9871e-04],
          [1.8483e-05],
          [1.6353e-05],
          [1.5949e-05],
          [1.3448e-05],
          [1.6514e-05],
          [1.8191e-05],
          [4.7640e-05],
          [7.0793e-04],
          [2.0800e-04],
          [1.6756e-05],
          [1.5400e-05],
          [1.4989e-05],
          [1.4417e-05],
          [7.3414e-04],
          [3.8172e-05],
          [1.9052e-05],
          [4.6459e-04],
          [1.4507e-05],
          [1.3697e-05],
          [1.3995e-05],
          [1.5295e-05],
          [1.4960e-05],
          [1.4856e-05],
          [1.3104e-05],
          [1.3032e-05],
          [3.5408e-05],
          [1.4306e-05],
          [1.4668e-05],
          [1.2299e-05],
          [1.1138e-05],
          [1.0130e-05],
          [1.2149e-05],
          [1.2353e-05],
          [1.2644e-05],
          [9.5148e-04],
          [1.6835e-04],
          [1.3382e-05],
          [1.5400e-05],
          [1.3230e-05],
          [1.8995e-05],
          [1.7433e-05],
          [2.2927e-05],
          [1.7247e-05],
          [2.3334e-05],
          [2.0993e-05],
          [1.4732e-05],
          [7.2346e-04],
          [2.2761e-04],
          [2.1964e-05],
          [2.3151e-04],
          [1.1109e-05],
          [4.7824e-04],
          [1.2711e-04],
          [1.6413e-05],
          [2.0110e-05],
          [2.2615e-05],
          [1.9280e-05],
          [2.6788e-05],
          [3.1586e-05],
          [3.7518e-05],
          [3.7441e-05],
          [4.4555e-05],
          [4.7575e-05],
          [5.0864e-05],
          [1.1071e-04],
          [5.4555e-05],
          [7.7996e-05],
          [3.3671e-04],
          [3.9386e-05],
          [3.2298e-05],
          [1.7468e-04],
          [4.8430e-04],
          [2.6776e-05],
          [1.4802e-04],
          [2.1756e-04],
          [3.7510e-05],
          [1.9245e-04],
          [1.2877e-05],
          [1.0610e-05],
          [1.0787e-05],
          [9.5175e-06],
          [9.7041e-06],
          [1.0476e-05],
          [1.9951e-05],
          [1.5053e-05],
          [1.8797e-05],
          [1.7467e-05],
          [6.2167e-04],
          [3.2871e-05],
          [8.2244e-05],
          [8.4699e-05],
          [1.1708e-05],
          [1.1396e-05],
          [1.3638e-05],
          [9.8170e-06],
          [9.9135e-06],
          [1.1504e-05],
          [7.1046e-04],
          [1.9056e-05],
          [4.4861e-04],
          [1.2252e-05],
          [1.1393e-05],
          [1.2100e-05],
          [1.2238e-05],
          [1.2519e-05],
          [1.2511e-05],
          [1.2882e-05],
          [1.6197e-05],
          [1.4127e-05],
          [1.8632e-05],
          [2.1423e-05],
          [2.6462e-05],
          [6.7518e-04],
          [2.4502e-04],
          [1.9024e-05],
          [1.6319e-05],
          [2.2670e-05],
          [1.0955e-05],
          [1.1534e-05],
          [1.6320e-05],
          [1.4814e-05],
          [1.3937e-05],
          [1.5351e-05],
          [1.3628e-05],
          [1.5203e-05],
          [1.2594e-05],
          [1.3047e-05],
          [1.4947e-05],
          [1.4616e-05],
          [1.9420e-05],
          [1.5764e-05],
          [1.7514e-05],
          [2.0936e-05],
          [1.6988e-05],
          [1.5404e-05],
          [1.6289e-05],
          [1.6094e-05],
          [1.7166e-05],
          [1.6633e-05],
          [1.9417e-05],
          [1.9071e-05],
          [1.8144e-05],
          [1.7864e-05],
          [1.7584e-05],
          [2.1183e-05],
          [2.1106e-05],
          [1.5730e-05],
          [1.8263e-05],
          [1.8871e-05],
          [1.4263e-05],
          [1.4425e-05],
          [1.4864e-05],
          [1.4128e-05],
          [1.1154e-05],
          [1.5087e-05],
          [1.3759e-05],
          [6.8618e-04],
          [3.2918e-05],
          [9.2161e-04],
          [1.5877e-05],
          [1.7245e-05],
          [1.6638e-05],
          [1.4899e-05],
          [1.9376e-05],
          [1.7337e-05],
          [1.7578e-05],
          [1.4642e-05],
          [1.4455e-05],
          [1.4220e-05],
          [1.5677e-05],
          [1.3895e-05],
          [1.3044e-05],
          [1.2941e-05],
          [1.0170e-03],
          [6.8855e-05],
          [5.3342e-04],
          [1.3136e-05],
          [1.1738e-05],
          [1.1035e-05],
          [1.4756e-05],
          [7.3626e-04],
          [3.9145e-04],
          [1.2426e-05],
          [1.1979e-05],
          [1.2926e-05],
          [1.8552e-05],
          [2.3084e-05],
          [2.9634e-05],
          [2.9521e-05],
          [2.7244e-05],
          [2.3067e-05],
          [1.8494e-05],
          [2.1904e-05],
          [1.8643e-05],
          [1.3622e-05],
          [1.5137e-05],
          [1.4673e-05],
          [1.4501e-05],
          [1.3454e-05],
          [2.2783e-05],
          [3.4922e-05],
          [4.1110e-05],
          [4.6000e-05],
          [3.4205e-05],
          [2.6291e-05],
          [2.6257e-05],
          [2.6208e-05],
          [1.9873e-05],
          [2.9535e-04],
          [2.1039e-04],
          [2.3214e-05],
          [2.1179e-05],
          [1.7866e-05],
          [1.6015e-05],
          [1.5647e-05],
          [1.8409e-05],
          [1.9294e-05],
          [2.4268e-04],
          [8.0112e-05],
          [4.7507e-04],
          [4.1712e-04],
          [1.9248e-05],
          [1.5496e-05],
          [1.6680e-05],
          [2.0753e-05],
          [1.5543e-05],
          [4.7550e-04],
          [1.1790e-04],
          [2.3077e-05],
          [7.6056e-05],
          [1.6577e-04],
          [1.9959e-05],
          [7.6196e-04],
          [3.3267e-05],
          [4.9408e-04],
          [1.5730e-05],
          [1.2251e-05],
          [1.1457e-05],
          [1.2640e-05],
          [2.1553e-05],
          [2.1230e-04],
          [7.4925e-06]]]])
