# Using CPU
# Loading Embeddings...
# Making Predictions...
torch.Size([1, 1, 442, 272])
tensor([[[[7.3668e-05],
          [2.9051e-05],
          [5.9112e-05],
          [4.7838e-05],
          [2.3240e-05],
          [1.1996e-04],
          [9.6602e-05],
          [6.2355e-05],
          [1.3837e-04],
          [1.2405e-04],
          [7.3824e-05],
          [6.3993e-05],
          [3.2256e-04],
          [1.4594e-04],
          [5.9242e-05],
          [3.6060e-05],
          [3.9754e-05],
          [4.8993e-05],
          [5.3096e-05],
          [4.5897e-05],
          [1.6255e-04],
          [4.6423e-05],
          [5.8308e-05],
          [5.5981e-05],
          [6.0702e-05],
          [5.7799e-05],
          [8.2438e-05],
          [1.0943e-04],
          [1.2178e-04],
          [1.3647e-04],
          [1.3323e-04],
          [1.4868e-04],
          [1.4326e-04],
          [1.4786e-04],
          [1.2254e-04],
          [1.0692e-04],
          [1.0772e-03],
          [1.4115e-04],
          [1.9277e-04],
          [1.0058e-04],
          [1.4652e-04],
          [6.6807e-05],
          [5.6263e-05],
          [5.4871e-05],
          [5.3387e-05],
          [4.2581e-05],
          [3.4549e-05],
          [3.6513e-05],
          [4.0261e-05],
          [1.6663e-04],
          [9.1823e-05],
          [3.8575e-05],
          [3.4250e-05],
          [1.8530e-04],
          [6.7297e-05],
          [3.6894e-05],
          [3.3307e-05],
          [4.1530e-05],
          [4.0772e-05],
          [5.0298e-05],
          [6.5282e-05],
          [5.1349e-05],
          [5.0915e-04],
          [2.2185e-04],
          [5.6644e-05],
          [5.3061e-05],
          [5.5536e-05],
          [6.2147e-05],
          [6.7957e-05],
          [4.5923e-05],
          [4.0048e-05],
          [3.3676e-04],
          [5.1444e-05],
          [3.7777e-05],
          [4.1805e-05],
          [3.7801e-05],
          [1.2952e-04],
          [4.0365e-05],
          [3.8727e-05],
          [3.3420e-05],
          [1.6054e-04],
          [8.8761e-05],
          [3.0101e-05],
          [2.7658e-05],
          [2.9819e-05],
          [3.3766e-05],
          [4.4638e-05],
          [3.9200e-05],
          [3.7951e-05],
          [2.8743e-05],
          [1.1697e-04],
          [3.4641e-05],
          [1.2333e-04],
          [2.9857e-05],
          [3.0445e-05],
          [3.6117e-05],
          [5.1166e-05],
          [5.4872e-05],
          [5.7371e-05],
          [7.1663e-05],
          [6.5234e-05],
          [7.6851e-05],
          [5.2382e-05],
          [4.3027e-05],
          [3.8145e-05],
          [4.3567e-05],
          [4.3620e-05],
          [4.5815e-05],
          [5.8585e-05],
          [5.7611e-05],
          [5.4320e-05],
          [5.9941e-05],
          [1.7608e-04],
          [4.4873e-05],
          [2.1277e-04],
          [3.8801e-05],
          [3.8695e-05],
          [4.3071e-05],
          [3.7091e-05],
          [4.1694e-05],
          [4.2373e-05],
          [2.7351e-05],
          [3.0616e-05],
          [3.8940e-05],
          [3.2848e-05],
          [3.3240e-05],
          [3.6364e-05],
          [4.5797e-05],
          [4.7660e-05],
          [6.9426e-05],
          [6.2439e-05],
          [4.1299e-04],
          [2.4029e-04],
          [7.7684e-05],
          [6.6546e-05],
          [8.1000e-05],
          [5.7546e-05],
          [5.3551e-05],
          [4.3209e-05],
          [4.4460e-05],
          [4.5896e-05],
          [3.5378e-05],
          [3.0458e-05],
          [3.4077e-05],
          [4.1898e-05],
          [6.4262e-05],
          [4.8626e-05],
          [5.0949e-05],
          [8.3062e-05],
          [1.1283e-04],
          [1.0586e-04],
          [1.3655e-04],
          [1.3810e-04],
          [1.9726e-04],
          [1.4369e-04],
          [1.5182e-04],
          [1.8489e-04],
          [6.3553e-05],
          [7.8064e-05],
          [8.8774e-05],
          [1.1335e-04],
          [3.5714e-05],
          [4.6633e-05],
          [4.8883e-05],
          [4.6386e-05],
          [5.4519e-05],
          [4.9972e-05],
          [5.3145e-05],
          [5.6413e-05],
          [5.4473e-05],
          [6.0079e-05],
          [2.4363e-04],
          [1.8511e-04],
          [6.1658e-05],
          [7.4780e-05],
          [6.5102e-05],
          [6.1158e-05],
          [8.0253e-05],
          [3.7560e-04],
          [1.2862e-04],
          [2.8498e-04],
          [3.5302e-05],
          [3.2431e-05],
          [1.2380e-04],
          [2.0085e-05],
          [1.0267e-04],
          [3.4929e-05],
          [3.6640e-05],
          [3.3842e-05],
          [1.2540e-04],
          [3.1257e-05],
          [8.4459e-05],
          [3.3856e-05],
          [4.6362e-05],
          [6.9008e-05],
          [4.9471e-05],
          [5.5501e-05],
          [7.5904e-05],
          [2.9958e-04],
          [1.6319e-04],
          [4.6885e-05],
          [3.7104e-05],
          [3.7218e-05],
          [4.0978e-05],
          [2.9545e-05],
          [3.3173e-05],
          [6.5113e-05],
          [1.0116e-04],
          [6.7182e-05],
          [2.6703e-05],
          [2.3212e-05],
          [3.0845e-05],
          [2.9375e-05],
          [1.4745e-04],
          [5.1757e-05],
          [3.8102e-05],
          [1.9107e-04],
          [2.9541e-05],
          [2.5534e-05],
          [3.4789e-05],
          [4.3155e-05],
          [4.1113e-05],
          [4.7560e-05],
          [4.5986e-05],
          [4.4165e-05],
          [5.9378e-05],
          [5.2829e-05],
          [5.4098e-05],
          [6.0532e-05],
          [4.5914e-05],
          [3.9806e-05],
          [4.1892e-05],
          [3.3610e-05],
          [2.1870e-05],
          [1.7414e-04],
          [7.3266e-05],
          [3.6759e-05],
          [2.7516e-05],
          [3.5243e-05],
          [4.0816e-05],
          [8.1463e-05],
          [4.7023e-05],
          [3.7604e-05],
          [8.3739e-05],
          [4.6462e-05],
          [2.7228e-05],
          [9.0178e-05],
          [7.4111e-05],
          [2.3197e-05],
          [1.5764e-04],
          [3.3058e-05],
          [9.2560e-05],
          [8.7820e-05],
          [6.2505e-05],
          [7.4205e-05],
          [6.3287e-05],
          [7.4285e-05],
          [8.8423e-05],
          [8.5314e-05],
          [8.6265e-05],
          [9.3707e-05],
          [1.2501e-04],
          [8.9076e-05],
          [1.4693e-04],
          [1.3658e-04],
          [1.3217e-04],
          [1.4026e-04],
          [1.1370e-03],
          [7.1782e-05],
          [5.7822e-05],
          [2.8821e-04],
          [5.5778e-05],
          [4.3083e-05],
          [1.2208e-04],
          [1.8953e-04],
          [4.1937e-05],
          [2.3973e-04],
          [2.7768e-05],
          [3.3547e-05],
          [2.3443e-05],
          [2.2009e-05],
          [2.2346e-05],
          [2.6208e-05],
          [3.9725e-05],
          [4.1938e-05],
          [6.1500e-05],
          [3.7311e-05],
          [2.0652e-04],
          [2.0040e-05],
          [5.9955e-05],
          [5.1583e-05],
          [2.5562e-05],
          [2.3350e-05],
          [2.4964e-05],
          [2.3874e-05],
          [2.7081e-05],
          [2.6856e-05],
          [1.2538e-04],
          [2.6567e-05],
          [8.2125e-05],
          [2.4671e-05],
          [2.4033e-05],
          [2.3805e-05],
          [2.7141e-05],
          [2.6972e-05],
          [2.6610e-05],
          [2.6559e-05],
          [3.2666e-05],
          [3.6470e-05],
          [3.7156e-05],
          [5.3727e-05],
          [6.7278e-05],
          [2.4685e-04],
          [1.2573e-04],
          [2.7460e-05],
          [2.6904e-05],
          [2.7130e-05],
          [2.6668e-05],
          [3.3765e-05],
          [5.1979e-05],
          [5.0565e-05],
          [3.9487e-05],
          [2.6864e-05],
          [2.9292e-05],
          [2.2164e-05],
          [1.9750e-05],
          [1.8720e-05],
          [1.7530e-05],
          [1.9709e-05],
          [1.6035e-05],
          [2.2086e-05],
          [3.0639e-05],
          [3.5708e-05],
          [3.6211e-05],
          [5.6794e-05],
          [5.6323e-05],
          [6.4259e-05],
          [6.6462e-05],
          [6.1913e-05],
          [8.6725e-05],
          [1.1712e-04],
          [7.5487e-05],
          [4.3245e-05],
          [3.3125e-05],
          [3.8519e-05],
          [3.8137e-05],
          [2.6838e-05],
          [4.4009e-05],
          [2.7450e-05],
          [3.4069e-05],
          [3.7057e-05],
          [2.4988e-05],
          [2.3742e-05],
          [2.0729e-05],
          [2.5052e-05],
          [2.9707e-05],
          [9.4788e-05],
          [3.2160e-05],
          [1.2505e-04],
          [2.4870e-05],
          [2.7148e-05],
          [3.7824e-05],
          [2.5802e-05],
          [3.1701e-05],
          [2.7601e-05],
          [2.5520e-05],
          [2.3036e-05],
          [2.2625e-05],
          [2.5254e-05],
          [2.3897e-05],
          [2.2506e-05],
          [3.7345e-05],
          [2.4844e-05],
          [8.8121e-05],
          [5.1650e-05],
          [1.4378e-04],
          [2.4413e-05],
          [2.2439e-05],
          [2.3942e-05],
          [2.6192e-05],
          [1.4350e-04],
          [8.9167e-05],
          [3.3128e-05],
          [3.5665e-05],
          [4.9357e-05],
          [6.0039e-05],
          [7.4501e-05],
          [8.3031e-05],
          [1.1536e-04],
          [7.8789e-05],
          [5.8968e-05],
          [4.3136e-05],
          [4.0498e-05],
          [2.6458e-05],
          [1.7445e-05],
          [2.3355e-05],
          [3.7978e-05],
          [2.2947e-05],
          [1.9586e-05],
          [1.0670e-04],
          [4.3923e-05],
          [3.3806e-05],
          [9.0852e-05],
          [2.0577e-05],
          [3.4100e-05],
          [2.0097e-05],
          [2.2544e-05],
          [2.4052e-05],
          [1.5775e-04],
          [1.0501e-04],
          [3.7241e-05],
          [3.2459e-05],
          [3.5431e-05],
          [2.8939e-05],
          [3.3865e-05],
          [3.8415e-05],
          [3.6667e-05],
          [5.7085e-05],
          [9.5280e-05],
          [9.1783e-05],
          [1.6879e-04],
          [2.7686e-05],
          [2.1687e-05],
          [1.3691e-05],
          [2.0520e-05],
          [1.9475e-05],
          [1.7068e-04],
          [1.1096e-04],
          [2.7504e-05],
          [6.9424e-05],
          [1.0584e-04],
          [1.9256e-05],
          [2.0440e-04],
          [2.5468e-05],
          [2.4501e-04],
          [2.7189e-05],
          [2.7707e-05],
          [2.8899e-05],
          [2.3453e-05],
          [1.9348e-05],
          [1.6514e-05],
          [5.3073e-06]]]])
