# Using CPU
# Loading Embeddings...
# Making Predictions...
torch.Size([1, 1, 442, 268])
tensor([[[[8.4177e-05],
          [3.4913e-05],
          [5.3035e-05],
          [4.0997e-05],
          [2.3356e-05],
          [1.9465e-04],
          [1.1953e-04],
          [6.5657e-05],
          [1.3458e-04],
          [1.6821e-04],
          [8.0126e-05],
          [5.7984e-05],
          [2.8319e-04],
          [1.3722e-04],
          [7.4566e-05],
          [4.3657e-05],
          [4.2432e-05],
          [6.5476e-05],
          [5.6319e-05],
          [4.7600e-05],
          [2.1463e-04],
          [3.9965e-05],
          [6.6961e-05],
          [4.1055e-05],
          [3.6915e-05],
          [4.8348e-05],
          [6.7258e-05],
          [9.4502e-05],
          [1.3044e-04],
          [1.1568e-04],
          [1.0044e-04],
          [1.0758e-04],
          [1.0204e-04],
          [1.0327e-04],
          [8.7523e-05],
          [7.8063e-05],
          [1.0782e-03],
          [1.3639e-04],
          [1.8818e-04],
          [1.2240e-04],
          [1.2945e-04],
          [4.9205e-05],
          [4.3052e-05],
          [4.0463e-05],
          [3.3365e-05],
          [3.6544e-05],
          [2.7542e-05],
          [3.5858e-05],
          [3.3334e-05],
          [2.1533e-04],
          [1.2440e-04],
          [3.8701e-05],
          [3.3805e-05],
          [2.8545e-04],
          [1.0041e-04],
          [3.2746e-05],
          [2.6905e-05],
          [2.5612e-05],
          [3.6703e-05],
          [4.0315e-05],
          [4.7561e-05],
          [3.8759e-05],
          [5.1973e-04],
          [1.9987e-04],
          [4.5972e-05],
          [4.1183e-05],
          [4.9070e-05],
          [5.2462e-05],
          [7.0851e-05],
          [3.8321e-05],
          [3.0386e-05],
          [3.5348e-04],
          [4.5422e-05],
          [2.9992e-05],
          [3.4845e-05],
          [2.7732e-05],
          [1.2000e-04],
          [3.0395e-05],
          [2.7191e-05],
          [2.3910e-05],
          [1.5023e-04],
          [7.8709e-05],
          [2.4887e-05],
          [2.4545e-05],
          [2.4722e-05],
          [2.5939e-05],
          [3.0820e-05],
          [3.8125e-05],
          [3.1172e-05],
          [2.8835e-05],
          [1.6897e-04],
          [5.1794e-05],
          [1.1184e-04],
          [2.7138e-05],
          [2.7157e-05],
          [3.1134e-05],
          [3.6428e-05],
          [4.4718e-05],
          [4.7638e-05],
          [5.7220e-05],
          [6.1172e-05],
          [7.6726e-05],
          [5.3611e-05],
          [4.8481e-05],
          [3.4139e-05],
          [3.5356e-05],
          [3.2295e-05],
          [3.3508e-05],
          [3.7333e-05],
          [3.6222e-05],
          [2.9223e-05],
          [6.5107e-05],
          [1.3927e-04],
          [2.7434e-05],
          [2.0986e-04],
          [2.9677e-05],
          [3.0249e-05],
          [2.9154e-05],
          [2.4095e-05],
          [3.1790e-05],
          [3.3074e-05],
          [3.0398e-05],
          [3.3248e-05],
          [2.9847e-05],
          [3.7399e-05],
          [3.5016e-05],
          [3.5667e-05],
          [3.9146e-05],
          [4.7973e-05],
          [5.7842e-05],
          [4.5356e-05],
          [7.6961e-04],
          [3.3513e-04],
          [5.8142e-05],
          [5.3593e-05],
          [6.5530e-05],
          [4.8392e-05],
          [4.6922e-05],
          [4.1078e-05],
          [3.8915e-05],
          [3.4289e-05],
          [2.9005e-05],
          [2.6699e-05],
          [3.1882e-05],
          [3.2676e-05],
          [3.8268e-05],
          [3.4061e-05],
          [4.6045e-05],
          [6.4678e-05],
          [1.0441e-04],
          [1.0677e-04],
          [1.4040e-04],
          [1.4670e-04],
          [2.2722e-04],
          [1.6877e-04],
          [1.7482e-04],
          [2.3120e-04],
          [8.0617e-05],
          [1.0010e-04],
          [1.4588e-04],
          [4.1355e-05],
          [4.3188e-05],
          [4.2889e-05],
          [4.4531e-05],
          [4.7561e-05],
          [5.0121e-05],
          [5.4617e-05],
          [5.2769e-05],
          [6.2045e-05],
          [5.9089e-05],
          [4.9883e-05],
          [3.4467e-04],
          [1.6084e-04],
          [5.9187e-05],
          [6.0487e-05],
          [6.7977e-05],
          [5.9250e-05],
          [5.4019e-05],
          [4.5035e-04],
          [1.2662e-04],
          [3.5379e-04],
          [3.2873e-05],
          [3.2099e-05],
          [1.2031e-04],
          [3.3291e-05],
          [8.4177e-05],
          [3.4425e-05],
          [3.6703e-05],
          [3.3400e-05],
          [1.7683e-04],
          [4.2724e-05],
          [1.3710e-04],
          [3.8533e-05],
          [3.9707e-05],
          [4.4528e-05],
          [4.6723e-05],
          [5.2264e-05],
          [4.4145e-05],
          [3.3877e-04],
          [1.7163e-04],
          [3.6476e-05],
          [3.8065e-05],
          [3.4647e-05],
          [3.4349e-05],
          [4.1131e-05],
          [3.8536e-05],
          [3.3087e-05],
          [1.4912e-04],
          [8.5083e-05],
          [3.7230e-05],
          [3.1910e-05],
          [2.9966e-05],
          [2.8004e-05],
          [1.6577e-04],
          [4.4724e-05],
          [3.5210e-05],
          [1.5422e-04],
          [3.4465e-05],
          [3.0308e-05],
          [3.1492e-05],
          [3.7366e-05],
          [4.2182e-05],
          [4.4769e-05],
          [3.4934e-05],
          [3.7026e-05],
          [4.1293e-05],
          [4.5682e-05],
          [3.9353e-05],
          [4.2501e-05],
          [5.3689e-05],
          [3.2010e-05],
          [3.8445e-05],
          [3.3354e-05],
          [2.5223e-05],
          [2.3317e-04],
          [9.5613e-05],
          [4.4721e-05],
          [3.0665e-05],
          [3.2030e-05],
          [4.3500e-05],
          [6.9907e-05],
          [5.1591e-05],
          [3.0807e-05],
          [8.6016e-05],
          [4.4233e-05],
          [2.3163e-05],
          [8.1106e-05],
          [7.0241e-05],
          [2.8018e-05],
          [1.2825e-04],
          [2.7286e-05],
          [1.1986e-04],
          [9.9056e-05],
          [5.1173e-05],
          [5.6764e-05],
          [6.3037e-05],
          [6.2965e-05],
          [5.8714e-05],
          [6.0480e-05],
          [6.2831e-05],
          [6.5459e-05],
          [7.5489e-05],
          [8.8309e-05],
          [1.6002e-04],
          [1.5391e-04],
          [1.4883e-04],
          [1.5772e-04],
          [8.3527e-04],
          [5.2533e-05],
          [5.2995e-05],
          [3.6794e-04],
          [8.2023e-05],
          [3.5143e-05],
          [1.8643e-04],
          [2.2041e-04],
          [4.0095e-05],
          [2.6952e-04],
          [2.3586e-05],
          [2.4879e-05],
          [1.7192e-05],
          [1.7833e-05],
          [2.1775e-05],
          [2.2460e-05],
          [3.1792e-05],
          [2.4388e-05],
          [3.3534e-05],
          [2.4171e-05],
          [1.7308e-04],
          [2.2558e-05],
          [6.0020e-05],
          [7.3419e-05],
          [2.0568e-05],
          [1.8987e-05],
          [2.2912e-05],
          [2.4190e-05],
          [2.6495e-05],
          [2.4302e-05],
          [1.8660e-04],
          [3.2720e-05],
          [9.8932e-05],
          [2.6989e-05],
          [3.1036e-05],
          [2.9232e-05],
          [3.0425e-05],
          [2.9558e-05],
          [2.9475e-05],
          [2.9067e-05],
          [3.7903e-05],
          [3.0815e-05],
          [4.5261e-05],
          [3.9635e-05],
          [4.8626e-05],
          [2.9479e-04],
          [1.4080e-04],
          [3.6619e-05],
          [3.8290e-05],
          [2.9130e-05],
          [2.9773e-05],
          [3.4012e-05],
          [3.7496e-05],
          [3.2425e-05],
          [2.8472e-05],
          [2.8397e-05],
          [2.5631e-05],
          [1.9672e-05],
          [1.8691e-05],
          [2.1530e-05],
          [2.2152e-05],
          [2.6537e-05],
          [2.1994e-05],
          [2.6985e-05],
          [3.0000e-05],
          [3.1272e-05],
          [2.8337e-05],
          [4.1010e-05],
          [3.7421e-05],
          [4.1449e-05],
          [4.2473e-05],
          [3.9365e-05],
          [4.4945e-05],
          [5.8704e-05],
          [4.2707e-05],
          [2.7802e-05],
          [3.3151e-05],
          [3.4162e-05],
          [4.4857e-05],
          [2.2663e-05],
          [3.8786e-05],
          [2.9729e-05],
          [2.6607e-05],
          [3.3698e-05],
          [2.6213e-05],
          [2.3020e-05],
          [2.3605e-05],
          [2.2815e-05],
          [2.3219e-05],
          [1.0269e-04],
          [3.0705e-05],
          [1.8978e-04],
          [2.9367e-05],
          [3.5874e-05],
          [2.7856e-05],
          [2.9881e-05],
          [3.8324e-05],
          [2.9100e-05],
          [2.9861e-05],
          [3.6720e-05],
          [3.2571e-05],
          [3.9736e-05],
          [3.5370e-05],
          [2.9633e-05],
          [3.1017e-05],
          [2.6591e-05],
          [1.5771e-04],
          [4.6182e-05],
          [2.1379e-04],
          [2.9108e-05],
          [2.1245e-05],
          [1.8734e-05],
          [2.2400e-05],
          [1.8033e-04],
          [8.7051e-05],
          [2.5694e-05],
          [2.5869e-05],
          [4.0576e-05],
          [5.9161e-05],
          [5.2520e-05],
          [7.8509e-05],
          [9.4091e-05],
          [6.1966e-05],
          [4.7464e-05],
          [4.5576e-05],
          [3.0376e-05],
          [2.3823e-05],
          [2.1500e-05],
          [1.8813e-05],
          [3.2924e-05],
          [2.5086e-05],
          [1.8742e-05],
          [1.1097e-04],
          [4.4942e-05],
          [3.1781e-05],
          [4.6135e-05],
          [2.2819e-05],
          [3.0471e-05],
          [1.9643e-05],
          [1.9513e-05],
          [2.4384e-05],
          [1.9341e-04],
          [9.3836e-05],
          [3.2954e-05],
          [3.3044e-05],
          [3.0480e-05],
          [2.2968e-05],
          [3.2634e-05],
          [3.7279e-05],
          [5.2181e-05],
          [5.5852e-05],
          [1.1045e-04],
          [1.1691e-04],
          [2.1054e-04],
          [3.1659e-05],
          [2.1583e-05],
          [1.4098e-05],
          [2.3689e-05],
          [1.4841e-05],
          [2.3553e-04],
          [1.0525e-04],
          [2.2522e-05],
          [6.4346e-05],
          [1.3719e-04],
          [2.0027e-05],
          [2.0217e-04],
          [2.5664e-05],
          [2.4731e-04],
          [2.0782e-05],
          [2.1048e-05],
          [2.0740e-05],
          [2.3397e-05],
          [2.0394e-05],
          [8.8115e-06],
          [5.7039e-06]]]])
