# Using CPU
# Loading Embeddings...
# Making Predictions...
torch.Size([1, 1, 442, 337])
tensor([[[[9.4375e-05],
          [4.1467e-05],
          [7.3588e-05],
          [3.6514e-05],
          [2.0100e-05],
          [9.0454e-05],
          [9.0725e-05],
          [2.5765e-05],
          [1.0360e-04],
          [8.0426e-05],
          [2.3361e-05],
          [2.0161e-05],
          [2.8285e-04],
          [1.6095e-04],
          [4.0500e-05],
          [2.1521e-05],
          [2.8196e-05],
          [3.5927e-05],
          [2.8920e-05],
          [2.5576e-05],
          [1.3458e-04],
          [2.5504e-05],
          [7.8139e-05],
          [2.7020e-05],
          [1.7466e-05],
          [2.6216e-05],
          [2.9574e-05],
          [4.6957e-05],
          [5.6354e-05],
          [6.4993e-05],
          [6.3744e-05],
          [7.8883e-05],
          [6.7265e-05],
          [9.5326e-05],
          [7.2290e-05],
          [6.6339e-05],
          [4.1110e-04],
          [4.8948e-05],
          [2.4244e-04],
          [4.6528e-05],
          [1.6056e-04],
          [2.7464e-05],
          [2.8976e-05],
          [3.7403e-05],
          [3.3287e-05],
          [3.3449e-05],
          [2.5449e-05],
          [2.8666e-05],
          [2.9244e-05],
          [1.0038e-04],
          [8.6026e-05],
          [2.8120e-05],
          [2.6349e-05],
          [1.2738e-04],
          [7.9441e-05],
          [2.7125e-05],
          [2.4877e-05],
          [1.9239e-05],
          [2.4096e-05],
          [3.2257e-05],
          [3.2727e-05],
          [2.8782e-05],
          [2.5444e-04],
          [2.4493e-04],
          [3.8751e-05],
          [3.6917e-05],
          [4.0730e-05],
          [3.4530e-05],
          [4.6541e-05],
          [3.5417e-05],
          [2.4956e-05],
          [1.5385e-04],
          [2.1051e-05],
          [2.2813e-05],
          [2.0166e-05],
          [1.9036e-05],
          [1.5462e-04],
          [2.0121e-05],
          [2.0264e-05],
          [1.7628e-05],
          [1.5482e-04],
          [1.0702e-04],
          [1.6783e-05],
          [1.6485e-05],
          [1.6695e-05],
          [1.6451e-05],
          [1.9536e-05],
          [2.1894e-05],
          [2.4308e-05],
          [2.2843e-05],
          [1.2424e-04],
          [3.6747e-05],
          [1.1527e-04],
          [2.2850e-05],
          [2.0007e-05],
          [2.7062e-05],
          [3.1344e-05],
          [2.9148e-05],
          [3.2298e-05],
          [3.2214e-05],
          [3.6541e-05],
          [4.3793e-05],
          [2.7634e-05],
          [2.6896e-05],
          [2.0991e-05],
          [2.1063e-05],
          [1.9357e-05],
          [2.2678e-05],
          [2.3791e-05],
          [2.5556e-05],
          [2.3894e-05],
          [4.9753e-05],
          [8.5052e-05],
          [2.1991e-05],
          [1.9906e-04],
          [2.6174e-05],
          [2.0474e-05],
          [1.9465e-05],
          [2.2248e-05],
          [3.0382e-05],
          [2.8485e-05],
          [2.0869e-05],
          [3.1624e-05],
          [2.5556e-05],
          [2.4357e-05],
          [3.2803e-05],
          [2.7589e-05],
          [3.3592e-05],
          [3.7297e-05],
          [4.6465e-05],
          [4.7706e-05],
          [4.0625e-04],
          [2.8276e-04],
          [9.6940e-05],
          [5.3689e-05],
          [5.0757e-05],
          [3.7584e-05],
          [4.7359e-05],
          [3.8934e-05],
          [4.0818e-05],
          [2.9154e-05],
          [3.1150e-05],
          [2.5056e-05],
          [2.8960e-05],
          [3.2356e-05],
          [3.4647e-05],
          [3.1546e-05],
          [3.7529e-05],
          [4.5988e-05],
          [8.8818e-05],
          [7.9635e-05],
          [9.8694e-05],
          [9.5638e-05],
          [1.4583e-04],
          [1.3855e-04],
          [1.5786e-04],
          [1.1194e-04],
          [7.8057e-05],
          [6.6868e-05],
          [8.2963e-05],
          [3.3734e-05],
          [2.9034e-05],
          [3.9450e-05],
          [3.8532e-05],
          [3.9713e-05],
          [4.8432e-05],
          [5.5978e-05],
          [5.3371e-05],
          [6.5835e-05],
          [5.4979e-05],
          [4.8914e-05],
          [1.7332e-04],
          [1.5521e-04],
          [4.7674e-05],
          [5.0039e-05],
          [5.0374e-05],
          [5.2899e-05],
          [4.1989e-05],
          [1.7451e-04],
          [4.3236e-05],
          [3.6199e-04],
          [3.3947e-05],
          [3.0720e-05],
          [1.0616e-04],
          [2.0015e-05],
          [1.3493e-04],
          [2.9026e-05],
          [2.7644e-05],
          [2.9344e-05],
          [8.9928e-05],
          [2.7418e-05],
          [7.4645e-05],
          [3.1926e-05],
          [3.4560e-05],
          [2.9991e-05],
          [2.5689e-05],
          [2.7946e-05],
          [2.4023e-05],
          [1.5918e-04],
          [1.8004e-04],
          [2.1796e-05],
          [2.4917e-05],
          [2.8858e-05],
          [2.3714e-05],
          [3.0994e-05],
          [4.0025e-05],
          [2.8974e-05],
          [9.9210e-05],
          [8.3698e-05],
          [3.4523e-05],
          [2.4871e-05],
          [2.7450e-05],
          [2.5704e-05],
          [1.1783e-04],
          [2.6998e-05],
          [2.8189e-05],
          [1.9138e-04],
          [2.6353e-05],
          [2.8114e-05],
          [2.4226e-05],
          [3.2831e-05],
          [4.6473e-05],
          [3.2727e-05],
          [3.8270e-05],
          [3.4121e-05],
          [4.2862e-05],
          [4.5188e-05],
          [4.9166e-05],
          [4.2484e-05],
          [4.1072e-05],
          [3.2813e-05],
          [3.7307e-05],
          [3.2254e-05],
          [2.3091e-05],
          [9.7049e-05],
          [7.2815e-05],
          [3.9133e-05],
          [3.0783e-05],
          [2.9333e-05],
          [4.9318e-05],
          [6.6659e-05],
          [4.2706e-05],
          [2.9175e-05],
          [7.5585e-05],
          [4.0230e-05],
          [1.8865e-05],
          [9.1100e-05],
          [9.0131e-05],
          [1.7230e-05],
          [1.5478e-04],
          [1.6982e-05],
          [8.2703e-05],
          [9.2782e-05],
          [1.9399e-05],
          [2.3790e-05],
          [2.6897e-05],
          [2.4069e-05],
          [2.4677e-05],
          [2.9182e-05],
          [4.1529e-05],
          [3.9135e-05],
          [6.2324e-05],
          [5.8970e-05],
          [9.0568e-05],
          [1.0046e-04],
          [1.3764e-04],
          [7.6045e-05],
          [2.4941e-04],
          [5.2178e-05],
          [3.1472e-05],
          [4.2519e-04],
          [5.9782e-05],
          [3.8893e-05],
          [1.3149e-04],
          [1.0228e-04],
          [3.6012e-05],
          [2.9013e-04],
          [1.4684e-05],
          [1.5402e-05],
          [1.4680e-05],
          [1.0798e-05],
          [1.6660e-05],
          [2.0120e-05],
          [3.4488e-05],
          [2.7005e-05],
          [3.1386e-05],
          [2.2163e-05],
          [1.9429e-04],
          [1.8319e-05],
          [4.8820e-05],
          [5.0914e-05],
          [1.6473e-05],
          [1.4072e-05],
          [1.5193e-05],
          [1.4570e-05],
          [2.4600e-05],
          [2.4103e-05],
          [1.1748e-04],
          [2.3100e-05],
          [1.1934e-04],
          [2.3990e-05],
          [2.1247e-05],
          [2.5401e-05],
          [1.9575e-05],
          [2.5242e-05],
          [2.5307e-05],
          [2.3467e-05],
          [4.1007e-05],
          [2.6722e-05],
          [3.8739e-05],
          [3.0628e-05],
          [3.2887e-05],
          [1.5640e-04],
          [1.4558e-04],
          [3.0524e-05],
          [3.5231e-05],
          [2.3433e-05],
          [2.8180e-05],
          [3.6404e-05],
          [4.0154e-05],
          [3.7475e-05],
          [3.3920e-05],
          [2.3225e-05],
          [2.9158e-05],
          [2.0874e-05],
          [1.8261e-05],
          [2.1479e-05],
          [1.6581e-05],
          [2.4952e-05],
          [2.1834e-05],
          [2.6875e-05],
          [3.1404e-05],
          [3.2441e-05],
          [2.6264e-05],
          [4.5408e-05],
          [3.6562e-05],
          [3.9059e-05],
          [3.8542e-05],
          [4.2004e-05],
          [4.9949e-05],
          [6.3535e-05],
          [5.1294e-05],
          [3.0387e-05],
          [2.7045e-05],
          [2.8834e-05],
          [4.5753e-05],
          [2.3267e-05],
          [4.3243e-05],
          [3.4484e-05],
          [2.6383e-05],
          [3.2721e-05],
          [1.9757e-05],
          [2.7231e-05],
          [2.4086e-05],
          [2.1783e-05],
          [2.4950e-05],
          [1.2749e-04],
          [2.8353e-05],
          [7.4550e-05],
          [3.6128e-05],
          [4.3453e-05],
          [3.6233e-05],
          [4.2428e-05],
          [4.2516e-05],
          [4.2508e-05],
          [4.0318e-05],
          [3.5065e-05],
          [2.9859e-05],
          [3.0205e-05],
          [3.1411e-05],
          [2.5777e-05],
          [3.0706e-05],
          [2.9219e-05],
          [1.5348e-04],
          [5.3169e-05],
          [1.2454e-04],
          [2.8813e-05],
          [2.3254e-05],
          [2.3324e-05],
          [2.3668e-05],
          [1.4126e-04],
          [1.1449e-04],
          [2.5406e-05],
          [2.7792e-05],
          [3.5072e-05],
          [4.2386e-05],
          [4.9862e-05],
          [6.3943e-05],
          [6.9699e-05],
          [6.6135e-05],
          [4.3015e-05],
          [4.3000e-05],
          [3.3397e-05],
          [2.3886e-05],
          [1.7069e-05],
          [1.7246e-05],
          [1.9005e-05],
          [2.4483e-05],
          [1.7471e-05],
          [1.4782e-04],
          [4.6431e-05],
          [3.2121e-05],
          [8.4133e-05],
          [2.2248e-05],
          [3.7804e-05],
          [2.2327e-05],
          [3.1409e-05],
          [1.8625e-05],
          [1.1232e-04],
          [9.7293e-05],
          [3.0006e-05],
          [2.8380e-05],
          [3.0040e-05],
          [2.1738e-05],
          [4.0174e-05],
          [3.6319e-05],
          [6.4285e-05],
          [6.2636e-05],
          [8.3261e-05],
          [1.3483e-04],
          [8.9063e-05],
          [3.4805e-05],
          [2.3172e-05],
          [1.4042e-05],
          [2.7347e-05],
          [1.3812e-05],
          [1.6018e-04],
          [1.6209e-04],
          [1.4568e-05],
          [4.7802e-05],
          [1.2030e-04],
          [1.8867e-05],
          [3.7238e-04],
          [1.8227e-05],
          [2.5638e-04],
          [1.4027e-05],
          [1.2446e-05],
          [1.1874e-05],
          [2.2736e-05],
          [1.3913e-05],
          [1.8245e-05],
          [4.9289e-06]]]])
