# Using CPU
# Loading Embeddings...
# Making Predictions...
torch.Size([1, 1, 442, 244])
tensor([[[[1.9705e-04],
          [2.8944e-05],
          [1.3039e-04],
          [6.4567e-05],
          [8.9968e-06],
          [4.8890e-04],
          [5.8222e-04],
          [2.9215e-05],
          [5.7896e-04],
          [1.0792e-03],
          [1.3638e-05],
          [1.3998e-05],
          [3.8151e-04],
          [2.6307e-04],
          [5.5832e-05],
          [3.2985e-05],
          [9.4435e-05],
          [1.9746e-05],
          [2.3467e-05],
          [1.6962e-05],
          [5.3514e-04],
          [4.1289e-05],
          [1.1001e-03],
          [1.4067e-05],
          [1.2604e-05],
          [1.8257e-05],
          [2.1783e-05],
          [3.2989e-05],
          [3.4806e-05],
          [4.0882e-05],
          [4.2578e-05],
          [5.0099e-05],
          [4.8992e-05],
          [6.8245e-05],
          [4.0100e-05],
          [4.9491e-05],
          [1.1298e-03],
          [9.2262e-05],
          [2.4850e-04],
          [1.1967e-04],
          [7.1169e-04],
          [2.5479e-05],
          [1.9244e-05],
          [2.1185e-05],
          [1.5905e-05],
          [1.5735e-05],
          [1.3101e-05],
          [2.9873e-05],
          [4.9361e-05],
          [2.0395e-04],
          [5.5285e-04],
          [1.8252e-05],
          [1.3278e-05],
          [5.3982e-04],
          [6.8368e-04],
          [1.2225e-05],
          [1.2598e-05],
          [1.7012e-05],
          [1.6273e-05],
          [1.7536e-05],
          [1.7299e-05],
          [1.8081e-05],
          [3.2069e-04],
          [4.7522e-04],
          [1.4453e-05],
          [1.3846e-05],
          [1.4488e-05],
          [1.4203e-05],
          [1.4439e-05],
          [1.3754e-05],
          [1.2650e-05],
          [2.4359e-04],
          [2.4670e-05],
          [2.3836e-05],
          [1.2054e-05],
          [1.8672e-05],
          [2.2210e-03],
          [1.6232e-05],
          [1.4950e-05],
          [1.4263e-05],
          [3.1734e-04],
          [3.0467e-04],
          [1.2435e-05],
          [1.0587e-05],
          [1.1935e-05],
          [1.3616e-05],
          [1.4073e-05],
          [1.5852e-05],
          [1.4168e-05],
          [1.4838e-05],
          [4.4883e-04],
          [7.3512e-05],
          [4.2869e-04],
          [1.2453e-05],
          [1.1834e-05],
          [1.9478e-05],
          [1.9999e-05],
          [2.5812e-05],
          [2.3625e-05],
          [2.4360e-05],
          [2.2070e-05],
          [1.5444e-05],
          [1.3621e-05],
          [1.3943e-05],
          [1.1330e-05],
          [1.1352e-05],
          [1.1731e-05],
          [1.4347e-05],
          [1.4575e-05],
          [1.5983e-05],
          [1.5264e-05],
          [2.8458e-04],
          [1.4411e-04],
          [1.7219e-05],
          [3.6313e-04],
          [1.4042e-05],
          [1.1922e-05],
          [1.1829e-05],
          [1.2492e-05],
          [1.2380e-05],
          [1.2925e-05],
          [1.0388e-05],
          [1.8212e-05],
          [1.0589e-05],
          [1.7035e-05],
          [1.1550e-05],
          [1.1424e-05],
          [1.2112e-05],
          [1.4159e-05],
          [1.5064e-05],
          [1.6530e-05],
          [3.2160e-04],
          [7.6816e-04],
          [2.0753e-05],
          [1.8051e-05],
          [1.5957e-05],
          [1.4956e-05],
          [1.4361e-05],
          [1.3637e-05],
          [1.3327e-05],
          [1.2570e-05],
          [1.2527e-05],
          [1.1590e-05],
          [1.2694e-05],
          [1.2346e-05],
          [1.3110e-05],
          [1.4299e-05],
          [1.9223e-05],
          [2.0669e-05],
          [3.0330e-05],
          [3.0090e-05],
          [3.1078e-05],
          [3.6701e-05],
          [4.7025e-05],
          [3.8627e-05],
          [4.4283e-05],
          [5.5674e-04],
          [4.7048e-04],
          [2.6435e-04],
          [1.3601e-03],
          [2.4185e-05],
          [1.4008e-05],
          [1.4261e-05],
          [1.5271e-05],
          [1.5098e-05],
          [2.4667e-05],
          [1.7561e-05],
          [1.8437e-05],
          [1.9624e-05],
          [1.9465e-05],
          [1.8789e-05],
          [5.3469e-04],
          [9.2445e-04],
          [2.0303e-05],
          [2.1072e-05],
          [3.9486e-05],
          [2.2816e-05],
          [2.1636e-05],
          [1.5962e-04],
          [4.6659e-05],
          [1.8400e-04],
          [1.8012e-05],
          [1.9324e-05],
          [1.1853e-04],
          [1.2332e-05],
          [4.8630e-04],
          [1.1381e-05],
          [1.3946e-05],
          [1.2201e-05],
          [6.1582e-04],
          [5.2526e-05],
          [2.0638e-03],
          [1.5547e-05],
          [1.8354e-05],
          [1.8704e-05],
          [1.5764e-05],
          [1.8428e-05],
          [1.6857e-05],
          [2.1917e-04],
          [5.5711e-04],
          [1.3825e-05],
          [1.3306e-05],
          [1.4355e-05],
          [1.2467e-05],
          [1.3403e-05],
          [1.2501e-05],
          [2.1756e-05],
          [3.6999e-04],
          [9.1844e-04],
          [1.2485e-05],
          [1.3146e-05],
          [1.3428e-05],
          [1.5491e-05],
          [4.3169e-04],
          [2.7519e-05],
          [1.9737e-05],
          [1.9868e-03],
          [1.5239e-05],
          [1.3427e-05],
          [1.2178e-05],
          [1.5821e-05],
          [1.3117e-05],
          [1.2341e-05],
          [1.0230e-05],
          [1.0805e-05],
          [2.8905e-05],
          [1.2451e-05],
          [1.2687e-05],
          [1.0437e-05],
          [9.7745e-06],
          [1.3939e-05],
          [1.2867e-05],
          [1.1538e-05],
          [1.1912e-05],
          [4.3583e-04],
          [5.2561e-04],
          [1.5407e-05],
          [1.4539e-05],
          [1.2694e-05],
          [1.4870e-05],
          [1.5239e-05],
          [1.6194e-05],
          [1.4193e-05],
          [1.6955e-05],
          [1.6249e-05],
          [1.0421e-05],
          [5.2866e-04],
          [2.6673e-04],
          [1.7537e-05],
          [2.9508e-04],
          [1.1792e-05],
          [2.8213e-04],
          [4.0363e-04],
          [1.7136e-05],
          [2.4000e-05],
          [2.7130e-05],
          [2.3192e-05],
          [2.8155e-05],
          [3.0941e-05],
          [3.4578e-05],
          [2.5587e-05],
          [3.3377e-05],
          [3.0416e-05],
          [3.9788e-05],
          [9.1295e-05],
          [3.4535e-05],
          [9.9332e-05],
          [1.4226e-04],
          [1.5435e-05],
          [1.5493e-05],
          [3.7005e-04],
          [2.9284e-04],
          [1.6213e-05],
          [2.4359e-04],
          [1.2712e-04],
          [4.8430e-05],
          [1.5651e-04],
          [1.1602e-05],
          [1.1861e-05],
          [9.8483e-06],
          [9.3936e-06],
          [9.0042e-06],
          [9.5540e-06],
          [2.2115e-05],
          [9.8655e-06],
          [1.1813e-05],
          [9.4797e-06],
          [3.4329e-04],
          [2.1419e-05],
          [8.4867e-05],
          [2.4271e-04],
          [9.7216e-06],
          [9.4961e-06],
          [9.6387e-06],
          [9.2249e-06],
          [9.2870e-06],
          [1.3511e-05],
          [4.5632e-04],
          [2.7877e-05],
          [1.8405e-03],
          [1.1903e-05],
          [1.1465e-05],
          [1.3142e-05],
          [1.5210e-05],
          [1.3485e-05],
          [1.5624e-05],
          [1.4470e-05],
          [2.1026e-05],
          [1.8072e-05],
          [2.2282e-05],
          [2.7544e-05],
          [2.6350e-05],
          [4.5585e-04],
          [9.3806e-04],
          [1.9282e-05],
          [1.6900e-05],
          [2.4593e-05],
          [1.2571e-05],
          [1.2273e-05],
          [1.2632e-05],
          [1.4771e-05],
          [1.3611e-05],
          [1.4701e-05],
          [1.0541e-05],
          [1.2465e-05],
          [9.9823e-06],
          [1.2875e-05],
          [1.2227e-05],
          [1.5507e-05],
          [1.3419e-05],
          [1.4196e-05],
          [1.3556e-05],
          [1.6595e-05],
          [1.4990e-05],
          [1.2136e-05],
          [1.6408e-05],
          [1.8049e-05],
          [1.6416e-05],
          [1.5829e-05],
          [2.1261e-05],
          [2.0429e-05],
          [2.8568e-05],
          [1.9330e-05],
          [2.0184e-05],
          [2.2483e-05],
          [2.4237e-05],
          [1.6179e-05],
          [1.5449e-05],
          [1.6481e-05],
          [1.7179e-05],
          [1.5540e-05],
          [1.3001e-05],
          [1.3892e-05],
          [1.3202e-05],
          [1.3441e-05],
          [1.6859e-05],
          [5.6723e-04],
          [5.2623e-05],
          [2.1097e-03],
          [2.0677e-05],
          [1.9382e-05],
          [1.7377e-05],
          [1.6505e-05],
          [1.8080e-05],
          [1.3327e-05],
          [1.1694e-05],
          [1.1425e-05],
          [1.1477e-05],
          [1.2777e-05],
          [1.3438e-05],
          [1.3218e-05],
          [1.6860e-05],
          [1.5674e-05],
          [5.6261e-04],
          [8.2064e-05],
          [1.7173e-03],
          [1.2361e-05],
          [1.0492e-05],
          [8.5241e-06],
          [9.3889e-06],
          [3.5209e-04],
          [1.3754e-03],
          [1.0889e-05],
          [1.2591e-05],
          [1.5609e-05],
          [2.1085e-05],
          [2.7684e-05],
          [3.3757e-05],
          [3.7389e-05],
          [2.9437e-05],
          [2.3602e-05],
          [2.0500e-05],
          [1.7858e-05],
          [1.3214e-05],
          [1.1512e-05],
          [1.1483e-05],
          [1.2110e-05],
          [2.2564e-05],
          [1.1025e-05],
          [3.1088e-05],
          [3.1409e-05],
          [3.2938e-05],
          [4.6305e-05],
          [2.2568e-05],
          [2.2761e-05],
          [2.4694e-05],
          [2.2265e-05],
          [1.7605e-05],
          [2.3742e-04],
          [4.2825e-04],
          [1.9415e-05],
          [1.6579e-05],
          [1.5292e-05],
          [1.4351e-05],
          [2.1012e-05],
          [2.1374e-05],
          [2.0460e-05],
          [1.7104e-04],
          [6.8983e-05],
          [2.6999e-04],
          [7.6352e-04],
          [1.7909e-05],
          [1.5667e-05],
          [1.4413e-05],
          [1.4243e-05],
          [1.2481e-05],
          [2.7406e-04],
          [1.8618e-04],
          [1.8342e-05],
          [6.3055e-05],
          [5.0175e-04],
          [1.7217e-05],
          [3.4980e-04],
          [2.1214e-05],
          [2.9013e-04],
          [1.6219e-05],
          [1.1377e-05],
          [1.0484e-05],
          [1.0150e-05],
          [1.4764e-05],
          [8.1100e-05],
          [9.8020e-06]]]])
