# Using CPU
# Loading Embeddings...
# Making Predictions...
torch.Size([1, 1, 442, 250])
tensor([[[[2.2952e-04],
          [3.4714e-05],
          [1.2000e-04],
          [7.9142e-05],
          [8.0719e-06],
          [2.3425e-04],
          [3.4342e-04],
          [3.7481e-05],
          [6.7461e-04],
          [7.6714e-04],
          [1.4490e-05],
          [1.3792e-05],
          [3.2421e-04],
          [1.7123e-04],
          [8.5106e-05],
          [2.4846e-05],
          [7.7762e-05],
          [2.0744e-05],
          [2.2167e-05],
          [1.7124e-05],
          [9.1470e-04],
          [3.9476e-05],
          [9.8244e-04],
          [1.2091e-05],
          [1.5469e-05],
          [2.2765e-05],
          [3.0781e-05],
          [5.1291e-05],
          [6.0098e-05],
          [7.3309e-05],
          [7.4619e-05],
          [8.9074e-05],
          [8.3156e-05],
          [9.2383e-05],
          [7.3696e-05],
          [5.7411e-05],
          [3.8957e-04],
          [3.8922e-05],
          [1.6200e-04],
          [1.4325e-04],
          [6.0939e-04],
          [1.9938e-05],
          [1.9932e-05],
          [2.2416e-05],
          [1.6117e-05],
          [1.6235e-05],
          [1.2964e-05],
          [2.5275e-05],
          [4.7480e-05],
          [2.3712e-04],
          [5.2964e-04],
          [1.6960e-05],
          [1.3844e-05],
          [8.6389e-04],
          [6.6635e-04],
          [1.5005e-05],
          [1.5438e-05],
          [1.5932e-05],
          [1.7917e-05],
          [2.1369e-05],
          [2.1378e-05],
          [2.0500e-05],
          [2.6489e-04],
          [4.0340e-04],
          [1.7785e-05],
          [1.7870e-05],
          [1.6158e-05],
          [1.4406e-05],
          [1.4801e-05],
          [1.4409e-05],
          [1.3383e-05],
          [3.0113e-04],
          [2.6341e-05],
          [2.2729e-05],
          [1.5018e-05],
          [1.7337e-05],
          [2.1100e-03],
          [1.4748e-05],
          [1.2911e-05],
          [1.0482e-05],
          [2.1647e-04],
          [3.3640e-04],
          [1.2288e-05],
          [1.1534e-05],
          [1.3402e-05],
          [1.6129e-05],
          [1.7575e-05],
          [1.9214e-05],
          [1.6603e-05],
          [1.4788e-05],
          [8.4933e-04],
          [6.7604e-05],
          [4.8727e-04],
          [1.2596e-05],
          [1.9681e-05],
          [3.1106e-05],
          [3.6693e-05],
          [4.0722e-05],
          [4.3860e-05],
          [3.9441e-05],
          [3.1758e-05],
          [2.1939e-05],
          [1.4478e-05],
          [1.4621e-05],
          [1.2136e-05],
          [1.6725e-05],
          [1.9174e-05],
          [2.4403e-05],
          [2.6007e-05],
          [2.7646e-05],
          [2.2661e-05],
          [2.2314e-04],
          [1.4212e-04],
          [1.9828e-05],
          [3.9598e-04],
          [1.6846e-05],
          [1.4838e-05],
          [1.2734e-05],
          [1.4994e-05],
          [1.7794e-05],
          [1.7134e-05],
          [1.2983e-05],
          [1.8448e-05],
          [1.2318e-05],
          [1.3881e-05],
          [1.3353e-05],
          [1.4663e-05],
          [1.5315e-05],
          [1.9188e-05],
          [2.0759e-05],
          [2.0159e-05],
          [3.7718e-04],
          [8.4304e-04],
          [2.4472e-05],
          [2.7368e-05],
          [2.7089e-05],
          [2.4068e-05],
          [2.5872e-05],
          [2.0250e-05],
          [2.1145e-05],
          [1.6605e-05],
          [1.6162e-05],
          [1.1150e-05],
          [1.2413e-05],
          [1.4560e-05],
          [1.9171e-05],
          [2.1194e-05],
          [3.0586e-05],
          [3.7883e-05],
          [5.6572e-05],
          [5.8610e-05],
          [6.9325e-05],
          [6.3399e-05],
          [7.7162e-05],
          [6.0399e-05],
          [5.3240e-05],
          [2.2080e-03],
          [8.0281e-04],
          [5.8631e-04],
          [1.8441e-03],
          [1.6160e-05],
          [1.7505e-05],
          [1.6545e-05],
          [1.8618e-05],
          [1.9028e-05],
          [2.6216e-05],
          [2.3544e-05],
          [2.3934e-05],
          [2.5078e-05],
          [2.6122e-05],
          [2.3265e-05],
          [1.0778e-03],
          [9.5495e-04],
          [2.8875e-05],
          [3.4607e-05],
          [3.7378e-05],
          [3.8673e-05],
          [3.5490e-05],
          [2.7312e-04],
          [5.6162e-05],
          [2.1966e-04],
          [1.5765e-05],
          [2.3016e-05],
          [2.6940e-04],
          [1.8291e-05],
          [6.7890e-04],
          [1.8727e-05],
          [1.5635e-05],
          [1.6262e-05],
          [2.1054e-03],
          [8.6466e-05],
          [2.6214e-03],
          [2.1947e-05],
          [2.6324e-05],
          [2.7824e-05],
          [2.6866e-05],
          [3.3166e-05],
          [2.5608e-05],
          [2.7105e-04],
          [5.7176e-04],
          [2.0849e-05],
          [1.7627e-05],
          [1.7628e-05],
          [1.2929e-05],
          [1.3488e-05],
          [1.2847e-05],
          [1.1463e-05],
          [6.5765e-04],
          [1.1133e-03],
          [1.2774e-05],
          [1.3154e-05],
          [1.4387e-05],
          [1.4228e-05],
          [9.3729e-04],
          [2.6717e-05],
          [1.6286e-05],
          [2.0205e-03],
          [1.5845e-05],
          [1.6417e-05],
          [1.3244e-05],
          [1.4311e-05],
          [1.5339e-05],
          [1.2767e-05],
          [1.1402e-05],
          [1.1896e-05],
          [1.3436e-05],
          [1.3142e-05],
          [1.1640e-05],
          [1.2266e-05],
          [1.1677e-05],
          [1.2160e-05],
          [1.3046e-05],
          [1.0937e-05],
          [1.2268e-05],
          [7.5814e-04],
          [6.6140e-04],
          [1.8617e-05],
          [1.7124e-05],
          [1.3566e-05],
          [1.5139e-05],
          [1.6729e-05],
          [2.2539e-05],
          [1.7709e-05],
          [2.4694e-05],
          [2.2605e-05],
          [1.3106e-05],
          [5.6113e-04],
          [1.7778e-04],
          [2.5278e-05],
          [2.1808e-04],
          [1.1515e-05],
          [3.7047e-04],
          [3.3608e-04],
          [1.7599e-05],
          [2.1330e-05],
          [2.1822e-05],
          [2.1343e-05],
          [2.9113e-05],
          [3.2840e-05],
          [4.7079e-05],
          [4.4984e-05],
          [7.4982e-05],
          [8.3122e-05],
          [1.3692e-04],
          [1.0428e-04],
          [1.1105e-04],
          [6.8463e-05],
          [2.2267e-04],
          [3.2295e-05],
          [3.2075e-05],
          [3.3204e-04],
          [4.5576e-04],
          [2.0108e-05],
          [2.6606e-04],
          [1.3964e-04],
          [4.2840e-05],
          [1.6338e-04],
          [1.4833e-05],
          [1.4156e-05],
          [9.6213e-06],
          [9.4773e-06],
          [9.1288e-06],
          [9.4032e-06],
          [2.2905e-05],
          [1.3934e-05],
          [1.8550e-05],
          [1.2375e-05],
          [4.0633e-04],
          [2.2404e-05],
          [8.3725e-05],
          [2.4046e-04],
          [1.3563e-05],
          [1.0052e-05],
          [9.5571e-06],
          [1.0023e-05],
          [9.6207e-06],
          [9.9209e-06],
          [1.0339e-03],
          [3.3455e-05],
          [2.2337e-03],
          [1.4491e-05],
          [1.2257e-05],
          [1.2603e-05],
          [1.1571e-05],
          [1.1553e-05],
          [1.2800e-05],
          [1.2749e-05],
          [1.6864e-05],
          [1.5939e-05],
          [2.3741e-05],
          [2.7080e-05],
          [3.3810e-05],
          [7.5467e-04],
          [9.7591e-04],
          [2.2022e-05],
          [1.8480e-05],
          [1.3627e-05],
          [1.1867e-05],
          [1.1063e-05],
          [1.5792e-05],
          [1.9815e-05],
          [1.7252e-05],
          [1.3221e-05],
          [1.1604e-05],
          [1.4411e-05],
          [1.0776e-05],
          [1.0763e-05],
          [1.1041e-05],
          [1.2752e-05],
          [1.1629e-05],
          [1.1723e-05],
          [1.1579e-05],
          [1.2865e-05],
          [1.3051e-05],
          [1.5589e-05],
          [1.7255e-05],
          [2.1867e-05],
          [2.3603e-05],
          [1.9257e-05],
          [2.8037e-05],
          [2.8361e-05],
          [2.9887e-05],
          [1.9005e-05],
          [2.2058e-05],
          [1.8931e-05],
          [2.0636e-05],
          [1.5937e-05],
          [1.9991e-05],
          [1.7708e-05],
          [2.3962e-05],
          [2.4541e-05],
          [1.9627e-05],
          [1.4725e-05],
          [1.3364e-05],
          [1.4837e-05],
          [1.4865e-05],
          [4.2120e-04],
          [5.0562e-05],
          [2.0931e-03],
          [1.9721e-05],
          [2.1489e-05],
          [1.7311e-05],
          [1.7917e-05],
          [1.5861e-05],
          [1.2526e-05],
          [1.2409e-05],
          [1.1120e-05],
          [1.0171e-05],
          [1.1676e-05],
          [1.1883e-05],
          [1.1029e-05],
          [1.4133e-05],
          [1.4721e-05],
          [8.3645e-04],
          [7.3495e-05],
          [1.7220e-03],
          [1.4638e-05],
          [1.1584e-05],
          [9.0675e-06],
          [9.6434e-06],
          [4.9321e-04],
          [1.2481e-03],
          [1.1852e-05],
          [1.1212e-05],
          [1.2218e-05],
          [2.1412e-05],
          [2.8601e-05],
          [3.5772e-05],
          [3.8065e-05],
          [3.1674e-05],
          [2.7364e-05],
          [2.0697e-05],
          [1.9471e-05],
          [1.3132e-05],
          [1.1831e-05],
          [1.1709e-05],
          [1.1004e-05],
          [1.1942e-05],
          [1.2740e-05],
          [3.3310e-05],
          [3.8208e-05],
          [4.7252e-05],
          [4.5232e-05],
          [3.0318e-05],
          [2.6272e-05],
          [2.2580e-05],
          [2.2685e-05],
          [1.7244e-05],
          [2.8104e-04],
          [5.1935e-04],
          [2.0786e-05],
          [1.8115e-05],
          [1.5353e-05],
          [1.4111e-05],
          [1.9805e-05],
          [2.1857e-05],
          [1.6703e-05],
          [1.3850e-04],
          [6.8182e-05],
          [3.5827e-04],
          [8.9830e-04],
          [1.8680e-05],
          [1.4812e-05],
          [1.5045e-05],
          [1.6573e-05],
          [1.3203e-05],
          [4.7774e-04],
          [1.8562e-04],
          [2.0916e-05],
          [8.3438e-05],
          [4.1534e-04],
          [1.4318e-05],
          [3.3007e-04],
          [2.5543e-05],
          [3.0379e-04],
          [1.5853e-05],
          [1.1876e-05],
          [1.0394e-05],
          [1.0999e-05],
          [2.9178e-05],
          [2.5827e-05],
          [7.0603e-06]]]])
