# Using CPU
# Loading Embeddings...
# Making Predictions...
torch.Size([1, 1, 442, 252])
tensor([[[[1.3159e-04],
          [3.1214e-05],
          [1.3367e-04],
          [1.1613e-04],
          [8.2664e-06],
          [2.2848e-04],
          [2.9663e-04],
          [3.2341e-05],
          [1.9546e-04],
          [3.7802e-04],
          [1.2896e-05],
          [1.2894e-05],
          [2.3073e-04],
          [3.2312e-04],
          [5.3082e-05],
          [2.1508e-05],
          [6.9824e-05],
          [1.6782e-05],
          [1.7945e-05],
          [1.4388e-05],
          [8.0049e-04],
          [4.0668e-05],
          [6.6853e-04],
          [1.3489e-05],
          [1.2980e-05],
          [1.6509e-05],
          [2.1266e-05],
          [3.2502e-05],
          [3.6367e-05],
          [4.6262e-05],
          [4.1868e-05],
          [4.6902e-05],
          [4.5467e-05],
          [5.4904e-05],
          [3.9730e-05],
          [3.6295e-05],
          [3.8233e-04],
          [8.0641e-05],
          [2.3008e-04],
          [1.2907e-04],
          [5.1601e-04],
          [1.8926e-05],
          [1.5995e-05],
          [1.7927e-05],
          [1.3457e-05],
          [1.4361e-05],
          [1.4129e-05],
          [3.3952e-05],
          [6.1689e-05],
          [2.5347e-04],
          [4.3107e-04],
          [2.1573e-05],
          [1.5402e-05],
          [5.1539e-04],
          [4.5265e-04],
          [1.1486e-05],
          [1.0369e-05],
          [1.6645e-05],
          [1.3398e-05],
          [1.4218e-05],
          [1.3783e-05],
          [1.3590e-05],
          [3.6636e-04],
          [5.2886e-04],
          [1.3874e-05],
          [1.2946e-05],
          [1.3484e-05],
          [1.4210e-05],
          [1.3536e-05],
          [1.2118e-05],
          [1.1588e-05],
          [3.0263e-04],
          [2.2435e-05],
          [2.8006e-05],
          [1.2698e-05],
          [2.0929e-05],
          [1.4788e-03],
          [1.3530e-05],
          [1.4573e-05],
          [1.2395e-05],
          [2.0723e-04],
          [3.6916e-04],
          [1.2371e-05],
          [1.1001e-05],
          [1.0981e-05],
          [1.2366e-05],
          [1.3189e-05],
          [1.4782e-05],
          [1.3504e-05],
          [1.3805e-05],
          [5.5896e-04],
          [9.8032e-05],
          [5.4500e-04],
          [1.4220e-05],
          [1.4527e-05],
          [2.1827e-05],
          [2.7120e-05],
          [3.0234e-05],
          [3.0218e-05],
          [3.2046e-05],
          [3.6891e-05],
          [1.9172e-05],
          [1.3566e-05],
          [1.3118e-05],
          [9.6519e-06],
          [1.2960e-05],
          [1.3441e-05],
          [1.5095e-05],
          [1.5669e-05],
          [1.5854e-05],
          [1.2953e-05],
          [7.8423e-05],
          [1.6535e-04],
          [2.9033e-05],
          [5.9963e-04],
          [1.6118e-05],
          [1.2698e-05],
          [1.1456e-05],
          [1.2409e-05],
          [1.1098e-05],
          [1.1662e-05],
          [1.0247e-05],
          [2.1901e-05],
          [1.1902e-05],
          [1.4076e-05],
          [1.0619e-05],
          [1.0795e-05],
          [1.0654e-05],
          [1.1395e-05],
          [1.3074e-05],
          [1.2198e-05],
          [4.7331e-04],
          [6.4092e-04],
          [1.8005e-05],
          [1.7148e-05],
          [1.3117e-05],
          [1.1939e-05],
          [1.2069e-05],
          [1.1403e-05],
          [1.1326e-05],
          [1.0412e-05],
          [1.0065e-05],
          [1.0060e-05],
          [1.0375e-05],
          [1.1908e-05],
          [1.3212e-05],
          [1.3395e-05],
          [1.6451e-05],
          [2.0282e-05],
          [2.7545e-05],
          [2.8764e-05],
          [3.2020e-05],
          [2.8923e-05],
          [3.5483e-05],
          [3.2795e-05],
          [3.3902e-05],
          [2.2878e-04],
          [3.9125e-04],
          [3.6601e-04],
          [1.0046e-03],
          [1.5669e-05],
          [1.4424e-05],
          [1.4457e-05],
          [1.5747e-05],
          [1.5101e-05],
          [1.7969e-05],
          [1.7750e-05],
          [1.7033e-05],
          [1.7739e-05],
          [1.7082e-05],
          [1.4777e-05],
          [6.7059e-04],
          [8.8531e-04],
          [1.6967e-05],
          [1.6806e-05],
          [1.7783e-05],
          [1.9533e-05],
          [1.8762e-05],
          [2.5533e-04],
          [4.2494e-05],
          [7.1255e-04],
          [1.2809e-05],
          [1.6821e-05],
          [3.1674e-04],
          [1.6889e-05],
          [5.6595e-04],
          [1.4268e-05],
          [1.2598e-05],
          [1.1778e-05],
          [5.9446e-04],
          [4.4114e-05],
          [9.9091e-04],
          [1.5181e-05],
          [1.7223e-05],
          [1.6084e-05],
          [1.5630e-05],
          [1.7403e-05],
          [1.5024e-05],
          [3.1328e-04],
          [6.1030e-04],
          [1.4433e-05],
          [1.2482e-05],
          [1.4309e-05],
          [1.3002e-05],
          [1.3805e-05],
          [1.4415e-05],
          [2.7964e-05],
          [4.1195e-04],
          [6.8703e-04],
          [1.4879e-05],
          [1.2065e-05],
          [1.1964e-05],
          [1.3925e-05],
          [5.3286e-04],
          [3.3920e-05],
          [2.3115e-05],
          [1.5570e-03],
          [1.6583e-05],
          [1.8461e-05],
          [1.4423e-05],
          [1.8732e-05],
          [1.4093e-05],
          [1.1868e-05],
          [1.1065e-05],
          [1.1233e-05],
          [6.6635e-05],
          [1.2139e-05],
          [1.2297e-05],
          [1.3000e-05],
          [1.2099e-05],
          [1.3094e-05],
          [1.4184e-05],
          [1.0003e-05],
          [1.2884e-05],
          [4.4887e-04],
          [4.2922e-04],
          [1.5673e-05],
          [1.4330e-05],
          [1.2830e-05],
          [1.4247e-05],
          [1.6562e-05],
          [1.8943e-05],
          [1.5637e-05],
          [2.3994e-05],
          [1.9781e-05],
          [1.1873e-05],
          [1.7825e-04],
          [1.4767e-04],
          [2.1336e-05],
          [3.7175e-04],
          [1.2723e-05],
          [2.6679e-04],
          [3.1326e-04],
          [1.7952e-05],
          [2.0557e-05],
          [2.3293e-05],
          [2.0756e-05],
          [2.5946e-05],
          [2.9403e-05],
          [3.2833e-05],
          [2.6567e-05],
          [3.0239e-05],
          [3.5837e-05],
          [3.3157e-05],
          [3.8576e-05],
          [3.3586e-05],
          [2.9459e-05],
          [3.0742e-04],
          [2.1816e-05],
          [2.2020e-05],
          [5.9855e-04],
          [9.7796e-05],
          [7.9370e-05],
          [3.0425e-04],
          [1.8100e-04],
          [3.4939e-05],
          [4.3467e-04],
          [1.8175e-05],
          [1.3757e-05],
          [9.8195e-06],
          [9.4873e-06],
          [8.9079e-06],
          [9.4552e-06],
          [1.6629e-05],
          [1.2723e-05],
          [1.6244e-05],
          [1.0768e-05],
          [3.4335e-04],
          [2.8148e-05],
          [1.2226e-04],
          [1.2188e-04],
          [1.1622e-05],
          [9.7555e-06],
          [1.8220e-05],
          [9.2864e-06],
          [9.4331e-06],
          [9.3791e-06],
          [6.5117e-04],
          [3.0205e-05],
          [1.2984e-03],
          [1.4905e-05],
          [1.1308e-05],
          [1.3817e-05],
          [1.3303e-05],
          [1.2624e-05],
          [1.4046e-05],
          [1.2997e-05],
          [1.6002e-05],
          [1.5521e-05],
          [1.9488e-05],
          [2.1177e-05],
          [2.6124e-05],
          [3.6500e-04],
          [6.8720e-04],
          [2.2529e-05],
          [1.6973e-05],
          [4.1439e-05],
          [1.1821e-05],
          [1.1051e-05],
          [1.2379e-05],
          [1.4806e-05],
          [1.7659e-05],
          [1.3899e-05],
          [1.0635e-05],
          [1.1244e-05],
          [1.0572e-05],
          [1.2461e-05],
          [1.2192e-05],
          [1.4539e-05],
          [1.2866e-05],
          [1.3972e-05],
          [1.2883e-05],
          [3.2578e-05],
          [1.1896e-05],
          [1.1411e-05],
          [1.3428e-05],
          [1.7756e-05],
          [1.7635e-05],
          [1.6225e-05],
          [2.4955e-05],
          [2.1893e-05],
          [2.3059e-05],
          [1.4343e-05],
          [1.5061e-05],
          [1.4139e-05],
          [1.4617e-05],
          [1.1956e-05],
          [2.0437e-05],
          [1.3925e-05],
          [1.7187e-05],
          [1.5903e-05],
          [1.7969e-05],
          [1.3012e-05],
          [1.1293e-05],
          [1.2063e-05],
          [1.1890e-05],
          [1.6638e-04],
          [2.5712e-05],
          [5.7160e-04],
          [1.9094e-05],
          [1.7686e-05],
          [1.6202e-05],
          [1.5394e-05],
          [1.3971e-05],
          [1.1362e-05],
          [1.0215e-05],
          [1.0583e-05],
          [1.0482e-05],
          [1.1157e-05],
          [1.1259e-05],
          [1.1746e-05],
          [1.4176e-05],
          [1.3768e-05],
          [1.8891e-04],
          [1.3605e-04],
          [9.5284e-04],
          [1.5054e-05],
          [1.0166e-05],
          [8.9222e-06],
          [1.2296e-05],
          [3.1602e-04],
          [7.7848e-04],
          [1.0889e-05],
          [9.8576e-06],
          [1.1734e-05],
          [1.3692e-05],
          [1.7979e-05],
          [2.1063e-05],
          [2.3753e-05],
          [2.0881e-05],
          [1.9995e-05],
          [1.4410e-05],
          [1.4614e-05],
          [1.0363e-05],
          [1.0971e-05],
          [1.1577e-05],
          [1.0706e-05],
          [1.2100e-05],
          [1.1460e-05],
          [2.5514e-05],
          [3.5703e-05],
          [4.3766e-05],
          [4.5484e-05],
          [2.9501e-05],
          [2.3264e-05],
          [2.3745e-05],
          [2.0684e-05],
          [1.5805e-05],
          [2.4240e-04],
          [3.2518e-04],
          [1.8255e-05],
          [1.3978e-05],
          [1.3505e-05],
          [1.4210e-05],
          [1.9218e-05],
          [1.9524e-05],
          [1.7609e-05],
          [8.0209e-05],
          [3.7226e-05],
          [2.4679e-04],
          [4.1285e-04],
          [1.7184e-05],
          [1.4484e-05],
          [1.4402e-05],
          [1.2601e-05],
          [1.2126e-05],
          [4.2467e-04],
          [1.3445e-04],
          [2.3418e-05],
          [7.9355e-05],
          [4.8930e-04],
          [1.6292e-05],
          [2.8881e-04],
          [2.0198e-05],
          [3.9383e-04],
          [1.6795e-05],
          [1.1434e-05],
          [9.2672e-06],
          [9.5906e-06],
          [1.2205e-05],
          [2.7965e-05],
          [7.6770e-06]]]])
