# Using CPU
# Loading Embeddings...
# Making Predictions...
torch.Size([1, 1, 442, 263])
tensor([[[[1.7417e-04],
          [5.0357e-05],
          [1.1337e-04],
          [3.8008e-05],
          [9.5391e-06],
          [2.6716e-04],
          [2.8886e-04],
          [2.1421e-05],
          [1.8061e-04],
          [3.9204e-04],
          [1.6168e-05],
          [1.5590e-05],
          [3.7859e-04],
          [2.4081e-04],
          [3.3599e-05],
          [1.1153e-05],
          [1.1514e-05],
          [1.2536e-05],
          [1.6747e-05],
          [2.5768e-05],
          [3.6526e-04],
          [3.4329e-05],
          [3.7026e-04],
          [1.6363e-05],
          [1.8904e-05],
          [2.6766e-05],
          [3.5906e-05],
          [6.2256e-05],
          [6.5386e-05],
          [9.4362e-05],
          [6.5523e-05],
          [9.5504e-05],
          [6.9478e-05],
          [7.7018e-05],
          [6.2824e-05],
          [5.6148e-05],
          [1.1600e-03],
          [4.3394e-05],
          [1.7165e-04],
          [1.2614e-04],
          [2.4457e-04],
          [2.2142e-05],
          [1.8817e-05],
          [1.8411e-05],
          [1.4648e-05],
          [1.2585e-05],
          [1.1786e-05],
          [1.2171e-05],
          [1.2201e-05],
          [1.5164e-04],
          [2.2758e-04],
          [1.2221e-05],
          [1.0068e-05],
          [2.1390e-04],
          [2.2987e-04],
          [1.5425e-05],
          [1.5387e-05],
          [1.3921e-05],
          [1.5844e-05],
          [2.0261e-05],
          [1.9138e-05],
          [1.9782e-05],
          [4.2318e-04],
          [2.1054e-04],
          [1.7295e-05],
          [1.7246e-05],
          [1.5874e-05],
          [1.4931e-05],
          [1.5076e-05],
          [1.4279e-05],
          [1.4948e-05],
          [2.6294e-04],
          [3.0917e-05],
          [2.4057e-05],
          [1.5865e-05],
          [2.2724e-05],
          [4.7830e-04],
          [1.4049e-05],
          [1.2977e-05],
          [1.1944e-05],
          [2.4761e-04],
          [1.8071e-04],
          [1.1502e-05],
          [1.2787e-05],
          [1.5539e-05],
          [1.7286e-05],
          [1.9507e-05],
          [2.1174e-05],
          [1.7062e-05],
          [1.5369e-05],
          [2.4514e-04],
          [6.3245e-05],
          [3.4902e-04],
          [1.5373e-05],
          [2.3508e-05],
          [4.2068e-05],
          [4.6816e-05],
          [7.0789e-05],
          [4.8076e-05],
          [5.2057e-05],
          [3.4293e-05],
          [2.5016e-05],
          [1.5187e-05],
          [1.1891e-05],
          [1.5375e-05],
          [2.1668e-05],
          [2.6445e-05],
          [3.2056e-05],
          [3.2334e-05],
          [3.3312e-05],
          [2.7224e-05],
          [1.0179e-04],
          [1.7800e-04],
          [3.1340e-05],
          [3.1698e-04],
          [1.6964e-05],
          [1.3357e-05],
          [1.0460e-05],
          [1.2473e-05],
          [1.4179e-05],
          [1.4077e-05],
          [1.1353e-05],
          [1.3995e-05],
          [1.8294e-05],
          [1.4694e-05],
          [1.4589e-05],
          [1.7719e-05],
          [1.7358e-05],
          [2.3809e-05],
          [2.2481e-05],
          [2.7247e-05],
          [4.1737e-04],
          [3.6370e-04],
          [3.3512e-05],
          [3.8114e-05],
          [2.6742e-05],
          [2.1784e-05],
          [1.7830e-05],
          [1.4674e-05],
          [1.4479e-05],
          [1.3310e-05],
          [1.2849e-05],
          [1.0487e-05],
          [1.2735e-05],
          [1.6708e-05],
          [2.4155e-05],
          [2.6467e-05],
          [3.9936e-05],
          [4.9821e-05],
          [7.7804e-05],
          [7.5928e-05],
          [6.5071e-05],
          [6.8499e-05],
          [5.6778e-05],
          [5.1682e-05],
          [4.6777e-05],
          [1.9221e-04],
          [1.8207e-04],
          [1.1966e-04],
          [3.7532e-04],
          [2.3783e-05],
          [1.8395e-05],
          [1.7065e-05],
          [2.0602e-05],
          [1.7365e-05],
          [2.5850e-05],
          [1.7999e-05],
          [2.0365e-05],
          [1.9773e-05],
          [2.3885e-05],
          [1.8932e-05],
          [2.6002e-04],
          [3.0310e-04],
          [2.6895e-05],
          [3.8719e-05],
          [4.0794e-05],
          [4.0650e-05],
          [3.8254e-05],
          [3.5616e-04],
          [5.4663e-05],
          [2.2595e-04],
          [1.6928e-05],
          [1.6830e-05],
          [1.8411e-04],
          [1.4718e-05],
          [3.2472e-04],
          [1.2440e-05],
          [1.4003e-05],
          [1.2576e-05],
          [3.4127e-04],
          [4.4873e-05],
          [6.0089e-04],
          [2.1348e-05],
          [2.7336e-05],
          [2.9850e-05],
          [2.8125e-05],
          [3.0718e-05],
          [2.8194e-05],
          [3.1593e-04],
          [1.8338e-04],
          [1.9786e-05],
          [1.7412e-05],
          [1.6435e-05],
          [1.2565e-05],
          [1.4199e-05],
          [1.7227e-05],
          [1.5083e-05],
          [2.2703e-04],
          [2.1434e-04],
          [1.4864e-05],
          [1.3949e-05],
          [1.4260e-05],
          [1.4043e-05],
          [2.4691e-04],
          [3.4874e-05],
          [2.0944e-05],
          [3.8578e-04],
          [1.4782e-05],
          [1.2253e-05],
          [1.2314e-05],
          [1.1384e-05],
          [1.3929e-05],
          [1.2817e-05],
          [1.1538e-05],
          [1.4532e-05],
          [1.4632e-05],
          [1.5100e-05],
          [1.2643e-05],
          [1.3788e-05],
          [1.5568e-05],
          [1.1750e-05],
          [1.0925e-05],
          [1.1851e-05],
          [1.1219e-05],
          [2.3647e-04],
          [1.5414e-04],
          [1.3530e-05],
          [1.4233e-05],
          [1.1629e-05],
          [1.6121e-05],
          [1.7855e-05],
          [2.2064e-05],
          [1.7148e-05],
          [2.3204e-05],
          [2.4523e-05],
          [1.3848e-05],
          [1.1002e-04],
          [2.5194e-04],
          [2.5891e-05],
          [2.3447e-04],
          [1.1896e-05],
          [1.2461e-04],
          [1.7655e-04],
          [1.4980e-05],
          [1.6532e-05],
          [1.7967e-05],
          [1.8226e-05],
          [2.3150e-05],
          [2.5794e-05],
          [4.0914e-05],
          [4.1997e-05],
          [6.6870e-05],
          [6.7733e-05],
          [9.2115e-05],
          [8.2634e-05],
          [1.0229e-04],
          [6.3010e-05],
          [4.3974e-04],
          [3.7464e-05],
          [3.7303e-05],
          [2.4488e-04],
          [7.8578e-05],
          [2.4176e-05],
          [1.6420e-04],
          [1.4523e-04],
          [5.2327e-05],
          [2.0552e-04],
          [1.4019e-05],
          [1.0786e-05],
          [9.7182e-06],
          [9.8894e-06],
          [1.1325e-05],
          [1.5544e-05],
          [3.5787e-05],
          [1.4047e-05],
          [1.7038e-05],
          [1.2777e-05],
          [4.0382e-04],
          [3.4673e-05],
          [1.1015e-04],
          [7.6480e-05],
          [1.2747e-05],
          [9.7176e-06],
          [9.9589e-06],
          [9.7977e-06],
          [9.2200e-06],
          [1.0559e-05],
          [2.4893e-04],
          [2.2728e-05],
          [4.7441e-04],
          [1.6603e-05],
          [1.0375e-05],
          [1.0702e-05],
          [1.0854e-05],
          [1.1445e-05],
          [1.2765e-05],
          [1.1488e-05],
          [1.2955e-05],
          [1.2249e-05],
          [1.6612e-05],
          [2.0496e-05],
          [2.0199e-05],
          [2.9175e-04],
          [2.5310e-04],
          [1.7952e-05],
          [1.5841e-05],
          [1.7924e-05],
          [1.0903e-05],
          [1.0294e-05],
          [1.8079e-05],
          [1.9321e-05],
          [1.9807e-05],
          [1.8614e-05],
          [1.7630e-05],
          [1.6635e-05],
          [1.1239e-05],
          [1.2416e-05],
          [1.2669e-05],
          [1.4454e-05],
          [1.2645e-05],
          [1.3432e-05],
          [1.2780e-05],
          [1.3604e-05],
          [1.2930e-05],
          [1.2470e-05],
          [1.6843e-05],
          [1.7286e-05],
          [2.4598e-05],
          [1.9461e-05],
          [2.8821e-05],
          [2.6541e-05],
          [2.5801e-05],
          [1.6268e-05],
          [1.6863e-05],
          [1.6707e-05],
          [1.7923e-05],
          [1.4061e-05],
          [1.9659e-05],
          [1.5574e-05],
          [1.9373e-05],
          [1.8817e-05],
          [2.2618e-05],
          [1.5263e-05],
          [1.1761e-05],
          [1.3056e-05],
          [1.3010e-05],
          [2.0789e-04],
          [4.1515e-05],
          [5.9583e-04],
          [1.4819e-05],
          [1.6047e-05],
          [1.2663e-05],
          [1.3798e-05],
          [1.4575e-05],
          [1.2840e-05],
          [1.1635e-05],
          [1.1983e-05],
          [1.1799e-05],
          [1.2169e-05],
          [1.2606e-05],
          [1.2910e-05],
          [1.2776e-05],
          [1.3013e-05],
          [2.1459e-04],
          [8.7584e-05],
          [5.0161e-04],
          [1.4766e-05],
          [1.2466e-05],
          [1.0058e-05],
          [1.6370e-05],
          [2.7145e-04],
          [4.7637e-04],
          [1.8686e-05],
          [1.6130e-05],
          [1.3044e-05],
          [1.5209e-05],
          [1.9496e-05],
          [2.8878e-05],
          [4.1658e-05],
          [4.1623e-05],
          [3.5331e-05],
          [2.6261e-05],
          [2.3305e-05],
          [1.3810e-05],
          [1.2965e-05],
          [1.3243e-05],
          [1.2624e-05],
          [1.2076e-05],
          [1.2380e-05],
          [3.7656e-05],
          [3.4016e-05],
          [4.9729e-05],
          [5.0371e-05],
          [3.5762e-05],
          [3.2193e-05],
          [2.1113e-05],
          [2.0584e-05],
          [1.8401e-05],
          [1.8445e-04],
          [1.9787e-04],
          [2.0492e-05],
          [1.9346e-05],
          [1.6370e-05],
          [1.3959e-05],
          [1.6103e-05],
          [1.7389e-05],
          [1.7701e-05],
          [8.6548e-05],
          [7.5298e-05],
          [1.7121e-04],
          [3.4604e-04],
          [2.4625e-05],
          [1.8922e-05],
          [1.5901e-05],
          [1.6458e-05],
          [1.4276e-05],
          [2.0493e-04],
          [2.1770e-04],
          [1.7964e-05],
          [7.1621e-05],
          [2.0909e-04],
          [1.9681e-05],
          [3.3669e-04],
          [2.5622e-05],
          [3.3512e-04],
          [2.0061e-05],
          [1.2911e-05],
          [1.0470e-05],
          [1.6273e-05],
          [2.0576e-05],
          [5.2278e-05],
          [8.5541e-06]]]])
