# Using CPU
# Loading Embeddings...
# Making Predictions...
torch.Size([1, 1, 442, 250])
tensor([[[[1.2032e-04],
          [3.8649e-05],
          [1.5816e-04],
          [9.4125e-05],
          [8.3282e-06],
          [2.3590e-04],
          [3.0397e-04],
          [3.1625e-05],
          [8.6198e-04],
          [7.6725e-04],
          [1.3142e-05],
          [1.2582e-05],
          [4.2359e-04],
          [1.9315e-04],
          [6.3720e-05],
          [2.9485e-05],
          [5.4931e-05],
          [2.0657e-05],
          [2.3345e-05],
          [2.9647e-05],
          [1.3851e-03],
          [4.6701e-05],
          [1.4602e-03],
          [1.4283e-05],
          [1.4656e-05],
          [2.0972e-05],
          [2.7574e-05],
          [4.4885e-05],
          [4.9988e-05],
          [6.1373e-05],
          [5.9390e-05],
          [6.7348e-05],
          [5.8877e-05],
          [6.3222e-05],
          [5.0726e-05],
          [4.2027e-05],
          [5.2420e-04],
          [3.1621e-05],
          [1.7110e-04],
          [1.6854e-04],
          [7.5901e-04],
          [1.8842e-05],
          [1.8044e-05],
          [1.9704e-05],
          [1.5348e-05],
          [1.4714e-05],
          [1.4301e-05],
          [3.6638e-05],
          [7.4842e-05],
          [2.3345e-04],
          [6.1631e-04],
          [1.8620e-05],
          [1.4680e-05],
          [8.8232e-04],
          [6.8107e-04],
          [1.3826e-05],
          [1.5194e-05],
          [1.8039e-05],
          [1.6634e-05],
          [1.9565e-05],
          [1.9051e-05],
          [1.8222e-05],
          [3.3426e-04],
          [4.8758e-04],
          [1.5753e-05],
          [1.6268e-05],
          [1.6060e-05],
          [1.4376e-05],
          [1.4889e-05],
          [1.4829e-05],
          [1.3800e-05],
          [3.4453e-04],
          [2.3278e-05],
          [2.1459e-05],
          [1.2910e-05],
          [1.9994e-05],
          [2.4980e-03],
          [1.1474e-05],
          [1.2193e-05],
          [1.0992e-05],
          [2.5114e-04],
          [3.1273e-04],
          [1.1943e-05],
          [1.0738e-05],
          [1.1996e-05],
          [1.3913e-05],
          [1.4918e-05],
          [1.6142e-05],
          [1.3994e-05],
          [1.2636e-05],
          [8.7578e-04],
          [4.8512e-05],
          [5.4775e-04],
          [1.2113e-05],
          [1.3548e-05],
          [2.5389e-05],
          [2.8687e-05],
          [3.5074e-05],
          [3.8502e-05],
          [4.2222e-05],
          [4.0375e-05],
          [2.7376e-05],
          [1.6781e-05],
          [1.3682e-05],
          [1.1734e-05],
          [1.5434e-05],
          [1.7257e-05],
          [2.0735e-05],
          [2.1931e-05],
          [2.2498e-05],
          [1.8801e-05],
          [2.1712e-04],
          [1.1201e-04],
          [1.8740e-05],
          [4.0818e-04],
          [1.4305e-05],
          [1.2389e-05],
          [1.0596e-05],
          [1.2747e-05],
          [1.4057e-05],
          [1.3976e-05],
          [1.3234e-05],
          [1.8460e-05],
          [1.1510e-05],
          [1.2887e-05],
          [1.2473e-05],
          [1.2963e-05],
          [1.3893e-05],
          [1.6323e-05],
          [1.7315e-05],
          [1.6777e-05],
          [4.2728e-04],
          [8.3648e-04],
          [2.4193e-05],
          [2.2603e-05],
          [2.1692e-05],
          [1.9941e-05],
          [2.0860e-05],
          [1.8295e-05],
          [1.7706e-05],
          [1.4552e-05],
          [1.4317e-05],
          [1.0897e-05],
          [1.2939e-05],
          [1.3310e-05],
          [1.6926e-05],
          [1.8446e-05],
          [2.5039e-05],
          [3.0625e-05],
          [4.2392e-05],
          [4.0861e-05],
          [4.6042e-05],
          [4.1984e-05],
          [4.7634e-05],
          [4.4329e-05],
          [5.0723e-05],
          [9.5164e-04],
          [4.4241e-04],
          [4.1266e-04],
          [1.4811e-03],
          [1.4315e-05],
          [1.4984e-05],
          [1.5382e-05],
          [1.7834e-05],
          [1.8324e-05],
          [2.3225e-05],
          [2.1732e-05],
          [2.3258e-05],
          [2.5438e-05],
          [2.2574e-05],
          [1.8082e-05],
          [9.2626e-04],
          [9.5190e-04],
          [2.3617e-05],
          [2.6864e-05],
          [2.8819e-05],
          [3.1074e-05],
          [2.7456e-05],
          [2.7648e-04],
          [3.8386e-05],
          [2.5682e-04],
          [1.3623e-05],
          [1.3507e-05],
          [1.9866e-04],
          [1.3814e-05],
          [7.5700e-04],
          [1.2615e-05],
          [1.1126e-05],
          [1.0595e-05],
          [2.0755e-03],
          [2.9414e-05],
          [1.7720e-03],
          [1.7951e-05],
          [2.1712e-05],
          [2.2829e-05],
          [2.3175e-05],
          [2.7136e-05],
          [2.1595e-05],
          [2.9976e-04],
          [6.2708e-04],
          [1.7159e-05],
          [1.4569e-05],
          [1.4583e-05],
          [1.2161e-05],
          [1.2502e-05],
          [1.1954e-05],
          [1.5321e-05],
          [6.6014e-04],
          [1.0829e-03],
          [1.1796e-05],
          [1.1805e-05],
          [1.3297e-05],
          [1.2099e-05],
          [7.4749e-04],
          [3.2643e-05],
          [1.8069e-05],
          [2.2984e-03],
          [1.4287e-05],
          [1.3746e-05],
          [1.3578e-05],
          [1.4920e-05],
          [1.4788e-05],
          [1.1858e-05],
          [1.1093e-05],
          [1.1070e-05],
          [1.3388e-05],
          [1.1873e-05],
          [1.0797e-05],
          [1.1577e-05],
          [1.1049e-05],
          [1.2099e-05],
          [1.1098e-05],
          [1.0164e-05],
          [1.1334e-05],
          [7.4719e-04],
          [6.6870e-04],
          [1.4022e-05],
          [1.5323e-05],
          [1.3138e-05],
          [1.6479e-05],
          [1.7683e-05],
          [2.5233e-05],
          [1.8116e-05],
          [2.3611e-05],
          [2.5377e-05],
          [1.5409e-05],
          [7.6415e-04],
          [1.3896e-04],
          [1.8751e-05],
          [2.6050e-04],
          [1.2072e-05],
          [3.8789e-04],
          [3.4013e-04],
          [2.1174e-05],
          [2.2850e-05],
          [2.8447e-05],
          [2.6265e-05],
          [3.4542e-05],
          [4.1390e-05],
          [5.1563e-05],
          [4.7163e-05],
          [6.7793e-05],
          [8.1425e-05],
          [9.8180e-05],
          [7.4711e-05],
          [7.6156e-05],
          [4.9926e-05],
          [3.4049e-04],
          [2.4760e-05],
          [2.3706e-05],
          [3.9991e-04],
          [5.1040e-04],
          [1.9197e-05],
          [2.8004e-04],
          [1.6616e-04],
          [3.5769e-05],
          [2.1594e-04],
          [1.2376e-05],
          [1.1030e-05],
          [9.9699e-06],
          [8.9907e-06],
          [9.1750e-06],
          [9.3611e-06],
          [2.8454e-05],
          [1.5427e-05],
          [1.9018e-05],
          [1.1658e-05],
          [3.3562e-04],
          [1.8782e-05],
          [5.7313e-05],
          [1.7753e-04],
          [1.0256e-05],
          [9.5906e-06],
          [9.7031e-06],
          [1.0039e-05],
          [9.5342e-06],
          [1.0693e-05],
          [9.9747e-04],
          [3.3479e-05],
          [2.6393e-03],
          [1.2115e-05],
          [1.1178e-05],
          [1.4535e-05],
          [1.3550e-05],
          [1.2920e-05],
          [1.3378e-05],
          [1.3244e-05],
          [1.7729e-05],
          [1.5930e-05],
          [2.3072e-05],
          [2.5714e-05],
          [3.3920e-05],
          [6.0313e-04],
          [1.0040e-03],
          [2.4258e-05],
          [1.8237e-05],
          [2.2167e-05],
          [1.2233e-05],
          [1.0424e-05],
          [1.6279e-05],
          [2.1158e-05],
          [1.9292e-05],
          [1.7035e-05],
          [1.6175e-05],
          [1.6110e-05],
          [1.0972e-05],
          [1.1287e-05],
          [1.0396e-05],
          [1.2063e-05],
          [1.0618e-05],
          [1.0926e-05],
          [1.0182e-05],
          [1.7520e-05],
          [1.0877e-05],
          [1.2292e-05],
          [1.4580e-05],
          [1.7166e-05],
          [2.2650e-05],
          [1.7225e-05],
          [2.8248e-05],
          [2.4622e-05],
          [2.6458e-05],
          [1.7864e-05],
          [2.0547e-05],
          [2.1279e-05],
          [1.8769e-05],
          [1.5123e-05],
          [1.6218e-05],
          [1.4212e-05],
          [1.3909e-05],
          [1.5127e-05],
          [1.5374e-05],
          [1.4154e-05],
          [1.1824e-05],
          [1.4598e-05],
          [1.4330e-05],
          [4.9245e-04],
          [2.9160e-05],
          [1.0753e-03],
          [1.8742e-05],
          [1.9201e-05],
          [1.6447e-05],
          [1.6172e-05],
          [1.4612e-05],
          [1.2095e-05],
          [1.0873e-05],
          [1.0730e-05],
          [1.0101e-05],
          [1.1452e-05],
          [1.0532e-05],
          [1.0960e-05],
          [1.4060e-05],
          [1.4255e-05],
          [8.8796e-04],
          [8.5701e-05],
          [1.5184e-03],
          [1.2205e-05],
          [1.0863e-05],
          [9.0582e-06],
          [1.0079e-05],
          [4.9486e-04],
          [1.3756e-03],
          [1.0758e-05],
          [1.0522e-05],
          [1.1713e-05],
          [1.6967e-05],
          [2.2344e-05],
          [3.5696e-05],
          [4.8337e-05],
          [4.4479e-05],
          [3.5575e-05],
          [2.9252e-05],
          [2.0703e-05],
          [1.2796e-05],
          [1.0372e-05],
          [1.2251e-05],
          [1.1913e-05],
          [1.2793e-05],
          [1.1108e-05],
          [1.8507e-05],
          [2.9032e-05],
          [3.4628e-05],
          [3.4892e-05],
          [2.2428e-05],
          [2.3017e-05],
          [2.0734e-05],
          [2.1214e-05],
          [1.5168e-05],
          [2.1549e-04],
          [4.4337e-04],
          [1.6618e-05],
          [1.6341e-05],
          [1.4733e-05],
          [1.3433e-05],
          [1.8453e-05],
          [2.0287e-05],
          [1.7293e-05],
          [1.0843e-04],
          [4.4304e-05],
          [3.6602e-04],
          [1.0020e-03],
          [1.4854e-05],
          [1.3382e-05],
          [1.3923e-05],
          [1.5704e-05],
          [1.3004e-05],
          [4.8295e-04],
          [1.2114e-04],
          [1.5333e-05],
          [5.8288e-05],
          [5.5173e-04],
          [1.4711e-05],
          [2.0006e-04],
          [2.0183e-05],
          [2.6322e-04],
          [1.7764e-05],
          [1.2026e-05],
          [9.7170e-06],
          [1.0726e-05],
          [2.8072e-05],
          [2.3109e-05],
          [8.0484e-06]]]])
