# Using CPU
# Loading Embeddings...
# Making Predictions...
torch.Size([1, 1, 442, 249])
tensor([[[[1.3868e-04],
          [2.5792e-05],
          [2.1529e-04],
          [5.1517e-05],
          [8.3020e-06],
          [2.1825e-04],
          [6.0199e-04],
          [3.7694e-05],
          [6.7565e-04],
          [1.1082e-03],
          [1.3977e-05],
          [1.2628e-05],
          [4.2017e-04],
          [1.9467e-04],
          [5.4898e-05],
          [2.7092e-05],
          [8.6285e-05],
          [2.0392e-05],
          [2.4622e-05],
          [1.7425e-05],
          [2.2426e-03],
          [5.6685e-05],
          [2.4268e-03],
          [1.6937e-05],
          [1.2888e-05],
          [1.7532e-05],
          [2.3468e-05],
          [3.8359e-05],
          [4.0154e-05],
          [4.9953e-05],
          [4.4178e-05],
          [6.0806e-05],
          [5.1020e-05],
          [6.0281e-05],
          [4.7565e-05],
          [4.5132e-05],
          [4.9311e-04],
          [3.7578e-05],
          [3.2722e-04],
          [2.0679e-04],
          [1.2853e-03],
          [1.9151e-05],
          [1.8967e-05],
          [1.8916e-05],
          [1.4601e-05],
          [1.4341e-05],
          [1.2581e-05],
          [3.0432e-05],
          [5.2417e-05],
          [3.5142e-04],
          [9.8821e-04],
          [1.5356e-05],
          [1.2134e-05],
          [1.4141e-03],
          [1.3181e-03],
          [1.1312e-05],
          [1.1420e-05],
          [1.8932e-05],
          [1.4913e-05],
          [1.5359e-05],
          [1.4366e-05],
          [1.3941e-05],
          [3.1704e-04],
          [8.4838e-04],
          [1.3155e-05],
          [1.4434e-05],
          [1.3696e-05],
          [1.4184e-05],
          [1.3754e-05],
          [1.3425e-05],
          [1.2219e-05],
          [4.5707e-04],
          [1.9083e-05],
          [3.0176e-05],
          [1.0579e-05],
          [2.3016e-05],
          [4.7682e-03],
          [1.0942e-05],
          [1.1114e-05],
          [1.0245e-05],
          [2.4815e-04],
          [6.1996e-04],
          [1.1908e-05],
          [1.2170e-05],
          [1.2324e-05],
          [1.4591e-05],
          [1.5509e-05],
          [1.7632e-05],
          [1.4697e-05],
          [1.3164e-05],
          [1.5428e-03],
          [2.8022e-05],
          [9.2698e-04],
          [1.1035e-05],
          [1.3214e-05],
          [1.4076e-05],
          [1.4281e-05],
          [1.7157e-05],
          [1.7218e-05],
          [1.6706e-05],
          [2.0513e-05],
          [1.5078e-05],
          [1.1287e-05],
          [1.0899e-05],
          [1.0299e-05],
          [1.2810e-05],
          [1.3871e-05],
          [1.6546e-05],
          [1.7555e-05],
          [1.8030e-05],
          [1.5988e-05],
          [1.8615e-04],
          [1.3367e-04],
          [1.7683e-05],
          [7.8387e-04],
          [1.1268e-05],
          [1.0001e-05],
          [1.0516e-05],
          [1.0967e-05],
          [1.1360e-05],
          [1.2896e-05],
          [1.0242e-05],
          [2.0266e-05],
          [1.0059e-05],
          [1.1760e-05],
          [1.1348e-05],
          [1.1678e-05],
          [1.1860e-05],
          [1.4944e-05],
          [1.4943e-05],
          [1.3736e-05],
          [4.7364e-04],
          [1.2680e-03],
          [2.2421e-05],
          [2.2951e-05],
          [1.8394e-05],
          [1.3428e-05],
          [1.7655e-05],
          [1.2677e-05],
          [1.2541e-05],
          [1.1904e-05],
          [1.1569e-05],
          [9.5403e-06],
          [1.0323e-05],
          [1.1603e-05],
          [1.3510e-05],
          [1.7260e-05],
          [2.0627e-05],
          [2.5213e-05],
          [3.9353e-05],
          [3.8371e-05],
          [3.5063e-05],
          [3.6179e-05],
          [4.3705e-05],
          [3.5865e-05],
          [3.9830e-05],
          [1.6787e-03],
          [1.0342e-03],
          [9.8309e-04],
          [3.2953e-03],
          [1.3029e-05],
          [1.3185e-05],
          [1.3597e-05],
          [1.6515e-05],
          [1.7293e-05],
          [2.1295e-05],
          [1.8553e-05],
          [1.9203e-05],
          [2.1811e-05],
          [2.0343e-05],
          [1.6015e-05],
          [1.7715e-03],
          [2.0763e-03],
          [1.8010e-05],
          [1.8259e-05],
          [1.9812e-05],
          [2.2041e-05],
          [1.9205e-05],
          [2.8365e-04],
          [2.8943e-05],
          [3.8098e-04],
          [1.1358e-05],
          [1.9485e-05],
          [3.9178e-04],
          [1.1810e-05],
          [1.3365e-03],
          [1.1789e-05],
          [1.3641e-05],
          [1.3238e-05],
          [3.7467e-03],
          [6.5603e-05],
          [3.4956e-03],
          [1.4299e-05],
          [1.6562e-05],
          [1.6833e-05],
          [1.6739e-05],
          [1.8442e-05],
          [1.6498e-05],
          [4.5355e-04],
          [1.2072e-03],
          [1.4319e-05],
          [1.3187e-05],
          [1.3557e-05],
          [1.1107e-05],
          [1.2459e-05],
          [1.1845e-05],
          [1.0869e-05],
          [1.0194e-03],
          [2.1809e-03],
          [1.1609e-05],
          [1.1730e-05],
          [1.1905e-05],
          [1.2432e-05],
          [1.3223e-03],
          [2.5033e-05],
          [1.7569e-05],
          [5.0531e-03],
          [1.1463e-05],
          [1.5872e-05],
          [1.1382e-05],
          [1.6695e-05],
          [1.2037e-05],
          [1.0899e-05],
          [1.0605e-05],
          [9.9398e-06],
          [1.8286e-05],
          [1.2740e-05],
          [1.0147e-05],
          [1.2269e-05],
          [1.2092e-05],
          [1.1423e-05],
          [1.1880e-05],
          [9.7013e-06],
          [1.0715e-05],
          [1.0136e-03],
          [1.1696e-03],
          [1.4204e-05],
          [1.1825e-05],
          [1.1572e-05],
          [1.5210e-05],
          [1.3697e-05],
          [1.8602e-05],
          [1.2329e-05],
          [1.4995e-05],
          [1.7228e-05],
          [1.1056e-05],
          [5.6571e-04],
          [8.7496e-05],
          [1.8370e-05],
          [4.6385e-04],
          [9.9494e-06],
          [5.7377e-04],
          [7.4054e-04],
          [1.7568e-05],
          [2.0500e-05],
          [2.0001e-05],
          [1.6819e-05],
          [1.9981e-05],
          [2.2406e-05],
          [2.7080e-05],
          [2.3993e-05],
          [3.4684e-05],
          [3.1405e-05],
          [4.4370e-05],
          [3.6093e-05],
          [3.3898e-05],
          [4.5453e-05],
          [1.8936e-04],
          [1.4341e-05],
          [1.6670e-05],
          [8.5140e-04],
          [5.5252e-04],
          [2.3157e-05],
          [5.6050e-04],
          [1.8799e-04],
          [2.6106e-05],
          [2.6313e-04],
          [1.0034e-05],
          [9.7020e-06],
          [9.2759e-06],
          [8.5294e-06],
          [9.8509e-06],
          [9.3259e-06],
          [2.9685e-05],
          [9.8416e-06],
          [1.0746e-05],
          [9.8928e-06],
          [3.7552e-04],
          [1.8200e-05],
          [6.6987e-05],
          [2.6414e-04],
          [9.8377e-06],
          [9.9108e-06],
          [8.6023e-06],
          [8.9537e-06],
          [8.9582e-06],
          [9.1067e-06],
          [2.1360e-03],
          [4.3489e-05],
          [4.9903e-03],
          [1.2256e-05],
          [1.0079e-05],
          [1.1556e-05],
          [1.1246e-05],
          [1.0415e-05],
          [1.1518e-05],
          [1.0676e-05],
          [1.3143e-05],
          [1.2024e-05],
          [1.7071e-05],
          [1.9161e-05],
          [1.9690e-05],
          [9.1137e-04],
          [2.0478e-03],
          [1.6731e-05],
          [1.4482e-05],
          [1.7649e-05],
          [1.0041e-05],
          [1.0149e-05],
          [1.2451e-05],
          [1.3555e-05],
          [1.2076e-05],
          [1.2022e-05],
          [1.0906e-05],
          [1.1296e-05],
          [1.0333e-05],
          [1.0816e-05],
          [1.0025e-05],
          [1.1264e-05],
          [1.0391e-05],
          [1.0491e-05],
          [1.0483e-05],
          [1.2143e-05],
          [1.2057e-05],
          [1.1369e-05],
          [1.2529e-05],
          [1.3807e-05],
          [1.6258e-05],
          [1.5674e-05],
          [1.9243e-05],
          [2.1596e-05],
          [1.9664e-05],
          [1.5800e-05],
          [1.7727e-05],
          [1.8947e-05],
          [2.1987e-05],
          [1.3116e-05],
          [1.5297e-05],
          [1.5912e-05],
          [1.4130e-05],
          [1.2327e-05],
          [1.3057e-05],
          [1.3191e-05],
          [1.3294e-05],
          [1.4074e-05],
          [1.2833e-05],
          [3.2658e-04],
          [3.5752e-05],
          [1.9070e-03],
          [1.4546e-05],
          [1.5564e-05],
          [1.2709e-05],
          [1.3584e-05],
          [1.2877e-05],
          [1.1114e-05],
          [1.0653e-05],
          [1.0438e-05],
          [9.7740e-06],
          [1.0236e-05],
          [9.3044e-06],
          [9.2442e-06],
          [1.1371e-05],
          [1.1213e-05],
          [6.1795e-04],
          [8.5780e-05],
          [2.6244e-03],
          [1.1189e-05],
          [8.9743e-06],
          [9.0225e-06],
          [1.0469e-05],
          [8.0281e-04],
          [2.3222e-03],
          [1.1702e-05],
          [1.0345e-05],
          [1.0219e-05],
          [1.5204e-05],
          [2.0503e-05],
          [2.5482e-05],
          [2.6349e-05],
          [2.2621e-05],
          [1.8459e-05],
          [1.5816e-05],
          [1.3357e-05],
          [1.0328e-05],
          [1.0957e-05],
          [1.1062e-05],
          [1.0593e-05],
          [1.2369e-05],
          [1.0719e-05],
          [2.6691e-05],
          [2.4242e-05],
          [3.2550e-05],
          [3.7787e-05],
          [2.2090e-05],
          [2.6723e-05],
          [2.1097e-05],
          [2.0570e-05],
          [1.6455e-05],
          [3.4204e-04],
          [7.7424e-04],
          [1.8314e-05],
          [1.8208e-05],
          [1.6217e-05],
          [1.4376e-05],
          [1.8147e-05],
          [2.2350e-05],
          [1.8153e-05],
          [8.0667e-05],
          [5.5209e-05],
          [4.7499e-04],
          [1.4489e-03],
          [1.7488e-05],
          [1.5358e-05],
          [1.5365e-05],
          [1.6807e-05],
          [1.1115e-05],
          [7.1055e-04],
          [9.8527e-05],
          [1.3031e-05],
          [3.6262e-05],
          [1.0108e-03],
          [1.4877e-05],
          [2.6658e-04],
          [1.2444e-05],
          [1.4695e-04],
          [1.5070e-05],
          [1.2893e-05],
          [1.0668e-05],
          [1.1208e-05],
          [1.1736e-05],
          [2.6484e-05],
          [9.0014e-06]]]])
