# Using CPU
# Loading Embeddings...
# Making Predictions...
torch.Size([1, 1, 442, 296])
tensor([[[[2.1040e-04],
          [4.9063e-05],
          [1.6132e-04],
          [2.7925e-05],
          [1.1604e-05],
          [3.0126e-04],
          [4.6610e-04],
          [1.5876e-05],
          [1.8513e-04],
          [4.8518e-04],
          [1.9771e-05],
          [1.9591e-05],
          [6.5048e-04],
          [2.4376e-04],
          [4.3007e-05],
          [2.3961e-05],
          [1.7429e-05],
          [1.3019e-05],
          [1.7098e-05],
          [1.5064e-05],
          [3.6910e-04],
          [1.9003e-05],
          [2.6513e-04],
          [1.6693e-05],
          [2.2275e-05],
          [3.1139e-05],
          [4.5384e-05],
          [8.0465e-05],
          [8.7237e-05],
          [1.2607e-04],
          [1.2087e-04],
          [1.4293e-04],
          [1.3463e-04],
          [1.4440e-04],
          [1.0736e-04],
          [8.1775e-05],
          [1.0698e-03],
          [4.9780e-05],
          [1.8802e-04],
          [1.4818e-04],
          [2.0296e-04],
          [2.8255e-05],
          [2.6433e-05],
          [2.7933e-05],
          [2.0409e-05],
          [1.9222e-05],
          [1.7403e-05],
          [3.0688e-05],
          [3.7203e-05],
          [7.9975e-04],
          [2.1624e-04],
          [3.4022e-05],
          [2.2117e-05],
          [4.6853e-04],
          [2.4573e-04],
          [1.7890e-05],
          [1.8853e-05],
          [1.8235e-05],
          [2.3521e-05],
          [2.8122e-05],
          [2.9127e-05],
          [2.8482e-05],
          [7.8971e-04],
          [3.0726e-04],
          [2.0802e-05],
          [2.1715e-05],
          [1.9522e-05],
          [1.7981e-05],
          [1.8188e-05],
          [1.7142e-05],
          [1.6407e-05],
          [4.9836e-04],
          [3.5989e-05],
          [2.2129e-05],
          [1.7623e-05],
          [2.2712e-05],
          [7.8097e-04],
          [1.6197e-05],
          [1.6282e-05],
          [1.3342e-05],
          [3.6987e-04],
          [1.7663e-04],
          [1.4764e-05],
          [1.5130e-05],
          [1.7689e-05],
          [2.1361e-05],
          [2.3430e-05],
          [2.6140e-05],
          [2.1381e-05],
          [1.8537e-05],
          [4.3034e-04],
          [5.5981e-05],
          [2.8579e-04],
          [1.3289e-05],
          [1.1660e-05],
          [9.7549e-06],
          [1.0216e-05],
          [1.4288e-05],
          [1.1822e-05],
          [1.6503e-05],
          [1.4919e-05],
          [1.5472e-05],
          [1.2275e-05],
          [1.3084e-05],
          [1.6304e-05],
          [2.2472e-05],
          [2.4908e-05],
          [3.1758e-05],
          [3.3412e-05],
          [3.2657e-05],
          [2.7978e-05],
          [7.7109e-05],
          [2.4579e-04],
          [2.7173e-05],
          [3.5427e-04],
          [1.9348e-05],
          [1.6016e-05],
          [1.2233e-05],
          [1.7236e-05],
          [1.8344e-05],
          [1.8559e-05],
          [1.4798e-05],
          [1.5823e-05],
          [1.2745e-05],
          [1.8324e-05],
          [1.6783e-05],
          [1.9593e-05],
          [1.7938e-05],
          [2.3153e-05],
          [2.1233e-05],
          [2.3312e-05],
          [6.0577e-04],
          [2.9980e-04],
          [2.8810e-05],
          [3.4841e-05],
          [3.4422e-05],
          [3.0540e-05],
          [2.8122e-05],
          [2.0692e-05],
          [2.2112e-05],
          [1.8508e-05],
          [1.5728e-05],
          [1.2178e-05],
          [1.3495e-05],
          [1.6349e-05],
          [2.0983e-05],
          [2.4320e-05],
          [3.3540e-05],
          [4.6569e-05],
          [7.2572e-05],
          [7.6434e-05],
          [8.9931e-05],
          [9.0054e-05],
          [1.0687e-04],
          [8.2904e-05],
          [7.2737e-05],
          [2.8784e-04],
          [2.4123e-04],
          [3.2035e-04],
          [4.7631e-04],
          [1.7136e-05],
          [1.9424e-05],
          [1.6905e-05],
          [1.9569e-05],
          [2.2118e-05],
          [2.7256e-05],
          [2.4193e-05],
          [2.4927e-05],
          [2.5896e-05],
          [2.8680e-05],
          [2.6316e-05],
          [7.3177e-04],
          [3.1280e-04],
          [3.4512e-05],
          [4.5409e-05],
          [4.9340e-05],
          [4.6897e-05],
          [4.4139e-05],
          [6.0301e-04],
          [7.2883e-05],
          [3.8075e-04],
          [1.9061e-05],
          [1.4984e-05],
          [7.1667e-04],
          [2.1681e-05],
          [2.3438e-04],
          [1.9059e-05],
          [2.0305e-05],
          [1.7434e-05],
          [5.5650e-04],
          [2.3648e-05],
          [7.3227e-04],
          [2.4263e-05],
          [3.1522e-05],
          [3.3548e-05],
          [3.3083e-05],
          [3.8232e-05],
          [3.3045e-05],
          [5.1449e-04],
          [2.3372e-04],
          [2.2829e-05],
          [1.8558e-05],
          [1.8713e-05],
          [1.4286e-05],
          [1.9237e-05],
          [1.9249e-05],
          [1.9419e-05],
          [1.1383e-03],
          [2.7723e-04],
          [1.8769e-05],
          [1.7045e-05],
          [1.5899e-05],
          [1.6661e-05],
          [1.8632e-03],
          [5.4985e-05],
          [2.3266e-05],
          [4.7294e-04],
          [1.8759e-05],
          [1.7022e-05],
          [1.4482e-05],
          [1.2946e-05],
          [1.5590e-05],
          [1.5615e-05],
          [1.3408e-05],
          [1.4050e-05],
          [1.8148e-05],
          [2.0340e-05],
          [2.0269e-05],
          [1.5994e-05],
          [1.2719e-05],
          [1.2601e-05],
          [1.4584e-05],
          [1.4311e-05],
          [1.8421e-05],
          [9.5497e-04],
          [1.4084e-04],
          [1.6126e-05],
          [1.7439e-05],
          [1.6588e-05],
          [2.1163e-05],
          [1.7693e-05],
          [1.9560e-05],
          [1.5278e-05],
          [2.6076e-05],
          [2.9234e-05],
          [1.0961e-05],
          [1.2994e-04],
          [1.6201e-04],
          [3.5395e-05],
          [2.8463e-04],
          [1.3252e-05],
          [4.8900e-04],
          [1.6089e-04],
          [2.2292e-05],
          [2.6716e-05],
          [2.8031e-05],
          [2.5584e-05],
          [3.0605e-05],
          [3.4409e-05],
          [4.7780e-05],
          [4.6368e-05],
          [8.8079e-05],
          [9.5541e-05],
          [1.4054e-04],
          [1.2471e-04],
          [1.5691e-04],
          [8.5410e-05],
          [5.9153e-04],
          [4.1005e-05],
          [3.7010e-05],
          [3.1613e-04],
          [2.0783e-04],
          [3.8926e-05],
          [1.8211e-04],
          [4.1124e-04],
          [4.9548e-05],
          [3.1433e-04],
          [1.5754e-05],
          [1.3488e-05],
          [1.1828e-05],
          [1.0049e-05],
          [9.9513e-06],
          [1.0037e-05],
          [2.6616e-05],
          [1.0272e-05],
          [1.2627e-05],
          [1.0820e-05],
          [7.5816e-04],
          [3.4018e-05],
          [1.3834e-04],
          [5.7573e-05],
          [1.2704e-05],
          [1.3091e-05],
          [1.2396e-05],
          [1.1989e-05],
          [1.1117e-05],
          [1.1004e-05],
          [1.0978e-03],
          [2.7003e-05],
          [5.0595e-04],
          [1.5072e-05],
          [1.3386e-05],
          [1.3453e-05],
          [1.3381e-05],
          [1.3824e-05],
          [1.4125e-05],
          [1.4331e-05],
          [1.9492e-05],
          [1.8167e-05],
          [2.3459e-05],
          [2.4889e-05],
          [3.2491e-05],
          [1.8872e-03],
          [2.6521e-04],
          [2.2085e-05],
          [1.8169e-05],
          [1.4959e-05],
          [1.2217e-05],
          [1.1853e-05],
          [1.5225e-05],
          [1.5375e-05],
          [1.3562e-05],
          [1.9833e-05],
          [1.4285e-05],
          [1.6218e-05],
          [1.2999e-05],
          [1.4496e-05],
          [1.3875e-05],
          [1.8039e-05],
          [1.6616e-05],
          [1.9088e-05],
          [1.8867e-05],
          [2.1478e-05],
          [1.8571e-05],
          [1.6647e-05],
          [1.7441e-05],
          [1.7123e-05],
          [1.7539e-05],
          [1.7753e-05],
          [1.8299e-05],
          [2.0902e-05],
          [2.2277e-05],
          [2.1680e-05],
          [2.4401e-05],
          [3.1833e-05],
          [2.8757e-05],
          [2.6942e-05],
          [2.1061e-05],
          [3.1257e-05],
          [2.1242e-05],
          [1.9229e-05],
          [1.2345e-05],
          [1.6452e-05],
          [1.8370e-05],
          [1.7399e-05],
          [1.7246e-05],
          [1.6564e-04],
          [3.4119e-05],
          [8.2590e-04],
          [2.0869e-05],
          [2.1193e-05],
          [1.8782e-05],
          [1.7985e-05],
          [2.1608e-05],
          [1.8153e-05],
          [2.2043e-05],
          [1.7800e-05],
          [1.5647e-05],
          [1.4440e-05],
          [1.8619e-05],
          [1.7257e-05],
          [1.9156e-05],
          [1.9689e-05],
          [2.9898e-04],
          [2.0382e-04],
          [4.7226e-04],
          [1.3133e-05],
          [1.2102e-05],
          [9.7081e-06],
          [1.2608e-05],
          [6.6782e-04],
          [3.6123e-04],
          [1.4822e-05],
          [1.2088e-05],
          [1.4755e-05],
          [2.0898e-05],
          [1.9487e-05],
          [2.1645e-05],
          [2.6715e-05],
          [2.2302e-05],
          [2.1633e-05],
          [2.0798e-05],
          [1.8611e-05],
          [1.7521e-05],
          [1.3317e-05],
          [1.3398e-05],
          [1.2434e-05],
          [1.4151e-05],
          [1.3424e-05],
          [6.3224e-05],
          [3.4348e-05],
          [3.9881e-05],
          [1.7199e-04],
          [3.0586e-05],
          [3.1081e-05],
          [2.3370e-05],
          [2.3984e-05],
          [1.9634e-05],
          [6.5664e-04],
          [1.5455e-04],
          [2.2825e-05],
          [2.3029e-05],
          [2.0073e-05],
          [1.6517e-05],
          [2.0911e-05],
          [1.9891e-05],
          [2.6690e-05],
          [5.7935e-05],
          [7.4578e-05],
          [3.6537e-04],
          [2.3980e-04],
          [2.8459e-05],
          [1.5810e-05],
          [1.5869e-05],
          [2.2570e-05],
          [1.5953e-05],
          [4.1557e-04],
          [2.0500e-04],
          [1.6036e-05],
          [7.5825e-05],
          [1.4976e-04],
          [2.2023e-05],
          [3.3042e-04],
          [2.1611e-05],
          [2.8122e-04],
          [2.2473e-05],
          [1.5132e-05],
          [1.1474e-05],
          [1.2274e-05],
          [1.1564e-05],
          [1.9214e-05],
          [4.7180e-06]]]])
