# Using CPU
# Loading Embeddings...
# Making Predictions...
torch.Size([1, 1, 442, 296])
tensor([[[[1.6622e-04],
          [3.1634e-05],
          [1.9124e-04],
          [2.1529e-05],
          [1.1945e-05],
          [5.3000e-04],
          [4.6998e-04],
          [1.5431e-05],
          [3.5442e-04],
          [4.9893e-04],
          [1.8953e-05],
          [1.8441e-05],
          [5.1449e-04],
          [3.2378e-04],
          [3.3511e-05],
          [2.2615e-05],
          [1.7520e-05],
          [1.3142e-05],
          [1.5583e-05],
          [1.4069e-05],
          [4.2105e-04],
          [2.1407e-05],
          [2.6306e-04],
          [1.6205e-05],
          [2.1561e-05],
          [3.0746e-05],
          [4.3046e-05],
          [7.4924e-05],
          [9.0568e-05],
          [1.2484e-04],
          [1.2072e-04],
          [1.4576e-04],
          [1.4591e-04],
          [1.4943e-04],
          [1.1302e-04],
          [8.3158e-05],
          [7.3427e-04],
          [5.2218e-05],
          [2.3039e-04],
          [1.3751e-04],
          [2.6189e-04],
          [2.7480e-05],
          [2.5387e-05],
          [2.7484e-05],
          [1.9604e-05],
          [1.8465e-05],
          [1.4431e-05],
          [2.7370e-05],
          [3.4261e-05],
          [7.7287e-04],
          [2.8521e-04],
          [2.8056e-05],
          [1.9489e-05],
          [4.7382e-04],
          [2.5135e-04],
          [1.7682e-05],
          [1.8284e-05],
          [1.7617e-05],
          [2.1892e-05],
          [2.6841e-05],
          [2.7342e-05],
          [2.6907e-05],
          [5.8759e-04],
          [3.9346e-04],
          [2.1310e-05],
          [2.1734e-05],
          [1.9525e-05],
          [1.7239e-05],
          [1.7673e-05],
          [1.5653e-05],
          [1.6266e-05],
          [4.9537e-04],
          [2.7555e-05],
          [2.5240e-05],
          [1.7476e-05],
          [1.9475e-05],
          [7.8677e-04],
          [1.6529e-05],
          [1.5475e-05],
          [1.2715e-05],
          [3.2464e-04],
          [2.1719e-04],
          [1.3352e-05],
          [1.4786e-05],
          [1.7280e-05],
          [2.0960e-05],
          [2.2450e-05],
          [2.4722e-05],
          [2.0054e-05],
          [1.7730e-05],
          [5.4124e-04],
          [3.9895e-05],
          [3.8013e-04],
          [1.1752e-05],
          [1.2320e-05],
          [1.0695e-05],
          [1.1540e-05],
          [1.6055e-05],
          [1.3567e-05],
          [1.9023e-05],
          [1.7807e-05],
          [1.8508e-05],
          [1.3746e-05],
          [1.3688e-05],
          [1.5313e-05],
          [2.2522e-05],
          [2.6200e-05],
          [3.2367e-05],
          [3.3272e-05],
          [3.5069e-05],
          [2.9138e-05],
          [9.2116e-05],
          [1.7353e-04],
          [1.9923e-05],
          [4.2618e-04],
          [2.0155e-05],
          [1.8062e-05],
          [1.4416e-05],
          [1.9094e-05],
          [2.0368e-05],
          [1.9961e-05],
          [1.4297e-05],
          [2.0712e-05],
          [1.2681e-05],
          [1.5987e-05],
          [1.4662e-05],
          [1.7971e-05],
          [1.8765e-05],
          [2.3068e-05],
          [2.5614e-05],
          [2.5455e-05],
          [5.7604e-04],
          [3.9922e-04],
          [3.2069e-05],
          [3.6138e-05],
          [3.6892e-05],
          [3.0792e-05],
          [3.1792e-05],
          [2.3752e-05],
          [2.4989e-05],
          [1.9278e-05],
          [1.7857e-05],
          [1.2054e-05],
          [1.3790e-05],
          [1.7370e-05],
          [2.4724e-05],
          [2.7859e-05],
          [4.0896e-05],
          [5.3671e-05],
          [8.5857e-05],
          [9.0493e-05],
          [9.9025e-05],
          [9.3195e-05],
          [1.1715e-04],
          [8.9615e-05],
          [7.7689e-05],
          [6.0328e-04],
          [2.4565e-04],
          [4.6314e-04],
          [4.7961e-04],
          [1.7717e-05],
          [1.9175e-05],
          [1.7439e-05],
          [1.9723e-05],
          [2.1676e-05],
          [2.6091e-05],
          [2.5500e-05],
          [2.5873e-05],
          [2.7716e-05],
          [2.9440e-05],
          [2.6942e-05],
          [7.8938e-04],
          [3.0660e-04],
          [3.9130e-05],
          [4.9760e-05],
          [5.4137e-05],
          [5.5574e-05],
          [4.9899e-05],
          [4.6634e-04],
          [6.1202e-05],
          [4.4369e-04],
          [1.9139e-05],
          [1.4944e-05],
          [5.3152e-04],
          [1.9902e-05],
          [3.0158e-04],
          [2.0294e-05],
          [2.2306e-05],
          [1.8415e-05],
          [9.4812e-04],
          [3.1068e-05],
          [7.1499e-04],
          [2.4240e-05],
          [3.1077e-05],
          [3.3037e-05],
          [3.3046e-05],
          [3.8800e-05],
          [3.0432e-05],
          [4.2039e-04],
          [2.7949e-04],
          [2.4112e-05],
          [2.0667e-05],
          [1.9556e-05],
          [1.4610e-05],
          [1.9839e-05],
          [1.9127e-05],
          [1.9215e-05],
          [1.0925e-03],
          [2.7348e-04],
          [1.9644e-05],
          [1.7392e-05],
          [1.5306e-05],
          [1.5840e-05],
          [1.5519e-03],
          [5.1566e-05],
          [2.3903e-05],
          [4.7897e-04],
          [1.7043e-05],
          [2.4177e-05],
          [1.4047e-05],
          [1.2447e-05],
          [1.5200e-05],
          [1.4740e-05],
          [1.2578e-05],
          [1.3227e-05],
          [1.6842e-05],
          [1.9215e-05],
          [1.8589e-05],
          [1.5323e-05],
          [1.2346e-05],
          [1.2005e-05],
          [1.3199e-05],
          [1.2153e-05],
          [1.6016e-05],
          [1.0046e-03],
          [1.5162e-04],
          [1.5737e-05],
          [1.7322e-05],
          [1.6610e-05],
          [2.1330e-05],
          [2.1970e-05],
          [2.0393e-05],
          [1.7113e-05],
          [2.8245e-05],
          [2.9486e-05],
          [1.1838e-05],
          [1.7464e-04],
          [1.1343e-04],
          [1.9824e-05],
          [3.2875e-04],
          [1.1562e-05],
          [3.7265e-04],
          [2.0758e-04],
          [2.1164e-05],
          [2.6038e-05],
          [2.7632e-05],
          [2.7156e-05],
          [3.2497e-05],
          [3.6512e-05],
          [5.3886e-05],
          [5.4897e-05],
          [9.3136e-05],
          [1.1270e-04],
          [1.7454e-04],
          [1.6444e-04],
          [1.7724e-04],
          [1.0298e-04],
          [3.1777e-04],
          [4.4018e-05],
          [4.2626e-05],
          [3.8722e-04],
          [1.9764e-04],
          [3.2102e-05],
          [1.8697e-04],
          [4.7127e-04],
          [4.4022e-05],
          [3.8050e-04],
          [1.5158e-05],
          [1.3835e-05],
          [1.1803e-05],
          [9.9571e-06],
          [9.7221e-06],
          [9.9270e-06],
          [1.8769e-05],
          [1.1147e-05],
          [1.3886e-05],
          [1.1787e-05],
          [5.9079e-04],
          [3.4015e-05],
          [1.1233e-04],
          [5.8927e-05],
          [1.2753e-05],
          [1.2821e-05],
          [1.2172e-05],
          [1.1648e-05],
          [1.0665e-05],
          [1.0523e-05],
          [1.2005e-03],
          [3.1732e-05],
          [5.0074e-04],
          [1.5415e-05],
          [1.2654e-05],
          [1.2835e-05],
          [1.2313e-05],
          [1.2616e-05],
          [1.2327e-05],
          [1.2499e-05],
          [1.6896e-05],
          [1.5511e-05],
          [2.2099e-05],
          [2.5691e-05],
          [3.1363e-05],
          [1.4262e-03],
          [2.6605e-04],
          [2.3458e-05],
          [1.9572e-05],
          [1.4516e-05],
          [1.0945e-05],
          [1.2601e-05],
          [1.5115e-05],
          [1.7000e-05],
          [1.4325e-05],
          [1.3867e-05],
          [1.3900e-05],
          [1.4306e-05],
          [1.2273e-05],
          [1.1385e-05],
          [1.1668e-05],
          [1.5722e-05],
          [1.4723e-05],
          [1.6014e-05],
          [1.7561e-05],
          [1.9537e-05],
          [1.7660e-05],
          [1.5379e-05],
          [1.7202e-05],
          [1.7264e-05],
          [1.8090e-05],
          [1.7487e-05],
          [2.2169e-05],
          [2.1782e-05],
          [2.2458e-05],
          [1.9731e-05],
          [2.1989e-05],
          [2.8689e-05],
          [2.5846e-05],
          [2.4352e-05],
          [2.0485e-05],
          [3.0603e-05],
          [1.9139e-05],
          [1.7459e-05],
          [1.1846e-05],
          [1.6323e-05],
          [1.7690e-05],
          [1.6225e-05],
          [1.5435e-05],
          [2.1715e-04],
          [4.0354e-05],
          [8.0927e-04],
          [1.9927e-05],
          [1.9367e-05],
          [1.7281e-05],
          [1.6847e-05],
          [1.7943e-05],
          [1.4350e-05],
          [1.5099e-05],
          [1.2954e-05],
          [1.1452e-05],
          [1.1113e-05],
          [1.5388e-05],
          [1.3286e-05],
          [1.5272e-05],
          [1.4549e-05],
          [3.5991e-04],
          [1.3029e-04],
          [5.0644e-04],
          [1.3130e-05],
          [1.1732e-05],
          [9.7152e-06],
          [1.2382e-05],
          [6.2567e-04],
          [3.5654e-04],
          [1.3338e-05],
          [1.0616e-05],
          [1.5187e-05],
          [1.5738e-05],
          [1.9512e-05],
          [2.3202e-05],
          [2.6898e-05],
          [2.6382e-05],
          [2.1667e-05],
          [1.7848e-05],
          [1.6028e-05],
          [1.3455e-05],
          [1.0147e-05],
          [1.0584e-05],
          [1.1689e-05],
          [1.2286e-05],
          [1.2669e-05],
          [6.7244e-05],
          [3.5269e-05],
          [4.4147e-05],
          [1.7303e-04],
          [3.3041e-05],
          [3.4583e-05],
          [2.6293e-05],
          [2.6433e-05],
          [2.0410e-05],
          [7.4014e-04],
          [1.8285e-04],
          [2.4646e-05],
          [2.2851e-05],
          [1.9422e-05],
          [1.6359e-05],
          [2.1425e-05],
          [2.0844e-05],
          [2.6650e-05],
          [8.4438e-05],
          [7.8763e-05],
          [4.5753e-04],
          [2.4396e-04],
          [2.8415e-05],
          [1.6920e-05],
          [1.7213e-05],
          [2.2464e-05],
          [1.5318e-05],
          [4.8699e-04],
          [1.2747e-04],
          [1.2547e-05],
          [6.0514e-05],
          [1.8800e-04],
          [2.1496e-05],
          [2.7629e-04],
          [1.8704e-05],
          [3.1276e-04],
          [1.9476e-05],
          [1.4696e-05],
          [1.1604e-05],
          [1.2011e-05],
          [1.1151e-05],
          [2.4477e-05],
          [5.8743e-06]]]])
