# Using CPU
# Loading Embeddings...
# Making Predictions...
torch.Size([1, 1, 442, 262])
tensor([[[[1.1411e-04],
          [6.0936e-05],
          [3.2107e-04],
          [2.9869e-05],
          [1.0333e-05],
          [3.2370e-04],
          [4.6824e-04],
          [1.7287e-05],
          [2.1002e-04],
          [4.9399e-04],
          [2.0828e-05],
          [1.9867e-05],
          [4.0416e-04],
          [4.7556e-04],
          [1.3627e-05],
          [1.1909e-05],
          [1.2385e-05],
          [1.2655e-05],
          [1.6595e-05],
          [1.9931e-05],
          [5.5896e-04],
          [3.6135e-05],
          [5.0077e-04],
          [1.5300e-05],
          [2.1222e-05],
          [3.0160e-05],
          [4.5411e-05],
          [8.7663e-05],
          [1.1058e-04],
          [1.5441e-04],
          [1.4311e-04],
          [1.6817e-04],
          [1.6017e-04],
          [1.8142e-04],
          [1.3732e-04],
          [1.0985e-04],
          [4.2017e-04],
          [1.0543e-04],
          [2.7975e-04],
          [1.0250e-04],
          [4.1057e-04],
          [3.1551e-05],
          [3.2983e-05],
          [3.5444e-05],
          [2.3300e-05],
          [2.0837e-05],
          [1.5959e-05],
          [1.8981e-05],
          [2.0789e-05],
          [1.8823e-04],
          [4.0450e-04],
          [1.2810e-05],
          [1.2307e-05],
          [4.0735e-04],
          [3.1656e-04],
          [1.5812e-05],
          [1.6313e-05],
          [1.6464e-05],
          [2.1016e-05],
          [2.4432e-05],
          [2.5085e-05],
          [2.4618e-05],
          [2.6349e-04],
          [3.8850e-04],
          [1.8765e-05],
          [1.8968e-05],
          [1.7355e-05],
          [1.8990e-05],
          [1.9254e-05],
          [1.6061e-05],
          [1.6061e-05],
          [2.3965e-04],
          [2.4825e-05],
          [4.4511e-05],
          [1.5507e-05],
          [2.3813e-05],
          [1.1130e-03],
          [1.5044e-05],
          [1.4393e-05],
          [1.5183e-05],
          [2.4463e-04],
          [5.1938e-04],
          [1.5464e-05],
          [1.6841e-05],
          [2.0042e-05],
          [2.4217e-05],
          [2.5241e-05],
          [2.6856e-05],
          [2.1854e-05],
          [1.7942e-05],
          [3.4413e-04],
          [5.7869e-05],
          [7.7240e-04],
          [1.6511e-05],
          [1.3810e-05],
          [1.7777e-05],
          [1.8348e-05],
          [2.1032e-05],
          [1.8507e-05],
          [1.9944e-05],
          [1.9468e-05],
          [1.7901e-05],
          [1.1850e-05],
          [1.4072e-05],
          [1.4984e-05],
          [2.1209e-05],
          [2.4767e-05],
          [3.0820e-05],
          [3.2532e-05],
          [3.3577e-05],
          [2.6883e-05],
          [1.2145e-04],
          [1.2472e-04],
          [1.9595e-05],
          [6.3420e-04],
          [1.7928e-05],
          [1.5329e-05],
          [1.3132e-05],
          [1.4951e-05],
          [1.5564e-05],
          [1.5427e-05],
          [1.4374e-05],
          [1.5375e-05],
          [1.2420e-05],
          [1.6437e-05],
          [1.5369e-05],
          [1.7277e-05],
          [1.6860e-05],
          [1.9706e-05],
          [2.0185e-05],
          [2.2474e-05],
          [4.0695e-04],
          [1.9639e-03],
          [4.5133e-05],
          [2.9281e-05],
          [2.5639e-05],
          [2.5511e-05],
          [1.9596e-05],
          [1.6932e-05],
          [1.7416e-05],
          [1.4196e-05],
          [1.4242e-05],
          [1.1532e-05],
          [1.5062e-05],
          [1.6410e-05],
          [2.2639e-05],
          [2.4914e-05],
          [3.5194e-05],
          [4.6858e-05],
          [7.4723e-05],
          [8.0904e-05],
          [7.7493e-05],
          [7.9683e-05],
          [9.3426e-05],
          [9.6251e-05],
          [7.1049e-05],
          [2.8769e-04],
          [2.3519e-04],
          [1.9118e-04],
          [5.2345e-04],
          [1.8636e-05],
          [1.8206e-05],
          [1.7374e-05],
          [2.2496e-05],
          [1.8016e-05],
          [2.3320e-05],
          [1.9904e-05],
          [2.0793e-05],
          [2.3498e-05],
          [2.3598e-05],
          [2.0580e-05],
          [2.9873e-04],
          [3.4774e-04],
          [2.8018e-05],
          [3.6468e-05],
          [4.2552e-05],
          [3.9937e-05],
          [3.7869e-05],
          [1.9083e-04],
          [7.0777e-05],
          [6.8197e-04],
          [1.8384e-05],
          [2.1554e-05],
          [1.6996e-04],
          [1.9265e-05],
          [6.5744e-04],
          [1.8383e-05],
          [2.0841e-05],
          [2.0708e-05],
          [4.9690e-04],
          [3.4098e-05],
          [7.6971e-04],
          [2.1278e-05],
          [2.8086e-05],
          [3.0808e-05],
          [3.0102e-05],
          [3.1560e-05],
          [2.8094e-05],
          [2.0717e-04],
          [4.1787e-04],
          [2.1943e-05],
          [1.7879e-05],
          [1.7755e-05],
          [1.5981e-05],
          [2.0444e-05],
          [2.4250e-05],
          [2.7820e-05],
          [3.3539e-04],
          [3.5527e-04],
          [2.4667e-05],
          [2.2298e-05],
          [2.3504e-05],
          [1.5786e-05],
          [2.4982e-04],
          [2.9297e-05],
          [1.6109e-05],
          [8.9284e-04],
          [1.4401e-05],
          [1.5859e-05],
          [1.3104e-05],
          [1.3639e-05],
          [1.3814e-05],
          [1.5631e-05],
          [1.5034e-05],
          [1.3173e-05],
          [1.4224e-05],
          [1.4294e-05],
          [1.3451e-05],
          [1.2460e-05],
          [1.0876e-05],
          [1.0976e-05],
          [1.2979e-05],
          [1.3279e-05],
          [1.4490e-05],
          [3.3750e-04],
          [2.7184e-04],
          [1.7952e-05],
          [1.4983e-05],
          [1.4816e-05],
          [2.3405e-05],
          [2.0622e-05],
          [2.7120e-05],
          [2.7649e-05],
          [3.5301e-05],
          [2.7318e-05],
          [1.3951e-05],
          [3.0840e-04],
          [1.4687e-04],
          [1.9142e-05],
          [5.4912e-04],
          [1.3401e-05],
          [1.9389e-04],
          [3.6593e-04],
          [2.7820e-05],
          [3.5646e-05],
          [3.6755e-05],
          [3.2051e-05],
          [3.6901e-05],
          [3.5834e-05],
          [5.0515e-05],
          [4.8696e-05],
          [6.6874e-05],
          [7.6555e-05],
          [1.0038e-04],
          [1.1431e-04],
          [9.8821e-05],
          [7.5515e-05],
          [2.2303e-04],
          [3.1355e-05],
          [2.8214e-05],
          [4.0068e-04],
          [1.9737e-04],
          [3.7448e-05],
          [2.0141e-04],
          [1.4442e-04],
          [3.9951e-05],
          [5.8227e-04],
          [1.3827e-05],
          [1.2068e-05],
          [1.1077e-05],
          [9.6004e-06],
          [9.8729e-06],
          [1.1415e-05],
          [4.1765e-05],
          [1.5588e-05],
          [2.1014e-05],
          [1.9849e-05],
          [7.3693e-04],
          [2.5167e-05],
          [1.1618e-04],
          [1.4828e-04],
          [1.2433e-05],
          [1.2226e-05],
          [1.1684e-05],
          [1.1004e-05],
          [1.2244e-05],
          [1.5424e-05],
          [4.3352e-04],
          [2.6563e-05],
          [7.2464e-04],
          [1.6646e-05],
          [1.1609e-05],
          [1.4294e-05],
          [1.5289e-05],
          [1.5878e-05],
          [1.5688e-05],
          [1.5492e-05],
          [1.9930e-05],
          [1.8286e-05],
          [2.3185e-05],
          [2.2999e-05],
          [2.9536e-05],
          [2.7758e-04],
          [3.4110e-04],
          [2.4723e-05],
          [2.1068e-05],
          [4.7109e-05],
          [1.2882e-05],
          [1.3287e-05],
          [2.1171e-05],
          [2.1437e-05],
          [1.7894e-05],
          [1.9946e-05],
          [1.7258e-05],
          [2.3257e-05],
          [1.7060e-05],
          [1.3908e-05],
          [1.4158e-05],
          [1.4377e-05],
          [1.9786e-05],
          [1.8836e-05],
          [1.9344e-05],
          [1.7733e-05],
          [2.0443e-05],
          [1.6993e-05],
          [2.0245e-05],
          [2.3870e-05],
          [2.3484e-05],
          [2.1869e-05],
          [3.1472e-05],
          [3.8528e-05],
          [3.5209e-05],
          [4.0342e-05],
          [4.2472e-05],
          [3.9305e-05],
          [3.7097e-05],
          [2.7692e-05],
          [2.9985e-05],
          [3.1981e-05],
          [3.3657e-05],
          [2.2629e-05],
          [2.7002e-05],
          [1.8886e-05],
          [1.9090e-05],
          [1.8432e-05],
          [1.8680e-05],
          [3.2060e-04],
          [4.1522e-05],
          [7.3821e-04],
          [2.1241e-05],
          [2.1923e-05],
          [2.3109e-05],
          [1.8676e-05],
          [1.9844e-05],
          [2.1373e-05],
          [1.8826e-05],
          [1.9933e-05],
          [2.0150e-05],
          [1.7298e-05],
          [2.4158e-05],
          [1.9241e-05],
          [2.2748e-05],
          [1.8357e-05],
          [3.4865e-04],
          [7.1146e-05],
          [9.9320e-04],
          [1.4637e-05],
          [1.2399e-05],
          [9.7883e-06],
          [1.8174e-05],
          [5.0442e-04],
          [5.2222e-04],
          [1.4785e-05],
          [1.5962e-05],
          [1.8783e-05],
          [2.7158e-05],
          [3.4903e-05],
          [4.3423e-05],
          [5.0146e-05],
          [4.5111e-05],
          [4.0579e-05],
          [2.7402e-05],
          [2.4290e-05],
          [2.1861e-05],
          [1.5110e-05],
          [1.5769e-05],
          [2.0267e-05],
          [1.7287e-05],
          [1.6567e-05],
          [2.4691e-05],
          [4.1671e-05],
          [5.4405e-05],
          [5.7969e-05],
          [3.0122e-05],
          [2.5424e-05],
          [2.5824e-05],
          [2.8424e-05],
          [2.1175e-05],
          [1.8393e-04],
          [2.9220e-04],
          [2.6378e-05],
          [2.2978e-05],
          [2.0632e-05],
          [1.8491e-05],
          [2.1709e-05],
          [2.5613e-05],
          [2.2386e-05],
          [1.2478e-04],
          [6.0267e-05],
          [3.3776e-04],
          [3.1010e-04],
          [1.9493e-05],
          [1.7376e-05],
          [1.8659e-05],
          [1.6841e-05],
          [1.4881e-05],
          [2.1194e-04],
          [1.0134e-04],
          [1.9390e-05],
          [5.5061e-05],
          [3.3004e-04],
          [2.5875e-05],
          [2.3438e-04],
          [2.5166e-05],
          [4.2404e-04],
          [2.9355e-05],
          [1.8897e-05],
          [1.5142e-05],
          [1.5296e-05],
          [3.1500e-05],
          [6.0208e-05],
          [6.5060e-06]]]])
