# Using CPU
# Loading Embeddings...
# Making Predictions...
torch.Size([1, 1, 442, 261])
tensor([[[[6.2061e-04],
          [1.0146e-04],
          [1.0114e-04],
          [5.3006e-05],
          [1.4211e-05],
          [5.3672e-04],
          [2.4921e-04],
          [2.8641e-05],
          [4.3024e-04],
          [1.7875e-04],
          [1.3097e-05],
          [1.3402e-05],
          [3.2094e-04],
          [4.3002e-04],
          [4.6640e-05],
          [1.1817e-05],
          [9.8411e-06],
          [1.0062e-05],
          [1.0145e-05],
          [2.0636e-05],
          [3.5072e-04],
          [1.7764e-05],
          [1.6041e-04],
          [1.5539e-05],
          [1.5062e-05],
          [2.1340e-05],
          [2.9846e-05],
          [4.6358e-05],
          [5.2412e-05],
          [6.5999e-05],
          [6.0544e-05],
          [7.6365e-05],
          [6.4438e-05],
          [7.5650e-05],
          [5.6365e-05],
          [4.9315e-05],
          [1.0420e-03],
          [6.3811e-05],
          [2.4696e-04],
          [1.8196e-04],
          [3.4974e-04],
          [1.8561e-05],
          [1.6270e-05],
          [1.9554e-05],
          [1.4653e-05],
          [1.4809e-05],
          [1.2648e-05],
          [1.3261e-05],
          [1.8041e-05],
          [4.3179e-04],
          [2.2334e-04],
          [1.3881e-05],
          [1.0521e-05],
          [5.0228e-04],
          [1.6431e-04],
          [1.4594e-05],
          [1.2113e-05],
          [1.5760e-05],
          [1.5824e-05],
          [1.8197e-05],
          [1.7780e-05],
          [1.5388e-05],
          [8.7548e-04],
          [5.2670e-04],
          [1.4641e-05],
          [1.5020e-05],
          [1.6175e-05],
          [1.8239e-05],
          [1.4142e-05],
          [1.4013e-05],
          [1.2095e-05],
          [1.0419e-03],
          [2.5021e-05],
          [4.6545e-05],
          [1.3736e-05],
          [1.9269e-05],
          [3.6552e-04],
          [2.0563e-05],
          [1.5438e-05],
          [1.7251e-05],
          [2.0473e-03],
          [4.5358e-04],
          [1.8107e-05],
          [1.4978e-05],
          [1.1776e-05],
          [1.3660e-05],
          [1.4492e-05],
          [1.6149e-05],
          [1.3386e-05],
          [1.3390e-05],
          [4.4499e-04],
          [1.8347e-04],
          [3.2130e-04],
          [1.5925e-05],
          [1.4962e-05],
          [1.5997e-05],
          [1.6419e-05],
          [2.0743e-05],
          [1.7861e-05],
          [2.2360e-05],
          [1.9699e-05],
          [1.6049e-05],
          [1.1007e-05],
          [1.1040e-05],
          [1.3025e-05],
          [1.6431e-05],
          [1.7277e-05],
          [2.0719e-05],
          [2.1693e-05],
          [2.2032e-05],
          [1.7303e-05],
          [2.8429e-04],
          [6.0338e-04],
          [1.9020e-05],
          [5.3392e-04],
          [1.8078e-05],
          [1.2245e-05],
          [1.2705e-05],
          [1.4885e-05],
          [1.6161e-05],
          [1.4610e-05],
          [1.6036e-05],
          [2.5594e-05],
          [1.0282e-05],
          [1.1598e-05],
          [1.2207e-05],
          [1.2581e-05],
          [1.3369e-05],
          [2.1292e-05],
          [3.9640e-05],
          [2.4435e-04],
          [2.7894e-03],
          [8.3310e-03],
          [7.7430e-04],
          [1.5759e-04],
          [5.8304e-05],
          [2.7361e-05],
          [2.1996e-05],
          [1.6306e-05],
          [1.6866e-05],
          [1.4397e-05],
          [1.3507e-05],
          [1.0227e-05],
          [1.1583e-05],
          [1.3562e-05],
          [1.6909e-05],
          [1.9781e-05],
          [2.5777e-05],
          [3.6001e-05],
          [5.2502e-05],
          [5.5204e-05],
          [5.6466e-05],
          [5.2122e-05],
          [6.1440e-05],
          [4.6769e-05],
          [4.3508e-05],
          [9.7820e-04],
          [1.7018e-04],
          [2.7020e-04],
          [2.6460e-04],
          [1.9226e-05],
          [3.8760e-05],
          [8.7163e-05],
          [8.9192e-05],
          [2.6555e-05],
          [2.8322e-05],
          [2.4772e-05],
          [2.2674e-05],
          [2.2707e-05],
          [1.7732e-05],
          [1.9887e-05],
          [7.6518e-04],
          [2.6397e-04],
          [2.2936e-05],
          [2.7656e-05],
          [5.5299e-05],
          [2.9261e-05],
          [2.7010e-05],
          [5.4957e-04],
          [3.9136e-05],
          [4.3371e-04],
          [2.3971e-05],
          [2.7691e-05],
          [7.2045e-04],
          [1.6304e-05],
          [5.0471e-04],
          [2.0282e-05],
          [1.6130e-05],
          [2.5367e-05],
          [6.3937e-04],
          [2.2535e-05],
          [1.6002e-04],
          [1.5446e-05],
          [1.8937e-05],
          [1.9810e-05],
          [1.9327e-05],
          [2.1813e-05],
          [1.7488e-05],
          [1.2358e-03],
          [3.0809e-04],
          [1.5069e-05],
          [1.3181e-05],
          [1.3449e-05],
          [1.4366e-05],
          [1.4298e-05],
          [1.3249e-05],
          [1.7275e-05],
          [5.3345e-04],
          [2.4430e-04],
          [1.8009e-05],
          [1.4488e-05],
          [1.3698e-05],
          [1.7895e-05],
          [6.3480e-04],
          [5.1375e-05],
          [1.9520e-05],
          [5.6471e-04],
          [2.6148e-05],
          [2.0555e-05],
          [1.2178e-05],
          [1.2460e-05],
          [1.2742e-05],
          [1.1749e-05],
          [1.1435e-05],
          [1.4619e-05],
          [1.9118e-05],
          [1.9580e-05],
          [1.4027e-05],
          [1.5550e-05],
          [1.3717e-05],
          [1.1591e-05],
          [1.1033e-05],
          [1.2049e-05],
          [1.1207e-05],
          [8.7940e-04],
          [1.3601e-04],
          [1.5574e-05],
          [1.2178e-05],
          [1.2623e-05],
          [1.7900e-05],
          [4.1031e-05],
          [2.4552e-05],
          [1.8571e-05],
          [2.3994e-05],
          [2.2170e-05],
          [1.3554e-05],
          [3.0950e-04],
          [5.8855e-04],
          [1.3430e-05],
          [5.6655e-04],
          [1.0285e-05],
          [4.9504e-04],
          [3.0809e-04],
          [1.5460e-05],
          [1.3870e-05],
          [2.1642e-05],
          [1.4348e-05],
          [1.7842e-05],
          [1.9885e-05],
          [2.9490e-05],
          [2.9614e-05],
          [4.4234e-05],
          [5.6249e-05],
          [7.3017e-05],
          [1.7053e-04],
          [7.4064e-05],
          [1.0065e-04],
          [5.3244e-04],
          [2.8665e-05],
          [2.0799e-05],
          [3.8545e-04],
          [4.3962e-04],
          [3.6906e-05],
          [2.8149e-04],
          [2.0474e-04],
          [4.0815e-05],
          [4.1577e-04],
          [1.5035e-05],
          [9.3683e-06],
          [9.5408e-06],
          [1.0420e-05],
          [1.2751e-05],
          [1.1179e-05],
          [3.1514e-05],
          [1.0971e-05],
          [1.3485e-05],
          [1.3160e-05],
          [2.9033e-03],
          [2.1638e-05],
          [2.3395e-04],
          [5.3415e-05],
          [1.0480e-05],
          [1.0817e-05],
          [1.0117e-05],
          [9.3778e-06],
          [9.5042e-06],
          [1.2295e-05],
          [5.2292e-04],
          [1.6779e-05],
          [2.5778e-04],
          [1.7805e-05],
          [1.2301e-05],
          [1.4282e-05],
          [1.0102e-05],
          [9.6134e-06],
          [1.0908e-05],
          [1.0368e-05],
          [1.1705e-05],
          [1.2721e-05],
          [1.6357e-05],
          [1.8200e-05],
          [1.7772e-05],
          [1.0266e-03],
          [2.8649e-04],
          [1.6121e-05],
          [1.4007e-05],
          [1.2623e-05],
          [1.2303e-05],
          [1.4003e-05],
          [1.8584e-05],
          [2.2768e-05],
          [2.0627e-05],
          [5.1403e-05],
          [1.2888e-05],
          [1.2148e-05],
          [1.0704e-05],
          [1.0595e-05],
          [1.0778e-05],
          [1.2268e-05],
          [1.1402e-05],
          [1.1073e-05],
          [1.1314e-05],
          [1.2038e-05],
          [1.2108e-05],
          [1.3089e-05],
          [1.8777e-05],
          [1.7986e-05],
          [2.4823e-05],
          [1.8653e-05],
          [2.8287e-05],
          [2.9890e-05],
          [3.1912e-05],
          [2.3005e-05],
          [2.9880e-05],
          [3.2342e-05],
          [2.9796e-05],
          [2.5877e-05],
          [2.1356e-05],
          [2.7723e-05],
          [2.1777e-05],
          [1.8057e-05],
          [1.4831e-05],
          [1.5503e-05],
          [1.7981e-05],
          [1.6454e-05],
          [1.7705e-05],
          [4.4338e-04],
          [5.7561e-05],
          [1.2997e-04],
          [1.7801e-05],
          [1.7458e-05],
          [1.6013e-05],
          [1.6217e-05],
          [1.8054e-05],
          [1.3432e-05],
          [1.2493e-05],
          [1.0999e-05],
          [1.1165e-05],
          [1.2019e-05],
          [1.3753e-05],
          [1.1240e-05],
          [1.1900e-05],
          [1.3780e-05],
          [7.7527e-04],
          [1.4160e-04],
          [3.1908e-04],
          [1.4342e-05],
          [1.1411e-05],
          [1.1102e-05],
          [1.4763e-05],
          [3.4136e-04],
          [1.5218e-04],
          [1.1671e-05],
          [1.1945e-05],
          [1.3570e-05],
          [1.7428e-05],
          [2.2527e-05],
          [2.8744e-05],
          [4.5032e-05],
          [3.2557e-05],
          [3.3073e-05],
          [1.9729e-05],
          [1.5325e-05],
          [1.1809e-05],
          [9.9743e-06],
          [9.3494e-06],
          [1.0477e-05],
          [1.1885e-05],
          [1.2894e-05],
          [4.4765e-05],
          [3.1664e-05],
          [3.9185e-05],
          [5.6671e-05],
          [2.7391e-05],
          [3.5290e-05],
          [2.3229e-05],
          [1.8785e-05],
          [1.4983e-05],
          [3.4715e-04],
          [2.6271e-04],
          [1.8863e-05],
          [1.7188e-05],
          [1.7449e-05],
          [1.5674e-05],
          [2.1478e-05],
          [1.9400e-05],
          [3.3585e-05],
          [1.3674e-04],
          [7.0272e-05],
          [3.1761e-04],
          [1.5469e-04],
          [2.9737e-05],
          [2.3151e-05],
          [1.3617e-05],
          [2.0900e-05],
          [1.0708e-05],
          [3.3531e-04],
          [2.7497e-04],
          [1.3592e-05],
          [1.2016e-04],
          [1.2589e-04],
          [1.8283e-05],
          [4.0398e-04],
          [1.7080e-05],
          [4.3772e-04],
          [1.3867e-05],
          [1.1100e-05],
          [9.8107e-06],
          [1.4001e-05],
          [1.0047e-05],
          [5.6541e-05],
          [6.6971e-06]]]])
