# Using CPU
# Loading Embeddings...
# Making Predictions...
torch.Size([1, 1, 442, 246])
tensor([[[[1.2943e-04],
          [3.0754e-05],
          [6.5016e-05],
          [2.1707e-05],
          [1.7535e-05],
          [1.5255e-04],
          [9.4509e-05],
          [4.7008e-05],
          [1.4935e-04],
          [9.3847e-05],
          [5.4236e-05],
          [4.9419e-05],
          [3.1708e-04],
          [1.3725e-04],
          [2.8282e-05],
          [2.6047e-05],
          [2.7454e-05],
          [3.5297e-05],
          [4.0387e-05],
          [3.8457e-05],
          [1.0102e-04],
          [2.9542e-05],
          [7.0646e-05],
          [2.3085e-05],
          [4.5524e-05],
          [4.4079e-05],
          [6.1093e-05],
          [8.0323e-05],
          [9.0748e-05],
          [1.0369e-04],
          [1.0068e-04],
          [1.1063e-04],
          [1.0889e-04],
          [1.1073e-04],
          [9.6670e-05],
          [8.2489e-05],
          [1.2293e-03],
          [8.4767e-05],
          [2.4705e-04],
          [1.4157e-04],
          [1.6537e-04],
          [5.1617e-05],
          [4.5557e-05],
          [4.4499e-05],
          [3.6071e-05],
          [3.4890e-05],
          [3.3217e-05],
          [3.3263e-05],
          [3.4801e-05],
          [1.4466e-04],
          [8.3782e-05],
          [2.8435e-05],
          [2.7043e-05],
          [1.1540e-04],
          [6.2614e-05],
          [2.7986e-05],
          [2.7867e-05],
          [2.6973e-05],
          [3.6303e-05],
          [4.1873e-05],
          [4.2764e-05],
          [4.1333e-05],
          [5.7524e-04],
          [2.5866e-04],
          [3.6999e-05],
          [4.2800e-05],
          [3.9870e-05],
          [3.6311e-05],
          [3.9235e-05],
          [3.4172e-05],
          [3.1942e-05],
          [2.1413e-04],
          [3.4594e-05],
          [3.2431e-05],
          [3.5704e-05],
          [2.9734e-05],
          [1.0682e-04],
          [2.0398e-05],
          [2.3977e-05],
          [1.7937e-05],
          [1.5547e-04],
          [1.1036e-04],
          [1.9475e-05],
          [2.2776e-05],
          [2.5311e-05],
          [2.9817e-05],
          [3.5893e-05],
          [3.8588e-05],
          [3.6900e-05],
          [2.1777e-05],
          [1.3862e-04],
          [4.8627e-05],
          [1.2971e-04],
          [2.2954e-05],
          [2.1381e-05],
          [2.7449e-05],
          [3.6815e-05],
          [4.6182e-05],
          [4.6669e-05],
          [5.4644e-05],
          [5.1920e-05],
          [5.9507e-05],
          [3.9423e-05],
          [2.8658e-05],
          [2.2736e-05],
          [1.8779e-05],
          [2.6807e-05],
          [3.4338e-05],
          [4.1644e-05],
          [3.6572e-05],
          [3.7789e-05],
          [8.0314e-05],
          [1.2732e-04],
          [2.9598e-05],
          [2.4837e-04],
          [3.1157e-05],
          [3.0537e-05],
          [2.6950e-05],
          [3.2252e-05],
          [3.7041e-05],
          [3.5898e-05],
          [2.3806e-05],
          [2.6270e-05],
          [2.1067e-05],
          [2.6687e-05],
          [2.6748e-05],
          [2.8926e-05],
          [3.0186e-05],
          [4.2325e-05],
          [4.4347e-05],
          [4.1123e-05],
          [5.0535e-04],
          [2.6173e-04],
          [5.8669e-05],
          [4.8695e-05],
          [5.0458e-05],
          [4.0562e-05],
          [4.2587e-05],
          [3.8685e-05],
          [4.2100e-05],
          [3.6553e-05],
          [3.3053e-05],
          [2.4399e-05],
          [2.8677e-05],
          [3.1971e-05],
          [3.8870e-05],
          [3.6757e-05],
          [4.7297e-05],
          [5.5700e-05],
          [7.9519e-05],
          [8.2137e-05],
          [9.5552e-05],
          [1.0117e-04],
          [1.7701e-04],
          [1.5236e-04],
          [1.7677e-04],
          [2.8312e-04],
          [1.0018e-04],
          [1.1532e-04],
          [1.0056e-04],
          [7.6005e-05],
          [2.7702e-05],
          [2.9531e-05],
          [3.1266e-05],
          [4.2724e-05],
          [5.3271e-05],
          [6.0638e-05],
          [5.6704e-05],
          [6.6601e-05],
          [5.5417e-05],
          [4.9371e-05],
          [4.0240e-04],
          [1.9234e-04],
          [4.8045e-05],
          [5.5736e-05],
          [5.7593e-05],
          [5.6432e-05],
          [5.5482e-05],
          [4.7921e-04],
          [4.8172e-05],
          [4.0065e-04],
          [3.6835e-05],
          [3.1862e-05],
          [1.3075e-04],
          [1.9932e-05],
          [1.4468e-04],
          [2.5096e-05],
          [2.6184e-05],
          [2.5158e-05],
          [1.3582e-04],
          [2.7326e-05],
          [9.4441e-05],
          [3.2932e-05],
          [4.3447e-05],
          [4.5328e-05],
          [4.6216e-05],
          [5.2457e-05],
          [4.7986e-05],
          [3.5907e-04],
          [2.2682e-04],
          [4.3575e-05],
          [2.6990e-05],
          [2.8909e-05],
          [2.4035e-05],
          [2.6577e-05],
          [2.8247e-05],
          [3.1975e-05],
          [8.9217e-05],
          [6.4435e-05],
          [2.6295e-05],
          [2.6375e-05],
          [2.9224e-05],
          [2.7011e-05],
          [2.0641e-04],
          [3.8160e-05],
          [3.1694e-05],
          [1.5204e-04],
          [2.4449e-05],
          [2.2728e-05],
          [2.1413e-05],
          [2.7672e-05],
          [3.1285e-05],
          [3.1165e-05],
          [3.3110e-05],
          [3.4231e-05],
          [4.1939e-05],
          [4.1617e-05],
          [3.5396e-05],
          [4.2819e-05],
          [3.2395e-05],
          [2.8188e-05],
          [3.3636e-05],
          [2.7640e-05],
          [2.5734e-05],
          [1.6291e-04],
          [7.6227e-05],
          [3.0745e-05],
          [3.2278e-05],
          [2.9149e-05],
          [3.8332e-05],
          [8.6171e-05],
          [6.2065e-05],
          [3.4933e-05],
          [1.2093e-04],
          [5.9283e-05],
          [2.5216e-05],
          [6.5307e-05],
          [1.0902e-04],
          [2.3585e-05],
          [1.4537e-04],
          [1.6556e-05],
          [1.2719e-04],
          [8.4926e-05],
          [5.0189e-05],
          [5.8312e-05],
          [5.5295e-05],
          [5.4088e-05],
          [6.1410e-05],
          [6.1814e-05],
          [6.7224e-05],
          [7.1394e-05],
          [9.9585e-05],
          [1.2088e-04],
          [2.2466e-04],
          [2.0515e-04],
          [2.9587e-04],
          [1.7400e-04],
          [8.2012e-04],
          [7.4487e-05],
          [7.6414e-05],
          [4.3010e-04],
          [1.1520e-04],
          [3.1982e-05],
          [1.3263e-04],
          [2.4533e-04],
          [3.2200e-05],
          [2.6440e-04],
          [2.3642e-05],
          [2.9378e-05],
          [1.1728e-05],
          [1.2999e-05],
          [1.7512e-05],
          [2.0561e-05],
          [3.1747e-05],
          [3.1813e-05],
          [4.9960e-05],
          [3.1094e-05],
          [2.7480e-04],
          [2.2059e-05],
          [5.8099e-05],
          [4.0036e-05],
          [1.4700e-05],
          [1.2253e-05],
          [1.6070e-05],
          [1.5759e-05],
          [2.1672e-05],
          [2.0551e-05],
          [9.7740e-05],
          [2.2618e-05],
          [1.0147e-04],
          [2.1791e-05],
          [1.9612e-05],
          [2.0384e-05],
          [2.2166e-05],
          [2.1415e-05],
          [2.4051e-05],
          [2.1750e-05],
          [3.0819e-05],
          [2.8044e-05],
          [3.1148e-05],
          [3.5133e-05],
          [4.8531e-05],
          [3.9600e-04],
          [1.8111e-04],
          [2.3294e-05],
          [3.0889e-05],
          [2.6915e-05],
          [2.4970e-05],
          [3.5721e-05],
          [4.0171e-05],
          [4.1477e-05],
          [3.5357e-05],
          [2.7650e-05],
          [3.0754e-05],
          [2.4142e-05],
          [2.1482e-05],
          [1.9294e-05],
          [1.6803e-05],
          [2.4107e-05],
          [2.3285e-05],
          [2.3394e-05],
          [2.9275e-05],
          [3.2268e-05],
          [2.8788e-05],
          [4.7152e-05],
          [4.2126e-05],
          [4.8532e-05],
          [5.5208e-05],
          [5.0215e-05],
          [7.1875e-05],
          [9.2958e-05],
          [6.2431e-05],
          [3.5923e-05],
          [3.7283e-05],
          [4.1220e-05],
          [5.3718e-05],
          [2.5160e-05],
          [5.4819e-05],
          [3.1931e-05],
          [3.2784e-05],
          [4.0206e-05],
          [2.2102e-05],
          [2.7746e-05],
          [2.0518e-05],
          [1.9304e-05],
          [2.2393e-05],
          [7.6375e-05],
          [2.8131e-05],
          [9.4006e-05],
          [3.2235e-05],
          [3.7019e-05],
          [3.0244e-05],
          [3.4156e-05],
          [3.7154e-05],
          [4.1703e-05],
          [3.9044e-05],
          [3.5512e-05],
          [3.1627e-05],
          [2.9501e-05],
          [2.6711e-05],
          [2.9046e-05],
          [3.2774e-05],
          [3.3982e-05],
          [9.6282e-05],
          [4.3764e-05],
          [1.4164e-04],
          [2.2355e-05],
          [1.7754e-05],
          [2.0086e-05],
          [2.3001e-05],
          [1.3533e-04],
          [1.0392e-04],
          [2.4563e-05],
          [2.3545e-05],
          [2.5196e-05],
          [3.5737e-05],
          [4.5995e-05],
          [5.6160e-05],
          [6.1611e-05],
          [6.1833e-05],
          [4.8401e-05],
          [4.7248e-05],
          [3.1540e-05],
          [2.4299e-05],
          [1.8206e-05],
          [2.0140e-05],
          [1.8930e-05],
          [2.2000e-05],
          [1.8407e-05],
          [1.4075e-04],
          [3.4474e-05],
          [3.5374e-05],
          [4.5902e-05],
          [2.7014e-05],
          [4.6802e-05],
          [1.8828e-05],
          [2.1792e-05],
          [2.2060e-05],
          [2.2998e-04],
          [1.0374e-04],
          [3.0413e-05],
          [3.1852e-05],
          [3.4596e-05],
          [2.4965e-05],
          [3.1998e-05],
          [3.7878e-05],
          [4.3425e-05],
          [4.3333e-05],
          [8.2768e-05],
          [8.6604e-05],
          [6.6428e-05],
          [4.1299e-05],
          [2.1412e-05],
          [1.5520e-05],
          [2.4443e-05],
          [1.4901e-05],
          [2.1105e-04],
          [1.1401e-04],
          [1.5939e-05],
          [7.6793e-05],
          [1.2436e-04],
          [2.1282e-05],
          [2.1990e-04],
          [1.9637e-05],
          [2.7651e-04],
          [2.1482e-05],
          [2.5115e-05],
          [2.5674e-05],
          [2.0718e-05],
          [1.8129e-05],
          [7.6423e-06],
          [4.1119e-06]]]])
