# Using CPU
# Loading Embeddings...
# Making Predictions...
torch.Size([1, 1, 442, 289])
tensor([[[[2.0937e-04],
          [8.7570e-05],
          [1.1575e-04],
          [2.5082e-05],
          [1.5867e-05],
          [8.8986e-04],
          [1.3073e-04],
          [2.7380e-05],
          [7.6894e-04],
          [1.3988e-04],
          [2.1243e-05],
          [1.8207e-05],
          [7.4872e-04],
          [2.3925e-04],
          [3.1293e-05],
          [1.3826e-05],
          [1.5573e-05],
          [2.0135e-05],
          [2.0302e-05],
          [2.0524e-05],
          [3.4134e-04],
          [2.7085e-05],
          [1.2537e-04],
          [1.8987e-05],
          [1.9152e-05],
          [2.9032e-05],
          [4.3429e-05],
          [7.4976e-05],
          [8.9191e-05],
          [1.1459e-04],
          [1.1851e-04],
          [1.4411e-04],
          [1.3066e-04],
          [1.4548e-04],
          [1.1113e-04],
          [8.1789e-05],
          [1.6281e-03],
          [4.8990e-05],
          [3.7489e-04],
          [2.9506e-04],
          [3.2776e-04],
          [2.7436e-05],
          [2.2196e-05],
          [2.1799e-05],
          [1.5483e-05],
          [1.5453e-05],
          [1.4177e-05],
          [1.4462e-05],
          [1.8697e-05],
          [3.8747e-04],
          [2.4971e-04],
          [1.9323e-05],
          [1.4864e-05],
          [6.7015e-04],
          [1.0215e-04],
          [2.1236e-05],
          [1.6004e-05],
          [1.5950e-05],
          [1.8661e-05],
          [2.2880e-05],
          [2.1771e-05],
          [2.2140e-05],
          [7.0763e-04],
          [4.5581e-04],
          [1.9548e-05],
          [1.9943e-05],
          [1.7390e-05],
          [1.7180e-05],
          [1.9127e-05],
          [1.8755e-05],
          [1.8472e-05],
          [5.8965e-04],
          [3.2857e-05],
          [4.5342e-05],
          [1.7746e-05],
          [2.1810e-05],
          [1.7662e-04],
          [2.3760e-05],
          [1.9235e-05],
          [2.1063e-05],
          [4.2910e-04],
          [6.2594e-04],
          [1.9245e-05],
          [1.5288e-05],
          [1.5862e-05],
          [1.9154e-05],
          [2.0731e-05],
          [2.3264e-05],
          [1.9091e-05],
          [1.8566e-05],
          [6.7732e-04],
          [8.3422e-05],
          [4.8819e-04],
          [1.7923e-05],
          [1.7290e-05],
          [1.9449e-05],
          [2.2379e-05],
          [2.7057e-05],
          [2.8726e-05],
          [2.7886e-05],
          [2.6498e-05],
          [2.3891e-05],
          [1.7732e-05],
          [1.5690e-05],
          [1.3815e-05],
          [2.0536e-05],
          [2.4663e-05],
          [3.0596e-05],
          [3.3532e-05],
          [3.4273e-05],
          [2.5713e-05],
          [3.0220e-04],
          [3.4184e-04],
          [2.4961e-05],
          [7.3917e-04],
          [2.1159e-05],
          [1.6823e-05],
          [1.3807e-05],
          [1.7349e-05],
          [1.7690e-05],
          [1.7571e-05],
          [1.7745e-05],
          [3.2081e-05],
          [1.2936e-05],
          [1.5002e-05],
          [1.4127e-05],
          [1.6567e-05],
          [1.6644e-05],
          [1.9713e-05],
          [4.2132e-05],
          [1.7792e-04],
          [6.6334e-04],
          [5.7965e-04],
          [3.8459e-04],
          [1.1753e-04],
          [5.4552e-05],
          [2.8114e-05],
          [2.9627e-05],
          [2.1236e-05],
          [2.2268e-05],
          [1.7330e-05],
          [1.6020e-05],
          [1.0891e-05],
          [1.4983e-05],
          [1.6181e-05],
          [2.2513e-05],
          [2.5323e-05],
          [3.7370e-05],
          [5.2690e-05],
          [8.0119e-05],
          [8.9390e-05],
          [1.0456e-04],
          [9.5596e-05],
          [1.1688e-04],
          [8.4987e-05],
          [7.6274e-05],
          [1.3713e-03],
          [1.2829e-04],
          [3.1642e-04],
          [1.8455e-04],
          [2.8512e-05],
          [2.9490e-05],
          [5.6490e-05],
          [7.1715e-05],
          [2.7978e-05],
          [2.4908e-05],
          [2.3608e-05],
          [2.3833e-05],
          [2.6460e-05],
          [2.7012e-05],
          [2.6631e-05],
          [1.5842e-03],
          [3.4655e-04],
          [3.6910e-05],
          [4.6844e-05],
          [5.8972e-05],
          [4.8713e-05],
          [4.5002e-05],
          [7.0056e-04],
          [5.5616e-05],
          [5.3088e-04],
          [1.7670e-05],
          [2.2272e-05],
          [3.1976e-04],
          [1.7339e-05],
          [7.0672e-04],
          [2.2919e-05],
          [1.9405e-05],
          [2.9854e-05],
          [6.8160e-04],
          [2.4758e-05],
          [1.1909e-04],
          [2.2244e-05],
          [2.8532e-05],
          [2.9945e-05],
          [2.9395e-05],
          [3.5829e-05],
          [2.7927e-05],
          [6.7972e-04],
          [4.0722e-04],
          [2.3751e-05],
          [1.8970e-05],
          [1.8971e-05],
          [1.7081e-05],
          [1.5734e-05],
          [1.4664e-05],
          [1.7667e-05],
          [4.0173e-04],
          [1.0892e-04],
          [2.3619e-05],
          [1.7100e-05],
          [1.4470e-05],
          [2.2790e-05],
          [8.4702e-04],
          [5.1158e-05],
          [2.2778e-05],
          [5.4174e-04],
          [2.6396e-05],
          [2.3211e-05],
          [1.6380e-05],
          [1.6581e-05],
          [1.5273e-05],
          [1.8631e-05],
          [1.9331e-05],
          [1.8932e-05],
          [2.3426e-05],
          [1.9201e-05],
          [2.0796e-05],
          [2.2097e-05],
          [1.6717e-05],
          [1.6920e-05],
          [1.7353e-05],
          [1.2712e-05],
          [1.3866e-05],
          [7.6341e-04],
          [8.2910e-05],
          [1.4855e-05],
          [1.6485e-05],
          [1.6966e-05],
          [2.1072e-05],
          [2.4364e-05],
          [1.8034e-05],
          [1.4919e-05],
          [2.7075e-05],
          [1.8566e-05],
          [1.2786e-05],
          [2.8066e-04],
          [2.0196e-04],
          [2.8017e-05],
          [7.8776e-04],
          [1.1619e-05],
          [5.9568e-04],
          [1.7265e-04],
          [2.1459e-05],
          [1.9212e-05],
          [2.0240e-05],
          [1.8827e-05],
          [2.5047e-05],
          [2.8139e-05],
          [4.3213e-05],
          [4.5758e-05],
          [7.5579e-05],
          [9.5667e-05],
          [1.5804e-04],
          [1.5992e-04],
          [1.6420e-04],
          [1.4556e-04],
          [6.4433e-04],
          [4.3616e-05],
          [3.7542e-05],
          [4.8737e-04],
          [7.3519e-04],
          [4.5299e-05],
          [2.8306e-04],
          [3.3163e-04],
          [5.3016e-05],
          [4.4540e-04],
          [1.9381e-05],
          [1.2439e-05],
          [1.2808e-05],
          [9.8248e-06],
          [1.3389e-05],
          [1.4256e-05],
          [3.9122e-05],
          [1.8040e-05],
          [2.1255e-05],
          [1.5449e-05],
          [6.0485e-04],
          [3.1894e-05],
          [2.5749e-04],
          [3.8902e-05],
          [1.3264e-05],
          [1.3264e-05],
          [1.2295e-05],
          [1.1206e-05],
          [1.2097e-05],
          [1.5404e-05],
          [3.7750e-04],
          [2.1860e-05],
          [1.8466e-04],
          [2.0153e-05],
          [1.4101e-05],
          [1.7716e-05],
          [1.3604e-05],
          [1.2873e-05],
          [1.6251e-05],
          [1.4204e-05],
          [1.6494e-05],
          [1.7463e-05],
          [1.8582e-05],
          [2.1138e-05],
          [2.6924e-05],
          [1.0932e-03],
          [2.7228e-04],
          [2.0290e-05],
          [1.6807e-05],
          [1.5484e-05],
          [1.8906e-05],
          [2.0479e-05],
          [2.7041e-05],
          [2.7237e-05],
          [2.2467e-05],
          [1.9543e-05],
          [1.8409e-05],
          [1.6942e-05],
          [1.1961e-05],
          [1.2011e-05],
          [1.1177e-05],
          [1.5009e-05],
          [1.1935e-05],
          [1.1924e-05],
          [1.5344e-05],
          [1.6857e-05],
          [1.7894e-05],
          [2.2794e-05],
          [2.9135e-05],
          [2.8141e-05],
          [2.9739e-05],
          [2.5805e-05],
          [3.2069e-05],
          [3.4729e-05],
          [3.1358e-05],
          [2.3585e-05],
          [2.9159e-05],
          [2.8172e-05],
          [2.8769e-05],
          [2.2087e-05],
          [2.0299e-05],
          [2.6241e-05],
          [2.0220e-05],
          [1.6875e-05],
          [1.4090e-05],
          [1.4673e-05],
          [1.6172e-05],
          [1.6024e-05],
          [1.8182e-05],
          [4.0450e-04],
          [5.1901e-05],
          [9.5234e-05],
          [2.0018e-05],
          [1.8931e-05],
          [1.8565e-05],
          [1.6128e-05],
          [1.5259e-05],
          [1.6030e-05],
          [1.6032e-05],
          [1.2686e-05],
          [1.3931e-05],
          [1.5041e-05],
          [1.5563e-05],
          [1.3350e-05],
          [1.5179e-05],
          [1.3176e-05],
          [7.3796e-04],
          [1.2736e-04],
          [4.0747e-04],
          [1.8413e-05],
          [1.2971e-05],
          [1.3089e-05],
          [1.4417e-05],
          [6.7563e-04],
          [1.6736e-04],
          [2.0678e-05],
          [2.3126e-05],
          [3.1794e-05],
          [3.7777e-05],
          [4.9226e-05],
          [6.2119e-05],
          [6.7486e-05],
          [5.7188e-05],
          [3.9376e-05],
          [2.6728e-05],
          [2.0649e-05],
          [1.4414e-05],
          [1.0765e-05],
          [1.0815e-05],
          [1.1503e-05],
          [1.3955e-05],
          [1.3264e-05],
          [8.0698e-05],
          [2.5650e-05],
          [2.8370e-05],
          [6.3125e-05],
          [2.9380e-05],
          [2.9321e-05],
          [2.9194e-05],
          [2.2792e-05],
          [2.1534e-05],
          [6.6624e-04],
          [3.3759e-04],
          [2.3695e-05],
          [2.2066e-05],
          [1.8566e-05],
          [1.5016e-05],
          [2.0423e-05],
          [2.1565e-05],
          [2.4305e-05],
          [1.5065e-04],
          [1.0227e-04],
          [2.1508e-04],
          [1.2322e-04],
          [3.0545e-05],
          [2.6211e-05],
          [1.4452e-05],
          [2.2574e-05],
          [1.4578e-05],
          [8.4054e-04],
          [2.5556e-04],
          [1.8392e-05],
          [1.5678e-04],
          [1.1517e-04],
          [2.1056e-05],
          [4.3944e-04],
          [2.2599e-05],
          [6.6393e-04],
          [1.7012e-05],
          [1.3011e-05],
          [1.2437e-05],
          [1.5475e-05],
          [1.0815e-05],
          [5.5411e-05],
          [5.9266e-06]]]])
