# Using CPU
# Loading Embeddings...
# Making Predictions...
torch.Size([1, 1, 442, 262])
tensor([[[[1.0136e-04],
          [4.6373e-05],
          [1.0274e-04],
          [4.2279e-05],
          [1.2924e-05],
          [6.4465e-04],
          [1.5244e-03],
          [1.9939e-05],
          [4.3522e-04],
          [1.6793e-03],
          [2.1996e-05],
          [2.0800e-05],
          [3.6346e-04],
          [2.7098e-04],
          [2.7928e-05],
          [1.4270e-05],
          [1.3592e-05],
          [1.0722e-05],
          [1.3884e-05],
          [3.1497e-05],
          [1.0328e-03],
          [2.7525e-05],
          [9.0389e-04],
          [1.5656e-05],
          [1.9589e-05],
          [2.4706e-05],
          [3.5956e-05],
          [6.2125e-05],
          [7.8717e-05],
          [1.0517e-04],
          [1.0801e-04],
          [1.3701e-04],
          [1.2758e-04],
          [1.3392e-04],
          [1.0178e-04],
          [8.0757e-05],
          [3.9663e-04],
          [5.0169e-05],
          [2.7890e-04],
          [1.0053e-04],
          [7.0382e-04],
          [2.3883e-05],
          [2.3262e-05],
          [2.5969e-05],
          [1.8208e-05],
          [2.4389e-05],
          [1.7086e-05],
          [1.8181e-05],
          [1.7219e-05],
          [3.2635e-04],
          [5.4388e-04],
          [1.6612e-05],
          [1.7503e-05],
          [8.6613e-04],
          [8.7813e-04],
          [1.9664e-05],
          [1.8941e-05],
          [1.6585e-05],
          [2.2051e-05],
          [2.5086e-05],
          [2.5298e-05],
          [2.3571e-05],
          [2.6917e-04],
          [3.5357e-04],
          [3.0289e-05],
          [2.4599e-05],
          [2.1726e-05],
          [2.3224e-05],
          [2.6774e-05],
          [2.3062e-05],
          [1.9574e-05],
          [3.6444e-04],
          [2.1600e-05],
          [2.5648e-05],
          [2.1356e-05],
          [2.1027e-05],
          [2.9542e-03],
          [1.7782e-05],
          [1.8559e-05],
          [1.5989e-05],
          [2.2370e-04],
          [1.9557e-04],
          [1.9738e-05],
          [1.5861e-05],
          [1.5957e-05],
          [1.8551e-05],
          [1.9504e-05],
          [2.1137e-05],
          [1.9823e-05],
          [1.7538e-05],
          [7.8583e-04],
          [4.9410e-05],
          [2.7793e-04],
          [1.7214e-05],
          [1.6144e-05],
          [1.8920e-05],
          [1.8257e-05],
          [2.7634e-05],
          [2.1580e-05],
          [2.8290e-05],
          [3.0387e-05],
          [1.8088e-05],
          [1.2658e-05],
          [1.2262e-05],
          [1.4528e-05],
          [2.0433e-05],
          [2.3390e-05],
          [2.8474e-05],
          [2.8149e-05],
          [2.8745e-05],
          [2.6068e-05],
          [1.3721e-04],
          [1.0538e-04],
          [2.6582e-05],
          [2.7520e-04],
          [1.7767e-05],
          [1.7580e-05],
          [1.8594e-05],
          [1.7428e-05],
          [1.9166e-05],
          [1.8355e-05],
          [1.4779e-05],
          [2.1301e-05],
          [1.8568e-05],
          [2.0572e-05],
          [1.7754e-05],
          [2.0227e-05],
          [2.3688e-05],
          [2.4412e-05],
          [2.5651e-05],
          [4.2131e-05],
          [5.8237e-04],
          [5.0157e-04],
          [6.2720e-05],
          [2.7879e-05],
          [2.7150e-05],
          [2.1148e-05],
          [3.0020e-05],
          [2.4276e-05],
          [2.1699e-05],
          [1.8086e-05],
          [1.8154e-05],
          [1.5197e-05],
          [1.6225e-05],
          [1.7202e-05],
          [2.2174e-05],
          [2.2923e-05],
          [3.1029e-05],
          [3.9362e-05],
          [5.1591e-05],
          [5.7280e-05],
          [6.8094e-05],
          [6.8619e-05],
          [8.2667e-05],
          [6.8632e-05],
          [5.5520e-05],
          [4.7231e-04],
          [6.8297e-04],
          [3.6953e-04],
          [1.6341e-03],
          [2.6319e-05],
          [2.2061e-05],
          [2.7404e-05],
          [2.4927e-05],
          [2.3692e-05],
          [2.3825e-05],
          [2.4678e-05],
          [2.2880e-05],
          [2.5675e-05],
          [2.3226e-05],
          [2.2211e-05],
          [5.1572e-04],
          [9.4535e-04],
          [2.9862e-05],
          [3.6867e-05],
          [3.8548e-05],
          [3.7912e-05],
          [3.6790e-05],
          [2.2082e-04],
          [4.7847e-05],
          [4.7014e-04],
          [1.9655e-05],
          [2.9900e-05],
          [2.7133e-04],
          [1.6545e-05],
          [3.2400e-04],
          [2.0844e-05],
          [2.2130e-05],
          [1.8914e-05],
          [7.7164e-04],
          [4.5397e-05],
          [3.0993e-03],
          [2.0382e-05],
          [2.3885e-05],
          [2.4531e-05],
          [2.5557e-05],
          [3.0293e-05],
          [2.5694e-05],
          [2.8852e-04],
          [4.2730e-04],
          [2.6761e-05],
          [2.2422e-05],
          [1.9717e-05],
          [1.6252e-05],
          [2.1761e-05],
          [2.5155e-05],
          [2.4484e-05],
          [6.5807e-04],
          [1.0069e-03],
          [1.8549e-05],
          [1.7416e-05],
          [1.7456e-05],
          [1.6461e-05],
          [4.3005e-04],
          [3.1687e-05],
          [2.3964e-05],
          [1.6829e-03],
          [1.9223e-05],
          [1.7492e-05],
          [1.7234e-05],
          [1.8377e-05],
          [2.0807e-05],
          [1.9370e-05],
          [1.6820e-05],
          [1.4942e-05],
          [2.3971e-05],
          [1.9536e-05],
          [1.7034e-05],
          [2.2406e-05],
          [2.2285e-05],
          [1.6874e-05],
          [1.9695e-05],
          [1.6601e-05],
          [1.5986e-05],
          [5.4160e-04],
          [4.9814e-04],
          [2.3361e-05],
          [1.7044e-05],
          [1.6420e-05],
          [2.2174e-05],
          [2.4752e-05],
          [2.4107e-05],
          [1.7434e-05],
          [3.2756e-05],
          [2.4086e-05],
          [1.4038e-05],
          [3.1110e-04],
          [1.3104e-04],
          [2.0013e-05],
          [2.7203e-04],
          [1.5885e-05],
          [2.9190e-04],
          [3.9415e-04],
          [2.2645e-05],
          [2.7378e-05],
          [2.8775e-05],
          [2.9922e-05],
          [3.7248e-05],
          [3.9316e-05],
          [4.6132e-05],
          [5.4263e-05],
          [8.3664e-05],
          [9.2996e-05],
          [1.1437e-04],
          [1.3376e-04],
          [1.5285e-04],
          [9.5274e-05],
          [2.2452e-04],
          [4.2189e-05],
          [3.8861e-05],
          [4.0781e-04],
          [1.9635e-04],
          [2.8597e-05],
          [3.6594e-04],
          [1.5896e-04],
          [4.6203e-05],
          [3.3760e-04],
          [1.7309e-05],
          [1.5454e-05],
          [1.3196e-05],
          [1.0669e-05],
          [9.3081e-06],
          [1.0754e-05],
          [2.6480e-05],
          [1.0549e-05],
          [1.4003e-05],
          [1.3599e-05],
          [3.1740e-04],
          [2.1523e-05],
          [8.3803e-05],
          [2.5952e-04],
          [1.4942e-05],
          [1.4578e-05],
          [1.4209e-05],
          [1.4131e-05],
          [1.3438e-05],
          [1.4179e-05],
          [7.8782e-04],
          [2.2638e-05],
          [1.7264e-03],
          [1.5053e-05],
          [1.6768e-05],
          [1.7153e-05],
          [1.7620e-05],
          [1.6208e-05],
          [1.5931e-05],
          [1.7360e-05],
          [1.8383e-05],
          [1.8860e-05],
          [2.3538e-05],
          [2.4347e-05],
          [2.9295e-05],
          [3.2643e-04],
          [9.8592e-04],
          [2.0551e-05],
          [1.6657e-05],
          [2.8779e-05],
          [1.1229e-05],
          [1.5671e-05],
          [2.2484e-05],
          [2.4586e-05],
          [2.0176e-05],
          [2.1223e-05],
          [1.9346e-05],
          [1.7956e-05],
          [1.2834e-05],
          [1.1054e-05],
          [1.4044e-05],
          [1.7193e-05],
          [1.3822e-05],
          [1.3953e-05],
          [1.4963e-05],
          [1.5339e-05],
          [1.5771e-05],
          [1.9401e-05],
          [1.8435e-05],
          [1.8399e-05],
          [1.8490e-05],
          [2.0798e-05],
          [2.5058e-05],
          [2.6283e-05],
          [3.2141e-05],
          [2.2020e-05],
          [2.0141e-05],
          [2.1245e-05],
          [2.3986e-05],
          [1.6118e-05],
          [3.5345e-05],
          [2.3451e-05],
          [1.5310e-05],
          [1.6923e-05],
          [1.3423e-05],
          [1.7571e-05],
          [1.6503e-05],
          [2.2413e-05],
          [1.7898e-05],
          [3.7983e-04],
          [4.7449e-05],
          [3.8263e-03],
          [1.9583e-05],
          [1.9137e-05],
          [2.0319e-05],
          [1.9184e-05],
          [1.6771e-05],
          [1.9099e-05],
          [2.4522e-05],
          [2.0012e-05],
          [1.5246e-05],
          [1.7340e-05],
          [1.6485e-05],
          [1.3709e-05],
          [1.8290e-05],
          [1.5788e-05],
          [3.9259e-04],
          [6.7076e-05],
          [1.5741e-03],
          [1.8442e-05],
          [1.4407e-05],
          [9.4699e-06],
          [1.1151e-05],
          [6.9537e-04],
          [1.1340e-03],
          [1.1707e-05],
          [1.2886e-05],
          [1.5334e-05],
          [2.2162e-05],
          [2.7526e-05],
          [3.2146e-05],
          [3.3746e-05],
          [2.7099e-05],
          [2.5097e-05],
          [2.3858e-05],
          [2.6099e-05],
          [1.6552e-05],
          [1.5407e-05],
          [1.7832e-05],
          [1.9826e-05],
          [1.5376e-05],
          [1.5489e-05],
          [5.6576e-05],
          [2.8835e-05],
          [3.5346e-05],
          [7.9642e-05],
          [2.5936e-05],
          [3.2291e-05],
          [2.5952e-05],
          [2.5471e-05],
          [2.0531e-05],
          [3.7563e-04],
          [4.1905e-04],
          [2.3813e-05],
          [2.0285e-05],
          [2.0446e-05],
          [1.8925e-05],
          [2.6111e-05],
          [2.2762e-05],
          [3.2667e-05],
          [1.1561e-04],
          [1.5815e-04],
          [5.3787e-04],
          [9.0673e-04],
          [2.8464e-05],
          [1.6240e-05],
          [1.6072e-05],
          [1.7213e-05],
          [1.7371e-05],
          [3.5433e-04],
          [1.2730e-04],
          [1.3989e-05],
          [4.9101e-05],
          [2.7585e-04],
          [1.9237e-05],
          [1.9829e-04],
          [1.8611e-05],
          [3.8376e-04],
          [2.2432e-05],
          [1.7487e-05],
          [1.3201e-05],
          [1.8308e-05],
          [1.2780e-05],
          [1.0167e-04],
          [7.6059e-06]]]])
