# Using CPU
# Loading Embeddings...
# Making Predictions...
torch.Size([1, 1, 442, 316])
tensor([[[[1.6577e-04],
          [4.6359e-05],
          [9.4400e-05],
          [2.4267e-05],
          [2.9809e-05],
          [5.1899e-04],
          [2.2095e-04],
          [5.5850e-05],
          [6.3390e-04],
          [2.3562e-04],
          [3.8150e-05],
          [3.9939e-05],
          [5.7619e-04],
          [1.9747e-04],
          [8.6901e-05],
          [4.1078e-05],
          [3.3148e-05],
          [3.0669e-05],
          [3.0620e-05],
          [2.2224e-05],
          [6.6354e-04],
          [3.3461e-05],
          [9.5482e-05],
          [3.5520e-05],
          [3.8242e-05],
          [4.4050e-05],
          [4.6958e-05],
          [8.9103e-05],
          [9.1474e-05],
          [1.2688e-04],
          [8.7399e-05],
          [1.3351e-04],
          [9.2136e-05],
          [1.0645e-04],
          [8.4617e-05],
          [7.2334e-05],
          [9.1306e-04],
          [9.7898e-05],
          [1.2566e-04],
          [1.4404e-04],
          [1.3774e-04],
          [5.0233e-05],
          [5.0111e-05],
          [4.5074e-05],
          [3.5292e-05],
          [5.3686e-05],
          [4.1196e-05],
          [4.0860e-05],
          [3.9087e-05],
          [6.7269e-04],
          [1.4649e-04],
          [4.0441e-05],
          [4.6721e-05],
          [3.7555e-04],
          [1.1723e-04],
          [4.8235e-05],
          [3.5971e-05],
          [3.3425e-05],
          [5.0140e-05],
          [4.4160e-05],
          [3.9346e-05],
          [3.8422e-05],
          [5.5732e-04],
          [2.1662e-04],
          [6.2675e-05],
          [5.8594e-05],
          [6.2331e-05],
          [5.7861e-05],
          [6.1137e-05],
          [4.8627e-05],
          [4.7631e-05],
          [3.2229e-04],
          [4.8373e-05],
          [4.8774e-05],
          [5.3941e-05],
          [5.6447e-05],
          [2.1165e-04],
          [4.3699e-05],
          [4.4224e-05],
          [3.2972e-05],
          [2.7363e-04],
          [1.1625e-04],
          [3.8399e-05],
          [4.4648e-05],
          [3.9581e-05],
          [3.7078e-05],
          [3.9384e-05],
          [4.9220e-05],
          [4.0164e-05],
          [3.7023e-05],
          [3.7797e-04],
          [5.7752e-05],
          [1.6574e-04],
          [4.6390e-05],
          [4.8340e-05],
          [5.0164e-05],
          [4.6114e-05],
          [4.5919e-05],
          [3.7362e-05],
          [4.0514e-05],
          [3.8267e-05],
          [3.7993e-05],
          [3.6154e-05],
          [4.1114e-05],
          [3.7676e-05],
          [4.3183e-05],
          [3.6214e-05],
          [4.6809e-05],
          [4.6017e-05],
          [3.9011e-05],
          [3.5917e-05],
          [1.2056e-04],
          [1.6444e-04],
          [4.1248e-05],
          [2.0857e-04],
          [3.4310e-05],
          [3.8813e-05],
          [5.6984e-05],
          [3.8733e-05],
          [4.0664e-05],
          [3.6790e-05],
          [3.6369e-05],
          [3.7881e-05],
          [3.8964e-05],
          [4.2944e-05],
          [4.2841e-05],
          [4.6142e-05],
          [5.7012e-05],
          [5.6741e-05],
          [6.0657e-05],
          [4.6287e-05],
          [4.9347e-04],
          [1.9417e-04],
          [7.4354e-05],
          [6.6004e-05],
          [5.3091e-05],
          [4.3506e-05],
          [6.5054e-05],
          [5.4183e-05],
          [4.2261e-05],
          [4.2029e-05],
          [4.2704e-05],
          [4.0307e-05],
          [4.4845e-05],
          [4.6252e-05],
          [4.0448e-05],
          [4.0882e-05],
          [6.7364e-05],
          [5.0089e-05],
          [8.2459e-05],
          [8.2000e-05],
          [7.6410e-05],
          [8.4152e-05],
          [9.2338e-05],
          [6.8520e-05],
          [5.9282e-05],
          [4.6311e-04],
          [1.5498e-04],
          [3.2161e-04],
          [2.1122e-04],
          [4.3426e-05],
          [4.7880e-05],
          [5.1255e-05],
          [5.4272e-05],
          [5.4328e-05],
          [5.1289e-05],
          [5.2028e-05],
          [5.1192e-05],
          [5.4339e-05],
          [4.5854e-05],
          [3.9866e-05],
          [6.5395e-04],
          [1.6772e-04],
          [4.9839e-05],
          [3.9735e-05],
          [3.6303e-05],
          [5.2707e-05],
          [4.2664e-05],
          [4.3886e-04],
          [5.4662e-05],
          [3.0081e-04],
          [4.6957e-05],
          [3.9308e-05],
          [3.5264e-04],
          [4.2568e-05],
          [2.2728e-04],
          [3.9103e-05],
          [3.8590e-05],
          [3.4997e-05],
          [3.8597e-04],
          [4.4889e-05],
          [4.5181e-04],
          [4.2252e-05],
          [3.9407e-05],
          [3.1038e-05],
          [4.2815e-05],
          [4.1606e-05],
          [3.0362e-05],
          [3.4978e-04],
          [1.3421e-04],
          [4.7138e-05],
          [4.2905e-05],
          [4.5281e-05],
          [3.7432e-05],
          [4.1494e-05],
          [3.9988e-05],
          [3.8273e-05],
          [5.2433e-04],
          [1.4841e-04],
          [3.9407e-05],
          [3.8377e-05],
          [3.6942e-05],
          [3.3195e-05],
          [7.1862e-04],
          [5.3498e-05],
          [5.1904e-05],
          [3.1985e-04],
          [4.3630e-05],
          [4.1793e-05],
          [3.8524e-05],
          [4.3303e-05],
          [4.7540e-05],
          [4.7818e-05],
          [4.2505e-05],
          [4.2799e-05],
          [4.5159e-05],
          [5.1246e-05],
          [4.4658e-05],
          [4.5569e-05],
          [5.6691e-05],
          [4.8643e-05],
          [5.1435e-05],
          [4.4189e-05],
          [3.0387e-05],
          [4.2290e-04],
          [1.3684e-04],
          [4.4077e-05],
          [3.4208e-05],
          [3.7566e-05],
          [4.1605e-05],
          [3.4936e-05],
          [2.4367e-05],
          [2.4731e-05],
          [3.8833e-05],
          [2.2826e-05],
          [2.4834e-05],
          [2.4852e-04],
          [1.4329e-04],
          [2.7995e-05],
          [1.7746e-04],
          [3.4086e-05],
          [2.8505e-04],
          [9.1775e-05],
          [3.4347e-05],
          [4.0034e-05],
          [3.5605e-05],
          [3.2384e-05],
          [3.2692e-05],
          [3.3964e-05],
          [4.6592e-05],
          [4.4082e-05],
          [5.2335e-05],
          [5.7441e-05],
          [7.4660e-05],
          [1.9701e-04],
          [7.1224e-05],
          [4.6839e-05],
          [4.2360e-04],
          [2.4795e-05],
          [2.5499e-05],
          [1.5432e-04],
          [2.3685e-04],
          [3.2780e-05],
          [6.4554e-05],
          [1.4106e-04],
          [4.3282e-05],
          [1.8342e-04],
          [2.9606e-05],
          [3.3573e-05],
          [2.7817e-05],
          [2.5808e-05],
          [2.0524e-05],
          [1.8701e-05],
          [2.7924e-05],
          [2.0835e-05],
          [2.2241e-05],
          [1.8413e-05],
          [4.2612e-04],
          [4.0175e-05],
          [8.2952e-05],
          [4.9629e-05],
          [3.3687e-05],
          [2.8058e-05],
          [2.5623e-05],
          [2.8123e-05],
          [3.3154e-05],
          [2.8684e-05],
          [5.0402e-04],
          [3.5813e-05],
          [2.0857e-04],
          [3.6502e-05],
          [3.2799e-05],
          [3.8816e-05],
          [3.7905e-05],
          [3.3487e-05],
          [3.9402e-05],
          [4.0600e-05],
          [4.5211e-05],
          [4.3475e-05],
          [4.8029e-05],
          [4.5531e-05],
          [4.8394e-05],
          [8.7251e-04],
          [2.1365e-04],
          [3.9331e-05],
          [4.0434e-05],
          [2.1131e-05],
          [2.6054e-05],
          [2.1943e-05],
          [2.3276e-05],
          [2.1107e-05],
          [1.8083e-05],
          [1.5402e-05],
          [2.0968e-05],
          [2.1381e-05],
          [2.2300e-05],
          [2.6544e-05],
          [2.4738e-05],
          [2.6644e-05],
          [1.8268e-05],
          [2.6826e-05],
          [2.8773e-05],
          [3.2615e-05],
          [3.6718e-05],
          [4.6463e-05],
          [4.9174e-05],
          [4.8442e-05],
          [5.2498e-05],
          [5.0198e-05],
          [4.4303e-05],
          [4.3378e-05],
          [3.6926e-05],
          [3.4447e-05],
          [3.1316e-05],
          [2.7371e-05],
          [4.7631e-05],
          [2.5211e-05],
          [3.4203e-05],
          [3.5970e-05],
          [2.5968e-05],
          [2.4938e-05],
          [2.0365e-05],
          [2.3454e-05],
          [2.2416e-05],
          [3.2927e-05],
          [3.7363e-05],
          [2.3889e-04],
          [3.3549e-05],
          [5.8713e-04],
          [3.3507e-05],
          [4.0163e-05],
          [4.2511e-05],
          [3.7701e-05],
          [3.9044e-05],
          [3.6298e-05],
          [3.8467e-05],
          [4.2867e-05],
          [3.2751e-05],
          [3.7874e-05],
          [3.5604e-05],
          [3.1497e-05],
          [2.9279e-05],
          [2.9204e-05],
          [3.9114e-04],
          [1.3801e-04],
          [2.2880e-04],
          [3.4574e-05],
          [2.5167e-05],
          [2.1847e-05],
          [1.6928e-05],
          [3.7193e-04],
          [1.1621e-04],
          [1.7694e-05],
          [2.0255e-05],
          [3.0172e-05],
          [4.1471e-05],
          [7.2307e-05],
          [6.9718e-05],
          [9.0044e-05],
          [6.6895e-05],
          [5.4702e-05],
          [5.0531e-05],
          [4.9470e-05],
          [3.5886e-05],
          [4.0342e-05],
          [4.5309e-05],
          [5.6362e-05],
          [4.0213e-05],
          [3.2867e-05],
          [8.3075e-05],
          [3.3082e-05],
          [3.4741e-05],
          [1.4538e-04],
          [2.8124e-05],
          [2.9996e-05],
          [2.5371e-05],
          [2.5705e-05],
          [1.9890e-05],
          [4.4011e-04],
          [1.3277e-04],
          [3.8030e-05],
          [4.1126e-05],
          [4.4435e-05],
          [3.6144e-05],
          [3.7132e-05],
          [2.7276e-05],
          [2.8680e-05],
          [7.7586e-05],
          [6.5373e-05],
          [1.6547e-04],
          [1.4975e-04],
          [2.0584e-05],
          [1.8338e-05],
          [1.6329e-05],
          [1.5262e-05],
          [1.5854e-05],
          [3.3951e-04],
          [1.4557e-04],
          [2.5505e-05],
          [6.0423e-05],
          [8.1633e-05],
          [2.0848e-05],
          [1.9674e-04],
          [1.6989e-05],
          [2.0774e-04],
          [2.6043e-05],
          [2.9311e-05],
          [2.6946e-05],
          [3.4971e-05],
          [1.9999e-05],
          [6.9945e-05],
          [6.4904e-06]]]])
