# Using CPU
# Loading Embeddings...
# Making Predictions...
torch.Size([1, 1, 442, 261])
tensor([[[[6.2856e-04],
          [1.0101e-04],
          [9.9728e-05],
          [5.7076e-05],
          [1.4142e-05],
          [5.0696e-04],
          [2.2173e-04],
          [2.9937e-05],
          [4.4182e-04],
          [1.6133e-04],
          [1.2752e-05],
          [1.2402e-05],
          [3.1952e-04],
          [4.2387e-04],
          [4.8423e-05],
          [1.1771e-05],
          [9.7077e-06],
          [9.7559e-06],
          [9.6816e-06],
          [2.1944e-05],
          [3.2500e-04],
          [1.7238e-05],
          [1.5333e-04],
          [1.5350e-05],
          [1.4859e-05],
          [2.0998e-05],
          [2.8871e-05],
          [4.4831e-05],
          [5.1252e-05],
          [6.9282e-05],
          [5.8712e-05],
          [7.8201e-05],
          [6.2044e-05],
          [7.3202e-05],
          [5.4279e-05],
          [4.7040e-05],
          [1.1470e-03],
          [6.3597e-05],
          [2.3812e-04],
          [1.7165e-04],
          [3.2746e-04],
          [1.7462e-05],
          [1.6334e-05],
          [1.9597e-05],
          [1.4700e-05],
          [1.4899e-05],
          [1.2730e-05],
          [1.3279e-05],
          [1.7966e-05],
          [4.8207e-04],
          [2.1829e-04],
          [1.4055e-05],
          [1.0571e-05],
          [4.6780e-04],
          [1.5625e-04],
          [1.4527e-05],
          [1.1649e-05],
          [1.5715e-05],
          [1.5891e-05],
          [1.8272e-05],
          [1.7857e-05],
          [1.5510e-05],
          [9.6513e-04],
          [5.2867e-04],
          [1.4579e-05],
          [1.5052e-05],
          [1.6363e-05],
          [1.8280e-05],
          [1.4434e-05],
          [1.4983e-05],
          [1.2274e-05],
          [1.1117e-03],
          [2.5482e-05],
          [4.7516e-05],
          [1.3823e-05],
          [1.9609e-05],
          [3.4170e-04],
          [2.0544e-05],
          [1.5637e-05],
          [1.7489e-05],
          [2.1597e-03],
          [4.7229e-04],
          [1.9206e-05],
          [1.4979e-05],
          [1.1824e-05],
          [1.2962e-05],
          [1.3804e-05],
          [1.5361e-05],
          [1.2706e-05],
          [1.3385e-05],
          [4.1616e-04],
          [1.8712e-04],
          [3.4816e-04],
          [1.6136e-05],
          [1.5356e-05],
          [1.5628e-05],
          [1.5037e-05],
          [1.9165e-05],
          [1.6330e-05],
          [2.1886e-05],
          [1.7621e-05],
          [1.4538e-05],
          [1.1160e-05],
          [1.1315e-05],
          [1.3359e-05],
          [1.6522e-05],
          [1.7379e-05],
          [2.0791e-05],
          [2.1307e-05],
          [2.1781e-05],
          [1.7231e-05],
          [2.6895e-04],
          [6.2871e-04],
          [1.9067e-05],
          [5.6233e-04],
          [1.7755e-05],
          [1.2505e-05],
          [1.2614e-05],
          [1.4954e-05],
          [1.6146e-05],
          [1.5297e-05],
          [1.6623e-05],
          [2.5615e-05],
          [1.0634e-05],
          [1.1602e-05],
          [1.2352e-05],
          [1.2683e-05],
          [1.3411e-05],
          [2.1353e-05],
          [3.8446e-05],
          [2.2794e-04],
          [2.4314e-03],
          [7.0495e-03],
          [6.8309e-04],
          [1.4367e-04],
          [5.4439e-05],
          [2.6487e-05],
          [2.1905e-05],
          [1.6272e-05],
          [1.6884e-05],
          [1.4491e-05],
          [1.3492e-05],
          [1.0248e-05],
          [1.1651e-05],
          [1.3698e-05],
          [1.6821e-05],
          [1.9841e-05],
          [2.6257e-05],
          [3.6023e-05],
          [5.3350e-05],
          [5.5096e-05],
          [5.5057e-05],
          [5.3352e-05],
          [5.8869e-05],
          [4.5067e-05],
          [4.0968e-05],
          [9.0499e-04],
          [1.5925e-04],
          [2.5533e-04],
          [2.5223e-04],
          [1.9455e-05],
          [3.7216e-05],
          [8.1179e-05],
          [8.3678e-05],
          [2.5618e-05],
          [2.7110e-05],
          [2.4800e-05],
          [2.2762e-05],
          [2.2642e-05],
          [1.8050e-05],
          [1.9885e-05],
          [7.2618e-04],
          [2.5384e-04],
          [2.2907e-05],
          [2.7708e-05],
          [5.3652e-05],
          [2.9463e-05],
          [2.7157e-05],
          [6.0894e-04],
          [3.8780e-05],
          [4.3948e-04],
          [2.3708e-05],
          [2.6964e-05],
          [7.6525e-04],
          [1.6595e-05],
          [5.4272e-04],
          [2.0432e-05],
          [1.6575e-05],
          [2.5256e-05],
          [5.9443e-04],
          [2.2409e-05],
          [1.4788e-04],
          [1.5425e-05],
          [1.8550e-05],
          [1.9600e-05],
          [1.8963e-05],
          [2.1601e-05],
          [1.7018e-05],
          [1.3306e-03],
          [3.3609e-04],
          [1.4584e-05],
          [1.2826e-05],
          [1.2952e-05],
          [1.4539e-05],
          [1.4494e-05],
          [1.3418e-05],
          [1.7361e-05],
          [4.9943e-04],
          [2.3271e-04],
          [1.8182e-05],
          [1.4666e-05],
          [1.3825e-05],
          [1.7831e-05],
          [6.0218e-04],
          [5.2735e-05],
          [2.0466e-05],
          [5.3919e-04],
          [2.6227e-05],
          [2.0433e-05],
          [1.2324e-05],
          [1.3469e-05],
          [1.3509e-05],
          [1.3582e-05],
          [1.1755e-05],
          [1.5286e-05],
          [1.8827e-05],
          [1.9571e-05],
          [1.4130e-05],
          [1.5568e-05],
          [1.3870e-05],
          [1.1896e-05],
          [1.1338e-05],
          [1.1985e-05],
          [1.1090e-05],
          [8.2823e-04],
          [1.3184e-04],
          [1.5461e-05],
          [1.2274e-05],
          [1.3325e-05],
          [1.8617e-05],
          [2.4323e-05],
          [2.5011e-05],
          [1.7535e-05],
          [2.5102e-05],
          [2.3220e-05],
          [1.3003e-05],
          [2.8573e-04],
          [5.8777e-04],
          [2.7488e-05],
          [6.0258e-04],
          [1.0203e-05],
          [4.7151e-04],
          [2.8780e-04],
          [1.5538e-05],
          [1.2906e-05],
          [2.1202e-05],
          [1.3667e-05],
          [1.6795e-05],
          [1.9032e-05],
          [2.8745e-05],
          [2.8944e-05],
          [4.5061e-05],
          [5.5734e-05],
          [7.7443e-05],
          [1.6504e-04],
          [7.7419e-05],
          [9.5340e-05],
          [5.7282e-04],
          [2.7677e-05],
          [2.0528e-05],
          [3.6005e-04],
          [4.1594e-04],
          [3.8990e-05],
          [2.6318e-04],
          [2.0135e-04],
          [3.3416e-05],
          [4.1942e-04],
          [1.4233e-05],
          [9.2230e-06],
          [9.2617e-06],
          [1.0208e-05],
          [1.2763e-05],
          [1.1007e-05],
          [3.2687e-05],
          [1.0936e-05],
          [1.2103e-05],
          [1.3360e-05],
          [3.0017e-03],
          [3.2497e-05],
          [2.3965e-04],
          [5.1637e-05],
          [1.0575e-05],
          [1.0626e-05],
          [1.0216e-05],
          [9.2405e-06],
          [9.5633e-06],
          [1.2320e-05],
          [4.9001e-04],
          [1.6851e-05],
          [2.4255e-04],
          [1.7856e-05],
          [1.2383e-05],
          [1.4560e-05],
          [1.0486e-05],
          [9.8799e-06],
          [1.1894e-05],
          [1.1092e-05],
          [1.3474e-05],
          [1.3058e-05],
          [1.6923e-05],
          [1.8246e-05],
          [1.7827e-05],
          [9.9252e-04],
          [2.6898e-04],
          [1.5958e-05],
          [1.3677e-05],
          [1.1787e-05],
          [1.1223e-05],
          [1.4088e-05],
          [1.6357e-05],
          [2.2429e-05],
          [1.9309e-05],
          [2.8523e-05],
          [1.2786e-05],
          [1.3378e-05],
          [1.1376e-05],
          [1.2378e-05],
          [1.0706e-05],
          [1.2559e-05],
          [1.1199e-05],
          [1.0981e-05],
          [1.1496e-05],
          [1.2028e-05],
          [1.2311e-05],
          [1.3094e-05],
          [1.7995e-05],
          [1.8127e-05],
          [2.1011e-05],
          [1.8130e-05],
          [2.8113e-05],
          [2.9288e-05],
          [3.0004e-05],
          [2.4789e-05],
          [3.0517e-05],
          [3.3303e-05],
          [2.9187e-05],
          [2.6078e-05],
          [2.1896e-05],
          [2.7569e-05],
          [2.0524e-05],
          [1.7294e-05],
          [1.3912e-05],
          [1.3964e-05],
          [1.5521e-05],
          [1.5260e-05],
          [1.5903e-05],
          [4.1326e-04],
          [5.7310e-05],
          [9.8220e-05],
          [2.0414e-05],
          [1.8808e-05],
          [1.8869e-05],
          [1.6097e-05],
          [1.8167e-05],
          [1.3384e-05],
          [1.2542e-05],
          [1.1478e-05],
          [1.1597e-05],
          [1.2132e-05],
          [1.4124e-05],
          [1.1592e-05],
          [1.2238e-05],
          [1.3757e-05],
          [7.1891e-04],
          [1.4830e-04],
          [3.0955e-04],
          [1.5931e-05],
          [1.1578e-05],
          [1.1208e-05],
          [1.3128e-05],
          [3.3475e-04],
          [1.4630e-04],
          [1.1976e-05],
          [1.2205e-05],
          [1.4459e-05],
          [1.7543e-05],
          [2.2313e-05],
          [2.4466e-05],
          [2.9610e-05],
          [2.4277e-05],
          [2.3247e-05],
          [1.6631e-05],
          [1.3774e-05],
          [1.2156e-05],
          [9.6992e-06],
          [9.6819e-06],
          [1.0185e-05],
          [1.1818e-05],
          [1.2868e-05],
          [5.0901e-05],
          [3.1414e-05],
          [3.7534e-05],
          [6.0173e-05],
          [2.7765e-05],
          [3.5957e-05],
          [2.3551e-05],
          [1.8877e-05],
          [1.4805e-05],
          [3.3257e-04],
          [2.5529e-04],
          [1.9003e-05],
          [1.7330e-05],
          [1.7637e-05],
          [1.5784e-05],
          [2.1871e-05],
          [2.0302e-05],
          [3.3326e-05],
          [1.2895e-04],
          [7.2761e-05],
          [2.9706e-04],
          [1.4593e-04],
          [3.0498e-05],
          [2.3866e-05],
          [1.5694e-05],
          [2.1040e-05],
          [1.0693e-05],
          [3.2904e-04],
          [2.0268e-04],
          [1.8115e-05],
          [1.1997e-04],
          [1.2181e-04],
          [1.6841e-05],
          [4.1074e-04],
          [1.9232e-05],
          [4.6742e-04],
          [1.3171e-05],
          [1.0574e-05],
          [9.8289e-06],
          [1.4225e-05],
          [1.0034e-05],
          [5.6779e-05],
          [6.7043e-06]]]])
