# Using CPU
# Loading Embeddings...
# Making Predictions...
torch.Size([1, 1, 442, 317])
tensor([[[[1.2708e-04],
          [3.7515e-05],
          [7.5430e-05],
          [2.8571e-05],
          [2.1311e-05],
          [7.8709e-04],
          [7.7420e-04],
          [4.8765e-05],
          [4.7202e-04],
          [9.1464e-04],
          [3.0305e-05],
          [2.4123e-05],
          [6.2462e-04],
          [1.8267e-04],
          [3.5035e-05],
          [2.5266e-05],
          [2.1801e-05],
          [2.4694e-05],
          [2.2789e-05],
          [2.0628e-05],
          [6.1850e-04],
          [2.4909e-05],
          [4.6494e-04],
          [2.3698e-05],
          [2.7168e-05],
          [3.0016e-05],
          [3.3155e-05],
          [5.4267e-05],
          [6.1866e-05],
          [7.1618e-05],
          [7.6803e-05],
          [7.9769e-05],
          [6.9783e-05],
          [7.5136e-05],
          [5.6068e-05],
          [5.2653e-05],
          [1.4448e-03],
          [5.2161e-05],
          [1.8254e-04],
          [1.4946e-04],
          [3.5509e-04],
          [2.6376e-05],
          [2.3008e-05],
          [2.3043e-05],
          [2.5785e-05],
          [3.1402e-05],
          [1.9551e-05],
          [2.0110e-05],
          [3.0219e-05],
          [9.9777e-04],
          [2.9874e-04],
          [2.3947e-05],
          [2.4635e-05],
          [6.1719e-04],
          [4.7470e-04],
          [2.6670e-05],
          [1.9978e-05],
          [2.2451e-05],
          [3.2870e-05],
          [2.2407e-05],
          [2.6838e-05],
          [2.6190e-05],
          [6.6645e-04],
          [1.7406e-04],
          [2.9158e-05],
          [2.9728e-05],
          [3.1195e-05],
          [3.6295e-05],
          [3.9055e-05],
          [2.7742e-05],
          [2.5838e-05],
          [5.9365e-04],
          [3.4277e-05],
          [2.6937e-05],
          [2.4211e-05],
          [2.4377e-05],
          [1.4416e-03],
          [2.8045e-05],
          [2.5806e-05],
          [2.8121e-05],
          [3.4528e-04],
          [1.1284e-04],
          [1.8783e-05],
          [1.6022e-05],
          [1.9726e-05],
          [2.0823e-05],
          [2.2579e-05],
          [2.6878e-05],
          [2.2503e-05],
          [2.2723e-05],
          [6.8546e-04],
          [5.1967e-05],
          [1.6774e-04],
          [2.7244e-05],
          [2.3030e-05],
          [2.5874e-05],
          [2.8400e-05],
          [2.6351e-05],
          [2.6089e-05],
          [2.5233e-05],
          [2.3833e-05],
          [2.5039e-05],
          [2.0259e-05],
          [2.1107e-05],
          [2.0972e-05],
          [2.3585e-05],
          [2.1000e-05],
          [2.2392e-05],
          [2.5693e-05],
          [2.9408e-05],
          [1.9174e-05],
          [9.7303e-05],
          [1.2101e-04],
          [1.8272e-05],
          [2.2891e-04],
          [1.8059e-05],
          [1.5650e-05],
          [2.5602e-05],
          [1.8815e-05],
          [2.0756e-05],
          [1.8169e-05],
          [2.1809e-05],
          [1.9831e-05],
          [2.3221e-05],
          [2.3682e-05],
          [2.0308e-05],
          [2.2624e-05],
          [2.2903e-05],
          [5.2794e-05],
          [1.1010e-04],
          [3.8960e-04],
          [2.3477e-03],
          [2.0847e-03],
          [6.5336e-04],
          [2.3378e-04],
          [1.6243e-04],
          [8.9749e-05],
          [5.9533e-05],
          [2.7404e-05],
          [2.3437e-05],
          [1.8716e-05],
          [1.9086e-05],
          [1.8626e-05],
          [2.1915e-05],
          [1.8164e-05],
          [1.9819e-05],
          [2.0760e-05],
          [2.7567e-05],
          [3.6870e-05],
          [5.7441e-05],
          [5.7766e-05],
          [6.8738e-05],
          [6.3652e-05],
          [7.9207e-05],
          [5.8209e-05],
          [5.9228e-05],
          [5.5835e-04],
          [4.1076e-04],
          [5.1403e-04],
          [9.4340e-04],
          [4.2717e-05],
          [7.9042e-05],
          [1.9534e-04],
          [1.9838e-04],
          [8.0265e-05],
          [8.7252e-05],
          [9.6921e-05],
          [5.2535e-05],
          [2.9197e-05],
          [2.4196e-05],
          [2.9377e-05],
          [8.8035e-04],
          [4.7544e-04],
          [2.7108e-05],
          [3.2312e-05],
          [3.0982e-05],
          [3.1915e-05],
          [2.8153e-05],
          [4.8008e-04],
          [6.5526e-05],
          [2.6501e-04],
          [1.9671e-05],
          [2.2315e-05],
          [6.3422e-04],
          [2.1182e-05],
          [1.6156e-04],
          [2.2437e-05],
          [2.2944e-05],
          [2.4407e-05],
          [1.3696e-03],
          [3.0333e-05],
          [1.6733e-03],
          [2.0453e-05],
          [2.5622e-05],
          [2.6487e-05],
          [2.5451e-05],
          [2.3381e-05],
          [2.7052e-05],
          [4.8017e-04],
          [1.8415e-04],
          [1.8594e-05],
          [1.7556e-05],
          [2.3377e-05],
          [2.0106e-05],
          [2.2137e-05],
          [2.3132e-05],
          [2.4410e-05],
          [1.7204e-03],
          [4.6746e-04],
          [2.0271e-05],
          [2.0221e-05],
          [2.0208e-05],
          [2.3950e-05],
          [1.8136e-03],
          [4.4906e-05],
          [2.0727e-05],
          [8.8306e-04],
          [2.4817e-05],
          [2.3107e-05],
          [2.8782e-05],
          [2.5760e-05],
          [2.6916e-05],
          [2.4547e-05],
          [2.4569e-05],
          [2.1486e-05],
          [3.7217e-05],
          [2.8114e-05],
          [2.5022e-05],
          [3.1344e-05],
          [3.1547e-05],
          [2.2811e-05],
          [2.6414e-05],
          [1.9339e-05],
          [2.3084e-05],
          [1.1581e-03],
          [2.2837e-04],
          [1.9346e-05],
          [2.0880e-05],
          [2.5680e-05],
          [3.7602e-05],
          [3.6083e-05],
          [3.4890e-05],
          [2.5117e-05],
          [3.8071e-05],
          [3.5217e-05],
          [1.5871e-05],
          [2.2468e-04],
          [2.6755e-04],
          [2.0571e-05],
          [1.5556e-04],
          [1.5712e-05],
          [5.5464e-04],
          [1.7491e-04],
          [1.9155e-05],
          [1.8830e-05],
          [2.2177e-05],
          [2.0295e-05],
          [2.5095e-05],
          [2.3609e-05],
          [3.1454e-05],
          [3.2444e-05],
          [3.0448e-05],
          [3.7362e-05],
          [4.8582e-05],
          [5.1915e-05],
          [5.0366e-05],
          [3.6710e-05],
          [2.9457e-04],
          [3.3515e-05],
          [2.3691e-05],
          [1.9595e-04],
          [1.3216e-04],
          [2.7958e-05],
          [2.0961e-04],
          [1.5403e-04],
          [3.9118e-05],
          [2.8445e-04],
          [1.6659e-05],
          [1.6162e-05],
          [1.6490e-05],
          [1.5606e-05],
          [1.8921e-05],
          [1.7813e-05],
          [1.7988e-05],
          [1.9777e-05],
          [1.7716e-05],
          [2.0302e-05],
          [6.1497e-04],
          [4.3377e-05],
          [1.2006e-04],
          [1.0605e-04],
          [1.6156e-05],
          [1.6915e-05],
          [1.6884e-05],
          [1.5976e-05],
          [1.9230e-05],
          [1.9083e-05],
          [1.9404e-03],
          [3.8581e-05],
          [8.4797e-04],
          [1.8877e-05],
          [1.9927e-05],
          [2.1028e-05],
          [1.9172e-05],
          [1.7597e-05],
          [1.9911e-05],
          [2.0126e-05],
          [2.1857e-05],
          [2.9540e-05],
          [2.6056e-05],
          [2.7466e-05],
          [2.2216e-05],
          [2.1760e-03],
          [4.1337e-04],
          [2.0471e-05],
          [1.8328e-05],
          [1.7632e-05],
          [1.6764e-05],
          [1.9025e-05],
          [2.6618e-05],
          [2.5598e-05],
          [2.0342e-05],
          [2.0315e-05],
          [2.0122e-05],
          [1.9951e-05],
          [1.6569e-05],
          [1.8136e-05],
          [1.7496e-05],
          [2.2045e-05],
          [2.0218e-05],
          [2.3446e-05],
          [2.3184e-05],
          [2.4879e-05],
          [2.2105e-05],
          [3.0800e-05],
          [3.0142e-05],
          [2.7488e-05],
          [2.8567e-05],
          [2.5843e-05],
          [2.7709e-05],
          [2.9494e-05],
          [3.0596e-05],
          [2.9823e-05],
          [2.6997e-05],
          [3.2560e-05],
          [2.8169e-05],
          [2.6637e-05],
          [2.9680e-05],
          [2.6192e-05],
          [2.4950e-05],
          [2.2779e-05],
          [1.5826e-05],
          [2.0280e-05],
          [1.8434e-05],
          [2.8902e-05],
          [2.1693e-05],
          [2.3824e-04],
          [4.2562e-05],
          [1.8695e-03],
          [2.3253e-05],
          [2.4149e-05],
          [2.8745e-05],
          [2.4805e-05],
          [2.4267e-05],
          [2.8028e-05],
          [3.2394e-05],
          [2.3078e-05],
          [1.8203e-05],
          [2.2659e-05],
          [2.1402e-05],
          [2.0691e-05],
          [2.7436e-05],
          [2.4712e-05],
          [5.0150e-04],
          [1.4391e-04],
          [8.6668e-04],
          [2.0689e-05],
          [1.6841e-05],
          [1.4010e-05],
          [1.8063e-05],
          [1.1691e-03],
          [5.3905e-04],
          [1.7435e-05],
          [1.8644e-05],
          [2.4365e-05],
          [4.7444e-05],
          [4.9443e-05],
          [6.1330e-05],
          [7.0279e-05],
          [5.8075e-05],
          [4.2550e-05],
          [3.3185e-05],
          [3.8549e-05],
          [2.4385e-05],
          [2.8488e-05],
          [2.5626e-05],
          [3.0999e-05],
          [2.6092e-05],
          [2.0148e-05],
          [1.1150e-04],
          [3.5686e-05],
          [4.2990e-05],
          [7.0614e-05],
          [2.8862e-05],
          [2.5936e-05],
          [2.2844e-05],
          [2.4356e-05],
          [2.0177e-05],
          [4.5102e-04],
          [2.4874e-04],
          [2.5113e-05],
          [2.1927e-05],
          [2.6518e-05],
          [2.3450e-05],
          [3.0752e-05],
          [2.8682e-05],
          [2.8658e-05],
          [7.9873e-05],
          [1.2064e-04],
          [3.8781e-04],
          [5.2243e-04],
          [1.9236e-05],
          [1.6866e-05],
          [1.5048e-05],
          [1.7508e-05],
          [1.4367e-05],
          [3.4420e-04],
          [1.6021e-04],
          [1.6050e-05],
          [6.2174e-05],
          [8.0799e-05],
          [1.9598e-05],
          [2.3113e-04],
          [2.4541e-05],
          [2.4518e-04],
          [2.1468e-05],
          [1.5560e-05],
          [1.3743e-05],
          [2.6580e-05],
          [1.4340e-05],
          [2.6989e-05],
          [6.5271e-06]]]])
