# Using CPU
# Loading Embeddings...
# Making Predictions...
torch.Size([1, 1, 442, 317])
tensor([[[[1.3877e-04],
          [3.5338e-05],
          [9.8504e-05],
          [4.8373e-05],
          [2.4739e-05],
          [1.1871e-03],
          [7.2666e-04],
          [5.1796e-05],
          [8.2899e-04],
          [8.4974e-04],
          [3.3016e-05],
          [1.9812e-05],
          [5.2821e-04],
          [2.0770e-04],
          [4.2253e-05],
          [4.1703e-05],
          [3.6283e-05],
          [4.2728e-05],
          [5.2809e-05],
          [4.8295e-05],
          [6.4512e-04],
          [4.4479e-05],
          [4.9595e-04],
          [2.9468e-05],
          [2.3144e-05],
          [2.5498e-05],
          [3.3983e-05],
          [5.2922e-05],
          [6.4527e-05],
          [7.7262e-05],
          [7.7385e-05],
          [8.0469e-05],
          [8.0781e-05],
          [8.6204e-05],
          [6.9321e-05],
          [5.9049e-05],
          [1.9842e-03],
          [6.8281e-05],
          [2.1547e-04],
          [1.7202e-04],
          [3.8804e-04],
          [2.5211e-05],
          [2.1572e-05],
          [2.3637e-05],
          [1.8547e-05],
          [2.5592e-05],
          [1.5934e-05],
          [2.2560e-05],
          [2.3681e-05],
          [7.2595e-04],
          [3.2275e-04],
          [3.8917e-05],
          [3.4530e-05],
          [7.2029e-04],
          [4.7228e-04],
          [4.0879e-05],
          [2.4138e-05],
          [2.2855e-05],
          [2.7533e-05],
          [2.4920e-05],
          [2.4125e-05],
          [2.3726e-05],
          [5.1573e-04],
          [2.0956e-04],
          [2.9051e-05],
          [3.1124e-05],
          [4.7905e-05],
          [5.1096e-05],
          [4.9274e-05],
          [3.5579e-05],
          [2.3782e-05],
          [5.8440e-04],
          [3.6279e-05],
          [2.6817e-05],
          [1.9226e-05],
          [2.3395e-05],
          [1.6505e-03],
          [3.7864e-05],
          [3.4029e-05],
          [3.0456e-05],
          [2.6444e-04],
          [1.7734e-04],
          [3.2009e-05],
          [1.8714e-05],
          [2.1519e-05],
          [1.9301e-05],
          [2.0756e-05],
          [2.5225e-05],
          [2.0278e-05],
          [1.7901e-05],
          [7.2582e-04],
          [6.4057e-05],
          [2.6718e-04],
          [3.5010e-05],
          [5.0769e-05],
          [4.9913e-05],
          [4.9717e-05],
          [6.7951e-05],
          [4.9708e-05],
          [7.1383e-05],
          [5.3524e-05],
          [4.7059e-05],
          [4.7979e-05],
          [3.5405e-05],
          [3.2203e-05],
          [2.4042e-05],
          [2.0436e-05],
          [2.5173e-05],
          [2.5777e-05],
          [2.8091e-05],
          [2.1863e-05],
          [1.6540e-04],
          [1.3040e-04],
          [2.1532e-05],
          [2.1761e-04],
          [1.6984e-05],
          [1.5282e-05],
          [1.8446e-05],
          [1.5508e-05],
          [1.6269e-05],
          [1.6493e-05],
          [1.9794e-05],
          [2.4179e-05],
          [2.6825e-05],
          [2.3159e-05],
          [2.2676e-05],
          [2.6766e-05],
          [2.9172e-05],
          [4.9933e-05],
          [8.4329e-05],
          [1.7967e-04],
          [2.9855e-03],
          [9.9646e-04],
          [2.2483e-04],
          [1.2774e-04],
          [8.9382e-05],
          [5.1802e-05],
          [3.6768e-05],
          [2.8336e-05],
          [2.3263e-05],
          [2.6649e-05],
          [2.2322e-05],
          [2.1508e-05],
          [2.4011e-05],
          [2.0182e-05],
          [2.0829e-05],
          [2.2920e-05],
          [2.9108e-05],
          [3.9288e-05],
          [6.3362e-05],
          [5.6450e-05],
          [7.5040e-05],
          [6.7465e-05],
          [8.8935e-05],
          [6.3993e-05],
          [6.3164e-05],
          [1.0936e-03],
          [3.6029e-04],
          [5.2359e-04],
          [8.2022e-04],
          [4.3184e-05],
          [6.7155e-05],
          [1.1231e-04],
          [1.1057e-04],
          [8.3513e-05],
          [5.7758e-05],
          [5.3156e-05],
          [4.6874e-05],
          [3.0395e-05],
          [2.5453e-05],
          [2.5876e-05],
          [1.1191e-03],
          [4.9664e-04],
          [3.4785e-05],
          [4.2715e-05],
          [4.3412e-05],
          [4.2854e-05],
          [3.5532e-05],
          [5.1821e-04],
          [6.1338e-05],
          [2.4644e-04],
          [2.2682e-05],
          [2.4253e-05],
          [5.6113e-04],
          [1.9154e-05],
          [1.9649e-04],
          [3.1763e-05],
          [3.6495e-05],
          [3.3176e-05],
          [1.4648e-03],
          [3.3114e-05],
          [1.4697e-03],
          [2.1576e-05],
          [2.7762e-05],
          [2.8848e-05],
          [2.6269e-05],
          [3.0219e-05],
          [2.5649e-05],
          [4.4088e-04],
          [2.1787e-04],
          [1.9853e-05],
          [1.9078e-05],
          [2.4470e-05],
          [2.2829e-05],
          [2.7572e-05],
          [2.6428e-05],
          [3.2173e-05],
          [1.4269e-03],
          [4.4240e-04],
          [2.5367e-05],
          [2.3772e-05],
          [1.6909e-05],
          [1.7133e-05],
          [2.1009e-03],
          [3.9531e-05],
          [2.2041e-05],
          [8.9993e-04],
          [2.5780e-05],
          [3.0955e-05],
          [3.8066e-05],
          [4.3208e-05],
          [3.7431e-05],
          [4.5473e-05],
          [3.7434e-05],
          [4.1656e-05],
          [6.2956e-05],
          [4.0754e-05],
          [4.0009e-05],
          [5.0991e-05],
          [4.3623e-05],
          [3.2088e-05],
          [3.4833e-05],
          [2.7556e-05],
          [2.1632e-05],
          [1.4401e-03],
          [2.3526e-04],
          [2.2905e-05],
          [2.6545e-05],
          [3.8104e-05],
          [4.3115e-05],
          [5.1457e-05],
          [4.1373e-05],
          [2.7708e-05],
          [4.9220e-05],
          [4.7357e-05],
          [1.9980e-05],
          [3.6014e-04],
          [2.9070e-04],
          [4.2725e-05],
          [2.0552e-04],
          [1.9607e-05],
          [6.5308e-04],
          [2.0647e-04],
          [1.8238e-05],
          [1.9582e-05],
          [2.3115e-05],
          [2.0780e-05],
          [2.6269e-05],
          [2.7236e-05],
          [3.7537e-05],
          [3.6442e-05],
          [5.1551e-05],
          [5.9598e-05],
          [8.6723e-05],
          [8.1604e-05],
          [1.0965e-04],
          [6.9011e-05],
          [5.0735e-04],
          [4.6068e-05],
          [3.6725e-05],
          [2.4784e-04],
          [2.3703e-04],
          [3.2721e-05],
          [2.4402e-04],
          [1.9369e-04],
          [4.7088e-05],
          [1.8891e-04],
          [1.4236e-05],
          [1.3569e-05],
          [1.5367e-05],
          [1.8138e-05],
          [2.4960e-05],
          [2.6620e-05],
          [3.2940e-05],
          [3.6502e-05],
          [4.9272e-05],
          [3.7834e-05],
          [5.6727e-04],
          [4.3320e-05],
          [1.5802e-04],
          [1.2917e-04],
          [1.6932e-05],
          [1.3332e-05],
          [1.7185e-05],
          [1.6706e-05],
          [2.2781e-05],
          [2.1363e-05],
          [1.8053e-03],
          [3.2102e-05],
          [7.9263e-04],
          [2.5317e-05],
          [2.4193e-05],
          [2.3648e-05],
          [2.9152e-05],
          [2.5651e-05],
          [2.8500e-05],
          [3.6932e-05],
          [3.6763e-05],
          [5.1803e-05],
          [3.0531e-05],
          [2.8495e-05],
          [2.5630e-05],
          [2.3340e-03],
          [3.9204e-04],
          [1.9714e-05],
          [2.3062e-05],
          [3.1892e-05],
          [2.9012e-05],
          [3.3045e-05],
          [4.6479e-05],
          [4.2417e-05],
          [4.3896e-05],
          [3.2794e-05],
          [3.2420e-05],
          [3.5163e-05],
          [2.3560e-05],
          [1.7442e-05],
          [1.7170e-05],
          [1.7993e-05],
          [1.6502e-05],
          [1.9090e-05],
          [2.5357e-05],
          [3.0539e-05],
          [3.9928e-05],
          [4.1375e-05],
          [5.6492e-05],
          [5.9302e-05],
          [5.8146e-05],
          [5.6906e-05],
          [6.3499e-05],
          [6.1405e-05],
          [7.1883e-05],
          [6.0099e-05],
          [4.2527e-05],
          [3.3167e-05],
          [2.9818e-05],
          [2.6438e-05],
          [2.5516e-05],
          [2.4802e-05],
          [2.4657e-05],
          [2.8133e-05],
          [2.4398e-05],
          [3.9636e-05],
          [3.0108e-05],
          [3.6239e-05],
          [4.0127e-05],
          [3.3178e-04],
          [3.9732e-05],
          [1.5923e-03],
          [3.2334e-05],
          [3.7159e-05],
          [5.0592e-05],
          [3.3174e-05],
          [3.0921e-05],
          [4.5788e-05],
          [3.4495e-05],
          [2.1960e-05],
          [1.7156e-05],
          [2.1055e-05],
          [1.9090e-05],
          [1.7875e-05],
          [2.3699e-05],
          [2.0466e-05],
          [8.1917e-04],
          [6.7460e-05],
          [8.7197e-04],
          [1.9642e-05],
          [2.1550e-05],
          [2.2575e-05],
          [2.5854e-05],
          [9.5884e-04],
          [4.9978e-04],
          [3.4842e-05],
          [4.0242e-05],
          [5.8878e-05],
          [8.9488e-05],
          [8.5078e-05],
          [1.0344e-04],
          [1.2407e-04],
          [8.5338e-05],
          [5.9308e-05],
          [4.3850e-05],
          [6.5309e-05],
          [2.8221e-05],
          [2.8537e-05],
          [2.3116e-05],
          [2.9430e-05],
          [2.5203e-05],
          [1.9101e-05],
          [8.5653e-05],
          [3.9078e-05],
          [4.2189e-05],
          [1.1036e-04],
          [2.5667e-05],
          [2.8051e-05],
          [2.1731e-05],
          [2.2904e-05],
          [1.7564e-05],
          [4.9631e-04],
          [2.4941e-04],
          [2.1460e-05],
          [2.2962e-05],
          [3.6638e-05],
          [2.5638e-05],
          [2.8526e-05],
          [3.3228e-05],
          [2.5811e-05],
          [8.3026e-05],
          [1.1993e-04],
          [3.2421e-04],
          [4.6884e-04],
          [2.1900e-05],
          [1.6876e-05],
          [1.6116e-05],
          [1.6133e-05],
          [1.4565e-05],
          [4.6044e-04],
          [2.3240e-04],
          [3.1150e-05],
          [8.0059e-05],
          [1.2144e-04],
          [2.0045e-05],
          [6.3602e-04],
          [2.9254e-05],
          [4.3472e-04],
          [2.5659e-05],
          [1.4582e-05],
          [1.2606e-05],
          [2.1216e-05],
          [1.4610e-05],
          [5.0249e-05],
          [6.6573e-06]]]])
