# Using CPU
# Loading Embeddings...
# Making Predictions...
torch.Size([1, 1, 442, 285])
tensor([[[[1.4666e-04],
          [5.0444e-05],
          [1.1751e-04],
          [2.0801e-05],
          [1.0183e-05],
          [6.9499e-04],
          [2.2391e-04],
          [1.5452e-05],
          [4.1288e-04],
          [2.6807e-04],
          [2.0039e-05],
          [1.9060e-05],
          [5.6815e-04],
          [2.4929e-04],
          [1.3815e-05],
          [1.2264e-05],
          [1.0903e-05],
          [9.8836e-06],
          [1.0986e-05],
          [1.3491e-05],
          [5.4586e-04],
          [2.1415e-05],
          [1.3904e-04],
          [1.4252e-05],
          [2.0433e-05],
          [2.9174e-05],
          [4.0051e-05],
          [6.7068e-05],
          [7.6328e-05],
          [1.0594e-04],
          [8.7200e-05],
          [1.0397e-04],
          [9.4038e-05],
          [1.1190e-04],
          [8.9866e-05],
          [7.6970e-05],
          [1.2849e-03],
          [5.0126e-05],
          [1.5309e-04],
          [1.5438e-04],
          [2.0521e-04],
          [2.7229e-05],
          [2.6981e-05],
          [2.9431e-05],
          [2.0833e-05],
          [1.9396e-05],
          [1.4954e-05],
          [1.4100e-05],
          [1.3576e-05],
          [6.9972e-04],
          [1.8215e-04],
          [1.1804e-05],
          [1.4022e-05],
          [5.4450e-04],
          [1.4480e-04],
          [1.7289e-05],
          [1.8471e-05],
          [1.8149e-05],
          [2.2482e-05],
          [2.8068e-05],
          [2.8935e-05],
          [2.6974e-05],
          [4.6504e-04],
          [2.9177e-04],
          [2.0002e-05],
          [1.9905e-05],
          [1.7886e-05],
          [1.5725e-05],
          [1.7308e-05],
          [1.5636e-05],
          [1.6063e-05],
          [5.5655e-04],
          [3.2829e-05],
          [2.8597e-05],
          [1.7670e-05],
          [1.9244e-05],
          [3.2689e-04],
          [1.6473e-05],
          [1.5931e-05],
          [1.3001e-05],
          [2.9461e-04],
          [1.4187e-04],
          [1.3323e-05],
          [1.5038e-05],
          [1.7717e-05],
          [2.1933e-05],
          [2.3027e-05],
          [2.4971e-05],
          [2.1443e-05],
          [1.8875e-05],
          [5.8924e-04],
          [4.3736e-05],
          [2.1360e-04],
          [1.2572e-05],
          [1.1662e-05],
          [1.0699e-05],
          [1.1905e-05],
          [1.9286e-05],
          [1.4608e-05],
          [1.6290e-05],
          [1.6342e-05],
          [1.4098e-05],
          [1.1540e-05],
          [1.2260e-05],
          [1.4878e-05],
          [2.1101e-05],
          [2.3658e-05],
          [2.9827e-05],
          [3.0372e-05],
          [3.2483e-05],
          [2.7181e-05],
          [1.9715e-04],
          [1.2711e-04],
          [2.4247e-05],
          [3.1779e-04],
          [1.8455e-05],
          [1.5486e-05],
          [1.3216e-05],
          [1.6738e-05],
          [1.9754e-05],
          [1.9229e-05],
          [1.4482e-05],
          [2.0423e-05],
          [1.2714e-05],
          [1.5705e-05],
          [1.4283e-05],
          [1.7399e-05],
          [1.7436e-05],
          [2.1480e-05],
          [2.3271e-05],
          [6.0543e-05],
          [5.3314e-04],
          [3.3716e-04],
          [1.6933e-04],
          [5.9115e-05],
          [3.0257e-05],
          [2.2661e-05],
          [2.3479e-05],
          [1.8947e-05],
          [2.0481e-05],
          [1.6644e-05],
          [1.6519e-05],
          [1.1977e-05],
          [1.3953e-05],
          [1.7128e-05],
          [2.3462e-05],
          [2.6263e-05],
          [3.6808e-05],
          [4.5249e-05],
          [7.2883e-05],
          [7.6183e-05],
          [7.8269e-05],
          [7.2961e-05],
          [8.3665e-05],
          [7.4305e-05],
          [6.4839e-05],
          [8.7266e-04],
          [1.8188e-04],
          [4.6144e-04],
          [2.3213e-04],
          [2.2724e-05],
          [1.8922e-05],
          [3.4087e-05],
          [3.8108e-05],
          [2.0823e-05],
          [2.4652e-05],
          [2.4846e-05],
          [2.5295e-05],
          [2.6984e-05],
          [2.6455e-05],
          [2.3684e-05],
          [6.6810e-04],
          [1.8466e-04],
          [3.2172e-05],
          [3.9081e-05],
          [4.1577e-05],
          [4.5484e-05],
          [4.1075e-05],
          [3.9778e-04],
          [6.9925e-05],
          [3.5871e-04],
          [3.9852e-05],
          [1.5558e-05],
          [6.2871e-04],
          [1.8399e-05],
          [2.3000e-04],
          [1.5583e-05],
          [1.7175e-05],
          [1.5109e-05],
          [1.1234e-03],
          [3.5670e-05],
          [7.1932e-04],
          [2.3380e-05],
          [2.9911e-05],
          [3.1102e-05],
          [3.1019e-05],
          [3.3616e-05],
          [2.6875e-05],
          [4.0208e-04],
          [1.7938e-04],
          [2.2701e-05],
          [2.0251e-05],
          [1.8498e-05],
          [1.5134e-05],
          [1.4532e-05],
          [1.4906e-05],
          [1.7560e-05],
          [1.1021e-03],
          [2.1418e-04],
          [1.3601e-05],
          [1.4732e-05],
          [1.5959e-05],
          [1.6395e-05],
          [1.6317e-03],
          [4.1750e-05],
          [2.4837e-05],
          [5.8060e-04],
          [1.7388e-05],
          [1.5985e-05],
          [1.3933e-05],
          [1.4492e-05],
          [1.4881e-05],
          [1.3295e-05],
          [1.1425e-05],
          [1.2988e-05],
          [1.5529e-05],
          [1.8322e-05],
          [1.7431e-05],
          [1.5603e-05],
          [1.2511e-05],
          [1.0942e-05],
          [1.1803e-05],
          [1.1660e-05],
          [1.3642e-05],
          [8.8890e-04],
          [1.4711e-04],
          [1.4559e-05],
          [1.6891e-05],
          [1.5309e-05],
          [1.7316e-05],
          [2.4712e-05],
          [1.7376e-05],
          [1.5047e-05],
          [1.8705e-05],
          [1.7567e-05],
          [1.1975e-05],
          [3.7638e-04],
          [2.4792e-04],
          [2.7140e-05],
          [2.5700e-04],
          [1.1311e-05],
          [6.2146e-04],
          [1.7875e-04],
          [2.0484e-05],
          [2.4441e-05],
          [2.6703e-05],
          [2.7197e-05],
          [3.3930e-05],
          [3.7047e-05],
          [5.0059e-05],
          [4.8394e-05],
          [6.8073e-05],
          [7.6968e-05],
          [1.1528e-04],
          [1.9108e-04],
          [1.0820e-04],
          [7.2526e-05],
          [5.0969e-04],
          [5.1333e-05],
          [3.4585e-05],
          [3.3024e-04],
          [1.6882e-04],
          [2.9557e-05],
          [1.2565e-04],
          [2.0720e-04],
          [3.4271e-05],
          [2.9345e-04],
          [1.6506e-05],
          [1.2890e-05],
          [1.1658e-05],
          [1.1076e-05],
          [9.4082e-06],
          [9.5788e-06],
          [1.7908e-05],
          [9.8992e-06],
          [1.3530e-05],
          [1.1517e-05],
          [7.4609e-04],
          [3.7546e-05],
          [1.1519e-04],
          [4.9697e-05],
          [1.1623e-05],
          [1.1740e-05],
          [1.1428e-05],
          [1.0973e-05],
          [1.0219e-05],
          [1.1069e-05],
          [1.6263e-03],
          [4.1191e-05],
          [2.8907e-04],
          [1.8592e-05],
          [1.9047e-05],
          [1.5228e-05],
          [1.5498e-05],
          [1.4466e-05],
          [1.2885e-05],
          [1.3305e-05],
          [1.7242e-05],
          [1.6379e-05],
          [2.1741e-05],
          [2.5396e-05],
          [3.1291e-05],
          [1.6599e-03],
          [2.6939e-04],
          [2.2613e-05],
          [1.8557e-05],
          [1.3891e-05],
          [1.2730e-05],
          [1.3883e-05],
          [1.4907e-05],
          [1.5060e-05],
          [1.4127e-05],
          [2.6786e-05],
          [1.3766e-05],
          [1.3787e-05],
          [1.2565e-05],
          [1.2054e-05],
          [1.2299e-05],
          [1.4340e-05],
          [1.4273e-05],
          [1.5132e-05],
          [1.6338e-05],
          [1.8305e-05],
          [1.6592e-05],
          [1.6771e-05],
          [1.8408e-05],
          [1.7906e-05],
          [1.9528e-05],
          [1.7083e-05],
          [2.3960e-05],
          [2.2414e-05],
          [2.2958e-05],
          [2.1122e-05],
          [2.3211e-05],
          [2.9304e-05],
          [2.6196e-05],
          [2.3633e-05],
          [1.9687e-05],
          [2.1483e-05],
          [2.0444e-05],
          [1.8243e-05],
          [1.3337e-05],
          [1.4159e-05],
          [1.8791e-05],
          [1.6624e-05],
          [1.5652e-05],
          [4.9667e-04],
          [4.6862e-05],
          [1.0353e-03],
          [1.8042e-05],
          [1.9564e-05],
          [1.6576e-05],
          [1.7149e-05],
          [1.6865e-05],
          [1.6278e-05],
          [1.5149e-05],
          [1.2921e-05],
          [1.3781e-05],
          [1.2747e-05],
          [1.6780e-05],
          [1.5354e-05],
          [1.6645e-05],
          [1.5238e-05],
          [5.1202e-04],
          [1.9703e-04],
          [3.7442e-04],
          [1.3146e-05],
          [1.1706e-05],
          [9.7973e-06],
          [1.2907e-05],
          [8.8753e-04],
          [1.6765e-04],
          [1.4137e-05],
          [1.3780e-05],
          [1.6931e-05],
          [2.0570e-05],
          [2.3936e-05],
          [2.6415e-05],
          [2.8766e-05],
          [2.4227e-05],
          [2.5329e-05],
          [1.7180e-05],
          [2.1442e-05],
          [1.5341e-05],
          [1.3878e-05],
          [1.0393e-05],
          [1.2263e-05],
          [1.1515e-05],
          [1.3439e-05],
          [6.2521e-05],
          [3.1619e-05],
          [4.6784e-05],
          [1.2880e-04],
          [3.2869e-05],
          [3.2654e-05],
          [2.4216e-05],
          [2.5659e-05],
          [2.0848e-05],
          [6.7550e-04],
          [1.9097e-04],
          [2.5505e-05],
          [2.2579e-05],
          [2.0111e-05],
          [1.7398e-05],
          [1.9861e-05],
          [2.1612e-05],
          [2.0226e-05],
          [1.2041e-04],
          [8.9328e-05],
          [5.6214e-04],
          [2.6381e-04],
          [1.8789e-05],
          [1.6126e-05],
          [1.6503e-05],
          [1.5986e-05],
          [1.5631e-05],
          [4.3603e-04],
          [2.1832e-04],
          [1.8682e-05],
          [9.6844e-05],
          [1.1908e-04],
          [2.0744e-05],
          [3.4913e-04],
          [2.4920e-05],
          [2.6619e-04],
          [2.0305e-05],
          [1.4986e-05],
          [1.1959e-05],
          [1.2326e-05],
          [1.1715e-05],
          [1.4608e-04],
          [8.3334e-06]]]])
