# Using CPU
# Loading Embeddings...
# Making Predictions...
torch.Size([1, 1, 442, 284])
tensor([[[[1.8937e-04],
          [3.4095e-05],
          [7.5287e-05],
          [2.2341e-05],
          [1.2833e-05],
          [9.0449e-04],
          [5.5966e-04],
          [2.0818e-05],
          [1.1384e-03],
          [5.8345e-04],
          [2.4693e-05],
          [1.8948e-05],
          [7.7950e-04],
          [1.6585e-04],
          [2.7521e-05],
          [1.4069e-05],
          [1.9502e-05],
          [1.9551e-05],
          [1.5888e-05],
          [2.3150e-05],
          [9.8880e-04],
          [3.7456e-05],
          [3.4227e-04],
          [2.1474e-05],
          [3.8345e-05],
          [3.7796e-05],
          [4.4874e-05],
          [7.8496e-05],
          [9.3097e-05],
          [1.0873e-04],
          [1.1575e-04],
          [1.3525e-04],
          [1.2324e-04],
          [1.3622e-04],
          [1.0178e-04],
          [8.0577e-05],
          [1.9199e-03],
          [7.3621e-05],
          [2.5746e-04],
          [1.6298e-04],
          [2.5658e-04],
          [2.6759e-05],
          [2.5308e-05],
          [2.6664e-05],
          [1.8353e-05],
          [1.7384e-05],
          [1.5071e-05],
          [1.2688e-05],
          [1.9206e-05],
          [5.7741e-04],
          [2.4409e-04],
          [1.1095e-05],
          [1.4348e-05],
          [3.7972e-04],
          [3.1105e-04],
          [1.5218e-05],
          [1.7385e-05],
          [1.7170e-05],
          [2.1092e-05],
          [2.4453e-05],
          [2.2969e-05],
          [2.1140e-05],
          [6.8149e-04],
          [1.7651e-04],
          [1.8265e-05],
          [1.9162e-05],
          [1.7518e-05],
          [1.7065e-05],
          [1.8248e-05],
          [1.6066e-05],
          [1.5335e-05],
          [3.8945e-04],
          [3.5090e-05],
          [2.3315e-05],
          [1.5532e-05],
          [1.9547e-05],
          [8.3628e-04],
          [2.4514e-05],
          [1.7305e-05],
          [1.7787e-05],
          [3.2388e-04],
          [1.1217e-04],
          [1.4166e-05],
          [1.4842e-05],
          [1.7502e-05],
          [2.0960e-05],
          [2.1977e-05],
          [2.3887e-05],
          [1.9947e-05],
          [1.7192e-05],
          [5.5181e-04],
          [4.9866e-05],
          [2.0948e-04],
          [1.2638e-05],
          [1.3895e-05],
          [1.3027e-05],
          [1.3406e-05],
          [1.9288e-05],
          [1.8782e-05],
          [2.0146e-05],
          [1.9789e-05],
          [1.7193e-05],
          [1.8960e-05],
          [2.0414e-05],
          [2.2966e-05],
          [2.1283e-05],
          [2.3526e-05],
          [2.9768e-05],
          [3.3243e-05],
          [3.4231e-05],
          [2.4691e-05],
          [2.5790e-04],
          [2.0284e-04],
          [2.8665e-05],
          [2.4866e-04],
          [1.4881e-05],
          [1.3590e-05],
          [1.2593e-05],
          [1.5944e-05],
          [1.7459e-05],
          [1.7213e-05],
          [1.3684e-05],
          [1.5023e-05],
          [1.5001e-05],
          [1.5320e-05],
          [1.9551e-05],
          [1.6411e-05],
          [1.5418e-05],
          [2.0477e-05],
          [2.3080e-05],
          [5.2650e-05],
          [5.5200e-04],
          [2.4905e-04],
          [9.2687e-05],
          [5.2589e-05],
          [4.6855e-05],
          [3.2732e-05],
          [2.5130e-05],
          [1.8075e-05],
          [1.9493e-05],
          [1.6779e-05],
          [1.5462e-05],
          [1.3143e-05],
          [1.3167e-05],
          [1.5129e-05],
          [2.0433e-05],
          [2.2781e-05],
          [3.1344e-05],
          [4.2458e-05],
          [6.4445e-05],
          [7.5531e-05],
          [8.6245e-05],
          [8.0550e-05],
          [9.7025e-05],
          [7.9538e-05],
          [6.9478e-05],
          [1.0068e-03],
          [2.6465e-04],
          [4.1599e-04],
          [5.5681e-04],
          [3.3330e-05],
          [2.5071e-05],
          [2.9764e-05],
          [4.2290e-05],
          [2.5326e-05],
          [2.7065e-05],
          [2.7363e-05],
          [2.4985e-05],
          [2.3990e-05],
          [2.7759e-05],
          [2.4307e-05],
          [8.0526e-04],
          [4.1319e-04],
          [2.8878e-05],
          [3.5265e-05],
          [3.8338e-05],
          [4.2599e-05],
          [4.0786e-05],
          [5.9621e-04],
          [5.6607e-05],
          [3.0653e-04],
          [2.4585e-05],
          [1.3703e-05],
          [5.7684e-04],
          [2.1927e-05],
          [1.9179e-04],
          [1.9266e-05],
          [1.8339e-05],
          [1.7081e-05],
          [6.7967e-04],
          [3.5224e-05],
          [9.2364e-04],
          [2.0087e-05],
          [2.7720e-05],
          [2.8556e-05],
          [2.8050e-05],
          [3.2485e-05],
          [2.5117e-05],
          [4.0529e-04],
          [1.8654e-04],
          [2.2749e-05],
          [1.8935e-05],
          [1.8171e-05],
          [1.4099e-05],
          [1.8099e-05],
          [1.6408e-05],
          [1.6664e-05],
          [6.0643e-04],
          [3.2491e-04],
          [1.8624e-05],
          [1.6808e-05],
          [1.4751e-05],
          [1.4449e-05],
          [1.0329e-03],
          [5.1550e-05],
          [2.5753e-05],
          [5.7202e-04],
          [1.8958e-05],
          [1.6471e-05],
          [1.4181e-05],
          [1.2708e-05],
          [1.4329e-05],
          [1.4415e-05],
          [1.2988e-05],
          [1.3359e-05],
          [1.6498e-05],
          [1.6111e-05],
          [1.5594e-05],
          [1.5905e-05],
          [1.3669e-05],
          [1.1558e-05],
          [1.2177e-05],
          [1.2888e-05],
          [1.6225e-05],
          [5.3871e-04],
          [2.0076e-04],
          [1.4056e-05],
          [1.7312e-05],
          [2.0893e-05],
          [2.4897e-05],
          [1.9404e-05],
          [2.3604e-05],
          [1.7202e-05],
          [2.6779e-05],
          [3.0161e-05],
          [1.3722e-05],
          [4.6080e-04],
          [1.9232e-04],
          [2.7203e-05],
          [1.7835e-04],
          [1.1939e-05],
          [4.7819e-04],
          [1.4361e-04],
          [2.0455e-05],
          [2.3934e-05],
          [2.5380e-05],
          [2.3415e-05],
          [2.9528e-05],
          [3.3485e-05],
          [4.5497e-05],
          [4.3958e-05],
          [5.6154e-05],
          [6.9773e-05],
          [9.9925e-05],
          [2.5027e-04],
          [9.8940e-05],
          [5.8685e-05],
          [4.7518e-04],
          [4.9161e-05],
          [2.8620e-05],
          [2.4340e-04],
          [1.3378e-04],
          [3.6010e-05],
          [2.5906e-04],
          [2.1246e-04],
          [4.8149e-05],
          [1.8680e-04],
          [1.5163e-05],
          [1.2916e-05],
          [1.1832e-05],
          [1.1179e-05],
          [1.0959e-05],
          [1.1972e-05],
          [2.4003e-05],
          [1.0949e-05],
          [1.4968e-05],
          [1.0384e-05],
          [6.9464e-04],
          [3.2235e-05],
          [1.0589e-04],
          [7.6199e-05],
          [1.2687e-05],
          [1.3745e-05],
          [1.2152e-05],
          [1.3344e-05],
          [1.1672e-05],
          [1.4023e-05],
          [6.5597e-04],
          [2.4462e-05],
          [5.1743e-04],
          [1.4785e-05],
          [1.4645e-05],
          [1.3634e-05],
          [1.6776e-05],
          [1.2500e-05],
          [1.2717e-05],
          [1.2827e-05],
          [1.7645e-05],
          [1.7910e-05],
          [2.1712e-05],
          [2.4568e-05],
          [2.9887e-05],
          [1.1130e-03],
          [2.8496e-04],
          [2.2516e-05],
          [1.8578e-05],
          [1.3889e-05],
          [1.3049e-05],
          [1.2627e-05],
          [2.1388e-05],
          [2.7931e-05],
          [2.3886e-05],
          [2.3417e-05],
          [1.8738e-05],
          [1.5817e-05],
          [1.1177e-05],
          [1.0926e-05],
          [1.2361e-05],
          [1.6399e-05],
          [1.5149e-05],
          [1.6265e-05],
          [1.6886e-05],
          [1.9064e-05],
          [1.6486e-05],
          [1.4301e-05],
          [1.7141e-05],
          [1.8887e-05],
          [2.3640e-05],
          [2.0837e-05],
          [3.2263e-05],
          [3.3398e-05],
          [3.1652e-05],
          [1.9096e-05],
          [2.2579e-05],
          [2.0821e-05],
          [2.3151e-05],
          [1.8853e-05],
          [1.8406e-05],
          [1.7010e-05],
          [1.7678e-05],
          [1.7146e-05],
          [1.8106e-05],
          [1.6550e-05],
          [2.4432e-05],
          [1.6199e-05],
          [1.6446e-05],
          [4.0972e-04],
          [4.0320e-05],
          [9.7036e-04],
          [1.8262e-05],
          [1.9038e-05],
          [1.6480e-05],
          [1.6617e-05],
          [1.6559e-05],
          [1.3705e-05],
          [1.5167e-05],
          [1.4451e-05],
          [1.3599e-05],
          [1.1985e-05],
          [1.5567e-05],
          [1.5302e-05],
          [2.0937e-05],
          [1.7759e-05],
          [3.7800e-04],
          [1.6719e-04],
          [5.8344e-04],
          [1.4791e-05],
          [1.2575e-05],
          [9.7120e-06],
          [1.1260e-05],
          [4.0742e-04],
          [3.6497e-04],
          [1.2173e-05],
          [1.0957e-05],
          [1.5678e-05],
          [1.8515e-05],
          [2.2951e-05],
          [3.5660e-05],
          [5.4907e-05],
          [4.6235e-05],
          [4.2300e-05],
          [3.3854e-05],
          [1.9363e-05],
          [1.2522e-05],
          [1.2071e-05],
          [1.1063e-05],
          [1.1760e-05],
          [1.0947e-05],
          [1.2080e-05],
          [6.8746e-05],
          [3.1688e-05],
          [3.6892e-05],
          [1.9106e-04],
          [2.5960e-05],
          [2.7973e-05],
          [2.2709e-05],
          [2.4691e-05],
          [1.8450e-05],
          [5.4352e-04],
          [1.9095e-04],
          [2.2392e-05],
          [2.1518e-05],
          [1.8449e-05],
          [1.5517e-05],
          [1.5446e-05],
          [1.4541e-05],
          [2.3748e-05],
          [8.4444e-05],
          [9.3099e-05],
          [2.2421e-04],
          [2.7646e-04],
          [1.9328e-05],
          [1.5439e-05],
          [1.4863e-05],
          [1.7022e-05],
          [1.4312e-05],
          [3.0060e-04],
          [1.1737e-04],
          [1.5129e-05],
          [7.3289e-05],
          [1.1808e-04],
          [2.0174e-05],
          [3.5040e-04],
          [2.5883e-05],
          [2.7199e-04],
          [2.1488e-05],
          [1.4878e-05],
          [1.1681e-05],
          [1.3561e-05],
          [1.0994e-05],
          [1.1880e-04],
          [8.4861e-06]]]])
