# Using CPU
# Loading Embeddings...
# Making Predictions...
torch.Size([1, 1, 442, 251])
tensor([[[[1.8671e-04],
          [5.9103e-05],
          [1.3513e-04],
          [5.8850e-05],
          [8.9971e-06],
          [3.5418e-04],
          [4.8893e-04],
          [3.0387e-05],
          [2.6267e-04],
          [4.7189e-04],
          [1.2327e-05],
          [1.1698e-05],
          [5.3513e-04],
          [2.1649e-04],
          [1.0229e-04],
          [2.2720e-05],
          [5.4143e-05],
          [1.8671e-05],
          [1.9355e-05],
          [1.3360e-05],
          [5.0851e-04],
          [2.2904e-05],
          [3.5438e-04],
          [1.5957e-05],
          [1.3817e-05],
          [1.8147e-05],
          [2.2401e-05],
          [3.2798e-05],
          [3.4659e-05],
          [4.1365e-05],
          [3.5676e-05],
          [4.0831e-05],
          [3.5613e-05],
          [6.1722e-05],
          [3.4851e-05],
          [3.1621e-05],
          [5.3168e-04],
          [2.2342e-05],
          [1.5285e-04],
          [5.5576e-05],
          [4.5440e-04],
          [1.8725e-05],
          [1.8182e-05],
          [2.0185e-05],
          [1.6284e-05],
          [1.6328e-05],
          [1.3527e-05],
          [1.6792e-05],
          [2.8791e-05],
          [5.3446e-04],
          [2.6277e-04],
          [1.2142e-05],
          [1.0699e-05],
          [3.6403e-04],
          [3.6815e-04],
          [1.2937e-05],
          [1.3811e-05],
          [1.8028e-05],
          [1.8857e-05],
          [1.8772e-05],
          [1.8073e-05],
          [1.6906e-05],
          [5.2393e-04],
          [2.6011e-04],
          [1.4246e-05],
          [1.5222e-05],
          [1.6037e-05],
          [1.4372e-05],
          [1.4379e-05],
          [1.4611e-05],
          [1.4050e-05],
          [8.2554e-04],
          [3.2503e-05],
          [3.3929e-05],
          [1.2511e-05],
          [1.8279e-05],
          [1.4085e-03],
          [1.3142e-05],
          [1.3286e-05],
          [1.1367e-05],
          [1.2351e-03],
          [1.7878e-04],
          [1.1147e-05],
          [1.1329e-05],
          [1.2218e-05],
          [1.3878e-05],
          [1.4848e-05],
          [1.5676e-05],
          [1.4458e-05],
          [1.3876e-05],
          [3.4290e-04],
          [1.4127e-04],
          [2.2699e-04],
          [1.2175e-05],
          [1.3579e-05],
          [1.4584e-05],
          [1.5525e-05],
          [1.8886e-05],
          [1.6936e-05],
          [2.1043e-05],
          [2.3206e-05],
          [1.2981e-05],
          [1.0705e-05],
          [9.9590e-06],
          [1.1103e-05],
          [1.3941e-05],
          [1.4887e-05],
          [1.7953e-05],
          [1.8730e-05],
          [1.9442e-05],
          [1.7445e-05],
          [1.1304e-04],
          [5.2986e-04],
          [1.7919e-05],
          [2.9502e-04],
          [1.3491e-05],
          [1.1060e-05],
          [1.1786e-05],
          [1.2896e-05],
          [1.3614e-05],
          [1.3870e-05],
          [1.1841e-05],
          [2.5061e-05],
          [1.1303e-05],
          [1.3529e-05],
          [1.2041e-05],
          [1.2503e-05],
          [1.2766e-05],
          [1.5707e-05],
          [1.5824e-05],
          [1.5178e-05],
          [1.6493e-03],
          [3.9430e-04],
          [1.7113e-05],
          [1.7554e-05],
          [1.6055e-05],
          [1.4553e-05],
          [1.4939e-05],
          [1.3626e-05],
          [1.4469e-05],
          [1.2710e-05],
          [1.3056e-05],
          [1.0620e-05],
          [1.1752e-05],
          [1.1752e-05],
          [1.4412e-05],
          [1.5321e-05],
          [2.0589e-05],
          [2.4760e-05],
          [3.4170e-05],
          [3.4388e-05],
          [3.5397e-05],
          [3.2228e-05],
          [3.6416e-05],
          [3.3559e-05],
          [3.1846e-05],
          [2.5782e-04],
          [3.1565e-04],
          [1.5488e-04],
          [6.2216e-04],
          [1.4612e-05],
          [1.5224e-05],
          [1.5622e-05],
          [1.7315e-05],
          [1.7620e-05],
          [2.6192e-05],
          [1.8802e-05],
          [2.0009e-05],
          [1.9930e-05],
          [2.1436e-05],
          [1.7087e-05],
          [3.6655e-04],
          [4.6720e-04],
          [1.9032e-05],
          [2.1656e-05],
          [2.1391e-05],
          [2.4443e-05],
          [2.3938e-05],
          [8.2168e-04],
          [4.4677e-05],
          [3.9029e-04],
          [1.4480e-05],
          [2.4157e-05],
          [8.8272e-04],
          [1.7619e-05],
          [2.4886e-04],
          [1.2434e-05],
          [1.2657e-05],
          [1.1553e-05],
          [3.4987e-04],
          [5.8385e-05],
          [1.2699e-03],
          [1.7361e-05],
          [2.0725e-05],
          [2.0416e-05],
          [2.1057e-05],
          [2.4780e-05],
          [2.2759e-05],
          [1.2179e-03],
          [2.5651e-04],
          [1.6506e-05],
          [1.4677e-05],
          [1.4676e-05],
          [1.3172e-05],
          [1.5092e-05],
          [1.5481e-05],
          [1.2407e-05],
          [2.2840e-04],
          [4.3644e-04],
          [1.4538e-05],
          [1.3526e-05],
          [1.3694e-05],
          [1.4047e-05],
          [3.1317e-04],
          [5.8794e-05],
          [2.3688e-05],
          [9.0245e-04],
          [1.4513e-05],
          [1.8083e-05],
          [1.3710e-05],
          [1.4795e-05],
          [1.7336e-05],
          [1.5399e-05],
          [1.3466e-05],
          [1.4110e-05],
          [1.6744e-05],
          [1.6292e-05],
          [1.5933e-05],
          [1.3863e-05],
          [1.2585e-05],
          [1.4409e-05],
          [1.3791e-05],
          [1.1888e-05],
          [1.2731e-05],
          [2.8535e-04],
          [2.6389e-04],
          [1.5361e-05],
          [1.7518e-05],
          [1.4920e-05],
          [1.5081e-05],
          [1.3295e-05],
          [1.3258e-05],
          [1.3240e-05],
          [1.5625e-05],
          [1.5801e-05],
          [1.0571e-05],
          [2.4198e-04],
          [3.5631e-04],
          [2.6234e-05],
          [2.5648e-04],
          [1.0263e-05],
          [1.7360e-04],
          [2.4812e-04],
          [1.8761e-05],
          [2.5858e-05],
          [2.9243e-05],
          [2.7930e-05],
          [3.6856e-05],
          [4.1723e-05],
          [4.7923e-05],
          [3.8768e-05],
          [5.0969e-05],
          [4.6776e-05],
          [5.0628e-05],
          [3.8366e-05],
          [4.1458e-05],
          [3.8151e-05],
          [5.1210e-04],
          [1.6119e-05],
          [1.9141e-05],
          [3.3107e-04],
          [1.6077e-04],
          [4.7719e-05],
          [2.7502e-04],
          [1.1155e-04],
          [3.9988e-05],
          [1.8740e-04],
          [1.2599e-05],
          [1.0915e-05],
          [1.0386e-05],
          [9.6408e-06],
          [1.0335e-05],
          [1.0507e-05],
          [1.8447e-05],
          [1.0632e-05],
          [1.1274e-05],
          [1.0533e-05],
          [1.6049e-03],
          [3.5675e-05],
          [1.7287e-04],
          [1.4823e-04],
          [1.0604e-05],
          [9.2610e-06],
          [1.0427e-05],
          [1.0068e-05],
          [9.8951e-06],
          [1.1253e-05],
          [3.1280e-04],
          [2.2190e-05],
          [8.3432e-04],
          [1.3421e-05],
          [1.2373e-05],
          [1.5287e-05],
          [1.6033e-05],
          [1.6208e-05],
          [1.7372e-05],
          [1.7205e-05],
          [2.2571e-05],
          [2.1413e-05],
          [2.9169e-05],
          [3.5254e-05],
          [3.3948e-05],
          [2.8738e-04],
          [4.2354e-04],
          [2.4915e-05],
          [2.2222e-05],
          [1.6624e-05],
          [1.4662e-05],
          [1.2055e-05],
          [1.3350e-05],
          [1.4991e-05],
          [1.3869e-05],
          [1.4309e-05],
          [1.2762e-05],
          [1.6053e-05],
          [1.1056e-05],
          [1.1896e-05],
          [1.3125e-05],
          [1.5886e-05],
          [1.3999e-05],
          [1.5474e-05],
          [1.4135e-05],
          [1.6369e-05],
          [1.3981e-05],
          [1.2853e-05],
          [1.4013e-05],
          [1.5741e-05],
          [1.7425e-05],
          [1.6267e-05],
          [2.0493e-05],
          [2.0849e-05],
          [2.2332e-05],
          [1.5093e-05],
          [1.7879e-05],
          [2.0326e-05],
          [1.7869e-05],
          [1.6892e-05],
          [1.5267e-05],
          [1.6612e-05],
          [1.8935e-05],
          [1.6640e-05],
          [1.4606e-05],
          [1.2543e-05],
          [1.2057e-05],
          [1.4181e-05],
          [1.5964e-05],
          [2.4839e-04],
          [3.0099e-05],
          [1.0030e-03],
          [2.3829e-05],
          [2.3534e-05],
          [2.1189e-05],
          [1.9547e-05],
          [2.0039e-05],
          [1.5415e-05],
          [1.3273e-05],
          [1.2304e-05],
          [1.0880e-05],
          [1.1362e-05],
          [1.2290e-05],
          [1.3132e-05],
          [1.7410e-05],
          [1.7493e-05],
          [2.4204e-04],
          [1.5881e-04],
          [6.8575e-04],
          [1.4009e-05],
          [1.1758e-05],
          [1.0631e-05],
          [1.0974e-05],
          [2.9883e-04],
          [5.4995e-04],
          [1.2677e-05],
          [1.1099e-05],
          [1.3057e-05],
          [1.6783e-05],
          [2.2463e-05],
          [2.5410e-05],
          [2.6801e-05],
          [2.3926e-05],
          [2.0949e-05],
          [1.8100e-05],
          [1.4933e-05],
          [1.1932e-05],
          [1.1608e-05],
          [1.0065e-05],
          [1.0588e-05],
          [1.1322e-05],
          [1.0930e-05],
          [2.5639e-05],
          [2.3195e-05],
          [2.8859e-05],
          [4.2447e-05],
          [2.1707e-05],
          [2.2380e-05],
          [2.3957e-05],
          [2.1628e-05],
          [1.5889e-05],
          [6.7871e-04],
          [1.8493e-04],
          [1.8841e-05],
          [1.7816e-05],
          [1.4214e-05],
          [1.4341e-05],
          [1.6808e-05],
          [1.8573e-05],
          [1.5851e-05],
          [1.1721e-04],
          [6.7435e-05],
          [2.1624e-04],
          [3.4808e-04],
          [1.7736e-05],
          [1.6335e-05],
          [1.5403e-05],
          [1.4349e-05],
          [1.2575e-05],
          [2.9264e-04],
          [1.4737e-04],
          [1.4923e-05],
          [1.0592e-04],
          [3.3600e-04],
          [1.3675e-05],
          [5.7193e-04],
          [2.3623e-05],
          [4.6267e-04],
          [1.5373e-05],
          [1.1438e-05],
          [1.0199e-05],
          [1.0800e-05],
          [1.6389e-05],
          [3.2363e-05],
          [6.0665e-06]]]])
