# Using CPU
# Loading Embeddings...
# Making Predictions...
torch.Size([1, 1, 442, 310])
tensor([[[[2.3611e-04],
          [3.3834e-05],
          [6.1834e-05],
          [6.2771e-05],
          [1.1859e-05],
          [3.1496e-04],
          [8.1832e-05],
          [3.5931e-05],
          [4.6383e-04],
          [1.1419e-04],
          [1.5384e-05],
          [1.3835e-05],
          [1.8426e-04],
          [1.5523e-04],
          [4.3835e-05],
          [1.2824e-05],
          [1.6993e-05],
          [2.0346e-05],
          [2.4182e-05],
          [3.6448e-05],
          [4.8226e-04],
          [2.3176e-05],
          [9.3520e-05],
          [1.2588e-05],
          [1.4910e-05],
          [1.8376e-05],
          [2.3368e-05],
          [3.5650e-05],
          [4.2555e-05],
          [5.8243e-05],
          [5.4178e-05],
          [5.9075e-05],
          [5.3589e-05],
          [5.8549e-05],
          [5.8401e-05],
          [4.4753e-05],
          [1.9619e-04],
          [3.2551e-05],
          [1.3886e-04],
          [2.0587e-04],
          [1.0466e-04],
          [1.4433e-05],
          [1.6053e-05],
          [1.7843e-05],
          [1.5003e-05],
          [1.5093e-05],
          [1.3619e-05],
          [1.2752e-05],
          [1.1429e-05],
          [2.2979e-04],
          [1.4577e-04],
          [1.2046e-05],
          [1.4598e-05],
          [5.6676e-04],
          [9.6603e-05],
          [1.4488e-05],
          [1.2524e-05],
          [1.5371e-05],
          [1.6397e-05],
          [1.8100e-05],
          [1.9619e-05],
          [1.7669e-05],
          [6.1986e-04],
          [5.1310e-04],
          [1.6713e-05],
          [1.5245e-05],
          [1.4888e-05],
          [1.3521e-05],
          [1.5184e-05],
          [1.2535e-05],
          [1.2060e-05],
          [5.1024e-04],
          [2.1616e-05],
          [2.1417e-05],
          [1.3259e-05],
          [1.9190e-05],
          [1.6425e-04],
          [1.5932e-05],
          [1.2390e-05],
          [1.3770e-05],
          [2.8325e-04],
          [3.5171e-04],
          [1.0922e-05],
          [1.1223e-05],
          [1.3075e-05],
          [1.5821e-05],
          [1.5741e-05],
          [1.6306e-05],
          [1.5746e-05],
          [1.4944e-05],
          [3.7898e-04],
          [7.3122e-05],
          [2.3332e-04],
          [1.0915e-05],
          [1.6872e-05],
          [2.9703e-05],
          [3.4154e-05],
          [4.8693e-05],
          [5.2277e-05],
          [5.2927e-05],
          [5.3474e-05],
          [3.1251e-05],
          [2.2736e-05],
          [1.4754e-05],
          [1.3953e-05],
          [1.5404e-05],
          [1.6558e-05],
          [1.8593e-05],
          [1.9641e-05],
          [2.0746e-05],
          [1.9372e-05],
          [2.6396e-04],
          [2.6210e-04],
          [1.5775e-05],
          [3.5910e-04],
          [1.4020e-05],
          [1.1681e-05],
          [1.0218e-05],
          [1.2705e-05],
          [1.4525e-05],
          [1.8469e-05],
          [1.3990e-05],
          [2.1297e-05],
          [1.1680e-05],
          [1.2668e-05],
          [1.4365e-05],
          [1.6856e-05],
          [1.7602e-05],
          [1.9524e-05],
          [2.2805e-05],
          [1.9460e-05],
          [5.7519e-04],
          [3.5188e-04],
          [2.6182e-05],
          [3.1726e-05],
          [3.3477e-05],
          [3.1176e-05],
          [3.4970e-05],
          [2.7392e-05],
          [2.1664e-05],
          [1.6004e-05],
          [1.4241e-05],
          [1.0492e-05],
          [1.2026e-05],
          [1.4199e-05],
          [1.7917e-05],
          [1.8303e-05],
          [2.3519e-05],
          [2.8688e-05],
          [4.2936e-05],
          [4.4527e-05],
          [5.7452e-05],
          [4.9755e-05],
          [7.2516e-05],
          [4.8578e-05],
          [6.3283e-05],
          [9.4230e-04],
          [1.1310e-04],
          [2.5135e-04],
          [1.5877e-04],
          [1.7160e-05],
          [1.7298e-05],
          [1.5697e-05],
          [2.0290e-05],
          [2.2063e-05],
          [2.7531e-05],
          [2.7556e-05],
          [2.7406e-05],
          [3.0984e-05],
          [2.7484e-05],
          [1.8621e-05],
          [6.4325e-04],
          [1.3633e-04],
          [2.5535e-05],
          [2.8905e-05],
          [4.4453e-05],
          [2.9400e-05],
          [2.5139e-05],
          [6.6293e-04],
          [4.4994e-05],
          [6.4194e-04],
          [1.5550e-05],
          [1.8439e-05],
          [2.7029e-04],
          [1.2721e-05],
          [5.8467e-04],
          [1.4846e-05],
          [1.4525e-05],
          [1.3995e-05],
          [6.1178e-04],
          [4.0446e-05],
          [3.5611e-04],
          [1.7733e-05],
          [2.0105e-05],
          [2.0220e-05],
          [2.1232e-05],
          [2.5390e-05],
          [2.0648e-05],
          [5.9032e-04],
          [3.7782e-04],
          [2.2919e-05],
          [1.9216e-05],
          [1.7567e-05],
          [1.4611e-05],
          [1.5589e-05],
          [1.3797e-05],
          [1.1957e-05],
          [3.3598e-04],
          [8.5942e-05],
          [1.2765e-05],
          [1.3435e-05],
          [1.4485e-05],
          [1.4979e-05],
          [2.8870e-04],
          [4.3723e-05],
          [1.7998e-05],
          [1.7420e-04],
          [1.4836e-05],
          [1.5526e-05],
          [1.1825e-05],
          [1.5723e-05],
          [1.4656e-05],
          [1.2785e-05],
          [1.2332e-05],
          [1.1213e-05],
          [2.6072e-05],
          [1.4788e-05],
          [1.1985e-05],
          [1.3232e-05],
          [1.1673e-05],
          [1.1562e-05],
          [1.1487e-05],
          [1.1059e-05],
          [1.2075e-05],
          [2.9656e-04],
          [6.4955e-05],
          [1.4326e-05],
          [1.4762e-05],
          [1.3303e-05],
          [1.8387e-05],
          [2.0050e-05],
          [2.8728e-05],
          [2.0822e-05],
          [2.8735e-05],
          [2.8192e-05],
          [1.5843e-05],
          [5.0671e-04],
          [1.8299e-04],
          [1.8398e-05],
          [4.5945e-04],
          [1.0922e-05],
          [2.6830e-04],
          [1.0500e-04],
          [1.6577e-05],
          [2.1543e-05],
          [2.4547e-05],
          [2.4475e-05],
          [3.1361e-05],
          [3.8689e-05],
          [5.0850e-05],
          [5.2247e-05],
          [7.0184e-05],
          [7.9884e-05],
          [1.1367e-04],
          [1.0990e-04],
          [9.9010e-05],
          [8.9986e-05],
          [5.9234e-04],
          [3.6392e-05],
          [3.3242e-05],
          [2.4998e-04],
          [3.5388e-04],
          [4.0514e-05],
          [1.4172e-04],
          [1.1934e-04],
          [3.3764e-05],
          [3.4467e-04],
          [1.3960e-05],
          [1.0423e-05],
          [9.9187e-06],
          [8.7271e-06],
          [1.1696e-05],
          [1.2866e-05],
          [2.6605e-05],
          [2.2780e-05],
          [2.8518e-05],
          [1.9070e-05],
          [3.3367e-04],
          [2.2115e-05],
          [1.4325e-04],
          [3.3068e-05],
          [1.0388e-05],
          [9.4442e-06],
          [9.2126e-06],
          [9.3771e-06],
          [9.6140e-06],
          [9.7859e-06],
          [4.3491e-04],
          [2.1572e-05],
          [1.1473e-04],
          [1.4076e-05],
          [1.1665e-05],
          [1.2575e-05],
          [1.2705e-05],
          [1.2410e-05],
          [1.2505e-05],
          [1.2360e-05],
          [1.5258e-05],
          [1.4386e-05],
          [1.9506e-05],
          [2.2583e-05],
          [2.6499e-05],
          [2.9506e-04],
          [1.2778e-04],
          [1.9920e-05],
          [1.5890e-05],
          [1.6761e-05],
          [1.1111e-05],
          [1.5340e-05],
          [2.9096e-05],
          [4.1167e-05],
          [3.0825e-05],
          [4.5337e-05],
          [2.0151e-05],
          [1.7736e-05],
          [1.0743e-05],
          [9.7997e-06],
          [1.0843e-05],
          [1.1787e-05],
          [1.1623e-05],
          [1.0122e-05],
          [1.1530e-05],
          [1.2647e-05],
          [1.1724e-05],
          [1.7459e-05],
          [2.2848e-05],
          [2.6548e-05],
          [3.5681e-05],
          [2.9917e-05],
          [5.6157e-05],
          [6.3671e-05],
          [5.7779e-05],
          [2.9248e-05],
          [2.8880e-05],
          [2.3258e-05],
          [2.8012e-05],
          [1.4471e-05],
          [2.4840e-05],
          [2.7336e-05],
          [2.8052e-05],
          [3.0424e-05],
          [2.7706e-05],
          [2.7187e-05],
          [2.4803e-05],
          [1.6676e-05],
          [1.7799e-05],
          [4.3357e-04],
          [3.9098e-05],
          [2.9106e-04],
          [1.4716e-05],
          [1.4674e-05],
          [1.4442e-05],
          [1.3551e-05],
          [1.4084e-05],
          [1.3408e-05],
          [1.2874e-05],
          [1.2058e-05],
          [1.0557e-05],
          [1.0708e-05],
          [1.0072e-05],
          [1.0077e-05],
          [1.2347e-05],
          [1.2684e-05],
          [4.6379e-04],
          [7.3995e-05],
          [1.8749e-04],
          [1.2132e-05],
          [1.0153e-05],
          [9.2749e-06],
          [1.1997e-05],
          [4.0817e-04],
          [1.0713e-04],
          [1.1419e-05],
          [1.1178e-05],
          [1.3919e-05],
          [1.5832e-05],
          [2.6581e-05],
          [5.4218e-05],
          [9.1114e-05],
          [7.4786e-05],
          [6.4158e-05],
          [4.8748e-05],
          [3.1555e-05],
          [1.8161e-05],
          [1.1233e-05],
          [9.7680e-06],
          [9.5852e-06],
          [1.1583e-05],
          [1.3788e-05],
          [8.5103e-05],
          [3.8370e-05],
          [4.6125e-05],
          [4.4603e-05],
          [2.9851e-05],
          [3.2977e-05],
          [3.0425e-05],
          [2.6647e-05],
          [1.8536e-05],
          [2.4034e-04],
          [8.7777e-05],
          [1.7131e-05],
          [1.5906e-05],
          [1.4786e-05],
          [1.2964e-05],
          [2.0818e-05],
          [1.9105e-05],
          [3.1139e-05],
          [1.8930e-04],
          [5.9930e-05],
          [3.0769e-04],
          [1.0970e-04],
          [3.7465e-05],
          [2.2164e-05],
          [1.7644e-05],
          [2.0076e-05],
          [1.4195e-05],
          [2.5053e-04],
          [1.9403e-04],
          [1.4949e-05],
          [7.6740e-05],
          [9.7988e-05],
          [1.6730e-05],
          [3.2738e-04],
          [2.1723e-05],
          [3.7680e-04],
          [1.6076e-05],
          [1.0920e-05],
          [9.8417e-06],
          [1.5423e-05],
          [1.6685e-05],
          [4.1640e-05],
          [7.2875e-06]]]])
