# Using CPU
# Loading Embeddings...
# Making Predictions...
torch.Size([1, 1, 442, 255])
tensor([[[[2.3437e-04],
          [5.3771e-05],
          [1.0826e-04],
          [6.1893e-05],
          [9.7656e-06],
          [3.9609e-04],
          [1.1815e-03],
          [3.0815e-05],
          [2.8823e-04],
          [1.2622e-03],
          [2.0275e-05],
          [2.1154e-05],
          [5.4894e-04],
          [2.3189e-04],
          [2.6058e-05],
          [1.2212e-05],
          [1.1494e-05],
          [1.2379e-05],
          [1.6846e-05],
          [1.6064e-05],
          [6.6687e-04],
          [2.9548e-05],
          [6.3030e-04],
          [1.8386e-05],
          [2.0358e-05],
          [2.8676e-05],
          [3.9284e-05],
          [6.1634e-05],
          [6.4873e-05],
          [8.1546e-05],
          [8.4590e-05],
          [1.0181e-04],
          [9.2546e-05],
          [1.0104e-04],
          [8.0028e-05],
          [6.6805e-05],
          [8.8942e-04],
          [5.9609e-05],
          [2.2961e-04],
          [1.2511e-04],
          [5.2306e-04],
          [3.2069e-05],
          [2.7813e-05],
          [2.8416e-05],
          [2.0258e-05],
          [1.8104e-05],
          [1.6347e-05],
          [1.3081e-05],
          [1.6940e-05],
          [2.6368e-04],
          [4.4276e-04],
          [1.1861e-05],
          [1.5699e-05],
          [4.8283e-04],
          [6.5420e-04],
          [1.5727e-05],
          [1.8213e-05],
          [1.8932e-05],
          [2.4070e-05],
          [2.7117e-05],
          [2.3766e-05],
          [2.3781e-05],
          [3.7161e-04],
          [2.9382e-04],
          [1.7242e-05],
          [1.7106e-05],
          [1.6276e-05],
          [1.6349e-05],
          [1.6569e-05],
          [1.5056e-05],
          [1.7168e-05],
          [3.3301e-04],
          [3.6082e-05],
          [2.1365e-05],
          [1.6082e-05],
          [2.2068e-05],
          [1.8129e-03],
          [1.9079e-05],
          [1.7500e-05],
          [1.6173e-05],
          [3.8561e-04],
          [1.8396e-04],
          [1.6072e-05],
          [1.6998e-05],
          [2.0137e-05],
          [2.3187e-05],
          [2.2384e-05],
          [2.4492e-05],
          [1.9901e-05],
          [1.7976e-05],
          [3.9418e-04],
          [5.6746e-05],
          [2.8574e-04],
          [1.4704e-05],
          [2.4395e-05],
          [4.6080e-05],
          [4.9854e-05],
          [7.4135e-05],
          [4.7464e-05],
          [4.7361e-05],
          [3.3222e-05],
          [2.0836e-05],
          [1.3361e-05],
          [1.2538e-05],
          [1.4073e-05],
          [2.0119e-05],
          [2.3034e-05],
          [2.8334e-05],
          [2.9907e-05],
          [3.1159e-05],
          [2.3619e-05],
          [1.4964e-04],
          [2.0409e-04],
          [2.3932e-05],
          [2.8045e-04],
          [1.8778e-05],
          [1.4110e-05],
          [1.1535e-05],
          [1.4121e-05],
          [1.5190e-05],
          [1.4316e-05],
          [1.2992e-05],
          [2.3384e-05],
          [1.2298e-05],
          [1.3756e-05],
          [1.3509e-05],
          [1.4853e-05],
          [1.4319e-05],
          [1.7251e-05],
          [1.8464e-05],
          [1.8975e-05],
          [4.3705e-04],
          [3.8842e-04],
          [2.1322e-05],
          [2.4789e-05],
          [2.2838e-05],
          [1.9848e-05],
          [1.9988e-05],
          [1.7731e-05],
          [1.7297e-05],
          [1.4942e-05],
          [1.3881e-05],
          [1.0666e-05],
          [1.2378e-05],
          [1.4566e-05],
          [2.0022e-05],
          [2.1930e-05],
          [3.0737e-05],
          [3.6511e-05],
          [5.5808e-05],
          [5.6806e-05],
          [6.4404e-05],
          [6.0416e-05],
          [6.5604e-05],
          [5.0605e-05],
          [4.5842e-05],
          [3.8211e-04],
          [5.4399e-04],
          [1.6956e-04],
          [1.2771e-03],
          [2.0347e-05],
          [1.8024e-05],
          [1.7369e-05],
          [1.8039e-05],
          [1.7356e-05],
          [2.2102e-05],
          [1.7722e-05],
          [1.9828e-05],
          [1.9492e-05],
          [1.8614e-05],
          [1.7084e-05],
          [4.1459e-04],
          [8.5515e-04],
          [2.7285e-05],
          [3.2771e-05],
          [3.7714e-05],
          [3.6853e-05],
          [3.3338e-05],
          [3.1280e-04],
          [1.3304e-04],
          [2.5588e-04],
          [1.9290e-05],
          [1.5862e-05],
          [4.5525e-04],
          [1.9321e-05],
          [2.3058e-04],
          [2.2627e-05],
          [2.3048e-05],
          [2.2293e-05],
          [4.1424e-04],
          [3.5137e-05],
          [2.5966e-03],
          [2.0030e-05],
          [2.7420e-05],
          [2.8710e-05],
          [2.7028e-05],
          [2.4993e-05],
          [2.6121e-05],
          [2.6534e-04],
          [3.1171e-04],
          [2.0001e-05],
          [1.6486e-05],
          [1.6803e-05],
          [1.7393e-05],
          [2.3259e-05],
          [2.5029e-05],
          [2.8078e-05],
          [2.9878e-04],
          [7.3522e-04],
          [2.3376e-05],
          [1.6890e-05],
          [1.5227e-05],
          [1.5431e-05],
          [3.0850e-04],
          [3.3136e-05],
          [2.1105e-05],
          [1.4194e-03],
          [1.7917e-05],
          [1.8852e-05],
          [1.5292e-05],
          [1.6822e-05],
          [1.5612e-05],
          [1.8901e-05],
          [1.4628e-05],
          [1.3116e-05],
          [2.3843e-05],
          [1.4298e-05],
          [1.4519e-05],
          [1.1625e-05],
          [1.4503e-05],
          [1.1850e-05],
          [1.1937e-05],
          [1.2038e-05],
          [1.2990e-05],
          [3.2545e-04],
          [4.0214e-04],
          [1.4098e-05],
          [1.5271e-05],
          [1.6298e-05],
          [2.1574e-05],
          [2.3441e-05],
          [1.8285e-05],
          [1.8241e-05],
          [4.0779e-05],
          [2.0033e-05],
          [1.3711e-05],
          [2.5726e-04],
          [1.5765e-04],
          [2.4849e-05],
          [2.7547e-04],
          [1.5165e-05],
          [2.0100e-04],
          [2.0150e-04],
          [2.5199e-05],
          [2.5816e-05],
          [2.7692e-05],
          [2.7225e-05],
          [3.3812e-05],
          [3.3905e-05],
          [4.5259e-05],
          [4.3457e-05],
          [6.9970e-05],
          [8.4839e-05],
          [1.3379e-04],
          [1.0962e-04],
          [1.1870e-04],
          [1.0394e-04],
          [2.2843e-04],
          [3.2515e-05],
          [2.7799e-05],
          [3.3362e-04],
          [1.9794e-04],
          [2.8875e-05],
          [3.6173e-04],
          [1.8945e-04],
          [6.6889e-05],
          [1.9880e-04],
          [1.7076e-05],
          [1.2352e-05],
          [1.2721e-05],
          [1.0726e-05],
          [1.0031e-05],
          [9.5252e-06],
          [2.0636e-05],
          [1.3388e-05],
          [1.6840e-05],
          [1.4687e-05],
          [7.4830e-04],
          [3.6516e-05],
          [7.5567e-05],
          [1.2276e-04],
          [1.3102e-05],
          [1.3477e-05],
          [1.2563e-05],
          [1.0767e-05],
          [1.0447e-05],
          [1.2370e-05],
          [4.6966e-04],
          [2.5647e-05],
          [1.2077e-03],
          [1.3292e-05],
          [1.2298e-05],
          [1.5259e-05],
          [1.4219e-05],
          [1.3706e-05],
          [1.3325e-05],
          [1.3740e-05],
          [1.6032e-05],
          [1.4960e-05],
          [1.7445e-05],
          [2.2294e-05],
          [2.4059e-05],
          [3.4083e-04],
          [6.1427e-04],
          [2.3248e-05],
          [1.8012e-05],
          [2.7627e-05],
          [1.2326e-05],
          [1.8472e-05],
          [2.3557e-05],
          [2.4002e-05],
          [2.3244e-05],
          [2.2941e-05],
          [2.4205e-05],
          [2.4050e-05],
          [1.8860e-05],
          [1.6370e-05],
          [1.6496e-05],
          [1.5003e-05],
          [1.8019e-05],
          [1.8837e-05],
          [1.8321e-05],
          [1.8313e-05],
          [1.7211e-05],
          [1.5804e-05],
          [1.5953e-05],
          [1.7622e-05],
          [1.9157e-05],
          [1.8783e-05],
          [2.2683e-05],
          [2.2243e-05],
          [2.2602e-05],
          [2.0760e-05],
          [1.9052e-05],
          [2.0361e-05],
          [1.9180e-05],
          [1.7189e-05],
          [2.1139e-05],
          [1.7399e-05],
          [1.6311e-05],
          [1.5633e-05],
          [1.6833e-05],
          [1.3062e-05],
          [1.2656e-05],
          [1.5950e-05],
          [1.5075e-05],
          [4.5957e-04],
          [4.0984e-05],
          [2.7047e-03],
          [1.6289e-05],
          [1.7727e-05],
          [1.5957e-05],
          [1.5675e-05],
          [1.9207e-05],
          [1.8581e-05],
          [1.9054e-05],
          [1.7832e-05],
          [1.8788e-05],
          [1.8905e-05],
          [2.2133e-05],
          [1.8151e-05],
          [1.5580e-05],
          [1.4225e-05],
          [4.2356e-04],
          [7.0037e-05],
          [1.2726e-03],
          [1.3064e-05],
          [1.1343e-05],
          [1.0146e-05],
          [1.3113e-05],
          [4.6835e-04],
          [7.6488e-04],
          [1.4332e-05],
          [1.2764e-05],
          [1.2500e-05],
          [1.9582e-05],
          [1.9040e-05],
          [2.5585e-05],
          [3.4520e-05],
          [3.1289e-05],
          [3.3404e-05],
          [3.4152e-05],
          [3.9281e-05],
          [2.9701e-05],
          [2.2246e-05],
          [2.0601e-05],
          [2.0991e-05],
          [1.6523e-05],
          [1.3778e-05],
          [5.0316e-05],
          [3.4530e-05],
          [4.4237e-05],
          [5.2111e-05],
          [3.5400e-05],
          [3.0777e-05],
          [2.1891e-05],
          [2.1825e-05],
          [2.0230e-05],
          [2.3097e-04],
          [3.3722e-04],
          [2.3701e-05],
          [2.2049e-05],
          [1.9515e-05],
          [1.6970e-05],
          [2.1981e-05],
          [2.1289e-05],
          [2.3865e-05],
          [1.2913e-04],
          [1.1950e-04],
          [2.5536e-04],
          [6.8396e-04],
          [1.6665e-05],
          [1.7588e-05],
          [1.6251e-05],
          [1.6474e-05],
          [1.5013e-05],
          [3.3518e-04],
          [2.5439e-04],
          [1.5554e-05],
          [8.1368e-05],
          [1.2243e-04],
          [2.7193e-05],
          [7.1756e-04],
          [3.9640e-05],
          [2.9282e-04],
          [3.1523e-05],
          [1.9372e-05],
          [1.6464e-05],
          [1.4888e-05],
          [1.2489e-05],
          [1.0448e-04],
          [6.0625e-06]]]])
