# Using CPU
# Loading Embeddings...
# Making Predictions...
torch.Size([1, 1, 442, 260])
tensor([[[[3.3782e-04],
          [3.8961e-05],
          [7.9924e-05],
          [1.7936e-05],
          [9.1353e-06],
          [5.0023e-04],
          [9.2227e-04],
          [1.3869e-05],
          [3.4748e-04],
          [9.3241e-04],
          [1.8227e-05],
          [1.6871e-05],
          [8.0835e-04],
          [2.9017e-04],
          [2.2377e-05],
          [1.1346e-05],
          [1.1677e-05],
          [1.2662e-05],
          [1.5950e-05],
          [2.2855e-05],
          [7.1702e-04],
          [2.4776e-05],
          [4.3537e-04],
          [1.4436e-05],
          [1.7150e-05],
          [2.2048e-05],
          [2.6554e-05],
          [4.4404e-05],
          [5.3574e-05],
          [6.6601e-05],
          [7.1667e-05],
          [8.1627e-05],
          [7.4362e-05],
          [7.1775e-05],
          [5.6767e-05],
          [4.4668e-05],
          [1.5178e-03],
          [4.8782e-05],
          [1.7232e-04],
          [1.8304e-04],
          [3.1423e-04],
          [1.8748e-05],
          [1.7275e-05],
          [1.8800e-05],
          [1.5353e-05],
          [1.3873e-05],
          [1.2618e-05],
          [1.1682e-05],
          [1.3878e-05],
          [9.1139e-04],
          [2.5985e-04],
          [1.2117e-05],
          [1.1205e-05],
          [5.3331e-04],
          [4.6966e-04],
          [1.5261e-05],
          [1.5677e-05],
          [1.4945e-05],
          [1.6979e-05],
          [2.1875e-05],
          [2.2165e-05],
          [2.2300e-05],
          [9.2508e-04],
          [4.0714e-04],
          [1.9144e-05],
          [1.6960e-05],
          [1.5740e-05],
          [1.6093e-05],
          [1.6737e-05],
          [1.4549e-05],
          [1.5122e-05],
          [6.2823e-04],
          [3.1221e-05],
          [3.6465e-05],
          [1.5969e-05],
          [2.6860e-05],
          [1.4476e-03],
          [1.7386e-05],
          [1.3123e-05],
          [1.3302e-05],
          [7.7795e-04],
          [2.3759e-04],
          [1.3322e-05],
          [1.2541e-05],
          [1.3987e-05],
          [1.6506e-05],
          [1.7111e-05],
          [1.9095e-05],
          [1.7365e-05],
          [1.6215e-05],
          [4.6510e-04],
          [9.2796e-05],
          [2.4339e-04],
          [1.7127e-05],
          [2.0391e-05],
          [3.3945e-05],
          [3.4109e-05],
          [4.3915e-05],
          [3.3753e-05],
          [3.1539e-05],
          [2.7592e-05],
          [2.0466e-05],
          [1.3258e-05],
          [1.2091e-05],
          [1.4076e-05],
          [1.8539e-05],
          [2.1861e-05],
          [2.6026e-05],
          [2.6424e-05],
          [2.7348e-05],
          [2.5925e-05],
          [1.2618e-04],
          [3.5334e-04],
          [2.8731e-05],
          [3.9479e-04],
          [1.9220e-05],
          [1.6069e-05],
          [1.1978e-05],
          [1.4626e-05],
          [1.6735e-05],
          [1.6660e-05],
          [1.3427e-05],
          [1.4801e-05],
          [1.2669e-05],
          [1.5140e-05],
          [1.5647e-05],
          [1.9237e-05],
          [1.9174e-05],
          [2.4618e-05],
          [2.4585e-05],
          [2.4933e-05],
          [7.1364e-04],
          [2.9587e-04],
          [2.5883e-05],
          [2.9050e-05],
          [2.5145e-05],
          [2.0287e-05],
          [1.9999e-05],
          [1.7269e-05],
          [1.9839e-05],
          [1.6695e-05],
          [1.6318e-05],
          [1.1986e-05],
          [1.4621e-05],
          [1.7387e-05],
          [2.3235e-05],
          [2.4403e-05],
          [3.2054e-05],
          [3.7163e-05],
          [4.7234e-05],
          [4.5607e-05],
          [4.2989e-05],
          [4.4356e-05],
          [4.2468e-05],
          [3.7543e-05],
          [3.4251e-05],
          [3.9662e-04],
          [4.7979e-04],
          [1.9949e-04],
          [9.4004e-04],
          [3.7734e-05],
          [1.4121e-05],
          [1.4211e-05],
          [1.5553e-05],
          [1.6284e-05],
          [2.1672e-05],
          [1.8132e-05],
          [1.9771e-05],
          [2.0048e-05],
          [2.5822e-05],
          [2.2625e-05],
          [4.5365e-04],
          [4.4731e-04],
          [2.9333e-05],
          [4.1072e-05],
          [5.2814e-05],
          [3.6496e-05],
          [3.6186e-05],
          [6.7517e-04],
          [4.6511e-05],
          [5.9560e-04],
          [1.8753e-05],
          [1.4632e-05],
          [1.1391e-03],
          [2.5618e-05],
          [3.4306e-04],
          [1.8757e-05],
          [2.0261e-05],
          [1.9671e-05],
          [5.2905e-04],
          [2.3347e-05],
          [2.0649e-03],
          [1.8455e-05],
          [2.2509e-05],
          [2.4068e-05],
          [2.4337e-05],
          [2.9564e-05],
          [2.7977e-05],
          [4.5250e-04],
          [2.0213e-04],
          [2.4379e-05],
          [2.1110e-05],
          [1.8587e-05],
          [1.4710e-05],
          [1.6419e-05],
          [1.7810e-05],
          [2.5286e-05],
          [3.8738e-04],
          [5.3786e-04],
          [1.8805e-05],
          [1.5609e-05],
          [1.5330e-05],
          [1.5841e-05],
          [4.4388e-04],
          [4.4808e-05],
          [2.7704e-05],
          [8.3415e-04],
          [1.5773e-05],
          [1.7442e-05],
          [1.5543e-05],
          [1.4118e-05],
          [1.5028e-05],
          [1.6465e-05],
          [1.4780e-05],
          [1.3384e-05],
          [1.6247e-05],
          [1.5118e-05],
          [1.5038e-05],
          [1.1815e-05],
          [1.5090e-05],
          [1.1272e-05],
          [1.2459e-05],
          [1.1452e-05],
          [1.2931e-05],
          [3.8931e-04],
          [2.5590e-04],
          [1.3354e-05],
          [1.5792e-05],
          [1.6530e-05],
          [2.4261e-05],
          [2.7769e-05],
          [2.5344e-05],
          [1.8836e-05],
          [2.8575e-05],
          [2.0074e-05],
          [1.3736e-05],
          [2.9077e-04],
          [3.7671e-04],
          [3.8969e-05],
          [3.7184e-04],
          [1.2221e-05],
          [2.1610e-04],
          [1.7157e-04],
          [2.0709e-05],
          [2.2167e-05],
          [2.4132e-05],
          [2.1128e-05],
          [2.8601e-05],
          [3.0181e-05],
          [3.8159e-05],
          [4.5691e-05],
          [8.1559e-05],
          [8.5321e-05],
          [1.1074e-04],
          [1.4643e-04],
          [1.5503e-04],
          [1.2863e-04],
          [5.3972e-04],
          [5.0242e-05],
          [4.4913e-05],
          [3.7030e-04],
          [1.8228e-04],
          [3.5907e-05],
          [2.8117e-04],
          [1.9197e-04],
          [3.5675e-05],
          [4.3061e-04],
          [1.4886e-05],
          [1.1863e-05],
          [1.1420e-05],
          [1.0687e-05],
          [9.9042e-06],
          [1.2246e-05],
          [2.3101e-05],
          [1.4380e-05],
          [1.9547e-05],
          [1.8527e-05],
          [2.4133e-03],
          [5.9472e-05],
          [2.5757e-04],
          [9.0449e-05],
          [1.2444e-05],
          [1.0840e-05],
          [1.1385e-05],
          [1.0611e-05],
          [1.0328e-05],
          [1.0949e-05],
          [5.1978e-04],
          [2.6355e-05],
          [1.0261e-03],
          [1.4169e-05],
          [1.1743e-05],
          [1.2870e-05],
          [1.2274e-05],
          [1.2767e-05],
          [1.2488e-05],
          [1.2573e-05],
          [1.5275e-05],
          [1.4002e-05],
          [1.8876e-05],
          [2.2894e-05],
          [2.4676e-05],
          [4.4312e-04],
          [4.5388e-04],
          [2.0289e-05],
          [1.7558e-05],
          [1.3863e-05],
          [1.1892e-05],
          [1.6306e-05],
          [2.4038e-05],
          [2.4703e-05],
          [2.1817e-05],
          [4.2403e-05],
          [2.2903e-05],
          [2.4404e-05],
          [1.7783e-05],
          [1.3230e-05],
          [1.3614e-05],
          [1.4918e-05],
          [1.7105e-05],
          [2.0132e-05],
          [2.4151e-05],
          [2.2555e-05],
          [2.5926e-05],
          [2.1653e-05],
          [2.4942e-05],
          [2.4859e-05],
          [2.4714e-05],
          [2.5389e-05],
          [3.3224e-05],
          [3.9478e-05],
          [3.6366e-05],
          [3.6380e-05],
          [3.9283e-05],
          [3.9774e-05],
          [3.8245e-05],
          [3.3827e-05],
          [2.8482e-05],
          [3.1289e-05],
          [3.2146e-05],
          [2.8887e-05],
          [2.0403e-05],
          [1.7839e-05],
          [1.6773e-05],
          [1.5481e-05],
          [1.7313e-05],
          [1.8405e-04],
          [3.9466e-05],
          [2.3788e-03],
          [1.6721e-05],
          [1.9769e-05],
          [2.2104e-05],
          [1.7620e-05],
          [1.9634e-05],
          [1.9244e-05],
          [2.0287e-05],
          [1.6380e-05],
          [1.4799e-05],
          [1.3328e-05],
          [1.6766e-05],
          [1.5370e-05],
          [1.4305e-05],
          [1.4826e-05],
          [3.4905e-04],
          [1.7386e-04],
          [8.3788e-04],
          [1.4479e-05],
          [1.1416e-05],
          [1.2327e-05],
          [1.4065e-05],
          [5.1137e-04],
          [5.7878e-04],
          [1.6721e-05],
          [1.4536e-05],
          [1.2791e-05],
          [1.4261e-05],
          [1.5931e-05],
          [2.8536e-05],
          [3.4370e-05],
          [3.5741e-05],
          [2.8776e-05],
          [2.6370e-05],
          [2.7447e-05],
          [2.2692e-05],
          [1.6899e-05],
          [1.5318e-05],
          [1.7525e-05],
          [1.8611e-05],
          [1.8039e-05],
          [7.4182e-05],
          [3.6515e-05],
          [4.5671e-05],
          [5.6701e-05],
          [3.2374e-05],
          [3.3872e-05],
          [2.2133e-05],
          [2.2206e-05],
          [1.8890e-05],
          [3.5406e-04],
          [1.8722e-04],
          [1.7817e-05],
          [1.6899e-05],
          [1.4099e-05],
          [1.3168e-05],
          [1.9409e-05],
          [1.9443e-05],
          [2.8992e-05],
          [8.2509e-05],
          [1.0893e-04],
          [3.0940e-04],
          [6.2507e-04],
          [3.0759e-05],
          [2.1297e-05],
          [1.6769e-05],
          [1.9920e-05],
          [1.5713e-05],
          [3.4019e-04],
          [1.3149e-04],
          [2.2812e-05],
          [8.6944e-05],
          [1.0946e-04],
          [2.0493e-05],
          [7.0553e-04],
          [2.2897e-05],
          [5.4602e-04],
          [1.6974e-05],
          [1.2776e-05],
          [1.0846e-05],
          [1.2917e-05],
          [1.5126e-05],
          [5.5217e-05],
          [7.5045e-06]]]])
