# Using CPU
# Loading Embeddings...
# Making Predictions...
torch.Size([1, 1, 442, 254])
tensor([[[[1.4757e-04],
          [3.2892e-05],
          [1.1356e-04],
          [3.1872e-05],
          [1.0272e-05],
          [1.9357e-04],
          [8.2327e-04],
          [1.4601e-05],
          [1.9291e-04],
          [1.1942e-03],
          [2.0161e-05],
          [1.9260e-05],
          [4.2577e-04],
          [3.1351e-04],
          [1.5544e-05],
          [1.1651e-05],
          [9.9424e-06],
          [1.0421e-05],
          [1.1491e-05],
          [3.2045e-05],
          [3.4228e-04],
          [2.8674e-05],
          [8.1226e-04],
          [1.4565e-05],
          [2.0613e-05],
          [2.7155e-05],
          [3.7523e-05],
          [6.1218e-05],
          [8.2613e-05],
          [1.1225e-04],
          [1.1062e-04],
          [1.3120e-04],
          [1.3420e-04],
          [1.3580e-04],
          [1.0882e-04],
          [8.0741e-05],
          [2.3507e-03],
          [7.3744e-05],
          [2.9670e-04],
          [2.3085e-04],
          [7.4637e-04],
          [2.5110e-05],
          [2.3932e-05],
          [2.6042e-05],
          [1.9424e-05],
          [1.9139e-05],
          [1.5654e-05],
          [1.4294e-05],
          [1.3094e-05],
          [1.7701e-04],
          [5.8855e-04],
          [1.3733e-05],
          [1.4063e-05],
          [2.1640e-04],
          [7.3435e-04],
          [1.8107e-05],
          [1.9261e-05],
          [1.8347e-05],
          [2.1736e-05],
          [2.7011e-05],
          [2.7640e-05],
          [2.6877e-05],
          [5.2431e-04],
          [3.5876e-04],
          [2.1701e-05],
          [2.0935e-05],
          [1.7725e-05],
          [1.5494e-05],
          [1.8089e-05],
          [1.5798e-05],
          [1.7113e-05],
          [3.4581e-04],
          [2.9459e-05],
          [1.9191e-05],
          [1.8788e-05],
          [1.9398e-05],
          [2.7033e-03],
          [1.5132e-05],
          [1.5094e-05],
          [1.3650e-05],
          [2.0572e-04],
          [2.7318e-04],
          [1.5800e-05],
          [1.6906e-05],
          [1.6597e-05],
          [2.0702e-05],
          [2.3720e-05],
          [2.3109e-05],
          [2.0102e-05],
          [1.8128e-05],
          [2.2971e-04],
          [4.1058e-05],
          [4.6730e-04],
          [1.1303e-05],
          [1.5941e-05],
          [1.8419e-05],
          [1.9547e-05],
          [2.4896e-05],
          [2.0488e-05],
          [2.1441e-05],
          [2.3075e-05],
          [1.4444e-05],
          [1.1947e-05],
          [1.1802e-05],
          [1.4864e-05],
          [2.3401e-05],
          [2.7112e-05],
          [3.3279e-05],
          [3.4353e-05],
          [3.5890e-05],
          [3.0401e-05],
          [7.7624e-05],
          [1.4316e-04],
          [2.2448e-05],
          [4.5447e-04],
          [2.0328e-05],
          [1.7036e-05],
          [1.4327e-05],
          [1.7245e-05],
          [2.0172e-05],
          [2.0205e-05],
          [1.8130e-05],
          [2.1849e-05],
          [1.4876e-05],
          [1.9401e-05],
          [1.6224e-05],
          [2.0556e-05],
          [2.0357e-05],
          [2.4998e-05],
          [2.8108e-05],
          [2.9258e-05],
          [3.6249e-04],
          [8.2301e-04],
          [2.9917e-05],
          [3.3987e-05],
          [3.2742e-05],
          [2.6772e-05],
          [2.8361e-05],
          [2.3798e-05],
          [2.4008e-05],
          [1.9211e-05],
          [1.9225e-05],
          [1.3600e-05],
          [1.6829e-05],
          [1.8127e-05],
          [2.6609e-05],
          [2.8726e-05],
          [4.2292e-05],
          [5.1361e-05],
          [7.8709e-05],
          [7.6139e-05],
          [7.5841e-05],
          [6.6495e-05],
          [7.9003e-05],
          [7.7026e-05],
          [5.8506e-05],
          [5.2960e-04],
          [4.6701e-04],
          [1.3164e-04],
          [1.3087e-03],
          [1.8628e-05],
          [1.8718e-05],
          [1.8598e-05],
          [2.0084e-05],
          [2.1746e-05],
          [2.6346e-05],
          [2.6012e-05],
          [2.6231e-05],
          [2.6830e-05],
          [2.7527e-05],
          [2.5203e-05],
          [3.5998e-04],
          [6.6688e-04],
          [3.6556e-05],
          [4.5760e-05],
          [5.1777e-05],
          [5.3998e-05],
          [4.8368e-05],
          [3.5528e-04],
          [5.3703e-05],
          [2.5537e-04],
          [2.0798e-05],
          [2.4299e-05],
          [2.3970e-04],
          [1.2238e-05],
          [4.7951e-04],
          [1.0928e-05],
          [1.2867e-05],
          [1.2768e-05],
          [2.1983e-04],
          [5.1534e-05],
          [2.2912e-03],
          [2.4799e-05],
          [3.1427e-05],
          [3.3369e-05],
          [3.4436e-05],
          [3.8091e-05],
          [3.0210e-05],
          [4.2895e-04],
          [4.5454e-04],
          [2.6906e-05],
          [2.2449e-05],
          [1.9545e-05],
          [1.5934e-05],
          [1.4466e-05],
          [1.2878e-05],
          [2.1011e-05],
          [1.8054e-04],
          [7.0674e-04],
          [1.4563e-05],
          [1.4398e-05],
          [1.5872e-05],
          [1.6278e-05],
          [2.3998e-04],
          [4.4059e-05],
          [2.2758e-05],
          [2.2421e-03],
          [1.6250e-05],
          [1.8338e-05],
          [1.3893e-05],
          [1.5181e-05],
          [1.5841e-05],
          [1.5133e-05],
          [1.4236e-05],
          [1.5215e-05],
          [1.7165e-05],
          [1.3988e-05],
          [1.3475e-05],
          [1.4688e-05],
          [1.2677e-05],
          [1.3208e-05],
          [1.2668e-05],
          [1.3340e-05],
          [1.4070e-05],
          [1.6956e-04],
          [4.0376e-04],
          [2.0474e-05],
          [1.8224e-05],
          [1.3671e-05],
          [1.5531e-05],
          [1.4783e-05],
          [1.7096e-05],
          [1.5371e-05],
          [1.8940e-05],
          [1.7456e-05],
          [1.0994e-05],
          [1.8888e-04],
          [1.1779e-04],
          [1.5103e-05],
          [2.2433e-04],
          [1.1402e-05],
          [1.6081e-04],
          [3.5048e-04],
          [2.0410e-05],
          [2.5591e-05],
          [3.0367e-05],
          [2.7523e-05],
          [3.7534e-05],
          [4.4106e-05],
          [5.9260e-05],
          [6.2086e-05],
          [9.2875e-05],
          [1.0674e-04],
          [1.6207e-04],
          [1.5541e-04],
          [1.6512e-04],
          [1.1727e-04],
          [6.6739e-04],
          [5.3037e-05],
          [4.6256e-05],
          [2.9469e-04],
          [1.0639e-04],
          [2.6719e-05],
          [2.4308e-04],
          [1.9934e-04],
          [2.8004e-05],
          [3.0090e-04],
          [1.6150e-05],
          [1.4129e-05],
          [1.5400e-05],
          [9.6428e-06],
          [8.7649e-06],
          [8.8264e-06],
          [2.0985e-05],
          [1.0810e-05],
          [1.3407e-05],
          [1.0010e-05],
          [2.6349e-04],
          [1.7127e-05],
          [8.0447e-05],
          [2.4007e-04],
          [1.2124e-05],
          [1.2047e-05],
          [1.2044e-05],
          [1.0890e-05],
          [1.1768e-05],
          [1.3735e-05],
          [2.5772e-04],
          [2.4100e-05],
          [1.8446e-03],
          [1.2646e-05],
          [1.2821e-05],
          [1.4381e-05],
          [1.5395e-05],
          [1.6055e-05],
          [1.5019e-05],
          [1.5647e-05],
          [1.9407e-05],
          [1.6008e-05],
          [2.2204e-05],
          [3.0184e-05],
          [3.2131e-05],
          [4.7818e-04],
          [7.3664e-04],
          [2.1653e-05],
          [1.8557e-05],
          [2.5043e-05],
          [1.4149e-05],
          [1.4096e-05],
          [1.7684e-05],
          [2.1456e-05],
          [1.8350e-05],
          [1.4442e-05],
          [1.4009e-05],
          [1.5823e-05],
          [1.2259e-05],
          [1.1763e-05],
          [1.2940e-05],
          [1.5199e-05],
          [1.3788e-05],
          [1.2229e-05],
          [1.2170e-05],
          [1.5401e-05],
          [1.3217e-05],
          [1.1307e-05],
          [1.4214e-05],
          [2.8158e-05],
          [2.0057e-05],
          [1.6093e-05],
          [2.5109e-05],
          [2.3446e-05],
          [2.5331e-05],
          [1.5136e-05],
          [1.8562e-05],
          [2.0563e-05],
          [2.2314e-05],
          [1.5881e-05],
          [1.7241e-05],
          [1.9654e-05],
          [1.4125e-05],
          [1.3296e-05],
          [1.8238e-05],
          [1.4325e-05],
          [1.2817e-05],
          [1.9068e-05],
          [1.5545e-05],
          [1.5116e-04],
          [5.7619e-05],
          [2.5564e-03],
          [1.9002e-05],
          [2.2175e-05],
          [1.6678e-05],
          [1.8060e-05],
          [1.6850e-05],
          [1.6913e-05],
          [1.6967e-05],
          [1.6010e-05],
          [1.3189e-05],
          [1.2903e-05],
          [1.3939e-05],
          [1.2892e-05],
          [1.5320e-05],
          [1.5471e-05],
          [1.6576e-04],
          [7.1758e-05],
          [1.9861e-03],
          [1.2839e-05],
          [1.2427e-05],
          [9.7476e-06],
          [1.4554e-05],
          [2.7962e-04],
          [1.1278e-03],
          [1.1537e-05],
          [1.1533e-05],
          [1.5075e-05],
          [1.7941e-05],
          [2.1122e-05],
          [2.9956e-05],
          [4.6130e-05],
          [3.7189e-05],
          [3.1710e-05],
          [2.4806e-05],
          [1.8517e-05],
          [1.6581e-05],
          [1.3297e-05],
          [1.3134e-05],
          [1.3254e-05],
          [1.3903e-05],
          [1.1253e-05],
          [4.9362e-05],
          [2.7758e-05],
          [3.3586e-05],
          [3.1992e-05],
          [2.1494e-05],
          [2.4174e-05],
          [2.5198e-05],
          [2.5214e-05],
          [2.0049e-05],
          [3.0054e-04],
          [4.9188e-04],
          [2.2523e-05],
          [1.9971e-05],
          [1.7601e-05],
          [1.6367e-05],
          [1.8314e-05],
          [2.0907e-05],
          [2.4899e-05],
          [5.0151e-05],
          [8.0559e-05],
          [1.5837e-04],
          [7.5028e-04],
          [2.1618e-05],
          [1.4523e-05],
          [1.4558e-05],
          [1.6549e-05],
          [1.6636e-05],
          [2.5289e-04],
          [1.1299e-04],
          [1.6489e-05],
          [4.8495e-05],
          [5.3625e-04],
          [2.2974e-05],
          [2.6637e-04],
          [2.0357e-05],
          [3.2642e-04],
          [1.8289e-05],
          [1.4446e-05],
          [1.2982e-05],
          [1.1394e-05],
          [2.9966e-05],
          [4.8573e-05],
          [1.0056e-05]]]])
