# Using CPU
# Loading Embeddings...
# Making Predictions...
torch.Size([1, 1, 442, 264])
tensor([[[[2.2311e-04],
          [2.5453e-05],
          [9.9004e-05],
          [4.3130e-05],
          [1.1567e-05],
          [3.1522e-04],
          [2.1197e-03],
          [1.6267e-05],
          [2.2858e-04],
          [2.2936e-03],
          [1.7465e-05],
          [1.6321e-05],
          [3.7765e-04],
          [3.7092e-04],
          [2.4383e-05],
          [1.0868e-05],
          [1.0227e-05],
          [1.1364e-05],
          [1.3585e-05],
          [2.0835e-05],
          [5.2743e-04],
          [2.4527e-05],
          [1.3479e-03],
          [1.6536e-05],
          [1.9779e-05],
          [2.8166e-05],
          [4.1245e-05],
          [7.3499e-05],
          [9.7161e-05],
          [1.2462e-04],
          [1.4017e-04],
          [1.6387e-04],
          [1.5515e-04],
          [1.6591e-04],
          [1.2793e-04],
          [8.7670e-05],
          [3.0399e-04],
          [6.1589e-05],
          [3.8329e-04],
          [1.0459e-04],
          [1.2607e-03],
          [2.4232e-05],
          [2.5737e-05],
          [2.8794e-05],
          [1.8994e-05],
          [1.7933e-05],
          [1.3759e-05],
          [1.4739e-05],
          [1.6360e-05],
          [1.6877e-04],
          [8.1985e-04],
          [1.4715e-05],
          [1.4831e-05],
          [3.8610e-04],
          [1.4103e-03],
          [1.4357e-05],
          [1.5366e-05],
          [1.5376e-05],
          [1.8965e-05],
          [2.3428e-05],
          [2.5610e-05],
          [2.2441e-05],
          [2.2932e-04],
          [4.3040e-04],
          [1.7198e-05],
          [1.6346e-05],
          [1.4390e-05],
          [1.4875e-05],
          [1.5283e-05],
          [1.5561e-05],
          [1.3636e-05],
          [1.9496e-04],
          [2.1732e-05],
          [1.7236e-05],
          [1.4655e-05],
          [2.4085e-05],
          [4.8645e-03],
          [1.3118e-05],
          [1.3381e-05],
          [1.1547e-05],
          [2.2286e-04],
          [2.1473e-04],
          [1.3395e-05],
          [1.4899e-05],
          [1.6740e-05],
          [1.9838e-05],
          [2.1714e-05],
          [2.2669e-05],
          [1.8759e-05],
          [1.5574e-05],
          [3.1092e-04],
          [4.1708e-05],
          [4.3223e-04],
          [1.3897e-05],
          [1.8609e-05],
          [2.3904e-05],
          [2.7810e-05],
          [3.3676e-05],
          [2.7050e-05],
          [2.5704e-05],
          [2.4519e-05],
          [1.7667e-05],
          [1.2806e-05],
          [1.1745e-05],
          [1.3126e-05],
          [1.8747e-05],
          [2.1379e-05],
          [2.5889e-05],
          [2.6524e-05],
          [2.7410e-05],
          [2.2726e-05],
          [1.0522e-04],
          [1.0413e-04],
          [1.4787e-05],
          [4.2568e-04],
          [1.5598e-05],
          [1.2513e-05],
          [1.2208e-05],
          [1.4149e-05],
          [1.5797e-05],
          [1.4720e-05],
          [1.2929e-05],
          [1.3503e-05],
          [1.1536e-05],
          [1.3651e-05],
          [1.3576e-05],
          [1.6371e-05],
          [1.5524e-05],
          [1.7317e-05],
          [2.0809e-05],
          [2.0665e-05],
          [4.0651e-04],
          [6.7226e-04],
          [2.0513e-05],
          [2.1703e-05],
          [2.1589e-05],
          [1.7463e-05],
          [1.7722e-05],
          [1.4384e-05],
          [1.5244e-05],
          [1.4898e-05],
          [1.3521e-05],
          [1.2101e-05],
          [1.2281e-05],
          [1.5420e-05],
          [2.0296e-05],
          [2.1848e-05],
          [2.9172e-05],
          [4.0100e-05],
          [6.5105e-05],
          [7.4684e-05],
          [8.3056e-05],
          [7.8989e-05],
          [9.7451e-05],
          [8.4655e-05],
          [6.4565e-05],
          [3.1437e-04],
          [8.7779e-04],
          [1.6440e-04],
          [2.6225e-03],
          [1.5898e-05],
          [1.5358e-05],
          [1.4387e-05],
          [1.5913e-05],
          [1.7084e-05],
          [1.9196e-05],
          [1.8766e-05],
          [1.9001e-05],
          [1.9587e-05],
          [1.9746e-05],
          [1.7138e-05],
          [2.9311e-04],
          [1.4801e-03],
          [2.4396e-05],
          [2.9572e-05],
          [3.9921e-05],
          [3.7234e-05],
          [3.2644e-05],
          [1.7466e-04],
          [4.2712e-05],
          [3.2117e-04],
          [1.6422e-05],
          [3.4108e-05],
          [2.3251e-04],
          [2.0276e-05],
          [4.1746e-04],
          [2.3038e-05],
          [1.8074e-05],
          [1.4152e-05],
          [4.4005e-04],
          [5.4067e-05],
          [5.6718e-03],
          [1.8220e-05],
          [2.3375e-05],
          [2.4834e-05],
          [2.5459e-05],
          [2.6900e-05],
          [2.0760e-05],
          [2.1769e-04],
          [5.0313e-04],
          [2.0322e-05],
          [1.7667e-05],
          [1.7949e-05],
          [1.5306e-05],
          [1.4909e-05],
          [1.4626e-05],
          [1.2267e-05],
          [3.1090e-04],
          [1.6186e-03],
          [1.4255e-05],
          [1.3022e-05],
          [1.3674e-05],
          [1.4361e-05],
          [2.4133e-04],
          [2.6606e-05],
          [1.4048e-05],
          [3.4086e-03],
          [1.3399e-05],
          [1.2010e-05],
          [1.2086e-05],
          [1.1850e-05],
          [1.3818e-05],
          [1.2102e-05],
          [1.1478e-05],
          [1.2030e-05],
          [1.3794e-05],
          [1.2486e-05],
          [1.2716e-05],
          [1.2333e-05],
          [1.0811e-05],
          [1.0474e-05],
          [1.1401e-05],
          [1.1268e-05],
          [1.2144e-05],
          [3.0264e-04],
          [7.5222e-04],
          [1.9894e-05],
          [1.5448e-05],
          [1.3374e-05],
          [1.4638e-05],
          [1.6191e-05],
          [1.9127e-05],
          [1.6881e-05],
          [1.9308e-05],
          [1.9202e-05],
          [1.3188e-05],
          [2.4543e-04],
          [1.7328e-04],
          [2.0141e-05],
          [3.1088e-04],
          [1.1313e-05],
          [2.0126e-04],
          [6.5700e-04],
          [2.3465e-05],
          [3.1380e-05],
          [3.4945e-05],
          [2.9567e-05],
          [3.7035e-05],
          [4.0200e-05],
          [5.0403e-05],
          [4.6327e-05],
          [6.5607e-05],
          [9.4386e-05],
          [1.2171e-04],
          [1.2667e-04],
          [9.5507e-05],
          [7.7577e-05],
          [1.1695e-04],
          [3.1089e-05],
          [2.7711e-05],
          [5.3236e-04],
          [1.8527e-04],
          [2.3466e-05],
          [5.9475e-04],
          [1.3103e-04],
          [3.9438e-05],
          [2.4195e-04],
          [1.3295e-05],
          [1.1603e-05],
          [1.1316e-05],
          [9.8078e-06],
          [9.8072e-06],
          [9.7917e-06],
          [2.3520e-05],
          [1.2353e-05],
          [1.3456e-05],
          [1.0287e-05],
          [2.8140e-04],
          [3.5598e-05],
          [1.3063e-04],
          [3.4713e-04],
          [1.2020e-05],
          [1.1256e-05],
          [1.1001e-05],
          [1.0693e-05],
          [1.0662e-05],
          [9.8844e-06],
          [3.5672e-04],
          [1.9107e-05],
          [2.9110e-03],
          [1.5330e-05],
          [1.2278e-05],
          [1.5591e-05],
          [1.6653e-05],
          [1.5450e-05],
          [1.7294e-05],
          [1.6233e-05],
          [1.9233e-05],
          [1.8587e-05],
          [2.4352e-05],
          [2.6790e-05],
          [3.4629e-05],
          [3.1121e-04],
          [1.3462e-03],
          [2.3819e-05],
          [2.2315e-05],
          [1.6995e-05],
          [1.2098e-05],
          [1.1492e-05],
          [1.7220e-05],
          [2.1524e-05],
          [1.8988e-05],
          [1.4501e-05],
          [1.3806e-05],
          [1.2793e-05],
          [1.0038e-05],
          [1.0733e-05],
          [1.2986e-05],
          [1.4861e-05],
          [1.3310e-05],
          [1.4466e-05],
          [1.3731e-05],
          [1.5924e-05],
          [1.3742e-05],
          [1.2439e-05],
          [1.5835e-05],
          [1.7331e-05],
          [1.9056e-05],
          [1.6767e-05],
          [2.3919e-05],
          [2.6926e-05],
          [2.5017e-05],
          [2.3483e-05],
          [2.5133e-05],
          [2.7554e-05],
          [3.0637e-05],
          [2.3085e-05],
          [2.1879e-05],
          [2.1966e-05],
          [2.1402e-05],
          [1.8239e-05],
          [1.6020e-05],
          [1.4815e-05],
          [1.3616e-05],
          [1.6994e-05],
          [1.5768e-05],
          [2.5499e-04],
          [5.2378e-05],
          [7.6840e-03],
          [1.9963e-05],
          [2.0841e-05],
          [1.6580e-05],
          [1.8126e-05],
          [1.7772e-05],
          [1.4866e-05],
          [1.2502e-05],
          [1.1803e-05],
          [1.1884e-05],
          [1.2084e-05],
          [1.3346e-05],
          [1.3145e-05],
          [1.5552e-05],
          [1.5072e-05],
          [2.6512e-04],
          [8.0818e-05],
          [3.0787e-03],
          [1.1100e-05],
          [1.0304e-05],
          [8.9581e-06],
          [1.1718e-05],
          [4.1294e-04],
          [1.7346e-03],
          [1.1828e-05],
          [1.2359e-05],
          [1.5167e-05],
          [1.9509e-05],
          [2.3940e-05],
          [3.0518e-05],
          [4.7035e-05],
          [4.1430e-05],
          [3.6396e-05],
          [2.9254e-05],
          [2.1686e-05],
          [1.3026e-05],
          [1.2406e-05],
          [9.8167e-06],
          [1.2046e-05],
          [1.1726e-05],
          [1.1360e-05],
          [1.7154e-05],
          [3.1617e-05],
          [3.5699e-05],
          [3.1460e-05],
          [2.2590e-05],
          [2.5689e-05],
          [2.6250e-05],
          [2.8953e-05],
          [2.0309e-05],
          [2.1064e-04],
          [6.9973e-04],
          [2.2031e-05],
          [1.9534e-05],
          [1.6667e-05],
          [1.4044e-05],
          [1.7020e-05],
          [1.8706e-05],
          [1.8321e-05],
          [1.1254e-04],
          [1.7151e-04],
          [2.7517e-04],
          [1.5323e-03],
          [1.6623e-05],
          [1.5731e-05],
          [1.7028e-05],
          [1.5079e-05],
          [1.3687e-05],
          [2.9931e-04],
          [1.7393e-04],
          [1.5151e-05],
          [6.6151e-05],
          [4.2518e-04],
          [1.8672e-05],
          [1.8162e-04],
          [1.7902e-05],
          [3.3186e-04],
          [2.0624e-05],
          [1.4696e-05],
          [1.1026e-05],
          [1.1349e-05],
          [1.1521e-05],
          [4.3275e-05],
          [1.1721e-05]]]])
