# Using CPU
# Loading Embeddings...
# Making Predictions...
torch.Size([1, 1, 442, 256])
tensor([[[[1.4694e-04],
          [3.1096e-05],
          [9.3239e-05],
          [1.9803e-05],
          [9.0661e-06],
          [3.1527e-04],
          [1.3906e-04],
          [1.5795e-05],
          [1.8708e-04],
          [1.9661e-04],
          [2.1073e-05],
          [2.0028e-05],
          [4.7859e-04],
          [1.8198e-04],
          [3.3609e-05],
          [1.1784e-05],
          [1.0283e-05],
          [1.0056e-05],
          [1.1597e-05],
          [1.5804e-05],
          [5.7113e-04],
          [2.5136e-05],
          [1.7079e-04],
          [1.6257e-05],
          [2.2201e-05],
          [2.8573e-05],
          [4.1043e-05],
          [6.9340e-05],
          [9.2826e-05],
          [1.3249e-04],
          [1.2129e-04],
          [1.4083e-04],
          [1.4899e-04],
          [1.4229e-04],
          [1.1335e-04],
          [8.9209e-05],
          [2.1566e-03],
          [6.5069e-05],
          [1.9280e-04],
          [1.8079e-04],
          [1.6652e-04],
          [2.9255e-05],
          [2.6599e-05],
          [2.7511e-05],
          [1.9944e-05],
          [1.7729e-05],
          [1.4757e-05],
          [1.4256e-05],
          [1.2474e-05],
          [1.8577e-04],
          [1.5512e-04],
          [1.3141e-05],
          [1.2478e-05],
          [4.1976e-04],
          [1.7201e-04],
          [1.7839e-05],
          [1.8517e-05],
          [1.7902e-05],
          [2.2329e-05],
          [2.6527e-05],
          [2.7131e-05],
          [2.6000e-05],
          [5.3101e-04],
          [2.4665e-04],
          [2.1187e-05],
          [2.1890e-05],
          [1.8567e-05],
          [1.6940e-05],
          [1.7547e-05],
          [1.5868e-05],
          [1.6320e-05],
          [3.1237e-04],
          [3.4937e-05],
          [2.7788e-05],
          [1.7856e-05],
          [2.2264e-05],
          [3.2335e-04],
          [1.5857e-05],
          [1.5422e-05],
          [1.2802e-05],
          [2.0066e-04],
          [1.2748e-04],
          [1.4114e-05],
          [1.4808e-05],
          [1.6895e-05],
          [2.0112e-05],
          [2.1636e-05],
          [2.4545e-05],
          [2.0185e-05],
          [1.7765e-05],
          [3.9437e-04],
          [9.8960e-05],
          [1.9149e-04],
          [1.2119e-05],
          [1.0156e-05],
          [1.2868e-05],
          [1.4034e-05],
          [1.9584e-05],
          [1.7674e-05],
          [1.8905e-05],
          [2.0791e-05],
          [1.4596e-05],
          [1.2346e-05],
          [1.1887e-05],
          [1.4756e-05],
          [2.3344e-05],
          [2.7114e-05],
          [3.3352e-05],
          [3.5096e-05],
          [3.6241e-05],
          [2.9918e-05],
          [7.1662e-05],
          [1.7624e-04],
          [1.9530e-05],
          [2.0261e-04],
          [1.9273e-05],
          [1.7452e-05],
          [1.4382e-05],
          [1.8731e-05],
          [1.9854e-05],
          [1.9661e-05],
          [1.5382e-05],
          [2.1908e-05],
          [1.3919e-05],
          [1.7778e-05],
          [1.5859e-05],
          [1.9723e-05],
          [1.9466e-05],
          [2.3620e-05],
          [2.7499e-05],
          [2.7060e-05],
          [3.3660e-04],
          [2.8002e-04],
          [3.0489e-05],
          [3.4345e-05],
          [3.4808e-05],
          [2.7286e-05],
          [2.8255e-05],
          [2.1708e-05],
          [2.3352e-05],
          [1.8506e-05],
          [1.7545e-05],
          [1.2468e-05],
          [1.5008e-05],
          [1.8139e-05],
          [2.5741e-05],
          [2.7904e-05],
          [3.9700e-05],
          [5.2560e-05],
          [7.7567e-05],
          [8.0373e-05],
          [8.5201e-05],
          [8.0018e-05],
          [9.8636e-05],
          [8.5705e-05],
          [6.9209e-05],
          [3.2737e-04],
          [1.1692e-04],
          [1.7929e-04],
          [2.1462e-04],
          [1.7782e-05],
          [1.8655e-05],
          [1.7385e-05],
          [2.0180e-05],
          [2.1532e-05],
          [2.5258e-05],
          [2.5408e-05],
          [2.5676e-05],
          [2.6985e-05],
          [2.7436e-05],
          [2.5377e-05],
          [2.8422e-04],
          [1.3273e-04],
          [3.6841e-05],
          [4.6231e-05],
          [5.1270e-05],
          [5.2285e-05],
          [4.6814e-05],
          [3.7779e-04],
          [7.2636e-05],
          [2.8339e-04],
          [1.9878e-05],
          [1.5981e-05],
          [2.2081e-04],
          [1.5121e-05],
          [1.7247e-04],
          [1.2443e-05],
          [1.2392e-05],
          [1.1426e-05],
          [3.3854e-04],
          [3.5105e-05],
          [3.7490e-04],
          [2.3628e-05],
          [3.0552e-05],
          [3.2873e-05],
          [3.3162e-05],
          [3.7469e-05],
          [2.9532e-05],
          [3.8102e-04],
          [1.6032e-04],
          [2.6398e-05],
          [2.1784e-05],
          [2.0670e-05],
          [1.6210e-05],
          [1.4231e-05],
          [1.3438e-05],
          [1.9478e-05],
          [3.4064e-04],
          [1.0496e-04],
          [1.4139e-05],
          [1.4048e-05],
          [1.5538e-05],
          [1.6174e-05],
          [2.3151e-04],
          [5.2886e-05],
          [2.3555e-05],
          [2.6540e-04],
          [1.6453e-05],
          [1.4021e-05],
          [1.7959e-05],
          [1.4262e-05],
          [1.5294e-05],
          [1.4902e-05],
          [1.3926e-05],
          [1.4643e-05],
          [2.8209e-05],
          [1.4421e-05],
          [1.2059e-05],
          [1.1562e-05],
          [1.2695e-05],
          [1.2498e-05],
          [1.2483e-05],
          [1.3070e-05],
          [1.3896e-05],
          [2.4024e-04],
          [9.1288e-05],
          [1.4927e-05],
          [1.7705e-05],
          [1.3166e-05],
          [1.5450e-05],
          [2.0099e-05],
          [2.0437e-05],
          [1.6739e-05],
          [3.0775e-05],
          [2.4143e-05],
          [1.2953e-05],
          [1.4927e-04],
          [3.4970e-04],
          [1.9437e-05],
          [1.6373e-04],
          [1.1771e-05],
          [1.5044e-04],
          [9.3396e-05],
          [2.2411e-05],
          [2.4078e-05],
          [2.9967e-05],
          [2.8575e-05],
          [3.3759e-05],
          [3.7112e-05],
          [5.5611e-05],
          [5.8046e-05],
          [8.7151e-05],
          [1.0138e-04],
          [1.4798e-04],
          [1.4771e-04],
          [1.6209e-04],
          [9.8941e-05],
          [7.3357e-04],
          [5.9733e-05],
          [4.5793e-05],
          [1.8281e-04],
          [9.4715e-05],
          [3.5209e-05],
          [8.3595e-05],
          [1.8634e-04],
          [3.9599e-05],
          [2.6154e-04],
          [1.8126e-05],
          [1.4074e-05],
          [1.4129e-05],
          [1.0074e-05],
          [9.6848e-06],
          [9.5661e-06],
          [1.9255e-05],
          [1.1470e-05],
          [1.3254e-05],
          [1.0191e-05],
          [2.9286e-04],
          [2.4370e-05],
          [8.0426e-05],
          [4.7588e-05],
          [1.2790e-05],
          [1.2745e-05],
          [1.2242e-05],
          [1.1522e-05],
          [1.1059e-05],
          [9.5388e-06],
          [3.8431e-04],
          [1.9269e-05],
          [2.0577e-04],
          [1.1899e-05],
          [1.3150e-05],
          [1.4679e-05],
          [1.5345e-05],
          [1.5690e-05],
          [1.4899e-05],
          [1.4452e-05],
          [1.5242e-05],
          [1.5535e-05],
          [2.1127e-05],
          [2.4534e-05],
          [3.1584e-05],
          [4.3803e-04],
          [1.2633e-04],
          [2.2302e-05],
          [1.8321e-05],
          [1.3743e-05],
          [1.2855e-05],
          [1.2970e-05],
          [1.7740e-05],
          [2.0170e-05],
          [1.6704e-05],
          [1.4367e-05],
          [1.4806e-05],
          [1.4515e-05],
          [1.2623e-05],
          [1.1537e-05],
          [1.1672e-05],
          [1.2436e-05],
          [1.1526e-05],
          [1.1890e-05],
          [1.3007e-05],
          [1.4846e-05],
          [1.3855e-05],
          [1.3920e-05],
          [1.6346e-05],
          [1.7851e-05],
          [2.0682e-05],
          [1.7833e-05],
          [2.5681e-05],
          [2.5963e-05],
          [2.7189e-05],
          [2.1363e-05],
          [3.2484e-05],
          [2.7002e-05],
          [2.5703e-05],
          [1.7828e-05],
          [2.7752e-05],
          [3.3559e-05],
          [2.0671e-05],
          [1.8803e-05],
          [1.4672e-05],
          [1.8371e-05],
          [1.8328e-05],
          [1.8081e-05],
          [1.6989e-05],
          [1.9915e-04],
          [3.7043e-05],
          [5.2241e-04],
          [1.7831e-05],
          [1.9365e-05],
          [1.5649e-05],
          [1.6715e-05],
          [1.5284e-05],
          [1.4715e-05],
          [1.4123e-05],
          [1.2868e-05],
          [1.1361e-05],
          [1.1012e-05],
          [1.1094e-05],
          [1.1693e-05],
          [1.4211e-05],
          [1.4861e-05],
          [1.6002e-04],
          [7.6195e-05],
          [3.4346e-04],
          [1.4076e-05],
          [1.1673e-05],
          [1.0572e-05],
          [1.4030e-05],
          [4.6737e-04],
          [2.0812e-04],
          [1.3423e-05],
          [1.4791e-05],
          [1.8651e-05],
          [2.5678e-05],
          [3.5334e-05],
          [4.1952e-05],
          [4.4997e-05],
          [3.6837e-05],
          [3.2501e-05],
          [2.3581e-05],
          [1.7691e-05],
          [1.5122e-05],
          [1.1084e-05],
          [1.1057e-05],
          [1.1041e-05],
          [1.2940e-05],
          [1.3948e-05],
          [6.0735e-05],
          [3.4527e-05],
          [3.9819e-05],
          [4.1494e-05],
          [2.6540e-05],
          [3.0473e-05],
          [2.5185e-05],
          [2.6078e-05],
          [2.1494e-05],
          [2.5589e-04],
          [1.3874e-04],
          [2.3669e-05],
          [2.2198e-05],
          [1.7994e-05],
          [1.4941e-05],
          [2.2239e-05],
          [2.2090e-05],
          [3.0397e-05],
          [9.9144e-05],
          [4.7790e-05],
          [2.8696e-04],
          [1.7225e-04],
          [2.7592e-05],
          [1.7770e-05],
          [1.5349e-05],
          [1.6938e-05],
          [1.7080e-05],
          [2.0863e-04],
          [1.2556e-04],
          [1.8482e-05],
          [7.7537e-05],
          [1.1253e-04],
          [2.3051e-05],
          [2.9524e-04],
          [2.6016e-05],
          [2.5556e-04],
          [2.0749e-05],
          [1.4967e-05],
          [1.2509e-05],
          [1.1801e-05],
          [1.6292e-05],
          [3.8279e-05],
          [7.4267e-06]]]])
