# Using CPU
# Loading Embeddings...
# Making Predictions...
torch.Size([1, 1, 442, 567])
tensor([[[[1.3971e-04],
          [3.3000e-05],
          [1.0032e-04],
          [2.0815e-05],
          [1.7704e-05],
          [1.2867e-04],
          [1.3306e-04],
          [2.2738e-05],
          [1.6843e-04],
          [1.3320e-04],
          [2.1610e-05],
          [1.4590e-05],
          [3.8209e-04],
          [3.1257e-04],
          [2.1906e-05],
          [1.9010e-05],
          [2.4264e-05],
          [3.5893e-05],
          [4.8820e-05],
          [5.5002e-05],
          [2.3552e-04],
          [3.3158e-05],
          [9.9878e-05],
          [2.4583e-05],
          [2.3666e-05],
          [2.2634e-05],
          [3.0436e-05],
          [4.3267e-05],
          [4.7277e-05],
          [5.2188e-05],
          [4.7985e-05],
          [5.3045e-05],
          [5.0139e-05],
          [4.8868e-05],
          [3.8878e-05],
          [3.2500e-05],
          [2.9163e-04],
          [1.9273e-05],
          [1.5214e-04],
          [4.3253e-05],
          [1.4020e-04],
          [1.0773e-05],
          [1.4108e-05],
          [1.4882e-05],
          [1.4316e-05],
          [1.3489e-05],
          [1.5476e-05],
          [1.5240e-05],
          [1.5896e-05],
          [1.9930e-04],
          [1.5350e-04],
          [1.9649e-05],
          [2.0429e-05],
          [1.3907e-04],
          [8.1148e-05],
          [3.9505e-05],
          [3.3567e-05],
          [3.0336e-05],
          [3.0721e-05],
          [3.1921e-05],
          [2.9604e-05],
          [2.5128e-05],
          [2.7706e-04],
          [2.1349e-04],
          [2.5459e-05],
          [2.9810e-05],
          [2.8872e-05],
          [2.9014e-05],
          [2.6436e-05],
          [2.5475e-05],
          [2.3002e-05],
          [2.2266e-04],
          [2.2987e-05],
          [2.7198e-05],
          [2.0746e-05],
          [2.5883e-05],
          [1.8759e-04],
          [3.0408e-05],
          [2.8897e-05],
          [2.2790e-05],
          [2.2614e-04],
          [2.0656e-04],
          [1.8563e-05],
          [1.9483e-05],
          [2.0419e-05],
          [1.9507e-05],
          [2.0819e-05],
          [2.1065e-05],
          [2.3871e-05],
          [2.3359e-05],
          [2.1449e-04],
          [5.0126e-05],
          [2.6284e-04],
          [2.0656e-05],
          [1.7864e-05],
          [1.9744e-05],
          [2.5511e-05],
          [5.1627e-05],
          [7.2502e-05],
          [8.3623e-05],
          [9.6253e-05],
          [6.7108e-05],
          [3.8911e-05],
          [3.0531e-05],
          [2.5743e-05],
          [2.5127e-05],
          [2.1285e-05],
          [2.4866e-05],
          [2.2957e-05],
          [2.7754e-05],
          [2.4427e-05],
          [4.1523e-05],
          [1.6141e-04],
          [2.1993e-05],
          [3.2747e-04],
          [1.7906e-05],
          [1.6217e-05],
          [1.1392e-05],
          [1.5974e-05],
          [2.0349e-05],
          [2.1091e-05],
          [2.0440e-05],
          [3.2029e-05],
          [2.8012e-05],
          [3.7967e-05],
          [3.4459e-05],
          [3.3930e-05],
          [3.4171e-05],
          [4.3895e-05],
          [4.5755e-05],
          [4.1649e-05],
          [3.3517e-04],
          [2.5408e-04],
          [7.8509e-05],
          [4.4915e-05],
          [3.9509e-05],
          [3.6020e-05],
          [4.0945e-05],
          [3.2530e-05],
          [3.1247e-05],
          [3.2089e-05],
          [3.2444e-05],
          [3.1083e-05],
          [2.7523e-05],
          [2.3506e-05],
          [2.5987e-05],
          [2.7548e-05],
          [2.7153e-05],
          [2.7299e-05],
          [3.3756e-05],
          [3.8867e-05],
          [5.6900e-05],
          [5.5809e-05],
          [7.6202e-05],
          [6.9146e-05],
          [7.0253e-05],
          [1.0353e-04],
          [1.2264e-04],
          [9.0174e-05],
          [1.3624e-04],
          [2.8022e-05],
          [2.8824e-05],
          [3.8244e-05],
          [4.0601e-05],
          [4.2558e-05],
          [4.1552e-05],
          [3.6793e-05],
          [3.5921e-05],
          [3.7361e-05],
          [3.1699e-05],
          [2.8919e-05],
          [1.7866e-04],
          [1.4872e-04],
          [3.0030e-05],
          [3.3291e-05],
          [2.6195e-05],
          [3.3875e-05],
          [3.1455e-05],
          [1.7726e-04],
          [3.4927e-05],
          [4.0221e-04],
          [2.1337e-05],
          [1.8253e-05],
          [1.7472e-04],
          [2.0017e-05],
          [2.8936e-04],
          [2.9056e-05],
          [3.4456e-05],
          [2.9299e-05],
          [1.6490e-04],
          [3.3218e-05],
          [8.6994e-05],
          [2.8388e-05],
          [2.7007e-05],
          [2.8845e-05],
          [3.0895e-05],
          [3.3231e-05],
          [2.6180e-05],
          [2.5302e-04],
          [1.5068e-04],
          [2.3892e-05],
          [2.0157e-05],
          [2.1578e-05],
          [2.0859e-05],
          [2.6799e-05],
          [2.7115e-05],
          [2.6183e-05],
          [1.5131e-04],
          [9.1184e-05],
          [3.1156e-05],
          [3.0379e-05],
          [2.7493e-05],
          [2.3614e-05],
          [2.5315e-04],
          [4.2850e-05],
          [2.0362e-05],
          [2.5415e-04],
          [1.8383e-05],
          [2.2600e-05],
          [1.9781e-05],
          [3.5318e-05],
          [3.3388e-05],
          [3.4230e-05],
          [3.2936e-05],
          [2.8353e-05],
          [3.5706e-05],
          [2.6499e-05],
          [2.4552e-05],
          [2.3914e-05],
          [2.4847e-05],
          [2.3593e-05],
          [3.4084e-05],
          [2.5712e-05],
          [2.8681e-05],
          [1.8378e-04],
          [1.0793e-04],
          [2.4188e-05],
          [2.3806e-05],
          [2.7091e-05],
          [3.1007e-05],
          [3.5655e-05],
          [5.6075e-05],
          [3.5819e-05],
          [4.8354e-05],
          [4.0664e-05],
          [1.9934e-05],
          [6.8344e-05],
          [2.0407e-04],
          [2.2397e-05],
          [3.2044e-04],
          [1.5678e-05],
          [1.2343e-04],
          [1.6360e-04],
          [1.5019e-05],
          [1.7079e-05],
          [1.8886e-05],
          [2.0013e-05],
          [2.2470e-05],
          [2.4557e-05],
          [3.2415e-05],
          [3.1451e-05],
          [4.5683e-05],
          [4.9551e-05],
          [8.1017e-05],
          [7.7376e-05],
          [7.9384e-05],
          [5.2923e-05],
          [1.9492e-04],
          [3.0248e-05],
          [3.4399e-05],
          [3.6150e-04],
          [7.0104e-05],
          [2.9442e-05],
          [1.5205e-04],
          [1.1927e-04],
          [4.3439e-05],
          [3.3060e-04],
          [1.2013e-05],
          [1.2081e-05],
          [1.4790e-05],
          [1.6936e-05],
          [2.0313e-05],
          [2.0390e-05],
          [2.9644e-05],
          [2.5285e-05],
          [4.6574e-05],
          [3.0472e-05],
          [2.9628e-04],
          [1.9181e-05],
          [1.1048e-04],
          [3.9607e-05],
          [1.3751e-05],
          [1.5563e-05],
          [1.5474e-05],
          [1.6625e-05],
          [1.5851e-05],
          [1.8029e-05],
          [1.4952e-04],
          [2.3466e-05],
          [2.1140e-04],
          [2.1354e-05],
          [1.9587e-05],
          [1.9477e-05],
          [2.1795e-05],
          [2.2136e-05],
          [2.2687e-05],
          [2.2307e-05],
          [2.9588e-05],
          [2.6769e-05],
          [2.4646e-05],
          [2.5578e-05],
          [3.0075e-05],
          [1.4872e-04],
          [1.5366e-04],
          [1.8052e-05],
          [1.8966e-05],
          [5.9849e-05],
          [1.6935e-05],
          [1.9520e-05],
          [2.6812e-05],
          [2.7356e-05],
          [2.6716e-05],
          [5.1774e-05],
          [2.9026e-05],
          [2.3631e-05],
          [1.7758e-05],
          [1.5225e-05],
          [4.3225e-05],
          [2.8919e-05],
          [3.4796e-05],
          [1.9509e-05],
          [2.3349e-05],
          [3.3312e-05],
          [3.3467e-05],
          [3.7349e-05],
          [4.5889e-05],
          [4.4160e-05],
          [5.4585e-05],
          [4.7659e-05],
          [5.5973e-05],
          [5.9072e-05],
          [5.1281e-05],
          [5.5338e-05],
          [5.6432e-05],
          [6.5390e-05],
          [6.0012e-05],
          [5.2648e-05],
          [5.0186e-05],
          [4.7858e-05],
          [4.4370e-05],
          [4.3466e-05],
          [3.3236e-05],
          [4.2593e-05],
          [4.0934e-05],
          [4.0791e-05],
          [4.6029e-05],
          [7.4411e-05],
          [4.3972e-05],
          [6.9629e-05],
          [3.8537e-05],
          [4.6440e-05],
          [4.4076e-05],
          [4.3046e-05],
          [4.6530e-05],
          [3.6554e-05],
          [3.0820e-05],
          [2.4363e-05],
          [2.0054e-05],
          [1.7703e-05],
          [1.9002e-05],
          [1.6650e-05],
          [2.1359e-05],
          [2.2776e-05],
          [7.4978e-05],
          [6.3703e-05],
          [2.6871e-04],
          [2.5028e-05],
          [2.8211e-05],
          [2.6203e-05],
          [2.1271e-05],
          [1.6249e-04],
          [1.5663e-04],
          [2.0887e-05],
          [2.3143e-05],
          [2.1257e-05],
          [2.3966e-05],
          [1.8771e-05],
          [3.1680e-05],
          [2.8849e-05],
          [2.8784e-05],
          [2.4040e-05],
          [2.3472e-05],
          [2.1700e-05],
          [1.8754e-05],
          [1.7427e-05],
          [1.8041e-05],
          [1.9255e-05],
          [3.0387e-05],
          [2.8766e-05],
          [6.1188e-05],
          [7.4087e-05],
          [9.7517e-05],
          [8.5139e-05],
          [6.7636e-05],
          [5.2996e-05],
          [3.5904e-05],
          [2.4772e-05],
          [1.7045e-05],
          [1.2831e-04],
          [1.2281e-04],
          [2.8676e-05],
          [3.2115e-05],
          [3.7641e-05],
          [4.3934e-05],
          [6.9071e-05],
          [6.6836e-05],
          [6.2899e-05],
          [6.3085e-05],
          [5.8089e-05],
          [9.9704e-05],
          [1.1443e-04],
          [5.8814e-05],
          [5.1719e-05],
          [6.2129e-05],
          [4.7330e-05],
          [3.6272e-05],
          [2.3963e-04],
          [1.4766e-04],
          [1.5486e-05],
          [6.9028e-05],
          [1.2290e-04],
          [1.7301e-05],
          [3.1773e-04],
          [2.0303e-05],
          [3.5635e-04],
          [1.8761e-05],
          [1.5718e-05],
          [1.6081e-05],
          [2.0733e-05],
          [2.2977e-05],
          [1.5113e-05],
          [4.7466e-06]]]])
