# Using CPU
# Loading Embeddings...
# Making Predictions...
torch.Size([1, 1, 442, 262])
tensor([[[[1.1467e-04],
          [6.8152e-05],
          [2.5473e-04],
          [2.8217e-05],
          [1.0917e-05],
          [2.9288e-04],
          [3.6622e-04],
          [1.6232e-05],
          [2.1889e-04],
          [3.6906e-04],
          [1.8919e-05],
          [1.8598e-05],
          [3.9075e-04],
          [3.2098e-04],
          [1.2854e-05],
          [1.1312e-05],
          [1.2061e-05],
          [1.3172e-05],
          [1.7027e-05],
          [1.8072e-05],
          [5.8432e-04],
          [3.6298e-05],
          [3.8460e-04],
          [1.4414e-05],
          [2.0190e-05],
          [2.7571e-05],
          [4.1878e-05],
          [7.6502e-05],
          [8.4068e-05],
          [1.0610e-04],
          [1.0798e-04],
          [1.2049e-04],
          [1.1105e-04],
          [1.2343e-04],
          [9.5142e-05],
          [8.3919e-05],
          [3.8965e-04],
          [5.2338e-05],
          [1.8269e-04],
          [8.1842e-05],
          [2.7428e-04],
          [2.9411e-05],
          [2.8604e-05],
          [3.0036e-05],
          [1.9586e-05],
          [1.9830e-05],
          [1.4836e-05],
          [1.7088e-05],
          [1.9374e-05],
          [3.0853e-04],
          [2.9859e-04],
          [1.2957e-05],
          [1.2388e-05],
          [5.3401e-04],
          [2.2513e-04],
          [1.2647e-05],
          [1.3741e-05],
          [1.4151e-05],
          [1.8945e-05],
          [2.2353e-05],
          [2.2829e-05],
          [1.7631e-05],
          [2.3761e-04],
          [2.7355e-04],
          [1.4661e-05],
          [1.5861e-05],
          [1.8380e-05],
          [2.1057e-05],
          [2.0215e-05],
          [1.6608e-05],
          [1.4278e-05],
          [2.4072e-04],
          [2.4695e-05],
          [4.8452e-05],
          [1.3277e-05],
          [2.2725e-05],
          [7.2865e-04],
          [1.4736e-05],
          [1.4939e-05],
          [1.6975e-05],
          [2.4375e-04],
          [3.7744e-04],
          [1.4210e-05],
          [1.5681e-05],
          [1.7671e-05],
          [2.1462e-05],
          [2.2651e-05],
          [2.5225e-05],
          [2.0051e-05],
          [1.6717e-05],
          [4.0941e-04],
          [6.2807e-05],
          [6.1134e-04],
          [1.5954e-05],
          [1.3909e-05],
          [1.8256e-05],
          [1.9510e-05],
          [2.4984e-05],
          [2.7285e-05],
          [2.7224e-05],
          [2.6792e-05],
          [2.0561e-05],
          [1.3020e-05],
          [1.1953e-05],
          [1.3537e-05],
          [1.8877e-05],
          [2.0713e-05],
          [2.5827e-05],
          [2.3944e-05],
          [2.6901e-05],
          [2.2852e-05],
          [1.1287e-04],
          [1.2545e-04],
          [1.7030e-05],
          [4.8511e-04],
          [1.6867e-05],
          [1.2980e-05],
          [1.0689e-05],
          [1.2887e-05],
          [1.4100e-05],
          [1.4732e-05],
          [1.1406e-05],
          [1.3016e-05],
          [1.1687e-05],
          [1.3266e-05],
          [1.3856e-05],
          [1.4993e-05],
          [1.3884e-05],
          [1.6086e-05],
          [1.6584e-05],
          [5.8267e-05],
          [1.4661e-03],
          [2.5456e-03],
          [9.5598e-05],
          [3.7939e-05],
          [2.5419e-05],
          [1.6962e-05],
          [1.8461e-05],
          [1.5137e-05],
          [1.6252e-05],
          [1.2229e-05],
          [1.2396e-05],
          [1.0156e-05],
          [1.1720e-05],
          [1.5221e-05],
          [1.8629e-05],
          [2.0552e-05],
          [2.9778e-05],
          [3.3153e-05],
          [5.6884e-05],
          [5.8434e-05],
          [5.2278e-05],
          [5.7616e-05],
          [6.7508e-05],
          [6.6366e-05],
          [5.1084e-05],
          [3.1523e-04],
          [1.6784e-04],
          [2.5753e-04],
          [3.6099e-04],
          [2.0739e-05],
          [1.5754e-05],
          [2.4945e-05],
          [3.3054e-05],
          [1.9599e-05],
          [1.9703e-05],
          [2.1945e-05],
          [2.1001e-05],
          [2.5526e-05],
          [2.1948e-05],
          [1.7303e-05],
          [2.9575e-04],
          [2.6599e-04],
          [2.0843e-05],
          [2.2204e-05],
          [2.2524e-05],
          [2.6104e-05],
          [2.4467e-05],
          [1.6455e-04],
          [3.3018e-05],
          [5.0194e-04],
          [1.8018e-05],
          [2.0654e-05],
          [1.6166e-04],
          [1.9410e-05],
          [5.2226e-04],
          [2.0530e-05],
          [2.7778e-05],
          [2.3681e-05],
          [4.5938e-04],
          [3.1761e-05],
          [5.2993e-04],
          [1.8185e-05],
          [2.3424e-05],
          [2.4454e-05],
          [2.5012e-05],
          [2.1703e-05],
          [1.8148e-05],
          [1.7235e-04],
          [2.9730e-04],
          [1.6216e-05],
          [1.5851e-05],
          [1.6623e-05],
          [1.7521e-05],
          [2.1897e-05],
          [2.6586e-05],
          [3.0413e-05],
          [4.8596e-04],
          [2.7335e-04],
          [2.5243e-05],
          [2.0253e-05],
          [2.0446e-05],
          [1.3735e-05],
          [2.5715e-04],
          [3.2759e-05],
          [2.1561e-05],
          [6.3000e-04],
          [1.6531e-05],
          [1.6103e-05],
          [1.3388e-05],
          [1.3599e-05],
          [1.3502e-05],
          [1.6912e-05],
          [1.6576e-05],
          [1.4523e-05],
          [2.9923e-05],
          [1.4742e-05],
          [1.5131e-05],
          [1.3042e-05],
          [1.1722e-05],
          [1.1232e-05],
          [1.2583e-05],
          [1.3067e-05],
          [1.4234e-05],
          [4.8536e-04],
          [2.2200e-04],
          [1.6172e-05],
          [1.3703e-05],
          [1.5318e-05],
          [2.5332e-05],
          [2.3162e-05],
          [3.1818e-05],
          [3.1902e-05],
          [4.0894e-05],
          [3.1971e-05],
          [1.5934e-05],
          [2.7705e-04],
          [1.4760e-04],
          [2.4141e-05],
          [4.2414e-04],
          [1.3334e-05],
          [2.2666e-04],
          [2.5735e-04],
          [2.6157e-05],
          [3.4271e-05],
          [3.2538e-05],
          [2.8975e-05],
          [3.3586e-05],
          [3.3613e-05],
          [4.3754e-05],
          [3.4891e-05],
          [4.1993e-05],
          [4.5141e-05],
          [6.3946e-05],
          [4.9058e-05],
          [5.0569e-05],
          [3.5287e-05],
          [1.9700e-04],
          [2.0764e-05],
          [2.1228e-05],
          [2.8666e-04],
          [1.8284e-04],
          [3.5899e-05],
          [1.4981e-04],
          [1.3814e-04],
          [3.0462e-05],
          [3.8796e-04],
          [1.6805e-05],
          [1.3060e-05],
          [1.0157e-05],
          [9.6205e-06],
          [1.0283e-05],
          [1.1235e-05],
          [2.5214e-05],
          [1.5885e-05],
          [2.1644e-05],
          [2.1559e-05],
          [8.5930e-04],
          [3.3730e-05],
          [1.0649e-04],
          [1.1749e-04],
          [1.4093e-05],
          [9.9702e-06],
          [1.1611e-05],
          [1.0921e-05],
          [1.2203e-05],
          [1.7189e-05],
          [5.4969e-04],
          [2.5458e-05],
          [5.2716e-04],
          [1.5771e-05],
          [1.2190e-05],
          [1.5598e-05],
          [1.5865e-05],
          [1.6730e-05],
          [1.5320e-05],
          [1.6070e-05],
          [2.0047e-05],
          [1.8982e-05],
          [2.4623e-05],
          [2.6435e-05],
          [3.1541e-05],
          [3.2434e-04],
          [2.4881e-04],
          [2.5438e-05],
          [2.1286e-05],
          [3.5288e-05],
          [1.2905e-05],
          [1.5204e-05],
          [2.3113e-05],
          [2.2527e-05],
          [1.9777e-05],
          [2.3271e-05],
          [1.8479e-05],
          [2.4837e-05],
          [1.7449e-05],
          [1.4039e-05],
          [1.5485e-05],
          [1.5785e-05],
          [2.1915e-05],
          [1.9937e-05],
          [2.0834e-05],
          [1.9732e-05],
          [2.3488e-05],
          [1.7401e-05],
          [2.1619e-05],
          [2.5155e-05],
          [2.5312e-05],
          [2.4305e-05],
          [3.3258e-05],
          [3.8544e-05],
          [3.4232e-05],
          [4.2599e-05],
          [4.3129e-05],
          [4.1060e-05],
          [3.7192e-05],
          [2.7628e-05],
          [2.8851e-05],
          [2.9758e-05],
          [3.0660e-05],
          [2.4094e-05],
          [2.4986e-05],
          [1.8978e-05],
          [1.6455e-05],
          [1.7906e-05],
          [1.9725e-05],
          [2.3231e-04],
          [3.9716e-05],
          [5.5620e-04],
          [2.1420e-05],
          [2.2571e-05],
          [2.4417e-05],
          [1.9300e-05],
          [1.9742e-05],
          [2.1669e-05],
          [1.9247e-05],
          [1.8444e-05],
          [1.8931e-05],
          [1.6124e-05],
          [2.5031e-05],
          [1.8508e-05],
          [2.2524e-05],
          [1.7893e-05],
          [2.6858e-04],
          [6.7270e-05],
          [6.0568e-04],
          [1.6899e-05],
          [1.1700e-05],
          [1.0365e-05],
          [1.3089e-05],
          [5.4337e-04],
          [3.6105e-04],
          [1.4659e-05],
          [1.5787e-05],
          [1.6430e-05],
          [2.4251e-05],
          [3.2522e-05],
          [3.7025e-05],
          [4.7352e-05],
          [4.2355e-05],
          [3.3924e-05],
          [2.8437e-05],
          [2.6954e-05],
          [2.2914e-05],
          [1.6683e-05],
          [1.5753e-05],
          [2.1427e-05],
          [1.7377e-05],
          [1.5693e-05],
          [2.4320e-05],
          [4.2206e-05],
          [5.6662e-05],
          [4.6259e-05],
          [3.0628e-05],
          [2.7592e-05],
          [2.7262e-05],
          [3.1043e-05],
          [2.0135e-05],
          [2.1697e-04],
          [2.2143e-04],
          [2.2157e-05],
          [2.1881e-05],
          [1.9780e-05],
          [1.7734e-05],
          [2.4120e-05],
          [2.8823e-05],
          [2.3489e-05],
          [1.1384e-04],
          [5.4444e-05],
          [2.5794e-04],
          [2.4329e-04],
          [1.9572e-05],
          [1.7755e-05],
          [1.8928e-05],
          [1.6476e-05],
          [1.4824e-05],
          [2.2015e-04],
          [1.2863e-04],
          [1.5212e-05],
          [6.1225e-05],
          [2.8660e-04],
          [1.7142e-05],
          [2.5178e-04],
          [1.4628e-05],
          [3.3466e-04],
          [2.1820e-05],
          [1.7774e-05],
          [1.3536e-05],
          [1.3765e-05],
          [1.5712e-05],
          [4.2034e-05],
          [6.8073e-06]]]])
