# Using CPU
# Loading Embeddings...
# Making Predictions...
torch.Size([1, 1, 442, 443])
tensor([[[[1.2368e-04],
          [8.5138e-05],
          [1.7074e-04],
          [2.2136e-04],
          [1.9207e-04],
          [5.0875e-04],
          [3.2459e-04],
          [8.9850e-05],
          [2.8074e-04],
          [2.5408e-04],
          [4.6081e-05],
          [2.7269e-05],
          [5.0906e-04],
          [4.3274e-04],
          [8.8367e-05],
          [1.2529e-04],
          [1.5354e-04],
          [2.7496e-04],
          [6.3468e-04],
          [7.8077e-04],
          [6.5918e-04],
          [5.1189e-04],
          [2.1925e-04],
          [8.8014e-05],
          [3.9589e-05],
          [4.6824e-05],
          [4.3426e-05],
          [4.6256e-05],
          [5.1242e-05],
          [4.9295e-05],
          [5.3549e-05],
          [6.1565e-05],
          [5.8698e-05],
          [7.3904e-05],
          [6.3403e-05],
          [8.3227e-05],
          [1.4868e-03],
          [1.2186e-04],
          [5.3987e-04],
          [2.2399e-04],
          [3.6545e-04],
          [3.3002e-05],
          [4.0509e-05],
          [4.1842e-05],
          [4.3431e-05],
          [4.3636e-05],
          [4.2290e-05],
          [5.4466e-05],
          [4.8631e-05],
          [6.3473e-04],
          [2.3940e-04],
          [3.5625e-05],
          [3.3468e-05],
          [3.7612e-04],
          [1.6221e-04],
          [3.7738e-05],
          [3.0184e-05],
          [2.9344e-05],
          [3.6301e-05],
          [3.9171e-05],
          [3.9987e-05],
          [4.1495e-05],
          [4.3722e-04],
          [5.1623e-04],
          [3.7248e-05],
          [4.1842e-05],
          [4.6145e-05],
          [5.6420e-05],
          [5.2064e-05],
          [4.7016e-05],
          [4.2671e-05],
          [6.8967e-04],
          [5.7777e-05],
          [4.5179e-05],
          [3.2971e-05],
          [3.8581e-05],
          [4.1173e-04],
          [5.6625e-05],
          [4.4515e-05],
          [4.7734e-05],
          [5.0915e-04],
          [2.5252e-04],
          [4.4630e-05],
          [3.5657e-05],
          [3.9507e-05],
          [3.5597e-05],
          [3.8408e-05],
          [3.8846e-05],
          [4.4493e-05],
          [8.0404e-05],
          [4.5974e-04],
          [1.2067e-04],
          [3.3111e-04],
          [2.3195e-04],
          [4.0782e-04],
          [4.8878e-04],
          [4.8230e-04],
          [7.9766e-04],
          [7.4011e-04],
          [1.1595e-03],
          [1.0145e-03],
          [7.3491e-04],
          [5.1499e-04],
          [1.8929e-04],
          [1.1430e-04],
          [4.5120e-05],
          [3.8791e-05],
          [3.8905e-05],
          [3.7547e-05],
          [3.7644e-05],
          [3.7706e-05],
          [1.0644e-04],
          [2.5471e-04],
          [4.8134e-05],
          [4.6761e-04],
          [5.7886e-05],
          [3.4603e-05],
          [3.9146e-05],
          [3.4878e-05],
          [4.7982e-05],
          [4.2576e-05],
          [4.0948e-05],
          [4.4934e-05],
          [4.3934e-05],
          [4.3274e-05],
          [7.3693e-05],
          [6.0334e-05],
          [5.0426e-05],
          [8.1228e-05],
          [9.7373e-05],
          [5.5957e-04],
          [2.1848e-03],
          [3.0078e-03],
          [7.8750e-04],
          [4.6236e-04],
          [2.1975e-04],
          [1.1801e-04],
          [6.2211e-05],
          [5.1184e-05],
          [5.3203e-05],
          [4.8154e-05],
          [4.0744e-05],
          [3.7788e-05],
          [4.3036e-05],
          [5.4744e-05],
          [5.5658e-05],
          [6.2910e-05],
          [7.5621e-05],
          [8.9712e-05],
          [1.0442e-04],
          [9.5696e-05],
          [7.7780e-05],
          [7.3830e-05],
          [9.0679e-05],
          [8.8189e-05],
          [9.4681e-05],
          [3.4918e-04],
          [1.9997e-04],
          [3.8194e-04],
          [3.3149e-04],
          [7.0532e-05],
          [9.9561e-05],
          [1.5759e-04],
          [2.0205e-04],
          [9.8482e-05],
          [1.3053e-04],
          [1.0253e-04],
          [7.6393e-05],
          [5.8638e-05],
          [6.1502e-05],
          [7.0377e-05],
          [8.6579e-04],
          [4.8290e-04],
          [7.3946e-05],
          [5.9012e-05],
          [5.3500e-05],
          [4.8431e-05],
          [5.6936e-05],
          [6.1583e-04],
          [1.5411e-04],
          [6.9078e-04],
          [3.7383e-05],
          [5.4204e-05],
          [6.5354e-04],
          [9.0886e-05],
          [4.3792e-04],
          [3.1531e-04],
          [3.7466e-04],
          [2.2684e-04],
          [5.8631e-04],
          [7.2806e-05],
          [1.6878e-04],
          [4.9696e-05],
          [4.3951e-05],
          [4.0667e-05],
          [3.7228e-05],
          [4.1665e-05],
          [4.1272e-05],
          [3.2681e-04],
          [3.5546e-04],
          [3.9983e-05],
          [5.0321e-05],
          [4.2483e-05],
          [4.7347e-05],
          [6.1171e-05],
          [6.5658e-05],
          [6.3139e-05],
          [4.5534e-04],
          [1.9701e-04],
          [4.0458e-05],
          [4.0345e-05],
          [3.7121e-05],
          [4.6657e-05],
          [5.8203e-04],
          [5.9055e-05],
          [4.0121e-05],
          [5.7413e-04],
          [5.8925e-05],
          [5.4024e-05],
          [4.7532e-05],
          [5.0348e-05],
          [6.5238e-05],
          [5.9832e-05],
          [7.8194e-05],
          [6.0103e-05],
          [5.5968e-05],
          [3.2652e-05],
          [5.5323e-05],
          [5.3729e-05],
          [6.8015e-05],
          [4.5616e-05],
          [5.4702e-05],
          [4.3309e-05],
          [4.0039e-05],
          [5.3350e-04],
          [2.1587e-04],
          [3.0902e-05],
          [2.4508e-05],
          [4.9147e-05],
          [4.6545e-05],
          [1.5249e-04],
          [1.7757e-04],
          [1.7300e-04],
          [2.3271e-04],
          [3.4225e-04],
          [1.5417e-04],
          [1.4001e-04],
          [1.6881e-04],
          [3.6338e-05],
          [3.1019e-04],
          [2.3643e-05],
          [3.0898e-04],
          [1.7447e-04],
          [2.9511e-05],
          [2.8403e-05],
          [3.0030e-05],
          [2.9673e-05],
          [2.9476e-05],
          [3.0263e-05],
          [3.6098e-05],
          [2.9301e-05],
          [3.7882e-05],
          [4.4718e-05],
          [5.2589e-05],
          [1.0426e-04],
          [6.7797e-05],
          [8.3938e-05],
          [6.9865e-04],
          [4.1837e-05],
          [3.9430e-05],
          [4.8137e-04],
          [1.3533e-04],
          [6.0209e-05],
          [1.9438e-04],
          [2.1497e-04],
          [7.3235e-05],
          [3.6070e-04],
          [2.5577e-05],
          [2.3951e-05],
          [2.8495e-05],
          [3.8601e-05],
          [4.5325e-05],
          [4.3564e-05],
          [8.1313e-05],
          [7.0733e-05],
          [1.0744e-04],
          [7.0137e-05],
          [6.2649e-04],
          [3.1719e-05],
          [1.0738e-04],
          [6.2482e-05],
          [2.1716e-05],
          [2.6267e-05],
          [2.1897e-05],
          [2.8302e-05],
          [5.5132e-05],
          [9.4406e-05],
          [5.6341e-04],
          [1.5460e-04],
          [2.8975e-04],
          [1.0108e-04],
          [1.2664e-04],
          [3.8643e-05],
          [6.1692e-05],
          [3.7628e-05],
          [3.9122e-05],
          [3.5285e-05],
          [4.0357e-05],
          [4.7537e-05],
          [3.5784e-05],
          [3.8598e-05],
          [4.0755e-05],
          [5.1909e-04],
          [2.7086e-04],
          [2.9474e-05],
          [2.8713e-05],
          [3.2219e-05],
          [2.6620e-05],
          [3.2861e-05],
          [7.9046e-05],
          [8.8075e-05],
          [9.7592e-05],
          [1.4375e-04],
          [9.2763e-05],
          [6.2769e-05],
          [3.2453e-05],
          [3.1291e-05],
          [2.5651e-05],
          [3.0043e-05],
          [2.4295e-05],
          [3.2622e-05],
          [3.1507e-05],
          [3.8611e-05],
          [3.7154e-05],
          [4.1778e-05],
          [4.7370e-05],
          [4.8375e-05],
          [4.8570e-05],
          [5.6642e-05],
          [8.3259e-05],
          [5.5948e-05],
          [4.8750e-05],
          [3.9509e-05],
          [3.1978e-05],
          [3.4840e-05],
          [3.6789e-05],
          [2.0832e-05],
          [3.6660e-05],
          [3.1611e-05],
          [2.4319e-05],
          [3.0975e-05],
          [3.2025e-05],
          [2.2634e-05],
          [2.7893e-05],
          [2.9162e-05],
          [3.8637e-05],
          [1.3991e-04],
          [4.5216e-05],
          [1.2740e-04],
          [4.3932e-05],
          [5.5501e-05],
          [5.5202e-05],
          [5.2437e-05],
          [5.0766e-05],
          [7.0565e-05],
          [5.4550e-05],
          [4.7408e-05],
          [4.6542e-05],
          [5.1712e-05],
          [4.0000e-05],
          [4.2399e-05],
          [4.3907e-05],
          [3.7759e-05],
          [1.7898e-04],
          [1.2496e-04],
          [3.4940e-04],
          [3.5492e-05],
          [2.5669e-05],
          [2.2087e-05],
          [4.5323e-05],
          [4.1974e-04],
          [1.8054e-04],
          [4.1630e-05],
          [4.1840e-05],
          [4.5085e-05],
          [5.1689e-05],
          [5.5279e-05],
          [6.9450e-05],
          [7.3358e-05],
          [6.8460e-05],
          [6.0849e-05],
          [6.0737e-05],
          [7.4290e-05],
          [4.4019e-05],
          [4.7966e-05],
          [4.1535e-05],
          [5.5152e-05],
          [5.6969e-05],
          [4.4693e-05],
          [1.2821e-04],
          [4.7572e-05],
          [8.0990e-05],
          [1.2906e-04],
          [6.8003e-05],
          [6.3126e-05],
          [4.0537e-05],
          [3.5200e-05],
          [2.6046e-05],
          [4.9637e-04],
          [3.0863e-04],
          [4.7060e-05],
          [4.6388e-05],
          [4.9461e-05],
          [3.8046e-05],
          [3.8711e-05],
          [3.8684e-05],
          [3.6022e-05],
          [4.5934e-05],
          [8.4632e-05],
          [1.9143e-04],
          [1.0728e-04],
          [3.0450e-05],
          [3.1035e-05],
          [4.6777e-05],
          [2.1251e-05],
          [1.8492e-05],
          [4.2843e-04],
          [5.0833e-04],
          [3.0291e-05],
          [1.2177e-04],
          [2.7974e-04],
          [2.2557e-05],
          [5.8834e-04],
          [4.1477e-05],
          [4.8805e-04],
          [2.7648e-05],
          [2.5614e-05],
          [2.6696e-05],
          [4.6353e-05],
          [3.6536e-05],
          [2.3517e-05],
          [9.4108e-06]]]])
