# Using CPU
# Loading Embeddings...
# Making Predictions...
torch.Size([1, 1, 442, 443])
tensor([[[[1.9141e-04],
          [6.0544e-05],
          [1.4438e-04],
          [1.2242e-04],
          [1.2393e-04],
          [3.9385e-04],
          [1.7706e-04],
          [5.6556e-05],
          [2.7232e-04],
          [1.8226e-04],
          [3.8199e-05],
          [3.1626e-05],
          [4.8509e-04],
          [5.2042e-04],
          [7.6270e-05],
          [1.1221e-04],
          [1.3393e-04],
          [2.5001e-04],
          [5.1514e-04],
          [6.2200e-04],
          [7.3242e-04],
          [3.3713e-04],
          [1.8297e-04],
          [5.6987e-05],
          [2.1989e-05],
          [2.9119e-05],
          [4.2567e-05],
          [6.8055e-05],
          [1.0316e-04],
          [1.3330e-04],
          [1.3386e-04],
          [1.4568e-04],
          [1.4552e-04],
          [1.4915e-04],
          [1.2670e-04],
          [8.8631e-05],
          [1.1714e-03],
          [6.8457e-05],
          [3.4802e-04],
          [1.7159e-04],
          [2.4588e-04],
          [2.4666e-05],
          [2.3542e-05],
          [2.2514e-05],
          [2.4567e-05],
          [2.2549e-05],
          [2.5552e-05],
          [2.6297e-05],
          [2.8277e-05],
          [3.6919e-04],
          [1.7104e-04],
          [2.5524e-05],
          [2.1922e-05],
          [2.6448e-04],
          [9.8747e-05],
          [2.9070e-05],
          [2.5261e-05],
          [2.2851e-05],
          [2.5477e-05],
          [2.5295e-05],
          [2.2900e-05],
          [2.5846e-05],
          [4.9548e-04],
          [3.6423e-04],
          [2.6640e-05],
          [2.6135e-05],
          [2.6148e-05],
          [2.6058e-05],
          [2.8826e-05],
          [2.5125e-05],
          [2.5465e-05],
          [2.9764e-04],
          [2.7808e-05],
          [3.0107e-05],
          [2.3879e-05],
          [3.3879e-05],
          [2.0414e-04],
          [3.3019e-05],
          [3.1724e-05],
          [3.4828e-05],
          [4.1989e-04],
          [2.1662e-04],
          [4.1557e-05],
          [2.6437e-05],
          [2.5849e-05],
          [2.8448e-05],
          [3.0284e-05],
          [2.8419e-05],
          [3.2619e-05],
          [5.9706e-05],
          [3.6610e-04],
          [9.2136e-05],
          [2.1638e-04],
          [2.2427e-04],
          [3.9667e-04],
          [4.5634e-04],
          [5.0526e-04],
          [7.3926e-04],
          [7.0925e-04],
          [1.0668e-03],
          [8.7162e-04],
          [6.2328e-04],
          [3.6550e-04],
          [1.4995e-04],
          [9.1774e-05],
          [3.3418e-05],
          [3.2117e-05],
          [3.1910e-05],
          [3.3247e-05],
          [3.3927e-05],
          [2.6534e-05],
          [1.1248e-04],
          [1.9618e-04],
          [3.4738e-05],
          [3.6312e-04],
          [3.1530e-05],
          [2.5523e-05],
          [2.8247e-05],
          [2.5798e-05],
          [3.6271e-05],
          [3.0889e-05],
          [4.5159e-05],
          [3.0345e-05],
          [2.8680e-05],
          [2.6855e-05],
          [3.9723e-05],
          [4.4714e-05],
          [3.2646e-05],
          [5.8528e-05],
          [3.5939e-04],
          [1.7498e-02],
          [4.2005e-02],
          [1.5050e-01],
          [3.9061e-02],
          [7.3098e-03],
          [2.1383e-03],
          [5.5177e-04],
          [6.1716e-05],
          [3.4044e-05],
          [3.7133e-05],
          [3.0934e-05],
          [2.9263e-05],
          [2.4997e-05],
          [2.7911e-05],
          [3.1987e-05],
          [3.3616e-05],
          [3.6984e-05],
          [4.3119e-05],
          [4.5940e-05],
          [5.7277e-05],
          [5.9733e-05],
          [6.9361e-05],
          [6.2806e-05],
          [7.1487e-05],
          [7.5712e-05],
          [8.5835e-05],
          [4.8205e-04],
          [1.7235e-04],
          [2.1954e-04],
          [1.9081e-04],
          [5.2753e-05],
          [3.4929e-04],
          [8.3744e-04],
          [1.0201e-03],
          [1.6731e-04],
          [1.7685e-04],
          [1.5542e-04],
          [4.9262e-05],
          [4.2179e-05],
          [3.8291e-05],
          [3.7981e-05],
          [6.0899e-04],
          [2.8644e-04],
          [3.2861e-05],
          [3.1066e-05],
          [5.1861e-05],
          [3.9154e-05],
          [2.8277e-05],
          [4.6873e-04],
          [5.0217e-05],
          [5.4386e-04],
          [2.4661e-05],
          [4.4558e-05],
          [3.6820e-04],
          [7.2305e-05],
          [5.2391e-04],
          [2.5570e-04],
          [3.1553e-04],
          [1.9039e-04],
          [5.4476e-04],
          [6.2191e-05],
          [2.0747e-04],
          [4.5705e-05],
          [3.6387e-05],
          [3.4042e-05],
          [2.6969e-05],
          [3.0517e-05],
          [3.0525e-05],
          [4.2121e-04],
          [2.5250e-04],
          [3.2271e-05],
          [3.6875e-05],
          [2.7409e-05],
          [3.4885e-05],
          [4.8542e-05],
          [5.1996e-05],
          [5.1774e-05],
          [4.3197e-04],
          [1.2255e-04],
          [3.6076e-05],
          [2.8137e-05],
          [2.6000e-05],
          [2.9421e-05],
          [4.4046e-04],
          [4.0289e-05],
          [3.2420e-05],
          [3.5093e-04],
          [4.0354e-05],
          [2.8722e-05],
          [3.0125e-05],
          [2.8156e-05],
          [3.1306e-05],
          [4.3988e-05],
          [5.7253e-05],
          [4.8304e-05],
          [4.2626e-05],
          [2.5830e-05],
          [2.7155e-05],
          [3.0303e-05],
          [2.6235e-05],
          [2.1097e-05],
          [2.8654e-05],
          [2.6088e-05],
          [2.9710e-05],
          [4.2686e-04],
          [1.3675e-04],
          [3.4977e-05],
          [2.2632e-05],
          [3.9260e-05],
          [4.3356e-05],
          [1.2891e-04],
          [1.2868e-04],
          [1.3913e-04],
          [1.6480e-04],
          [2.4808e-04],
          [1.0886e-04],
          [1.4292e-04],
          [1.7548e-04],
          [2.8188e-05],
          [2.9921e-04],
          [2.1112e-05],
          [3.1178e-04],
          [1.5220e-04],
          [2.4655e-05],
          [2.8103e-05],
          [2.4680e-05],
          [2.6433e-05],
          [2.2184e-05],
          [2.3552e-05],
          [2.5667e-05],
          [2.5465e-05],
          [5.3529e-05],
          [6.7277e-05],
          [1.4453e-04],
          [1.7379e-04],
          [1.1596e-04],
          [6.5885e-05],
          [4.3948e-04],
          [2.9756e-05],
          [3.3484e-05],
          [3.1600e-04],
          [1.4005e-04],
          [5.2441e-05],
          [3.0821e-04],
          [1.9975e-04],
          [5.0788e-05],
          [5.1113e-04],
          [2.4158e-05],
          [2.1092e-05],
          [2.5541e-05],
          [2.4225e-05],
          [2.7898e-05],
          [4.1541e-05],
          [6.8861e-05],
          [6.2161e-05],
          [8.2491e-05],
          [6.8311e-05],
          [5.7465e-04],
          [2.8467e-05],
          [1.0811e-04],
          [6.9773e-05],
          [2.5697e-05],
          [2.1655e-05],
          [2.9064e-05],
          [2.0925e-05],
          [3.9233e-05],
          [7.0850e-05],
          [6.0717e-04],
          [1.1268e-04],
          [2.6047e-04],
          [8.6344e-05],
          [9.8277e-05],
          [3.3163e-05],
          [4.9601e-05],
          [2.7482e-05],
          [2.7837e-05],
          [2.6647e-05],
          [2.7483e-05],
          [2.5273e-05],
          [2.6840e-05],
          [2.8387e-05],
          [3.2453e-05],
          [5.5701e-04],
          [2.0510e-04],
          [3.4707e-05],
          [3.1270e-05],
          [2.4152e-05],
          [2.1556e-05],
          [2.7841e-05],
          [7.1254e-05],
          [7.1616e-05],
          [8.0466e-05],
          [1.2312e-04],
          [8.0106e-05],
          [5.1152e-05],
          [2.4331e-05],
          [2.1153e-05],
          [2.0905e-05],
          [2.5830e-05],
          [2.1228e-05],
          [2.2995e-05],
          [2.3194e-05],
          [2.7366e-05],
          [2.3681e-05],
          [2.7845e-05],
          [3.0329e-05],
          [3.5785e-05],
          [4.0740e-05],
          [3.8648e-05],
          [8.4490e-05],
          [4.6497e-05],
          [4.5964e-05],
          [2.8899e-05],
          [2.8556e-05],
          [2.8981e-05],
          [2.9535e-05],
          [1.8664e-05],
          [3.9459e-05],
          [2.3498e-05],
          [1.8100e-05],
          [2.2785e-05],
          [2.0832e-05],
          [2.2780e-05],
          [2.0846e-05],
          [2.5656e-05],
          [2.9005e-05],
          [1.3317e-04],
          [4.7047e-05],
          [1.7078e-04],
          [3.7593e-05],
          [3.8435e-05],
          [3.2526e-05],
          [3.2384e-05],
          [3.2165e-05],
          [3.4494e-05],
          [3.6275e-05],
          [2.8455e-05],
          [3.2469e-05],
          [2.8635e-05],
          [2.7489e-05],
          [2.5392e-05],
          [2.4034e-05],
          [2.7118e-05],
          [2.1124e-04],
          [8.7948e-05],
          [2.4009e-04],
          [2.7396e-05],
          [1.8894e-05],
          [2.1600e-05],
          [4.1091e-05],
          [6.3203e-04],
          [1.8120e-04],
          [3.6118e-05],
          [2.2335e-05],
          [2.4365e-05],
          [2.6475e-05],
          [2.9652e-05],
          [4.9115e-05],
          [8.1475e-05],
          [7.0705e-05],
          [5.7044e-05],
          [3.6182e-05],
          [3.2818e-05],
          [3.0204e-05],
          [2.3174e-05],
          [2.5979e-05],
          [2.5720e-05],
          [3.1908e-05],
          [2.1139e-05],
          [1.3784e-04],
          [4.9981e-05],
          [6.7393e-05],
          [1.0005e-04],
          [6.5790e-05],
          [6.8695e-05],
          [4.7032e-05],
          [4.1247e-05],
          [2.0744e-05],
          [2.8691e-04],
          [2.0215e-04],
          [3.2250e-05],
          [3.2098e-05],
          [3.0789e-05],
          [2.3374e-05],
          [2.5253e-05],
          [2.3223e-05],
          [3.2642e-05],
          [7.1466e-05],
          [9.3179e-05],
          [2.0632e-04],
          [2.0035e-04],
          [2.8167e-05],
          [2.2926e-05],
          [2.7310e-05],
          [2.3137e-05],
          [1.3780e-05],
          [2.8139e-04],
          [2.1764e-04],
          [2.3041e-05],
          [1.3922e-04],
          [1.6745e-04],
          [2.3685e-05],
          [4.7497e-04],
          [2.1890e-05],
          [5.4030e-04],
          [2.1335e-05],
          [2.1619e-05],
          [1.8726e-05],
          [2.8576e-05],
          [2.6281e-05],
          [1.3652e-05],
          [8.3990e-06]]]])
