# Using CPU
# Loading Embeddings...
# Making Predictions...
torch.Size([1, 1, 442, 263])
tensor([[[[8.8083e-05],
          [4.1887e-05],
          [1.1393e-04],
          [7.6183e-05],
          [2.2000e-05],
          [2.8094e-04],
          [2.8548e-04],
          [3.3720e-05],
          [1.9189e-04],
          [3.7033e-04],
          [3.2117e-05],
          [3.3161e-05],
          [3.3668e-04],
          [2.3708e-04],
          [5.2445e-05],
          [3.0724e-05],
          [2.5839e-05],
          [2.0662e-05],
          [2.0934e-05],
          [2.2451e-05],
          [6.2034e-04],
          [2.6491e-05],
          [1.7169e-04],
          [3.1124e-05],
          [3.5014e-05],
          [3.5969e-05],
          [3.5332e-05],
          [5.0272e-05],
          [5.5731e-05],
          [6.7795e-05],
          [6.7683e-05],
          [7.3755e-05],
          [7.1269e-05],
          [7.2929e-05],
          [5.6216e-05],
          [6.6528e-05],
          [3.0421e-04],
          [8.5724e-05],
          [1.3339e-04],
          [9.3178e-05],
          [1.4484e-04],
          [4.3426e-05],
          [3.9791e-05],
          [3.6280e-05],
          [2.8618e-05],
          [5.5423e-05],
          [3.5097e-05],
          [3.3726e-05],
          [3.1364e-05],
          [2.8154e-04],
          [1.5738e-04],
          [3.6829e-05],
          [3.7229e-05],
          [3.6283e-04],
          [1.7692e-04],
          [3.8908e-05],
          [3.5515e-05],
          [2.8109e-05],
          [5.1966e-05],
          [3.8390e-05],
          [3.7507e-05],
          [3.0946e-05],
          [3.5110e-04],
          [2.1656e-04],
          [6.3160e-05],
          [5.7696e-05],
          [5.4306e-05],
          [4.5651e-05],
          [5.5115e-05],
          [3.8039e-05],
          [3.6154e-05],
          [2.9552e-04],
          [2.7302e-05],
          [4.4569e-05],
          [4.6634e-05],
          [4.5357e-05],
          [3.0811e-04],
          [3.9607e-05],
          [3.7577e-05],
          [2.8883e-05],
          [2.3620e-04],
          [1.6738e-04],
          [2.6404e-05],
          [3.4001e-05],
          [3.4020e-05],
          [2.8952e-05],
          [2.6202e-05],
          [3.6955e-05],
          [3.3481e-05],
          [3.0391e-05],
          [3.2031e-04],
          [7.2379e-05],
          [2.5557e-04],
          [3.3943e-05],
          [3.0443e-05],
          [3.2971e-05],
          [4.0279e-05],
          [4.5360e-05],
          [3.4459e-05],
          [3.5425e-05],
          [3.2438e-05],
          [3.0841e-05],
          [2.6611e-05],
          [2.9204e-05],
          [2.8772e-05],
          [3.2668e-05],
          [2.6039e-05],
          [3.6772e-05],
          [3.8821e-05],
          [3.6587e-05],
          [2.7012e-05],
          [8.2066e-05],
          [1.0587e-04],
          [3.9650e-05],
          [2.3981e-04],
          [2.9024e-05],
          [3.1615e-05],
          [4.3031e-05],
          [3.1936e-05],
          [3.1305e-05],
          [2.9574e-05],
          [3.1043e-05],
          [3.1710e-05],
          [3.0683e-05],
          [4.1134e-05],
          [3.5712e-05],
          [3.5568e-05],
          [4.8393e-05],
          [5.2288e-05],
          [5.9026e-05],
          [4.1978e-05],
          [6.4183e-04],
          [3.2372e-04],
          [9.4320e-05],
          [6.2575e-05],
          [4.3405e-05],
          [3.5499e-05],
          [5.8920e-05],
          [5.1303e-05],
          [3.5753e-05],
          [2.9196e-05],
          [3.9285e-05],
          [3.1410e-05],
          [3.4014e-05],
          [3.0233e-05],
          [3.3679e-05],
          [2.9019e-05],
          [5.2052e-05],
          [3.9670e-05],
          [7.0369e-05],
          [5.0624e-05],
          [7.2200e-05],
          [4.4887e-05],
          [8.8891e-05],
          [5.0062e-05],
          [6.1658e-05],
          [1.9337e-04],
          [2.1509e-04],
          [1.5012e-04],
          [3.8796e-04],
          [3.1330e-05],
          [4.0902e-05],
          [4.1534e-05],
          [4.9261e-05],
          [4.5091e-05],
          [4.3724e-05],
          [4.9369e-05],
          [3.9176e-05],
          [5.0203e-05],
          [3.6569e-05],
          [3.3191e-05],
          [3.6553e-04],
          [1.5162e-04],
          [4.1436e-05],
          [3.3799e-05],
          [2.9609e-05],
          [5.2081e-05],
          [3.4088e-05],
          [2.4868e-04],
          [3.9489e-05],
          [2.8199e-04],
          [3.8213e-05],
          [3.3276e-05],
          [2.1440e-04],
          [3.2511e-05],
          [2.3203e-04],
          [3.2892e-05],
          [3.8171e-05],
          [2.7828e-05],
          [2.8906e-04],
          [4.6874e-05],
          [1.3298e-03],
          [3.2713e-05],
          [3.7639e-05],
          [2.5211e-05],
          [3.9141e-05],
          [3.7189e-05],
          [3.1096e-05],
          [3.1629e-04],
          [1.6015e-04],
          [4.2229e-05],
          [3.8812e-05],
          [3.4328e-05],
          [3.1434e-05],
          [3.4499e-05],
          [3.2409e-05],
          [3.1412e-05],
          [2.8494e-04],
          [1.9922e-04],
          [3.2253e-05],
          [2.7596e-05],
          [2.5448e-05],
          [3.1263e-05],
          [2.9820e-04],
          [3.0459e-05],
          [4.6887e-05],
          [3.0235e-04],
          [4.0265e-05],
          [3.6000e-05],
          [3.2724e-05],
          [3.6976e-05],
          [3.8921e-05],
          [3.7829e-05],
          [3.3623e-05],
          [3.2629e-05],
          [4.5324e-05],
          [4.6078e-05],
          [3.4413e-05],
          [4.8763e-05],
          [5.1745e-05],
          [3.7906e-05],
          [3.9535e-05],
          [3.0856e-05],
          [2.6177e-05],
          [2.7267e-04],
          [1.1767e-04],
          [3.7096e-05],
          [3.4991e-05],
          [2.9607e-05],
          [3.5871e-05],
          [2.7009e-05],
          [3.2300e-05],
          [2.1259e-05],
          [3.6866e-05],
          [3.6867e-05],
          [2.1129e-05],
          [1.1973e-04],
          [2.7830e-04],
          [3.0646e-05],
          [1.7605e-04],
          [3.0224e-05],
          [1.8422e-04],
          [9.3011e-05],
          [3.0775e-05],
          [3.1104e-05],
          [3.2138e-05],
          [2.8834e-05],
          [2.6749e-05],
          [2.7986e-05],
          [3.2348e-05],
          [3.0407e-05],
          [4.2887e-05],
          [4.7479e-05],
          [6.1394e-05],
          [4.9001e-05],
          [4.9199e-05],
          [3.8044e-05],
          [1.6914e-04],
          [2.0224e-05],
          [2.4114e-05],
          [2.2548e-04],
          [1.7335e-04],
          [2.7457e-05],
          [9.7808e-05],
          [1.3130e-04],
          [3.5711e-05],
          [1.9657e-04],
          [2.9235e-05],
          [3.4025e-05],
          [2.8660e-05],
          [1.9337e-05],
          [1.2837e-05],
          [1.2808e-05],
          [2.4877e-05],
          [1.4174e-05],
          [1.6354e-05],
          [1.4939e-05],
          [3.9863e-04],
          [3.1033e-05],
          [6.6560e-05],
          [4.7702e-05],
          [3.1337e-05],
          [2.5800e-05],
          [2.5526e-05],
          [2.5996e-05],
          [2.5670e-05],
          [2.4903e-05],
          [3.0824e-04],
          [3.0973e-05],
          [2.4200e-04],
          [3.0488e-05],
          [2.9018e-05],
          [3.2492e-05],
          [3.3135e-05],
          [3.1066e-05],
          [3.2763e-05],
          [3.2327e-05],
          [3.7090e-05],
          [3.8311e-05],
          [3.8028e-05],
          [3.3091e-05],
          [3.8383e-05],
          [3.4254e-04],
          [1.4495e-04],
          [3.5829e-05],
          [2.8461e-05],
          [1.8158e-05],
          [2.2455e-05],
          [1.7347e-05],
          [1.9399e-05],
          [2.4571e-05],
          [2.1710e-05],
          [2.8039e-05],
          [2.4049e-05],
          [2.5091e-05],
          [1.7451e-05],
          [1.7103e-05],
          [2.4514e-05],
          [2.5906e-05],
          [1.9894e-05],
          [2.4319e-05],
          [2.5791e-05],
          [2.6041e-05],
          [2.9864e-05],
          [3.5437e-05],
          [3.6213e-05],
          [3.4720e-05],
          [3.7262e-05],
          [3.7505e-05],
          [3.1724e-05],
          [3.0773e-05],
          [2.8865e-05],
          [2.9590e-05],
          [2.8074e-05],
          [2.6850e-05],
          [5.8539e-05],
          [2.7033e-05],
          [3.8820e-05],
          [4.2889e-05],
          [2.3084e-05],
          [2.1851e-05],
          [1.7731e-05],
          [2.1030e-05],
          [2.1965e-05],
          [3.3762e-05],
          [2.8300e-05],
          [2.6643e-04],
          [7.6039e-05],
          [1.7862e-03],
          [3.4814e-05],
          [3.8413e-05],
          [3.6193e-05],
          [3.8703e-05],
          [3.4357e-05],
          [3.4747e-05],
          [3.9659e-05],
          [3.7348e-05],
          [2.7876e-05],
          [3.7047e-05],
          [3.4206e-05],
          [2.6325e-05],
          [3.0915e-05],
          [2.3908e-05],
          [1.7410e-04],
          [6.4053e-05],
          [2.9955e-04],
          [3.1171e-05],
          [2.4889e-05],
          [1.5347e-05],
          [1.2388e-05],
          [3.3198e-04],
          [1.7576e-04],
          [1.4217e-05],
          [1.5457e-05],
          [2.1215e-05],
          [3.9864e-05],
          [4.9774e-05],
          [4.8733e-05],
          [6.6978e-05],
          [4.7993e-05],
          [3.2795e-05],
          [3.2184e-05],
          [3.4663e-05],
          [2.4455e-05],
          [3.1629e-05],
          [3.9709e-05],
          [4.7216e-05],
          [3.5295e-05],
          [2.5848e-05],
          [1.3514e-04],
          [4.2522e-05],
          [4.1145e-05],
          [9.6644e-05],
          [3.1144e-05],
          [3.5345e-05],
          [2.2433e-05],
          [2.0622e-05],
          [1.9112e-05],
          [1.6887e-04],
          [1.2073e-04],
          [4.1194e-05],
          [4.2614e-05],
          [4.4559e-05],
          [3.5889e-05],
          [3.3404e-05],
          [2.6828e-05],
          [6.7139e-05],
          [9.2961e-05],
          [8.8149e-05],
          [2.5141e-04],
          [3.2444e-04],
          [2.8847e-05],
          [1.9747e-05],
          [1.6633e-05],
          [2.4060e-05],
          [2.0161e-05],
          [3.0597e-04],
          [1.7379e-04],
          [2.4455e-05],
          [6.3280e-05],
          [1.3086e-04],
          [1.6391e-05],
          [2.3205e-04],
          [2.2577e-05],
          [2.3960e-04],
          [2.9679e-05],
          [2.9791e-05],
          [2.4605e-05],
          [3.0304e-05],
          [1.7161e-05],
          [4.0228e-05],
          [1.0527e-05]]]])
