# Using CPU
# Loading Embeddings...
# Making Predictions...
torch.Size([1, 1, 442, 271])
tensor([[[[1.3834e-04],
          [2.2624e-05],
          [1.0477e-04],
          [3.6287e-05],
          [9.1315e-06],
          [2.1939e-04],
          [8.9110e-04],
          [2.2168e-05],
          [1.4149e-04],
          [1.2711e-03],
          [1.6685e-05],
          [1.5242e-05],
          [2.6705e-04],
          [3.3373e-04],
          [4.8966e-05],
          [1.0028e-05],
          [1.1260e-05],
          [1.2151e-05],
          [1.5809e-05],
          [3.2841e-05],
          [4.0303e-04],
          [2.8803e-05],
          [8.0168e-04],
          [1.5303e-05],
          [1.4953e-05],
          [2.0151e-05],
          [3.1688e-05],
          [5.7409e-05],
          [6.7748e-05],
          [8.6632e-05],
          [8.7424e-05],
          [1.0377e-04],
          [9.8862e-05],
          [1.1315e-04],
          [8.5006e-05],
          [7.3224e-05],
          [7.8401e-04],
          [5.0149e-05],
          [2.9055e-04],
          [8.5765e-05],
          [7.7414e-04],
          [2.6055e-05],
          [2.5354e-05],
          [2.5849e-05],
          [1.8575e-05],
          [2.3036e-05],
          [1.8963e-05],
          [2.3179e-05],
          [2.2322e-05],
          [1.7719e-04],
          [5.7160e-04],
          [1.5291e-05],
          [1.3507e-05],
          [2.8004e-04],
          [7.2138e-04],
          [2.2766e-05],
          [1.6398e-05],
          [1.6643e-05],
          [1.5755e-05],
          [2.0077e-05],
          [2.6530e-05],
          [1.6646e-05],
          [3.3019e-04],
          [3.5773e-04],
          [1.5567e-05],
          [1.7933e-05],
          [2.6501e-05],
          [2.2836e-05],
          [3.0098e-05],
          [2.2986e-05],
          [1.5319e-05],
          [2.0667e-04],
          [1.9697e-05],
          [2.2960e-05],
          [1.3035e-05],
          [1.8747e-05],
          [2.4158e-03],
          [1.6009e-05],
          [1.6352e-05],
          [1.3981e-05],
          [1.3559e-04],
          [2.6750e-04],
          [1.2928e-05],
          [1.3962e-05],
          [1.5251e-05],
          [1.8301e-05],
          [1.8905e-05],
          [2.0964e-05],
          [1.7107e-05],
          [1.5179e-05],
          [2.6920e-04],
          [3.3809e-05],
          [4.4860e-04],
          [1.4099e-05],
          [1.6545e-05],
          [2.1708e-05],
          [2.3446e-05],
          [2.8843e-05],
          [2.7531e-05],
          [2.9875e-05],
          [2.9958e-05],
          [2.3696e-05],
          [1.6355e-05],
          [1.3734e-05],
          [1.3561e-05],
          [1.4075e-05],
          [1.4507e-05],
          [1.8648e-05],
          [1.9232e-05],
          [2.0617e-05],
          [1.6709e-05],
          [8.4178e-05],
          [1.2436e-04],
          [1.7863e-05],
          [3.9654e-04],
          [1.4602e-05],
          [1.2765e-05],
          [1.0206e-05],
          [1.4541e-05],
          [1.6826e-05],
          [1.6964e-05],
          [1.2841e-05],
          [2.2398e-05],
          [1.7128e-05],
          [1.9043e-05],
          [1.7006e-05],
          [1.9730e-05],
          [2.2493e-05],
          [2.7249e-05],
          [3.0437e-05],
          [2.9285e-05],
          [3.7797e-04],
          [7.8418e-04],
          [3.2262e-05],
          [3.2028e-05],
          [3.0507e-05],
          [2.5066e-05],
          [2.9819e-05],
          [2.5592e-05],
          [2.4419e-05],
          [1.7168e-05],
          [1.6930e-05],
          [1.2935e-05],
          [1.7920e-05],
          [1.5859e-05],
          [1.8287e-05],
          [1.8845e-05],
          [2.7741e-05],
          [3.4497e-05],
          [6.1134e-05],
          [6.6966e-05],
          [8.7408e-05],
          [7.5501e-05],
          [1.0990e-04],
          [8.2482e-05],
          [7.6782e-05],
          [3.4849e-04],
          [4.8244e-04],
          [1.3018e-04],
          [1.3247e-03],
          [3.0380e-05],
          [2.0550e-05],
          [2.5672e-05],
          [2.5285e-05],
          [3.2224e-05],
          [3.9559e-05],
          [4.0593e-05],
          [3.9141e-05],
          [4.0446e-05],
          [4.2252e-05],
          [3.2910e-05],
          [3.0428e-04],
          [7.7825e-04],
          [3.5900e-05],
          [2.7614e-05],
          [4.2419e-05],
          [2.5830e-05],
          [2.3670e-05],
          [2.6726e-04],
          [3.8555e-05],
          [2.0632e-04],
          [2.2892e-05],
          [2.3187e-05],
          [1.6325e-04],
          [1.5345e-05],
          [4.4075e-04],
          [1.9587e-05],
          [2.1876e-05],
          [2.0592e-05],
          [2.7179e-04],
          [5.5484e-05],
          [2.4835e-03],
          [2.0086e-05],
          [2.5224e-05],
          [1.8310e-05],
          [1.9027e-05],
          [1.8771e-05],
          [1.6090e-05],
          [2.4504e-04],
          [4.5591e-04],
          [1.4331e-05],
          [2.0100e-05],
          [1.9454e-05],
          [2.2546e-05],
          [2.6418e-05],
          [2.7652e-05],
          [2.5921e-05],
          [2.1699e-04],
          [6.5679e-04],
          [2.8775e-05],
          [2.7791e-05],
          [3.0713e-05],
          [2.2509e-05],
          [1.6905e-04],
          [2.7887e-05],
          [2.5432e-05],
          [2.3566e-03],
          [2.5797e-05],
          [2.7051e-05],
          [2.2029e-05],
          [2.2634e-05],
          [1.6374e-05],
          [1.8435e-05],
          [1.7669e-05],
          [1.9896e-05],
          [2.8831e-05],
          [2.8083e-05],
          [2.1174e-05],
          [2.1979e-05],
          [1.8789e-05],
          [1.7897e-05],
          [2.1835e-05],
          [2.1644e-05],
          [2.6970e-05],
          [2.1392e-04],
          [4.3625e-04],
          [2.4255e-05],
          [2.1264e-05],
          [2.1452e-05],
          [2.7550e-05],
          [2.7237e-05],
          [2.5175e-05],
          [2.1702e-05],
          [2.9585e-05],
          [2.7300e-05],
          [1.6222e-05],
          [1.3691e-04],
          [7.7339e-05],
          [1.6616e-05],
          [2.1979e-04],
          [1.0896e-05],
          [1.2334e-04],
          [3.3266e-04],
          [2.1258e-05],
          [2.5560e-05],
          [2.5480e-05],
          [2.1265e-05],
          [2.5405e-05],
          [2.7119e-05],
          [2.7250e-05],
          [2.6364e-05],
          [3.6127e-05],
          [4.0025e-05],
          [4.7000e-05],
          [9.6829e-05],
          [4.2397e-05],
          [8.3537e-05],
          [3.3427e-04],
          [2.8627e-05],
          [2.7124e-05],
          [2.6172e-04],
          [1.1805e-04],
          [2.1367e-05],
          [2.1950e-04],
          [1.4432e-04],
          [2.9283e-05],
          [1.8893e-04],
          [1.5634e-05],
          [1.1297e-05],
          [8.8587e-06],
          [9.3951e-06],
          [9.2527e-06],
          [9.8603e-06],
          [2.6249e-05],
          [1.4776e-05],
          [2.1999e-05],
          [1.4647e-05],
          [3.3474e-04],
          [1.8497e-05],
          [5.2043e-05],
          [2.3111e-04],
          [1.1638e-05],
          [9.2621e-06],
          [1.0872e-05],
          [1.1553e-05],
          [1.0515e-05],
          [1.3978e-05],
          [2.7690e-04],
          [2.2884e-05],
          [1.6712e-03],
          [1.8268e-05],
          [1.7812e-05],
          [1.3580e-05],
          [1.8118e-05],
          [1.4452e-05],
          [1.2573e-05],
          [1.6134e-05],
          [2.1760e-05],
          [2.1649e-05],
          [2.2980e-05],
          [2.7935e-05],
          [2.3255e-05],
          [2.5370e-04],
          [7.9753e-04],
          [1.6884e-05],
          [1.7434e-05],
          [2.5030e-05],
          [1.2953e-05],
          [1.4255e-05],
          [2.2299e-05],
          [2.7410e-05],
          [2.6251e-05],
          [2.2804e-05],
          [1.8761e-05],
          [2.0676e-05],
          [1.6295e-05],
          [1.8211e-05],
          [1.5884e-05],
          [2.0032e-05],
          [2.1826e-05],
          [1.9909e-05],
          [1.8242e-05],
          [2.3163e-05],
          [2.7172e-05],
          [2.0581e-05],
          [2.1806e-05],
          [2.6634e-05],
          [2.9254e-05],
          [2.3834e-05],
          [3.5957e-05],
          [3.0120e-05],
          [5.9127e-05],
          [2.2738e-05],
          [2.3097e-05],
          [2.3563e-05],
          [2.7179e-05],
          [1.8174e-05],
          [2.5642e-05],
          [2.6507e-05],
          [1.6289e-05],
          [1.6507e-05],
          [1.9756e-05],
          [1.6065e-05],
          [1.5040e-05],
          [1.4776e-05],
          [1.5815e-05],
          [1.2077e-04],
          [5.7335e-05],
          [2.8094e-03],
          [2.1411e-05],
          [2.6389e-05],
          [2.7056e-05],
          [2.5954e-05],
          [2.9057e-05],
          [2.9811e-05],
          [3.1269e-05],
          [2.9712e-05],
          [2.2946e-05],
          [2.2296e-05],
          [2.1968e-05],
          [1.6715e-05],
          [2.5591e-05],
          [2.0771e-05],
          [1.4033e-04],
          [5.8193e-05],
          [1.7959e-03],
          [2.2101e-05],
          [1.8313e-05],
          [1.2276e-05],
          [1.1760e-05],
          [3.9610e-04],
          [1.0284e-03],
          [1.2768e-05],
          [1.1035e-05],
          [1.3474e-05],
          [1.9119e-05],
          [2.5605e-05],
          [3.7430e-05],
          [6.0850e-05],
          [5.7728e-05],
          [5.1729e-05],
          [3.9463e-05],
          [2.6400e-05],
          [2.3660e-05],
          [1.8070e-05],
          [1.5388e-05],
          [1.6082e-05],
          [1.6214e-05],
          [1.4281e-05],
          [8.3737e-05],
          [4.0584e-05],
          [4.8972e-05],
          [4.7409e-05],
          [3.3237e-05],
          [3.0237e-05],
          [2.5907e-05],
          [3.0412e-05],
          [1.8222e-05],
          [1.6643e-04],
          [5.0648e-04],
          [2.5523e-05],
          [2.1021e-05],
          [1.9151e-05],
          [1.7067e-05],
          [2.5929e-05],
          [2.2864e-05],
          [2.6720e-05],
          [7.4387e-05],
          [7.0571e-05],
          [2.0073e-04],
          [7.1210e-04],
          [2.2432e-05],
          [1.8220e-05],
          [1.8504e-05],
          [2.0098e-05],
          [1.4218e-05],
          [1.9305e-04],
          [8.8607e-05],
          [1.4645e-05],
          [4.0141e-05],
          [4.6485e-04],
          [1.4563e-05],
          [1.5198e-04],
          [1.5560e-05],
          [1.3595e-04],
          [1.9169e-05],
          [1.6363e-05],
          [1.2866e-05],
          [1.3428e-05],
          [1.3414e-05],
          [2.6011e-05],
          [9.9541e-06]]]])
