# Using CPU
# Loading Embeddings...
# Making Predictions...
torch.Size([1, 1, 442, 266])
tensor([[[[1.8600e-04],
          [2.6696e-05],
          [9.1533e-05],
          [3.2860e-05],
          [9.6217e-06],
          [3.2180e-04],
          [1.0169e-03],
          [2.5121e-05],
          [1.9507e-04],
          [1.4420e-03],
          [1.6016e-05],
          [1.2698e-05],
          [2.5190e-04],
          [3.3945e-04],
          [4.4724e-05],
          [1.3208e-05],
          [1.1572e-05],
          [1.2277e-05],
          [1.6528e-05],
          [3.3314e-05],
          [5.9706e-04],
          [2.8135e-05],
          [8.3937e-04],
          [1.5576e-05],
          [1.3405e-05],
          [1.6545e-05],
          [2.3527e-05],
          [3.9268e-05],
          [4.6602e-05],
          [5.9348e-05],
          [5.6867e-05],
          [6.5220e-05],
          [6.2739e-05],
          [6.7129e-05],
          [5.5682e-05],
          [4.8720e-05],
          [4.4170e-04],
          [4.4251e-05],
          [3.0146e-04],
          [7.7853e-05],
          [9.0669e-04],
          [1.8794e-05],
          [1.7868e-05],
          [2.0857e-05],
          [1.9409e-05],
          [2.3913e-05],
          [2.0483e-05],
          [2.3538e-05],
          [2.1947e-05],
          [1.9234e-04],
          [6.3242e-04],
          [1.4364e-05],
          [1.3408e-05],
          [4.3484e-04],
          [9.0311e-04],
          [2.3099e-05],
          [1.7540e-05],
          [1.4714e-05],
          [1.4605e-05],
          [2.1014e-05],
          [2.8601e-05],
          [1.7512e-05],
          [2.8877e-04],
          [3.9047e-04],
          [1.5408e-05],
          [1.7761e-05],
          [2.6992e-05],
          [2.2860e-05],
          [3.0315e-05],
          [2.5448e-05],
          [1.6146e-05],
          [2.6162e-04],
          [1.9122e-05],
          [1.4057e-05],
          [1.3384e-05],
          [1.4609e-05],
          [2.6799e-03],
          [1.5790e-05],
          [1.6537e-05],
          [1.4294e-05],
          [1.5529e-04],
          [2.3558e-04],
          [1.1714e-05],
          [1.0612e-05],
          [1.2064e-05],
          [1.4452e-05],
          [1.5086e-05],
          [1.5318e-05],
          [1.5179e-05],
          [1.5941e-05],
          [3.7568e-04],
          [4.4977e-05],
          [4.1854e-04],
          [1.4313e-05],
          [1.8267e-05],
          [1.9357e-05],
          [2.1376e-05],
          [2.6732e-05],
          [2.6262e-05],
          [3.8418e-05],
          [3.9471e-05],
          [3.1434e-05],
          [1.9986e-05],
          [1.4492e-05],
          [1.3888e-05],
          [1.3714e-05],
          [1.3644e-05],
          [1.6478e-05],
          [1.7291e-05],
          [1.8386e-05],
          [1.7334e-05],
          [9.2776e-05],
          [1.0973e-04],
          [1.6692e-05],
          [3.8775e-04],
          [1.5057e-05],
          [1.1797e-05],
          [1.1059e-05],
          [1.3098e-05],
          [1.5091e-05],
          [1.5901e-05],
          [1.2315e-05],
          [2.2044e-05],
          [1.8040e-05],
          [1.9122e-05],
          [1.7557e-05],
          [2.0113e-05],
          [2.2140e-05],
          [2.4583e-05],
          [2.9788e-05],
          [2.9653e-05],
          [3.6033e-04],
          [7.9391e-04],
          [2.6212e-05],
          [2.6332e-05],
          [2.3884e-05],
          [1.9715e-05],
          [2.4017e-05],
          [2.0477e-05],
          [1.9459e-05],
          [1.5131e-05],
          [1.5673e-05],
          [1.4656e-05],
          [1.9003e-05],
          [1.7933e-05],
          [2.0556e-05],
          [1.6392e-05],
          [2.1263e-05],
          [2.4060e-05],
          [4.1757e-05],
          [3.9983e-05],
          [5.0060e-05],
          [4.9730e-05],
          [7.4477e-05],
          [7.5496e-05],
          [6.2507e-05],
          [3.3399e-04],
          [5.2678e-04],
          [1.8084e-04],
          [1.5539e-03],
          [3.2084e-05],
          [2.0731e-05],
          [2.5345e-05],
          [2.5390e-05],
          [3.2421e-05],
          [3.7606e-05],
          [3.9604e-05],
          [3.9683e-05],
          [3.9091e-05],
          [4.2075e-05],
          [3.4307e-05],
          [3.1080e-04],
          [9.4045e-04],
          [3.9508e-05],
          [2.9704e-05],
          [3.7642e-05],
          [2.9871e-05],
          [2.1128e-05],
          [2.0143e-04],
          [3.4087e-05],
          [2.0496e-04],
          [2.3724e-05],
          [2.4494e-05],
          [1.6138e-04],
          [1.5298e-05],
          [3.8105e-04],
          [1.8095e-05],
          [2.1480e-05],
          [1.9572e-05],
          [5.0560e-04],
          [5.4912e-05],
          [2.9644e-03],
          [1.9672e-05],
          [2.5209e-05],
          [1.8019e-05],
          [1.5183e-05],
          [1.5279e-05],
          [1.6425e-05],
          [2.1169e-04],
          [4.6050e-04],
          [1.3389e-05],
          [1.9889e-05],
          [1.9126e-05],
          [2.1883e-05],
          [2.6387e-05],
          [2.6213e-05],
          [2.4804e-05],
          [3.3420e-04],
          [7.9494e-04],
          [2.7971e-05],
          [2.8852e-05],
          [3.1770e-05],
          [2.1579e-05],
          [2.2903e-04],
          [2.6975e-05],
          [2.6243e-05],
          [2.7635e-03],
          [2.5128e-05],
          [2.4632e-05],
          [2.0064e-05],
          [2.0592e-05],
          [1.5465e-05],
          [1.8294e-05],
          [1.6951e-05],
          [1.8848e-05],
          [2.6661e-05],
          [2.4055e-05],
          [2.1597e-05],
          [2.0516e-05],
          [1.7519e-05],
          [1.7291e-05],
          [2.0924e-05],
          [2.0439e-05],
          [2.5907e-05],
          [2.8710e-04],
          [5.0695e-04],
          [2.2842e-05],
          [1.9572e-05],
          [2.0530e-05],
          [2.5046e-05],
          [2.9615e-05],
          [2.4410e-05],
          [1.9959e-05],
          [2.6654e-05],
          [2.5549e-05],
          [1.5170e-05],
          [2.6483e-04],
          [1.1435e-04],
          [1.9129e-05],
          [1.9930e-04],
          [1.0124e-05],
          [1.6611e-04],
          [3.7098e-04],
          [1.6990e-05],
          [1.9194e-05],
          [2.0774e-05],
          [1.6467e-05],
          [1.8910e-05],
          [1.6030e-05],
          [2.0312e-05],
          [1.7969e-05],
          [2.1009e-05],
          [3.2452e-05],
          [2.8046e-05],
          [8.0641e-05],
          [4.9051e-05],
          [7.0265e-05],
          [2.1142e-04],
          [2.2708e-05],
          [2.7773e-05],
          [3.3441e-04],
          [1.2149e-04],
          [1.5121e-05],
          [2.7879e-04],
          [1.3588e-04],
          [2.2426e-05],
          [1.6155e-04],
          [1.1673e-05],
          [1.0829e-05],
          [9.4974e-06],
          [8.8158e-06],
          [9.8665e-06],
          [1.0443e-05],
          [3.3080e-05],
          [1.5189e-05],
          [2.1012e-05],
          [1.4855e-05],
          [2.2467e-04],
          [1.8581e-05],
          [5.6385e-05],
          [2.4919e-04],
          [1.0382e-05],
          [8.9159e-06],
          [1.0516e-05],
          [1.1125e-05],
          [1.0199e-05],
          [1.3467e-05],
          [4.5901e-04],
          [2.3153e-05],
          [1.7648e-03],
          [1.7161e-05],
          [1.7472e-05],
          [1.2422e-05],
          [1.6731e-05],
          [1.3755e-05],
          [1.1848e-05],
          [1.5442e-05],
          [2.0820e-05],
          [2.1243e-05],
          [2.2395e-05],
          [2.6597e-05],
          [1.9827e-05],
          [2.5385e-04],
          [8.8834e-04],
          [1.4572e-05],
          [1.7488e-05],
          [1.9067e-05],
          [1.3030e-05],
          [1.3359e-05],
          [2.2740e-05],
          [2.8833e-05],
          [2.8363e-05],
          [2.6765e-05],
          [2.2765e-05],
          [2.0484e-05],
          [1.5241e-05],
          [1.7482e-05],
          [1.4142e-05],
          [1.7272e-05],
          [1.8754e-05],
          [1.7116e-05],
          [1.6065e-05],
          [2.1101e-05],
          [2.4899e-05],
          [1.8371e-05],
          [2.0644e-05],
          [2.2729e-05],
          [2.8004e-05],
          [2.3073e-05],
          [3.5540e-05],
          [3.0674e-05],
          [6.0550e-05],
          [2.0979e-05],
          [2.0907e-05],
          [2.2043e-05],
          [2.2462e-05],
          [1.6797e-05],
          [2.1724e-05],
          [2.1771e-05],
          [1.6962e-05],
          [1.6717e-05],
          [1.9208e-05],
          [1.5948e-05],
          [1.7035e-05],
          [1.5252e-05],
          [1.4947e-05],
          [2.0382e-04],
          [6.2679e-05],
          [3.8625e-03],
          [2.1039e-05],
          [2.4763e-05],
          [2.5143e-05],
          [2.5135e-05],
          [2.9254e-05],
          [2.9277e-05],
          [2.9994e-05],
          [2.7952e-05],
          [2.0720e-05],
          [1.9797e-05],
          [1.8464e-05],
          [1.3996e-05],
          [2.1439e-05],
          [1.8061e-05],
          [2.4392e-04],
          [4.3360e-05],
          [2.1422e-03],
          [1.9934e-05],
          [1.5881e-05],
          [1.1217e-05],
          [1.0864e-05],
          [5.5539e-04],
          [1.0587e-03],
          [1.2623e-05],
          [1.1325e-05],
          [1.4329e-05],
          [1.8263e-05],
          [2.5535e-05],
          [3.5973e-05],
          [5.9860e-05],
          [5.8548e-05],
          [5.8562e-05],
          [4.7891e-05],
          [2.9937e-05],
          [2.2619e-05],
          [1.6130e-05],
          [1.4467e-05],
          [1.4468e-05],
          [1.5071e-05],
          [1.2606e-05],
          [7.4969e-05],
          [4.0428e-05],
          [4.8752e-05],
          [5.2295e-05],
          [3.3360e-05],
          [3.0397e-05],
          [2.5146e-05],
          [3.0612e-05],
          [1.4847e-05],
          [1.8101e-04],
          [5.9215e-04],
          [2.6507e-05],
          [1.9631e-05],
          [1.9234e-05],
          [1.5917e-05],
          [2.2606e-05],
          [2.2327e-05],
          [2.2377e-05],
          [9.4437e-05],
          [8.6631e-05],
          [3.1781e-04],
          [8.5243e-04],
          [2.0530e-05],
          [1.6173e-05],
          [1.5804e-05],
          [1.2505e-05],
          [1.4386e-05],
          [2.3272e-04],
          [7.6856e-05],
          [1.3669e-05],
          [5.0882e-05],
          [5.1192e-04],
          [1.4400e-05],
          [1.6940e-04],
          [1.7654e-05],
          [2.0740e-04],
          [1.8748e-05],
          [1.3204e-05],
          [1.0502e-05],
          [1.2293e-05],
          [1.2153e-05],
          [4.5627e-05],
          [1.0351e-05]]]])
