# Using CPU
# Loading Embeddings...
# Making Predictions...
torch.Size([1, 1, 442, 285])
tensor([[[[2.2474e-04],
          [3.1845e-05],
          [1.3330e-04],
          [2.0310e-05],
          [1.2371e-05],
          [4.1150e-04],
          [6.7416e-04],
          [1.5560e-05],
          [2.7223e-04],
          [6.5058e-04],
          [1.8695e-05],
          [1.7465e-05],
          [5.9738e-04],
          [2.3439e-04],
          [1.2583e-05],
          [1.2019e-05],
          [1.1289e-05],
          [1.0162e-05],
          [1.1246e-05],
          [1.3043e-05],
          [4.2645e-04],
          [2.3515e-05],
          [3.5311e-04],
          [1.3641e-05],
          [2.0963e-05],
          [3.0720e-05],
          [4.3344e-05],
          [7.9167e-05],
          [1.0543e-04],
          [1.5214e-04],
          [1.4058e-04],
          [1.6389e-04],
          [1.7401e-04],
          [1.6567e-04],
          [1.3229e-04],
          [9.2662e-05],
          [6.6976e-04],
          [5.8670e-05],
          [1.8441e-04],
          [1.5864e-04],
          [2.6984e-04],
          [2.6507e-05],
          [2.5321e-05],
          [2.5972e-05],
          [1.8582e-05],
          [1.6850e-05],
          [1.3538e-05],
          [1.6294e-05],
          [2.5871e-05],
          [8.1154e-04],
          [2.8967e-04],
          [1.4716e-05],
          [1.3654e-05],
          [5.2412e-04],
          [3.1555e-04],
          [1.6583e-05],
          [1.7571e-05],
          [1.6551e-05],
          [2.0334e-05],
          [2.4938e-05],
          [2.5294e-05],
          [2.5275e-05],
          [7.5858e-04],
          [2.6902e-04],
          [1.9511e-05],
          [1.9691e-05],
          [1.7912e-05],
          [1.6085e-05],
          [1.7315e-05],
          [1.5267e-05],
          [1.5953e-05],
          [5.9442e-04],
          [2.1312e-05],
          [3.8248e-05],
          [1.6765e-05],
          [2.1272e-05],
          [1.1722e-03],
          [1.5813e-05],
          [1.3971e-05],
          [1.4009e-05],
          [3.8513e-04],
          [1.4982e-04],
          [1.2655e-05],
          [1.4271e-05],
          [1.6898e-05],
          [2.0895e-05],
          [2.1872e-05],
          [2.3481e-05],
          [1.8640e-05],
          [1.6668e-05],
          [5.2649e-04],
          [7.7803e-05],
          [2.3643e-04],
          [1.1842e-05],
          [1.0580e-05],
          [1.1463e-05],
          [1.2630e-05],
          [1.9416e-05],
          [1.6988e-05],
          [1.9301e-05],
          [1.8246e-05],
          [1.5091e-05],
          [1.1957e-05],
          [1.2199e-05],
          [1.5595e-05],
          [2.2402e-05],
          [2.6911e-05],
          [3.3314e-05],
          [3.3888e-05],
          [3.5391e-05],
          [2.8555e-05],
          [7.9809e-05],
          [1.9158e-04],
          [2.7830e-05],
          [2.7955e-04],
          [1.8381e-05],
          [1.6123e-05],
          [1.3567e-05],
          [1.6387e-05],
          [1.8252e-05],
          [1.7639e-05],
          [1.3002e-05],
          [2.8085e-05],
          [1.2299e-05],
          [1.5082e-05],
          [1.4345e-05],
          [1.7242e-05],
          [1.7662e-05],
          [2.2669e-05],
          [2.4500e-05],
          [3.9421e-05],
          [4.6049e-04],
          [3.2718e-04],
          [6.7818e-05],
          [4.7963e-05],
          [4.0359e-05],
          [3.3354e-05],
          [2.8468e-05],
          [2.1222e-05],
          [2.2460e-05],
          [1.8147e-05],
          [1.6831e-05],
          [1.1583e-05],
          [1.3390e-05],
          [1.6959e-05],
          [2.4692e-05],
          [2.7468e-05],
          [4.1438e-05],
          [5.3262e-05],
          [8.5729e-05],
          [8.6633e-05],
          [9.5600e-05],
          [9.1180e-05],
          [1.0363e-04],
          [9.9403e-05],
          [6.8920e-05],
          [4.2356e-04],
          [3.1840e-04],
          [4.2235e-04],
          [6.3336e-04],
          [1.7897e-05],
          [2.0121e-05],
          [2.4360e-05],
          [2.9458e-05],
          [2.2277e-05],
          [2.6539e-05],
          [2.5394e-05],
          [2.4342e-05],
          [2.4032e-05],
          [2.5661e-05],
          [2.3420e-05],
          [7.1605e-04],
          [3.8187e-04],
          [3.5684e-05],
          [4.5891e-05],
          [5.1045e-05],
          [5.3115e-05],
          [4.6713e-05],
          [5.2103e-04],
          [6.4588e-05],
          [3.9199e-04],
          [1.7469e-05],
          [1.4609e-05],
          [6.4951e-04],
          [2.6011e-05],
          [2.1277e-04],
          [1.7845e-05],
          [2.0296e-05],
          [1.9735e-05],
          [7.9608e-04],
          [2.8118e-05],
          [1.0329e-03],
          [2.2605e-05],
          [2.9360e-05],
          [3.1377e-05],
          [3.1287e-05],
          [3.6140e-05],
          [2.7971e-05],
          [4.6460e-04],
          [1.8995e-04],
          [2.2302e-05],
          [1.9200e-05],
          [1.7852e-05],
          [1.5548e-05],
          [2.1845e-05],
          [2.2478e-05],
          [2.5714e-05],
          [1.2125e-03],
          [3.8044e-04],
          [2.4932e-05],
          [1.9659e-05],
          [1.7743e-05],
          [1.6085e-05],
          [1.8336e-03],
          [6.4176e-05],
          [2.7848e-05],
          [6.0938e-04],
          [2.1958e-05],
          [2.4509e-05],
          [1.7540e-05],
          [1.5642e-05],
          [1.8184e-05],
          [1.9503e-05],
          [1.6472e-05],
          [1.7138e-05],
          [2.2290e-05],
          [2.5007e-05],
          [2.2995e-05],
          [1.7743e-05],
          [1.4569e-05],
          [1.4735e-05],
          [1.7705e-05],
          [1.7368e-05],
          [2.1655e-05],
          [1.2228e-03],
          [1.8070e-04],
          [2.1445e-05],
          [1.9329e-05],
          [2.1207e-05],
          [2.3769e-05],
          [1.9601e-05],
          [2.0027e-05],
          [1.4575e-05],
          [1.7862e-05],
          [1.8085e-05],
          [1.2760e-05],
          [1.4669e-04],
          [1.8314e-04],
          [3.0911e-05],
          [2.3792e-04],
          [1.0802e-05],
          [4.0596e-04],
          [1.7064e-04],
          [2.3060e-05],
          [2.8967e-05],
          [3.1278e-05],
          [2.9216e-05],
          [3.3332e-05],
          [3.6370e-05],
          [5.2753e-05],
          [5.4025e-05],
          [8.5695e-05],
          [1.0327e-04],
          [1.5553e-04],
          [1.4321e-04],
          [1.5169e-04],
          [9.6356e-05],
          [2.0587e-04],
          [3.9012e-05],
          [3.7510e-05],
          [3.2690e-04],
          [1.2405e-04],
          [2.8191e-05],
          [1.7160e-04],
          [3.7411e-04],
          [7.2030e-05],
          [3.3290e-04],
          [1.4450e-05],
          [1.3040e-05],
          [1.1479e-05],
          [9.9085e-06],
          [9.2771e-06],
          [9.1630e-06],
          [1.6938e-05],
          [9.8457e-06],
          [1.2754e-05],
          [1.2987e-05],
          [8.2149e-04],
          [3.7384e-05],
          [1.4901e-04],
          [8.1855e-05],
          [1.2009e-05],
          [1.2078e-05],
          [1.1488e-05],
          [1.0930e-05],
          [9.9711e-06],
          [1.2583e-05],
          [1.0971e-03],
          [2.9687e-05],
          [7.6647e-04],
          [1.8048e-05],
          [1.3463e-05],
          [1.5434e-05],
          [1.3153e-05],
          [1.3181e-05],
          [1.3803e-05],
          [1.5506e-05],
          [2.0909e-05],
          [2.3066e-05],
          [2.7604e-05],
          [2.4660e-05],
          [2.9026e-05],
          [1.4166e-03],
          [3.9164e-04],
          [2.3021e-05],
          [1.9469e-05],
          [1.5130e-05],
          [1.1412e-05],
          [1.3759e-05],
          [1.7969e-05],
          [1.9122e-05],
          [1.7422e-05],
          [1.7057e-05],
          [1.7618e-05],
          [2.1021e-05],
          [1.5598e-05],
          [1.7229e-05],
          [1.6631e-05],
          [2.1550e-05],
          [1.9651e-05],
          [2.3376e-05],
          [2.3535e-05],
          [2.8048e-05],
          [2.4496e-05],
          [2.1893e-05],
          [2.3042e-05],
          [2.2655e-05],
          [2.3374e-05],
          [2.3156e-05],
          [2.4939e-05],
          [2.5783e-05],
          [2.5545e-05],
          [2.5589e-05],
          [2.5413e-05],
          [3.1072e-05],
          [2.8473e-05],
          [2.3778e-05],
          [1.9040e-05],
          [2.5151e-05],
          [1.8924e-05],
          [1.6262e-05],
          [1.2675e-05],
          [1.2273e-05],
          [1.4366e-05],
          [1.5723e-05],
          [1.6417e-05],
          [1.7341e-04],
          [4.5726e-05],
          [1.0869e-03],
          [2.2512e-05],
          [2.3701e-05],
          [2.3325e-05],
          [2.2645e-05],
          [2.8596e-05],
          [2.4111e-05],
          [2.7935e-05],
          [2.2717e-05],
          [2.0421e-05],
          [1.8113e-05],
          [2.3089e-05],
          [1.7908e-05],
          [2.1885e-05],
          [2.2276e-05],
          [3.7176e-04],
          [1.8260e-04],
          [6.8483e-04],
          [1.4982e-05],
          [1.5055e-05],
          [1.1731e-05],
          [1.1785e-05],
          [6.8427e-04],
          [5.4944e-04],
          [1.6864e-05],
          [1.3652e-05],
          [1.2759e-05],
          [1.5511e-05],
          [1.9875e-05],
          [2.9503e-05],
          [4.4444e-05],
          [3.8747e-05],
          [4.0708e-05],
          [2.6351e-05],
          [2.2346e-05],
          [1.9564e-05],
          [1.4467e-05],
          [1.5103e-05],
          [1.4555e-05],
          [1.6495e-05],
          [1.4034e-05],
          [4.7348e-05],
          [4.1995e-05],
          [4.9393e-05],
          [3.5374e-05],
          [3.2479e-05],
          [3.1197e-05],
          [2.3302e-05],
          [2.4663e-05],
          [1.9044e-05],
          [6.7286e-04],
          [1.9355e-04],
          [2.2686e-05],
          [2.1142e-05],
          [1.8114e-05],
          [1.5642e-05],
          [2.2178e-05],
          [2.3692e-05],
          [2.1167e-05],
          [7.8104e-05],
          [8.5109e-05],
          [4.4455e-04],
          [3.5606e-04],
          [2.1601e-05],
          [1.8568e-05],
          [1.8213e-05],
          [1.6003e-05],
          [1.4516e-05],
          [4.7604e-04],
          [1.3739e-04],
          [1.6014e-05],
          [7.4104e-05],
          [1.3950e-04],
          [2.0902e-05],
          [2.6465e-04],
          [2.8794e-05],
          [3.2124e-04],
          [1.8674e-05],
          [1.4243e-05],
          [1.1226e-05],
          [1.1338e-05],
          [1.1235e-05],
          [2.0298e-05],
          [5.0856e-06]]]])
