# Using CPU
# Loading Embeddings...
# Making Predictions...
torch.Size([1, 1, 442, 296])
tensor([[[[1.8441e-04],
          [3.4723e-05],
          [1.9167e-04],
          [2.4582e-05],
          [1.1936e-05],
          [2.9555e-04],
          [4.3088e-04],
          [1.5566e-05],
          [1.8784e-04],
          [4.4575e-04],
          [1.9085e-05],
          [1.8561e-05],
          [5.9806e-04],
          [3.1499e-04],
          [4.1780e-05],
          [2.7525e-05],
          [2.4124e-05],
          [1.5391e-05],
          [2.0029e-05],
          [1.4015e-05],
          [4.2778e-04],
          [2.1221e-05],
          [2.3596e-04],
          [1.6383e-05],
          [2.1588e-05],
          [3.0724e-05],
          [4.2992e-05],
          [7.4876e-05],
          [9.0120e-05],
          [1.2355e-04],
          [1.1933e-04],
          [1.4423e-04],
          [1.4342e-04],
          [1.4729e-04],
          [1.1179e-04],
          [8.3327e-05],
          [7.5335e-04],
          [5.2081e-05],
          [2.2179e-04],
          [1.2255e-04],
          [2.5020e-04],
          [2.7684e-05],
          [2.5636e-05],
          [2.7716e-05],
          [1.9769e-05],
          [1.8603e-05],
          [1.8046e-05],
          [3.6002e-05],
          [4.6812e-05],
          [7.5857e-04],
          [2.7666e-04],
          [3.8138e-05],
          [2.4778e-05],
          [4.3506e-04],
          [2.2955e-04],
          [1.7766e-05],
          [1.8309e-05],
          [1.7694e-05],
          [2.2079e-05],
          [2.7118e-05],
          [2.7585e-05],
          [2.7081e-05],
          [6.5380e-04],
          [3.8032e-04],
          [2.1409e-05],
          [2.1896e-05],
          [1.9654e-05],
          [1.7364e-05],
          [1.7711e-05],
          [1.5646e-05],
          [1.6229e-05],
          [5.0970e-04],
          [3.7259e-05],
          [2.7362e-05],
          [1.7550e-05],
          [2.0392e-05],
          [6.8532e-04],
          [1.6464e-05],
          [1.5615e-05],
          [1.2790e-05],
          [3.8334e-04],
          [2.1071e-04],
          [1.3413e-05],
          [1.4860e-05],
          [1.7400e-05],
          [2.1151e-05],
          [2.2716e-05],
          [2.5076e-05],
          [2.0394e-05],
          [1.7982e-05],
          [4.5802e-04],
          [6.9746e-05],
          [3.6582e-04],
          [1.1789e-05],
          [1.2164e-05],
          [1.0455e-05],
          [1.1832e-05],
          [1.5628e-05],
          [1.3280e-05],
          [1.8866e-05],
          [1.7505e-05],
          [1.8276e-05],
          [1.3395e-05],
          [1.3535e-05],
          [1.5294e-05],
          [2.2399e-05],
          [2.5881e-05],
          [3.1945e-05],
          [3.2851e-05],
          [3.4779e-05],
          [2.8980e-05],
          [7.5048e-05],
          [2.0479e-04],
          [2.8116e-05],
          [4.1688e-04],
          [2.0132e-05],
          [1.8010e-05],
          [1.4396e-05],
          [1.9101e-05],
          [2.0384e-05],
          [2.0019e-05],
          [1.6099e-05],
          [2.1715e-05],
          [1.2688e-05],
          [1.6851e-05],
          [1.4585e-05],
          [1.7896e-05],
          [1.8676e-05],
          [2.3037e-05],
          [2.5614e-05],
          [2.5555e-05],
          [6.0413e-04],
          [3.8155e-04],
          [3.1138e-05],
          [3.6303e-05],
          [3.7052e-05],
          [3.0916e-05],
          [3.1971e-05],
          [2.3792e-05],
          [2.5092e-05],
          [1.9257e-05],
          [1.7820e-05],
          [1.2045e-05],
          [1.3769e-05],
          [1.7235e-05],
          [2.4379e-05],
          [2.7504e-05],
          [4.0153e-05],
          [5.2622e-05],
          [8.4153e-05],
          [8.9208e-05],
          [9.8508e-05],
          [9.3233e-05],
          [1.1735e-04],
          [9.0113e-05],
          [7.8474e-05],
          [2.9997e-04],
          [2.2075e-04],
          [3.3965e-04],
          [4.1641e-04],
          [1.7776e-05],
          [1.9258e-05],
          [1.7511e-05],
          [1.9722e-05],
          [2.1689e-05],
          [2.6097e-05],
          [2.5596e-05],
          [2.5987e-05],
          [2.7878e-05],
          [2.9538e-05],
          [2.7205e-05],
          [6.6364e-04],
          [2.8186e-04],
          [3.9011e-05],
          [4.9379e-05],
          [5.3463e-05],
          [5.5156e-05],
          [4.9537e-05],
          [5.1025e-04],
          [1.0756e-04],
          [4.3216e-04],
          [1.9336e-05],
          [1.5070e-05],
          [7.0416e-04],
          [2.3893e-05],
          [2.9970e-04],
          [1.9966e-05],
          [2.2051e-05],
          [1.8279e-05],
          [5.1573e-04],
          [2.4914e-05],
          [6.3302e-04],
          [2.4505e-05],
          [3.1307e-05],
          [3.3257e-05],
          [3.3273e-05],
          [3.8984e-05],
          [3.0556e-05],
          [4.6239e-04],
          [2.7250e-04],
          [2.4174e-05],
          [2.0693e-05],
          [1.9637e-05],
          [1.4703e-05],
          [1.8341e-05],
          [1.7577e-05],
          [1.8465e-05],
          [9.6495e-04],
          [2.4847e-04],
          [1.7672e-05],
          [1.5471e-05],
          [1.5521e-05],
          [1.6077e-05],
          [1.3784e-03],
          [4.5388e-05],
          [2.0893e-05],
          [4.2169e-04],
          [1.6284e-05],
          [2.5188e-05],
          [1.4133e-05],
          [1.2534e-05],
          [1.5329e-05],
          [1.4185e-05],
          [1.1999e-05],
          [1.3289e-05],
          [1.6087e-05],
          [1.9603e-05],
          [1.8035e-05],
          [1.4847e-05],
          [1.1890e-05],
          [1.1583e-05],
          [1.2190e-05],
          [1.1546e-05],
          [1.4176e-05],
          [7.6632e-04],
          [1.4641e-04],
          [1.4887e-05],
          [1.7526e-05],
          [1.5562e-05],
          [2.0982e-05],
          [1.9028e-05],
          [2.0624e-05],
          [1.7670e-05],
          [2.6224e-05],
          [2.8067e-05],
          [1.2121e-05],
          [1.3545e-04],
          [1.4610e-04],
          [3.5508e-05],
          [3.2568e-04],
          [1.1596e-05],
          [3.9825e-04],
          [2.0471e-04],
          [2.1165e-05],
          [2.5937e-05],
          [2.7824e-05],
          [2.7027e-05],
          [3.2372e-05],
          [3.6212e-05],
          [5.3161e-05],
          [5.3911e-05],
          [9.1334e-05],
          [1.1014e-04],
          [1.7056e-04],
          [1.6157e-04],
          [1.7465e-04],
          [1.0163e-04],
          [2.9767e-04],
          [4.4016e-05],
          [4.2921e-05],
          [3.7117e-04],
          [1.9414e-04],
          [3.0219e-05],
          [1.6326e-04],
          [4.7317e-04],
          [5.7738e-05],
          [3.6872e-04],
          [1.5221e-05],
          [1.3886e-05],
          [1.1806e-05],
          [9.9633e-06],
          [9.7350e-06],
          [9.9130e-06],
          [1.9440e-05],
          [1.1042e-05],
          [1.3695e-05],
          [1.1846e-05],
          [8.1672e-04],
          [3.3784e-05],
          [1.6934e-04],
          [5.4802e-05],
          [1.2827e-05],
          [1.2889e-05],
          [1.2226e-05],
          [1.1680e-05],
          [1.0692e-05],
          [1.0629e-05],
          [9.8460e-04],
          [2.6690e-05],
          [4.3013e-04],
          [1.4782e-05],
          [1.3044e-05],
          [1.2801e-05],
          [1.2407e-05],
          [1.3379e-05],
          [1.2928e-05],
          [1.2590e-05],
          [1.7067e-05],
          [1.5624e-05],
          [2.2167e-05],
          [2.5701e-05],
          [3.1418e-05],
          [1.3655e-03],
          [2.4306e-04],
          [2.3416e-05],
          [1.9474e-05],
          [1.4482e-05],
          [1.1148e-05],
          [1.2609e-05],
          [1.5736e-05],
          [1.7627e-05],
          [1.4201e-05],
          [1.5519e-05],
          [1.4077e-05],
          [1.3621e-05],
          [1.2159e-05],
          [1.2495e-05],
          [1.1423e-05],
          [1.5097e-05],
          [1.4959e-05],
          [1.5531e-05],
          [1.7495e-05],
          [1.8415e-05],
          [1.6408e-05],
          [1.4942e-05],
          [1.6690e-05],
          [1.7120e-05],
          [1.7247e-05],
          [1.7674e-05],
          [2.1107e-05],
          [2.1947e-05],
          [2.3523e-05],
          [2.0395e-05],
          [2.4809e-05],
          [2.9744e-05],
          [2.7096e-05],
          [2.5280e-05],
          [2.0274e-05],
          [3.1170e-05],
          [1.9928e-05],
          [1.8124e-05],
          [1.1663e-05],
          [1.7204e-05],
          [1.7686e-05],
          [1.6390e-05],
          [1.5607e-05],
          [1.4568e-04],
          [3.0506e-05],
          [6.8993e-04],
          [2.0348e-05],
          [1.9612e-05],
          [1.6823e-05],
          [1.7021e-05],
          [1.6604e-05],
          [1.3349e-05],
          [1.3603e-05],
          [1.2818e-05],
          [1.0722e-05],
          [1.0443e-05],
          [1.4289e-05],
          [1.2641e-05],
          [1.4694e-05],
          [1.4585e-05],
          [2.2465e-04],
          [1.5056e-04],
          [5.0831e-04],
          [1.3411e-05],
          [1.1806e-05],
          [9.2939e-06],
          [1.2436e-05],
          [5.8701e-04],
          [3.2732e-04],
          [1.3624e-05],
          [1.0678e-05],
          [1.5191e-05],
          [1.5916e-05],
          [1.9690e-05],
          [2.4048e-05],
          [2.9830e-05],
          [2.6706e-05],
          [2.1507e-05],
          [1.6452e-05],
          [1.4464e-05],
          [1.2983e-05],
          [1.0072e-05],
          [1.0468e-05],
          [1.0782e-05],
          [1.1915e-05],
          [1.2790e-05],
          [6.0498e-05],
          [3.3279e-05],
          [4.1929e-05],
          [1.6161e-04],
          [3.2502e-05],
          [3.2790e-05],
          [2.4631e-05],
          [2.4835e-05],
          [2.0511e-05],
          [6.8697e-04],
          [1.7630e-04],
          [2.4941e-05],
          [2.3172e-05],
          [1.9762e-05],
          [1.6383e-05],
          [2.1961e-05],
          [2.0929e-05],
          [2.6139e-05],
          [6.0302e-05],
          [7.7717e-05],
          [3.8980e-04],
          [2.1057e-04],
          [2.7603e-05],
          [1.6408e-05],
          [1.6442e-05],
          [2.1990e-05],
          [1.5460e-05],
          [4.9319e-04],
          [1.9332e-04],
          [1.7101e-05],
          [7.0665e-05],
          [1.7942e-04],
          [2.2508e-05],
          [2.7960e-04],
          [2.7823e-05],
          [3.2473e-04],
          [2.2333e-05],
          [1.4766e-05],
          [1.1665e-05],
          [1.2062e-05],
          [1.1201e-05],
          [1.8936e-05],
          [5.4597e-06]]]])
