# Using CPU
# Loading Embeddings...
# Making Predictions...
torch.Size([1, 1, 442, 253])
tensor([[[[1.0759e-04],
          [3.4000e-05],
          [1.0208e-04],
          [2.1077e-05],
          [9.4553e-06],
          [6.2058e-04],
          [5.2913e-04],
          [1.7738e-05],
          [4.4172e-04],
          [6.4038e-04],
          [1.7894e-05],
          [1.7000e-05],
          [4.6421e-04],
          [2.4738e-04],
          [1.3366e-05],
          [1.2046e-05],
          [1.2230e-05],
          [1.2074e-05],
          [1.6104e-05],
          [2.1244e-05],
          [1.2435e-03],
          [2.8827e-05],
          [2.1177e-04],
          [1.5622e-05],
          [1.7918e-05],
          [2.3693e-05],
          [3.5744e-05],
          [6.7221e-05],
          [8.5882e-05],
          [1.0810e-04],
          [1.1712e-04],
          [1.2945e-04],
          [1.2358e-04],
          [1.2395e-04],
          [8.7227e-05],
          [7.0723e-05],
          [1.6253e-03],
          [8.4064e-05],
          [2.4545e-04],
          [1.8324e-04],
          [2.0050e-04],
          [3.0551e-05],
          [2.6392e-05],
          [2.7208e-05],
          [1.8555e-05],
          [1.7001e-05],
          [1.3872e-05],
          [1.4147e-05],
          [1.7596e-05],
          [2.9016e-04],
          [1.5807e-04],
          [1.1868e-05],
          [1.2909e-05],
          [6.8216e-04],
          [2.4851e-04],
          [1.2855e-05],
          [1.3233e-05],
          [1.4963e-05],
          [1.7535e-05],
          [2.0299e-05],
          [2.0186e-05],
          [1.9467e-05],
          [3.0534e-04],
          [1.9874e-04],
          [1.6430e-05],
          [1.6328e-05],
          [1.5182e-05],
          [1.4142e-05],
          [1.4190e-05],
          [1.5454e-05],
          [1.3654e-05],
          [3.1413e-04],
          [2.8772e-05],
          [2.2916e-05],
          [1.2257e-05],
          [1.8050e-05],
          [4.0241e-04],
          [1.4289e-05],
          [1.4100e-05],
          [1.2859e-05],
          [2.1056e-04],
          [1.5406e-04],
          [1.3898e-05],
          [1.4444e-05],
          [1.7510e-05],
          [2.0207e-05],
          [2.1581e-05],
          [2.2767e-05],
          [1.8836e-05],
          [1.6298e-05],
          [6.3067e-04],
          [9.6056e-05],
          [2.3598e-04],
          [1.1368e-05],
          [1.4686e-05],
          [2.1808e-05],
          [2.5269e-05],
          [4.0128e-05],
          [3.2652e-05],
          [3.4986e-05],
          [3.3135e-05],
          [2.0778e-05],
          [1.4747e-05],
          [1.3006e-05],
          [1.2132e-05],
          [1.4842e-05],
          [1.5982e-05],
          [2.0381e-05],
          [2.1248e-05],
          [2.2687e-05],
          [2.0600e-05],
          [1.6412e-04],
          [1.1526e-04],
          [1.5250e-05],
          [1.9697e-04],
          [1.4910e-05],
          [1.3822e-05],
          [1.1213e-05],
          [1.4383e-05],
          [1.5051e-05],
          [1.5385e-05],
          [1.2259e-05],
          [1.2957e-05],
          [1.2297e-05],
          [1.3010e-05],
          [1.4659e-05],
          [1.5721e-05],
          [1.6141e-05],
          [1.7375e-05],
          [1.9766e-05],
          [1.6923e-05],
          [3.8286e-04],
          [4.2699e-04],
          [1.8601e-05],
          [2.0194e-05],
          [1.8799e-05],
          [1.7342e-05],
          [1.8950e-05],
          [1.5353e-05],
          [1.6015e-05],
          [1.3553e-05],
          [1.2433e-05],
          [1.0848e-05],
          [1.1184e-05],
          [1.2726e-05],
          [1.5570e-05],
          [1.7138e-05],
          [2.1943e-05],
          [2.8668e-05],
          [4.1139e-05],
          [4.7946e-05],
          [5.4871e-05],
          [6.3585e-05],
          [7.1405e-05],
          [7.7949e-05],
          [5.7306e-05],
          [5.6768e-04],
          [3.8604e-04],
          [3.1958e-04],
          [5.5713e-04],
          [1.6850e-05],
          [1.5543e-05],
          [1.5828e-05],
          [1.6941e-05],
          [1.7016e-05],
          [2.2031e-05],
          [1.9706e-05],
          [2.0014e-05],
          [1.9594e-05],
          [2.1668e-05],
          [1.9404e-05],
          [5.1222e-04],
          [2.3272e-04],
          [2.3048e-05],
          [2.6987e-05],
          [2.7867e-05],
          [2.9631e-05],
          [2.7950e-05],
          [2.0491e-04],
          [3.7046e-05],
          [2.1007e-04],
          [1.5178e-05],
          [1.4769e-05],
          [2.1238e-04],
          [1.1613e-05],
          [2.0164e-04],
          [1.5992e-05],
          [1.6966e-05],
          [1.3976e-05],
          [8.2741e-04],
          [2.8547e-05],
          [1.6536e-03],
          [1.7503e-05],
          [2.0523e-05],
          [2.0851e-05],
          [2.1924e-05],
          [2.9534e-05],
          [2.3624e-05],
          [2.6137e-04],
          [1.6350e-04],
          [2.3366e-05],
          [1.8553e-05],
          [1.9910e-05],
          [1.5541e-05],
          [1.7843e-05],
          [1.7479e-05],
          [1.3779e-05],
          [5.5336e-04],
          [3.0747e-04],
          [1.5344e-05],
          [1.5727e-05],
          [1.6101e-05],
          [1.5487e-05],
          [5.2048e-04],
          [4.4064e-05],
          [2.0451e-05],
          [2.7875e-04],
          [1.4787e-05],
          [1.4213e-05],
          [1.4178e-05],
          [1.3626e-05],
          [1.7800e-05],
          [1.5463e-05],
          [1.3746e-05],
          [1.3908e-05],
          [1.5729e-05],
          [1.5178e-05],
          [1.4369e-05],
          [1.1960e-05],
          [1.1273e-05],
          [1.1836e-05],
          [1.2847e-05],
          [1.3194e-05],
          [1.2687e-05],
          [6.3689e-04],
          [1.6638e-04],
          [1.6988e-05],
          [1.9641e-05],
          [1.6482e-05],
          [1.7197e-05],
          [1.6001e-05],
          [2.0826e-05],
          [1.7966e-05],
          [2.1948e-05],
          [2.1203e-05],
          [1.4252e-05],
          [4.1180e-04],
          [5.7353e-04],
          [1.6420e-05],
          [2.1259e-04],
          [1.2040e-05],
          [2.6033e-04],
          [1.1615e-04],
          [2.4721e-05],
          [3.2928e-05],
          [3.4343e-05],
          [3.0434e-05],
          [4.5398e-05],
          [5.2007e-05],
          [5.3529e-05],
          [5.1391e-05],
          [7.8562e-05],
          [8.3749e-05],
          [9.0911e-05],
          [8.0932e-05],
          [8.8035e-05],
          [5.6189e-05],
          [1.2259e-04],
          [2.4966e-05],
          [2.4058e-05],
          [1.5926e-04],
          [2.8480e-04],
          [1.7774e-05],
          [8.8390e-05],
          [1.4167e-04],
          [3.8029e-05],
          [1.7483e-04],
          [1.3272e-05],
          [1.1590e-05],
          [9.7726e-06],
          [8.9644e-06],
          [9.4401e-06],
          [9.1530e-06],
          [1.7531e-05],
          [1.2493e-05],
          [1.7513e-05],
          [1.3299e-05],
          [2.9743e-04],
          [1.9815e-05],
          [8.1508e-05],
          [6.4540e-05],
          [1.2595e-05],
          [1.1659e-05],
          [1.1019e-05],
          [1.1143e-05],
          [1.1414e-05],
          [1.1111e-05],
          [7.4732e-04],
          [2.2490e-05],
          [3.0154e-04],
          [1.3592e-05],
          [1.3851e-05],
          [1.8016e-05],
          [1.8579e-05],
          [1.9480e-05],
          [1.9464e-05],
          [1.9416e-05],
          [2.3595e-05],
          [2.0824e-05],
          [2.8578e-05],
          [3.3666e-05],
          [3.8016e-05],
          [5.0970e-04],
          [1.8813e-04],
          [2.8287e-05],
          [2.3034e-05],
          [1.9895e-05],
          [1.4216e-05],
          [1.2771e-05],
          [1.7136e-05],
          [1.8330e-05],
          [1.6157e-05],
          [1.9861e-05],
          [1.4093e-05],
          [1.3871e-05],
          [1.1200e-05],
          [1.1927e-05],
          [1.5181e-05],
          [1.6717e-05],
          [1.4444e-05],
          [1.5829e-05],
          [1.4787e-05],
          [1.7667e-05],
          [1.4715e-05],
          [1.3326e-05],
          [1.6325e-05],
          [1.8918e-05],
          [2.1506e-05],
          [1.8473e-05],
          [2.8358e-05],
          [2.6559e-05],
          [2.8364e-05],
          [1.9358e-05],
          [2.0880e-05],
          [2.2186e-05],
          [2.1372e-05],
          [1.7175e-05],
          [1.6056e-05],
          [1.5202e-05],
          [1.5398e-05],
          [1.5206e-05],
          [1.6673e-05],
          [1.8221e-05],
          [1.4465e-05],
          [1.5978e-05],
          [1.7476e-05],
          [3.4299e-04],
          [4.0484e-05],
          [1.8927e-03],
          [2.1797e-05],
          [2.3991e-05],
          [2.1633e-05],
          [1.9955e-05],
          [2.0168e-05],
          [1.4426e-05],
          [1.0831e-05],
          [1.1335e-05],
          [1.0572e-05],
          [1.1334e-05],
          [1.2977e-05],
          [1.5354e-05],
          [1.8573e-05],
          [1.8047e-05],
          [4.4921e-04],
          [6.3980e-05],
          [3.0412e-04],
          [1.3659e-05],
          [1.1461e-05],
          [9.6027e-06],
          [9.9780e-06],
          [7.4862e-04],
          [2.1757e-04],
          [1.3029e-05],
          [1.0824e-05],
          [1.2105e-05],
          [1.5544e-05],
          [2.1280e-05],
          [2.7102e-05],
          [3.1810e-05],
          [2.9022e-05],
          [2.9748e-05],
          [2.3417e-05],
          [2.1334e-05],
          [1.3350e-05],
          [1.3363e-05],
          [1.0224e-05],
          [1.1308e-05],
          [1.0711e-05],
          [1.1104e-05],
          [2.7742e-05],
          [3.3516e-05],
          [4.4454e-05],
          [3.8506e-05],
          [2.9776e-05],
          [3.1173e-05],
          [3.4639e-05],
          [3.0403e-05],
          [2.2510e-05],
          [3.0645e-04],
          [1.3482e-04],
          [2.2392e-05],
          [1.9906e-05],
          [1.8070e-05],
          [1.6032e-05],
          [1.5616e-05],
          [1.6954e-05],
          [1.5989e-05],
          [1.7221e-04],
          [1.4502e-04],
          [5.1913e-04],
          [3.8353e-04],
          [1.9795e-05],
          [1.8688e-05],
          [1.9425e-05],
          [1.7676e-05],
          [1.5448e-05],
          [4.1922e-04],
          [2.2561e-04],
          [1.4956e-05],
          [8.5691e-05],
          [1.3772e-04],
          [1.7645e-05],
          [1.7498e-04],
          [2.3522e-05],
          [2.8885e-04],
          [2.5478e-05],
          [1.5784e-05],
          [1.4056e-05],
          [1.2595e-05],
          [1.1941e-05],
          [6.3751e-05],
          [9.4014e-06]]]])
