# Using CPU
# Loading Embeddings...
# Making Predictions...
torch.Size([1, 1, 442, 285])
tensor([[[[2.5872e-04],
          [1.2912e-04],
          [9.7647e-05],
          [4.0178e-05],
          [1.0014e-05],
          [5.2889e-04],
          [1.4433e-04],
          [3.6341e-05],
          [4.2258e-04],
          [3.2814e-04],
          [1.2245e-05],
          [1.0402e-05],
          [4.3043e-04],
          [2.1392e-04],
          [5.0976e-05],
          [1.8489e-05],
          [6.0654e-05],
          [1.5494e-05],
          [1.7835e-05],
          [3.4041e-05],
          [8.4065e-04],
          [3.1567e-05],
          [5.3303e-04],
          [1.4007e-05],
          [1.2778e-05],
          [1.6047e-05],
          [1.8651e-05],
          [2.4672e-05],
          [2.3915e-05],
          [2.8763e-05],
          [2.3753e-05],
          [2.4613e-05],
          [3.1720e-05],
          [5.0095e-05],
          [1.6820e-05],
          [1.8194e-05],
          [5.3918e-04],
          [8.2352e-05],
          [2.5527e-04],
          [9.1936e-05],
          [2.5061e-04],
          [1.7386e-05],
          [1.5607e-05],
          [1.6594e-05],
          [1.3354e-05],
          [1.2669e-05],
          [1.1381e-05],
          [2.1858e-05],
          [2.5488e-05],
          [3.5472e-04],
          [1.6778e-04],
          [1.3310e-05],
          [1.3965e-05],
          [5.1638e-04],
          [3.0257e-04],
          [1.2142e-05],
          [1.1612e-05],
          [1.4311e-05],
          [1.7843e-05],
          [1.4573e-05],
          [1.3718e-05],
          [1.3142e-05],
          [4.2919e-04],
          [2.8312e-04],
          [1.4408e-05],
          [1.4795e-05],
          [1.6761e-05],
          [1.6059e-05],
          [1.6541e-05],
          [1.5171e-05],
          [1.4307e-05],
          [6.9868e-04],
          [3.3006e-05],
          [7.0375e-05],
          [1.3999e-05],
          [2.5534e-05],
          [7.3621e-04],
          [1.2272e-05],
          [1.2787e-05],
          [1.1781e-05],
          [6.8246e-04],
          [1.9605e-04],
          [1.3740e-05],
          [1.1239e-05],
          [1.1905e-05],
          [1.3183e-05],
          [1.3704e-05],
          [1.4387e-05],
          [1.3349e-05],
          [1.3236e-05],
          [4.6296e-04],
          [6.5750e-05],
          [2.3468e-04],
          [1.2433e-05],
          [1.8244e-05],
          [1.6173e-05],
          [1.6963e-05],
          [2.0933e-05],
          [1.7004e-05],
          [2.1293e-05],
          [1.8985e-05],
          [1.7266e-05],
          [1.3266e-05],
          [1.3150e-05],
          [1.2423e-05],
          [1.2283e-05],
          [1.3081e-05],
          [1.6543e-05],
          [1.7799e-05],
          [1.8352e-05],
          [1.5980e-05],
          [1.5588e-04],
          [1.7096e-04],
          [2.3104e-05],
          [4.1685e-04],
          [1.6797e-05],
          [1.1717e-05],
          [1.1612e-05],
          [1.1245e-05],
          [1.3917e-05],
          [1.3654e-05],
          [1.1223e-05],
          [2.8140e-05],
          [1.3214e-05],
          [1.3221e-05],
          [1.2187e-05],
          [1.1728e-05],
          [1.2193e-05],
          [1.3642e-05],
          [1.5642e-05],
          [1.4178e-05],
          [9.1711e-04],
          [4.3938e-04],
          [2.2027e-05],
          [2.3027e-05],
          [2.3818e-05],
          [2.1038e-05],
          [2.0348e-05],
          [1.8540e-05],
          [1.9379e-05],
          [1.7808e-05],
          [1.4485e-05],
          [1.1997e-05],
          [1.3339e-05],
          [1.3075e-05],
          [1.3037e-05],
          [1.2797e-05],
          [1.5824e-05],
          [1.9031e-05],
          [2.5548e-05],
          [2.4296e-05],
          [3.0249e-05],
          [3.1359e-05],
          [4.7860e-05],
          [4.1160e-05],
          [4.6280e-05],
          [3.5248e-04],
          [2.7940e-04],
          [1.8691e-04],
          [7.2940e-04],
          [1.8661e-05],
          [1.6616e-05],
          [1.7309e-05],
          [1.9898e-05],
          [1.8017e-05],
          [2.7143e-05],
          [2.2004e-05],
          [2.4176e-05],
          [2.5338e-05],
          [2.4354e-05],
          [1.8761e-05],
          [4.1361e-04],
          [3.2292e-04],
          [1.5797e-05],
          [1.5861e-05],
          [2.6747e-05],
          [1.7284e-05],
          [1.6523e-05],
          [4.8588e-04],
          [3.7649e-05],
          [6.0953e-04],
          [1.5601e-05],
          [1.4833e-05],
          [5.9085e-04],
          [1.4851e-05],
          [1.8112e-04],
          [1.2655e-05],
          [1.3263e-05],
          [1.2827e-05],
          [5.3942e-04],
          [4.1174e-05],
          [1.3580e-03],
          [1.8520e-05],
          [1.9866e-05],
          [2.0374e-05],
          [2.0807e-05],
          [2.3090e-05],
          [2.0553e-05],
          [6.3278e-04],
          [2.9939e-04],
          [1.4786e-05],
          [1.3843e-05],
          [1.5707e-05],
          [1.5070e-05],
          [1.7778e-05],
          [1.7806e-05],
          [1.6233e-05],
          [3.0212e-04],
          [4.8191e-04],
          [1.7065e-05],
          [1.4469e-05],
          [1.4528e-05],
          [1.3413e-05],
          [3.7232e-04],
          [2.8907e-05],
          [2.1065e-05],
          [4.7558e-04],
          [1.5208e-05],
          [1.7379e-05],
          [1.4671e-05],
          [1.6311e-05],
          [1.9522e-05],
          [1.7790e-05],
          [1.5649e-05],
          [1.5936e-05],
          [4.0257e-05],
          [1.7753e-05],
          [1.7204e-05],
          [1.4735e-05],
          [1.5219e-05],
          [1.3595e-05],
          [1.4461e-05],
          [1.3339e-05],
          [1.2589e-05],
          [3.8107e-04],
          [2.8800e-04],
          [1.5793e-05],
          [1.8108e-05],
          [1.6997e-05],
          [1.9550e-05],
          [1.6395e-05],
          [1.6297e-05],
          [1.6069e-05],
          [1.9288e-05],
          [1.8660e-05],
          [1.2154e-05],
          [3.8363e-04],
          [1.8162e-04],
          [2.3202e-05],
          [2.6086e-04],
          [1.2866e-05],
          [2.1774e-04],
          [1.3236e-04],
          [2.0783e-05],
          [2.4104e-05],
          [2.7281e-05],
          [2.4009e-05],
          [3.1870e-05],
          [3.6393e-05],
          [4.0417e-05],
          [3.3149e-05],
          [3.7876e-05],
          [3.6477e-05],
          [3.1119e-05],
          [4.6226e-05],
          [4.0541e-05],
          [4.8756e-05],
          [3.5724e-04],
          [3.8157e-05],
          [2.3770e-05],
          [5.1048e-04],
          [2.0669e-04],
          [2.1101e-05],
          [1.5869e-04],
          [1.7031e-04],
          [4.9864e-05],
          [3.3035e-04],
          [1.3997e-05],
          [1.1125e-05],
          [9.6997e-06],
          [9.5670e-06],
          [1.0654e-05],
          [1.2676e-05],
          [2.2147e-05],
          [1.1730e-05],
          [1.4511e-05],
          [1.1228e-05],
          [9.8123e-04],
          [2.4261e-05],
          [1.0009e-04],
          [7.9828e-05],
          [1.1969e-05],
          [9.7081e-06],
          [9.6373e-06],
          [9.9636e-06],
          [1.0566e-05],
          [1.3690e-05],
          [4.3179e-04],
          [2.4006e-05],
          [7.4646e-04],
          [1.4196e-05],
          [1.5266e-05],
          [1.8735e-05],
          [1.8404e-05],
          [1.8147e-05],
          [2.0421e-05],
          [1.7991e-05],
          [2.2311e-05],
          [2.2189e-05],
          [2.5636e-05],
          [3.0210e-05],
          [2.8408e-05],
          [2.9329e-04],
          [3.9250e-04],
          [2.3997e-05],
          [2.0602e-05],
          [5.7831e-05],
          [1.7591e-05],
          [1.4121e-05],
          [1.5533e-05],
          [2.1041e-05],
          [2.5516e-05],
          [1.5503e-05],
          [1.4027e-05],
          [1.5586e-05],
          [1.2703e-05],
          [1.5870e-05],
          [1.5324e-05],
          [1.7613e-05],
          [1.6403e-05],
          [1.7310e-05],
          [1.6176e-05],
          [1.7867e-05],
          [1.6601e-05],
          [1.5742e-05],
          [1.5816e-05],
          [1.6455e-05],
          [2.0260e-05],
          [1.6635e-05],
          [2.1254e-05],
          [1.8720e-05],
          [1.9723e-05],
          [1.8272e-05],
          [1.8457e-05],
          [2.0892e-05],
          [1.8419e-05],
          [1.6780e-05],
          [1.4521e-05],
          [1.4871e-05],
          [1.4004e-05],
          [1.3246e-05],
          [1.1797e-05],
          [1.4907e-05],
          [1.2939e-05],
          [1.4393e-05],
          [1.7033e-05],
          [3.0460e-04],
          [3.3921e-05],
          [1.3830e-03],
          [2.4702e-05],
          [2.2373e-05],
          [2.1937e-05],
          [1.9362e-05],
          [1.7400e-05],
          [1.2360e-05],
          [1.0863e-05],
          [1.0542e-05],
          [1.0578e-05],
          [1.1697e-05],
          [1.3111e-05],
          [1.4016e-05],
          [1.7469e-05],
          [1.7028e-05],
          [3.4297e-04],
          [7.7142e-05],
          [5.1710e-04],
          [1.3887e-05],
          [1.2254e-05],
          [1.3592e-05],
          [2.2599e-05],
          [3.9207e-04],
          [6.3935e-04],
          [1.2599e-05],
          [1.3530e-05],
          [1.4526e-05],
          [1.7746e-05],
          [1.9586e-05],
          [2.4253e-05],
          [2.4729e-05],
          [2.1006e-05],
          [2.1491e-05],
          [1.7025e-05],
          [1.4412e-05],
          [1.1933e-05],
          [1.2764e-05],
          [1.1231e-05],
          [1.1777e-05],
          [1.1599e-05],
          [1.1685e-05],
          [2.1773e-05],
          [3.3828e-05],
          [3.7816e-05],
          [5.2373e-05],
          [3.1271e-05],
          [3.1666e-05],
          [2.9297e-05],
          [2.5060e-05],
          [1.6335e-05],
          [3.1862e-04],
          [1.7651e-04],
          [1.7055e-05],
          [1.7033e-05],
          [1.4748e-05],
          [1.5938e-05],
          [2.0267e-05],
          [2.1112e-05],
          [1.8834e-05],
          [1.4477e-04],
          [5.1530e-05],
          [2.5661e-04],
          [4.2398e-04],
          [2.3890e-05],
          [2.0553e-05],
          [1.8843e-05],
          [1.5489e-05],
          [1.1817e-05],
          [4.0857e-04],
          [4.1210e-04],
          [1.6132e-05],
          [7.0172e-05],
          [2.1403e-04],
          [1.4250e-05],
          [2.9703e-04],
          [2.7163e-05],
          [3.4024e-04],
          [1.8165e-05],
          [1.1357e-05],
          [1.0192e-05],
          [1.0862e-05],
          [2.0280e-05],
          [5.0166e-05],
          [7.4170e-06]]]])
