# Using CPU
# Loading Embeddings...
# Making Predictions...
torch.Size([1, 1, 442, 260])
tensor([[[[2.4938e-04],
          [1.3372e-04],
          [9.4818e-05],
          [3.7878e-05],
          [9.4266e-06],
          [2.9069e-04],
          [2.1061e-04],
          [3.9558e-05],
          [2.2783e-04],
          [5.0180e-04],
          [1.1763e-05],
          [9.9492e-06],
          [5.0202e-04],
          [2.3390e-04],
          [9.3449e-05],
          [2.1285e-05],
          [7.1332e-05],
          [1.7107e-05],
          [1.7871e-05],
          [1.7055e-05],
          [4.5598e-04],
          [3.3525e-05],
          [7.2823e-04],
          [1.3377e-05],
          [1.1871e-05],
          [1.4868e-05],
          [1.7231e-05],
          [2.3106e-05],
          [2.3056e-05],
          [2.6198e-05],
          [2.2335e-05],
          [2.7568e-05],
          [2.6995e-05],
          [5.2572e-05],
          [1.7611e-05],
          [1.8818e-05],
          [4.9636e-04],
          [8.5519e-05],
          [2.3176e-04],
          [8.6532e-05],
          [3.1477e-04],
          [1.6322e-05],
          [1.5079e-05],
          [1.5901e-05],
          [1.3153e-05],
          [1.2909e-05],
          [1.1458e-05],
          [2.2820e-05],
          [2.9252e-05],
          [3.5816e-04],
          [2.6917e-04],
          [1.3735e-05],
          [1.5012e-05],
          [3.6387e-04],
          [4.6038e-04],
          [1.1686e-05],
          [1.0827e-05],
          [1.6102e-05],
          [1.5711e-05],
          [1.2094e-05],
          [1.3368e-05],
          [1.3752e-05],
          [5.5516e-04],
          [2.6478e-04],
          [1.2810e-05],
          [1.3624e-05],
          [1.5709e-05],
          [1.5786e-05],
          [1.4863e-05],
          [1.4639e-05],
          [1.3756e-05],
          [7.4824e-04],
          [2.7510e-05],
          [8.0564e-05],
          [1.1871e-05],
          [2.1672e-05],
          [1.2167e-03],
          [1.2656e-05],
          [1.2333e-05],
          [1.2266e-05],
          [8.2121e-04],
          [1.8276e-04],
          [1.3555e-05],
          [1.1038e-05],
          [1.1508e-05],
          [1.2819e-05],
          [1.3285e-05],
          [1.4658e-05],
          [1.3388e-05],
          [1.3080e-05],
          [2.7441e-04],
          [5.6925e-05],
          [2.5013e-04],
          [1.2257e-05],
          [1.9695e-05],
          [1.7190e-05],
          [1.8665e-05],
          [2.2025e-05],
          [2.1441e-05],
          [2.2340e-05],
          [2.3264e-05],
          [1.8375e-05],
          [1.2520e-05],
          [1.1426e-05],
          [1.0806e-05],
          [1.1358e-05],
          [1.1507e-05],
          [1.3537e-05],
          [1.3986e-05],
          [1.5155e-05],
          [1.2199e-05],
          [8.7282e-05],
          [2.0493e-04],
          [2.5442e-05],
          [3.7930e-04],
          [1.6265e-05],
          [1.0821e-05],
          [1.1838e-05],
          [1.0700e-05],
          [1.2719e-05],
          [1.2456e-05],
          [1.0451e-05],
          [2.9944e-05],
          [1.2595e-05],
          [1.3737e-05],
          [1.0838e-05],
          [1.1792e-05],
          [1.1209e-05],
          [1.1456e-05],
          [1.5079e-05],
          [1.4217e-05],
          [1.0551e-03],
          [3.8056e-04],
          [2.2387e-05],
          [1.8936e-05],
          [1.9470e-05],
          [1.7384e-05],
          [1.7158e-05],
          [1.6115e-05],
          [1.6940e-05],
          [1.6257e-05],
          [1.3831e-05],
          [1.1756e-05],
          [1.3579e-05],
          [1.2667e-05],
          [1.2839e-05],
          [1.2559e-05],
          [1.5520e-05],
          [1.7790e-05],
          [2.5735e-05],
          [2.2636e-05],
          [2.7515e-05],
          [2.7721e-05],
          [4.1741e-05],
          [3.6133e-05],
          [4.0617e-05],
          [4.3470e-04],
          [3.9857e-04],
          [1.5373e-04],
          [1.1797e-03],
          [1.5895e-05],
          [1.3737e-05],
          [1.4483e-05],
          [1.5842e-05],
          [1.6105e-05],
          [2.1939e-05],
          [1.9559e-05],
          [2.1912e-05],
          [2.3197e-05],
          [2.2284e-05],
          [1.8422e-05],
          [3.1677e-04],
          [4.6981e-04],
          [1.5149e-05],
          [1.3988e-05],
          [2.3519e-05],
          [1.7987e-05],
          [1.6923e-05],
          [4.9611e-04],
          [4.2965e-05],
          [5.6698e-04],
          [1.8373e-05],
          [1.5514e-05],
          [7.7656e-04],
          [1.4816e-05],
          [1.7781e-04],
          [1.2533e-05],
          [1.3415e-05],
          [1.3355e-05],
          [3.8832e-04],
          [7.4538e-05],
          [2.2460e-03],
          [1.4160e-05],
          [1.5177e-05],
          [1.4611e-05],
          [1.5579e-05],
          [1.7582e-05],
          [1.5673e-05],
          [7.0489e-04],
          [2.7738e-04],
          [1.1744e-05],
          [1.1167e-05],
          [1.2061e-05],
          [1.1280e-05],
          [1.3912e-05],
          [1.4014e-05],
          [1.2979e-05],
          [2.2945e-04],
          [7.5645e-04],
          [1.3189e-05],
          [1.2137e-05],
          [1.4363e-05],
          [1.3410e-05],
          [3.1265e-04],
          [3.1417e-05],
          [1.9810e-05],
          [8.7955e-04],
          [1.3530e-05],
          [1.8791e-05],
          [1.3209e-05],
          [1.5278e-05],
          [1.5607e-05],
          [1.4048e-05],
          [1.2471e-05],
          [1.2701e-05],
          [2.1193e-05],
          [1.5362e-05],
          [1.4074e-05],
          [1.5319e-05],
          [1.2854e-05],
          [1.3708e-05],
          [1.3491e-05],
          [1.0376e-05],
          [1.2554e-05],
          [2.7673e-04],
          [4.1469e-04],
          [1.3317e-05],
          [1.3833e-05],
          [1.3531e-05],
          [1.5033e-05],
          [4.5019e-05],
          [1.7417e-05],
          [1.4837e-05],
          [1.7976e-05],
          [1.9264e-05],
          [1.2778e-05],
          [1.6387e-04],
          [2.0811e-04],
          [2.1441e-05],
          [2.4787e-04],
          [1.1580e-05],
          [2.3403e-04],
          [1.6399e-04],
          [1.7230e-05],
          [2.0497e-05],
          [2.2703e-05],
          [1.9802e-05],
          [2.6209e-05],
          [2.9127e-05],
          [3.1327e-05],
          [2.6059e-05],
          [2.8625e-05],
          [2.6547e-05],
          [2.4172e-05],
          [4.4219e-05],
          [3.7141e-05],
          [4.6050e-05],
          [2.8111e-04],
          [4.0665e-05],
          [2.4825e-05],
          [4.6670e-04],
          [1.7652e-04],
          [2.4905e-05],
          [1.3402e-04],
          [2.0275e-04],
          [3.9460e-05],
          [3.0482e-04],
          [1.3983e-05],
          [1.1912e-05],
          [1.0071e-05],
          [9.8226e-06],
          [1.0526e-05],
          [1.1142e-05],
          [2.2296e-05],
          [1.3304e-05],
          [1.6190e-05],
          [1.1637e-05],
          [1.1699e-03],
          [2.6648e-05],
          [1.0314e-04],
          [1.1214e-04],
          [1.2291e-05],
          [9.8858e-06],
          [1.0166e-05],
          [9.7392e-06],
          [1.0241e-05],
          [1.0219e-05],
          [4.4413e-04],
          [2.5861e-05],
          [1.3563e-03],
          [1.2971e-05],
          [1.2943e-05],
          [1.5207e-05],
          [1.5727e-05],
          [1.5543e-05],
          [1.7039e-05],
          [1.5582e-05],
          [1.9882e-05],
          [1.7821e-05],
          [2.1404e-05],
          [2.4426e-05],
          [2.3083e-05],
          [3.0115e-04],
          [6.2408e-04],
          [1.8894e-05],
          [1.7206e-05],
          [1.5335e-05],
          [1.5303e-05],
          [1.2918e-05],
          [1.3920e-05],
          [1.5635e-05],
          [1.5332e-05],
          [1.6996e-05],
          [1.5231e-05],
          [1.5300e-05],
          [1.0479e-05],
          [1.2157e-05],
          [1.1535e-05],
          [1.3172e-05],
          [1.2380e-05],
          [1.4072e-05],
          [1.3687e-05],
          [1.5417e-05],
          [1.5087e-05],
          [1.3704e-05],
          [1.4539e-05],
          [1.4093e-05],
          [1.7711e-05],
          [1.4391e-05],
          [1.9127e-05],
          [1.7653e-05],
          [1.6364e-05],
          [1.5111e-05],
          [1.7878e-05],
          [2.0437e-05],
          [1.9698e-05],
          [1.6463e-05],
          [1.2562e-05],
          [1.4518e-05],
          [1.6694e-05],
          [1.6185e-05],
          [1.7335e-05],
          [1.2874e-05],
          [1.2005e-05],
          [1.3096e-05],
          [1.3974e-05],
          [2.5790e-04],
          [4.6167e-05],
          [2.5654e-03],
          [1.9065e-05],
          [1.8705e-05],
          [1.7196e-05],
          [1.5348e-05],
          [1.3490e-05],
          [1.2175e-05],
          [1.0796e-05],
          [1.0492e-05],
          [9.6511e-06],
          [1.1180e-05],
          [1.0551e-05],
          [1.1404e-05],
          [1.4093e-05],
          [1.3471e-05],
          [2.5221e-04],
          [1.0457e-04],
          [9.3358e-04],
          [1.3604e-05],
          [1.5227e-05],
          [1.7192e-05],
          [2.8241e-05],
          [4.5142e-04],
          [9.6879e-04],
          [1.3923e-05],
          [1.2841e-05],
          [1.3851e-05],
          [2.0929e-05],
          [2.6049e-05],
          [3.2863e-05],
          [3.4122e-05],
          [2.8361e-05],
          [2.4809e-05],
          [2.3511e-05],
          [2.0559e-05],
          [1.3239e-05],
          [1.2323e-05],
          [1.1125e-05],
          [1.1295e-05],
          [1.1390e-05],
          [1.1649e-05],
          [2.1057e-05],
          [3.1341e-05],
          [3.7029e-05],
          [5.1126e-05],
          [3.7271e-05],
          [3.1039e-05],
          [2.4107e-05],
          [1.9996e-05],
          [1.5665e-05],
          [2.4266e-04],
          [2.2237e-04],
          [1.8060e-05],
          [1.6020e-05],
          [1.3881e-05],
          [1.5109e-05],
          [2.2026e-05],
          [2.2357e-05],
          [2.1306e-05],
          [9.4844e-05],
          [5.6592e-05],
          [1.2298e-04],
          [7.1311e-04],
          [1.9269e-05],
          [1.8016e-05],
          [1.6792e-05],
          [1.3829e-05],
          [1.1143e-05],
          [4.0889e-04],
          [2.6672e-04],
          [1.8480e-05],
          [7.8502e-05],
          [1.7813e-04],
          [1.4846e-05],
          [3.2253e-04],
          [3.0579e-05],
          [3.5011e-04],
          [1.8462e-05],
          [1.1452e-05],
          [1.0293e-05],
          [1.2287e-05],
          [1.1168e-05],
          [4.3152e-05],
          [8.3348e-06]]]])
