# Using CPU
# Loading Embeddings...
# Making Predictions...
torch.Size([1, 1, 442, 239])
tensor([[[[1.4398e-04],
          [2.6396e-05],
          [1.2121e-04],
          [4.9288e-05],
          [1.3950e-05],
          [8.5838e-04],
          [2.1418e-04],
          [2.5472e-05],
          [4.5194e-04],
          [2.5405e-04],
          [2.6705e-05],
          [2.5143e-05],
          [4.4277e-04],
          [4.2615e-04],
          [3.8711e-05],
          [1.8997e-05],
          [2.8063e-05],
          [4.3626e-05],
          [5.5621e-05],
          [6.0189e-05],
          [6.7401e-04],
          [3.3314e-05],
          [2.3694e-04],
          [2.6396e-05],
          [1.9702e-05],
          [3.6269e-05],
          [3.1392e-05],
          [4.6182e-05],
          [5.2827e-05],
          [6.7623e-05],
          [6.5911e-05],
          [7.9156e-05],
          [6.8913e-05],
          [8.3515e-05],
          [6.1851e-05],
          [5.5338e-05],
          [7.0054e-04],
          [6.6011e-05],
          [2.9303e-04],
          [1.5835e-04],
          [3.5953e-04],
          [2.3785e-05],
          [2.0180e-05],
          [2.0450e-05],
          [1.5602e-05],
          [1.5679e-05],
          [1.3653e-05],
          [1.2416e-05],
          [1.3477e-05],
          [8.0267e-04],
          [2.5158e-04],
          [1.4631e-05],
          [1.4995e-05],
          [6.1915e-04],
          [1.1436e-04],
          [1.5411e-05],
          [1.5404e-05],
          [1.4126e-05],
          [1.5793e-05],
          [1.9353e-05],
          [2.1153e-05],
          [2.0090e-05],
          [5.2817e-04],
          [5.3525e-04],
          [2.1374e-05],
          [1.7821e-05],
          [1.6922e-05],
          [1.7679e-05],
          [2.0159e-05],
          [2.1828e-05],
          [1.8424e-05],
          [4.3891e-04],
          [2.6368e-05],
          [4.8238e-05],
          [1.6203e-05],
          [2.7461e-05],
          [3.3276e-04],
          [2.1516e-05],
          [1.5704e-05],
          [1.5623e-05],
          [5.5025e-04],
          [3.0918e-04],
          [4.3646e-05],
          [4.3486e-05],
          [1.5565e-05],
          [1.5209e-05],
          [2.4083e-05],
          [2.9537e-05],
          [3.8934e-05],
          [4.4766e-05],
          [6.0563e-04],
          [6.2183e-05],
          [4.8449e-04],
          [1.7054e-04],
          [4.4567e-04],
          [9.9487e-04],
          [6.2859e-04],
          [2.9157e-04],
          [7.8118e-04],
          [2.2950e-03],
          [2.3265e-03],
          [1.5743e-04],
          [1.5740e-04],
          [1.1982e-04],
          [9.5897e-05],
          [1.9122e-05],
          [1.6455e-05],
          [1.9758e-05],
          [1.9136e-05],
          [2.1429e-05],
          [1.8197e-05],
          [9.3002e-05],
          [1.9103e-04],
          [2.2139e-05],
          [5.5889e-04],
          [2.2088e-05],
          [1.5838e-05],
          [3.3670e-05],
          [1.0653e-04],
          [1.6389e-03],
          [2.4074e-04],
          [1.1879e-03],
          [1.4605e-04],
          [1.5685e-04],
          [3.1461e-05],
          [4.2134e-05],
          [2.5111e-05],
          [2.4477e-05],
          [2.4965e-05],
          [2.6416e-05],
          [2.4891e-05],
          [5.3941e-04],
          [3.4986e-04],
          [2.7581e-05],
          [2.6444e-05],
          [2.9175e-05],
          [2.3913e-05],
          [2.4397e-05],
          [2.1483e-05],
          [1.9807e-05],
          [1.7218e-05],
          [1.5287e-05],
          [1.8597e-05],
          [1.5724e-05],
          [2.5925e-05],
          [1.8241e-05],
          [2.0378e-05],
          [2.7387e-05],
          [3.3825e-05],
          [5.8998e-05],
          [5.8533e-05],
          [6.9779e-05],
          [6.1045e-05],
          [7.4405e-05],
          [5.9046e-05],
          [5.3242e-05],
          [3.7394e-04],
          [2.0896e-04],
          [3.2651e-04],
          [2.4989e-04],
          [2.7304e-05],
          [2.0617e-05],
          [1.9214e-05],
          [1.7136e-05],
          [1.9633e-05],
          [2.0655e-05],
          [2.0801e-05],
          [2.0088e-05],
          [2.0832e-05],
          [2.2033e-05],
          [2.7061e-05],
          [6.2573e-04],
          [3.0890e-04],
          [3.0832e-05],
          [3.2981e-05],
          [4.1122e-05],
          [4.0525e-05],
          [3.2241e-05],
          [3.9853e-04],
          [5.2417e-05],
          [4.0836e-04],
          [2.8258e-05],
          [3.2821e-05],
          [7.1556e-04],
          [2.5817e-05],
          [9.0642e-04],
          [5.3027e-05],
          [7.7638e-05],
          [5.6193e-05],
          [7.0031e-04],
          [5.1154e-05],
          [2.9984e-04],
          [2.6063e-05],
          [2.1897e-05],
          [2.2344e-05],
          [2.1385e-05],
          [2.4622e-05],
          [2.1715e-05],
          [3.7525e-04],
          [3.0333e-04],
          [3.2537e-05],
          [2.8643e-05],
          [2.3977e-05],
          [2.0594e-05],
          [2.1603e-05],
          [2.2243e-05],
          [2.3915e-05],
          [6.5158e-04],
          [2.0515e-04],
          [1.6250e-05],
          [2.3961e-05],
          [1.7232e-05],
          [1.7602e-05],
          [9.9545e-04],
          [3.8800e-05],
          [2.7884e-05],
          [5.5237e-04],
          [1.6986e-05],
          [1.3230e-05],
          [1.2975e-05],
          [1.5405e-05],
          [1.5654e-05],
          [2.5528e-05],
          [1.9981e-05],
          [1.6651e-05],
          [1.7692e-05],
          [1.5544e-05],
          [1.6171e-05],
          [1.8367e-05],
          [1.7960e-05],
          [1.5195e-05],
          [1.7150e-05],
          [1.6369e-05],
          [1.4432e-05],
          [7.4008e-04],
          [1.4991e-04],
          [1.5971e-05],
          [1.8994e-05],
          [2.6614e-05],
          [3.7504e-05],
          [4.2779e-05],
          [6.8600e-05],
          [4.2608e-05],
          [5.5142e-05],
          [5.5792e-05],
          [3.6882e-05],
          [1.3063e-04],
          [2.1789e-04],
          [2.2141e-05],
          [4.0538e-04],
          [1.5713e-05],
          [4.6393e-04],
          [1.9768e-04],
          [2.0964e-05],
          [1.8602e-05],
          [2.2786e-05],
          [1.8876e-05],
          [2.3606e-05],
          [2.8055e-05],
          [4.0047e-05],
          [4.0721e-05],
          [7.0396e-05],
          [8.5012e-05],
          [1.8393e-04],
          [1.2265e-04],
          [1.7114e-04],
          [1.0126e-04],
          [9.5454e-04],
          [4.8225e-05],
          [5.3104e-05],
          [5.8551e-04],
          [2.2850e-04],
          [5.0611e-05],
          [2.3480e-04],
          [3.0274e-04],
          [8.3772e-05],
          [6.3289e-04],
          [1.9451e-05],
          [1.3653e-05],
          [1.2771e-05],
          [1.2601e-05],
          [1.9953e-05],
          [2.2790e-05],
          [4.8065e-05],
          [3.4490e-05],
          [6.2969e-05],
          [3.1855e-05],
          [3.9340e-03],
          [3.4073e-05],
          [2.0352e-04],
          [9.0568e-05],
          [1.8586e-05],
          [1.2493e-05],
          [1.2016e-05],
          [1.8101e-05],
          [2.7319e-05],
          [2.8516e-05],
          [7.0594e-04],
          [2.3339e-05],
          [3.1624e-04],
          [1.7881e-05],
          [1.7286e-05],
          [1.3336e-05],
          [1.2340e-05],
          [1.2135e-05],
          [1.3217e-05],
          [1.1247e-05],
          [1.2501e-05],
          [1.9152e-05],
          [1.7626e-05],
          [2.0439e-05],
          [2.4650e-05],
          [8.4876e-04],
          [1.9952e-04],
          [1.5806e-05],
          [1.3529e-05],
          [1.3465e-05],
          [1.3141e-05],
          [1.6967e-05],
          [2.9249e-05],
          [3.8692e-05],
          [3.5167e-05],
          [3.3607e-05],
          [2.9963e-05],
          [2.6001e-05],
          [1.8428e-05],
          [1.3810e-05],
          [1.0879e-05],
          [1.2379e-05],
          [1.3029e-05],
          [1.2421e-05],
          [1.4447e-05],
          [1.5024e-05],
          [1.4505e-05],
          [1.8952e-05],
          [2.0496e-05],
          [2.9654e-05],
          [3.0469e-05],
          [2.2001e-05],
          [5.6103e-05],
          [6.0599e-05],
          [5.5388e-05],
          [2.6486e-05],
          [3.0981e-05],
          [2.1975e-05],
          [2.6562e-05],
          [2.0947e-05],
          [2.1857e-05],
          [1.9566e-05],
          [3.2245e-05],
          [2.8049e-05],
          [4.9355e-05],
          [1.9461e-05],
          [1.5948e-05],
          [1.6762e-05],
          [1.6928e-05],
          [1.8108e-04],
          [3.5231e-05],
          [1.5634e-04],
          [1.7398e-05],
          [1.9679e-05],
          [1.6405e-05],
          [1.7409e-05],
          [1.6485e-05],
          [1.6581e-05],
          [1.6149e-05],
          [1.6117e-05],
          [1.3007e-05],
          [1.5856e-05],
          [1.1602e-05],
          [1.1205e-05],
          [1.4034e-05],
          [1.4498e-05],
          [2.3792e-04],
          [2.0081e-04],
          [3.6839e-04],
          [1.4372e-05],
          [1.2200e-05],
          [1.2846e-05],
          [3.0303e-05],
          [2.5336e-03],
          [5.0515e-04],
          [4.1157e-05],
          [2.4488e-05],
          [1.3907e-05],
          [1.3965e-05],
          [1.2430e-05],
          [1.4030e-05],
          [2.4023e-05],
          [2.9749e-05],
          [2.7768e-05],
          [2.4256e-05],
          [3.0237e-05],
          [2.0250e-05],
          [1.4234e-05],
          [1.2324e-05],
          [1.3077e-05],
          [1.2898e-05],
          [1.8552e-05],
          [3.2001e-05],
          [7.0214e-05],
          [1.2311e-04],
          [1.2098e-04],
          [8.9154e-05],
          [5.9780e-05],
          [4.8122e-05],
          [3.7011e-05],
          [2.6496e-05],
          [4.1803e-04],
          [1.6780e-04],
          [3.4046e-05],
          [2.4910e-05],
          [2.6428e-05],
          [2.1026e-05],
          [2.4110e-05],
          [2.2688e-05],
          [2.2029e-05],
          [6.0283e-05],
          [3.5913e-05],
          [5.1655e-04],
          [1.5148e-04],
          [3.5891e-05],
          [3.5259e-05],
          [5.3403e-05],
          [3.0289e-05],
          [3.3131e-05],
          [5.9967e-04],
          [2.2767e-04],
          [1.9746e-05],
          [8.2040e-05],
          [3.1445e-04],
          [2.8748e-05],
          [2.9883e-04],
          [2.4009e-05],
          [4.8715e-04],
          [2.0707e-05],
          [1.6857e-05],
          [1.4282e-05],
          [2.1515e-05],
          [1.9410e-05],
          [4.4639e-05],
          [7.7300e-06]]]])
