# Using CPU
# Loading Embeddings...
# Making Predictions...
torch.Size([1, 1, 442, 252])
tensor([[[[1.4738e-04],
          [4.3338e-05],
          [1.1323e-04],
          [3.3492e-05],
          [9.2219e-06],
          [6.5127e-04],
          [1.2222e-03],
          [1.5770e-05],
          [4.2050e-04],
          [1.4032e-03],
          [1.5800e-05],
          [1.5675e-05],
          [4.3803e-04],
          [2.5697e-04],
          [1.4544e-05],
          [1.1589e-05],
          [1.1381e-05],
          [1.1866e-05],
          [1.3464e-05],
          [1.8202e-05],
          [1.2266e-03],
          [2.7718e-05],
          [7.3003e-04],
          [1.7606e-05],
          [1.6129e-05],
          [2.2853e-05],
          [3.0611e-05],
          [4.8899e-05],
          [6.3332e-05],
          [7.4828e-05],
          [8.0969e-05],
          [8.6140e-05],
          [9.7652e-05],
          [9.4198e-05],
          [7.7192e-05],
          [6.4499e-05],
          [2.5529e-03],
          [6.1944e-05],
          [2.3153e-04],
          [1.8965e-04],
          [5.3355e-04],
          [2.5826e-05],
          [2.4858e-05],
          [2.7799e-05],
          [1.9504e-05],
          [1.9587e-05],
          [1.5298e-05],
          [1.5247e-05],
          [1.7416e-05],
          [3.0452e-04],
          [4.5569e-04],
          [1.2141e-05],
          [1.2876e-05],
          [8.1071e-04],
          [6.6228e-04],
          [1.5545e-05],
          [1.6248e-05],
          [1.6142e-05],
          [2.0254e-05],
          [2.5000e-05],
          [2.4772e-05],
          [2.3288e-05],
          [3.7227e-04],
          [2.8373e-04],
          [1.8102e-05],
          [1.8565e-05],
          [1.7399e-05],
          [1.6193e-05],
          [1.7276e-05],
          [1.5907e-05],
          [1.5466e-05],
          [3.4841e-04],
          [3.1416e-05],
          [5.8976e-05],
          [1.5761e-05],
          [1.8186e-05],
          [1.9328e-03],
          [1.6830e-05],
          [1.5912e-05],
          [1.3286e-05],
          [2.0408e-04],
          [2.0309e-04],
          [1.2584e-05],
          [1.2795e-05],
          [1.4517e-05],
          [1.7243e-05],
          [1.9413e-05],
          [2.0975e-05],
          [1.8597e-05],
          [1.6856e-05],
          [7.0586e-04],
          [5.2131e-05],
          [3.0086e-04],
          [1.2305e-05],
          [1.4971e-05],
          [1.7096e-05],
          [1.8180e-05],
          [2.5731e-05],
          [2.2928e-05],
          [2.4665e-05],
          [2.4521e-05],
          [1.7216e-05],
          [1.3178e-05],
          [1.0918e-05],
          [1.2379e-05],
          [1.6618e-05],
          [1.8374e-05],
          [2.4120e-05],
          [2.6313e-05],
          [2.7937e-05],
          [2.2960e-05],
          [1.9551e-04],
          [1.3893e-04],
          [1.9867e-05],
          [2.3828e-04],
          [1.7168e-05],
          [1.5323e-05],
          [1.3295e-05],
          [1.5903e-05],
          [1.8183e-05],
          [1.8196e-05],
          [1.3852e-05],
          [1.6430e-05],
          [1.2858e-05],
          [1.4373e-05],
          [1.3499e-05],
          [1.4761e-05],
          [1.5352e-05],
          [1.9241e-05],
          [2.1264e-05],
          [2.0585e-05],
          [4.3321e-04],
          [4.6634e-04],
          [2.4278e-05],
          [2.5877e-05],
          [2.3859e-05],
          [2.1300e-05],
          [2.2769e-05],
          [1.8683e-05],
          [2.0566e-05],
          [1.6196e-05],
          [1.5996e-05],
          [1.1083e-05],
          [1.2639e-05],
          [1.4281e-05],
          [1.7951e-05],
          [1.8922e-05],
          [2.7247e-05],
          [3.3121e-05],
          [5.1275e-05],
          [5.4182e-05],
          [5.9031e-05],
          [5.6380e-05],
          [7.2966e-05],
          [6.3895e-05],
          [5.7986e-05],
          [5.7444e-04],
          [5.6457e-04],
          [3.1611e-04],
          [1.2436e-03],
          [1.7387e-05],
          [1.8291e-05],
          [1.7737e-05],
          [1.9828e-05],
          [2.2003e-05],
          [2.7186e-05],
          [2.5465e-05],
          [2.5903e-05],
          [2.6887e-05],
          [2.6724e-05],
          [2.3147e-05],
          [5.3508e-04],
          [8.0561e-04],
          [2.7950e-05],
          [3.1080e-05],
          [3.1979e-05],
          [3.6046e-05],
          [3.4504e-05],
          [2.8105e-04],
          [5.0194e-05],
          [3.0166e-04],
          [1.8150e-05],
          [1.8213e-05],
          [2.0653e-04],
          [1.2392e-05],
          [2.3849e-04],
          [1.5194e-05],
          [1.6753e-05],
          [1.4788e-05],
          [8.8207e-04],
          [2.3026e-05],
          [2.8471e-03],
          [2.2078e-05],
          [2.6850e-05],
          [2.7556e-05],
          [2.7999e-05],
          [3.2017e-05],
          [2.4890e-05],
          [3.5015e-04],
          [2.9402e-04],
          [2.1058e-05],
          [1.8239e-05],
          [1.8701e-05],
          [1.5286e-05],
          [1.7064e-05],
          [2.1008e-05],
          [2.0667e-05],
          [5.7512e-04],
          [7.6150e-04],
          [1.8180e-05],
          [1.4686e-05],
          [1.5858e-05],
          [1.6403e-05],
          [5.1498e-04],
          [3.8357e-05],
          [1.7706e-05],
          [1.2867e-03],
          [1.6869e-05],
          [1.5148e-05],
          [1.4194e-05],
          [1.3725e-05],
          [1.6335e-05],
          [1.7896e-05],
          [1.5553e-05],
          [1.7509e-05],
          [2.0294e-05],
          [2.3966e-05],
          [2.2313e-05],
          [1.8495e-05],
          [1.4681e-05],
          [1.3742e-05],
          [1.2774e-05],
          [1.2447e-05],
          [1.3975e-05],
          [5.1294e-04],
          [4.0272e-04],
          [1.6794e-05],
          [1.9034e-05],
          [1.4729e-05],
          [1.8870e-05],
          [1.6706e-05],
          [1.8618e-05],
          [1.6549e-05],
          [2.1610e-05],
          [1.8025e-05],
          [1.2734e-05],
          [5.0644e-04],
          [1.5322e-04],
          [1.5432e-05],
          [2.5889e-04],
          [1.2534e-05],
          [3.1726e-04],
          [2.8238e-04],
          [2.2777e-05],
          [2.8551e-05],
          [3.0707e-05],
          [2.8422e-05],
          [3.9196e-05],
          [4.1405e-05],
          [5.1286e-05],
          [4.4333e-05],
          [6.3829e-05],
          [7.0448e-05],
          [1.0457e-04],
          [7.9967e-05],
          [8.1749e-05],
          [5.4361e-05],
          [4.0931e-04],
          [3.5212e-05],
          [3.1784e-05],
          [3.3901e-04],
          [2.8398e-04],
          [2.4086e-05],
          [4.0305e-04],
          [1.4014e-04],
          [4.8913e-05],
          [2.1321e-04],
          [1.5882e-05],
          [1.2223e-05],
          [1.0533e-05],
          [9.5338e-06],
          [9.6441e-06],
          [9.3581e-06],
          [3.4919e-05],
          [1.1563e-05],
          [1.5185e-05],
          [1.3234e-05],
          [2.5536e-04],
          [2.5261e-05],
          [1.1082e-04],
          [1.7317e-04],
          [1.2671e-05],
          [1.1081e-05],
          [1.0038e-05],
          [1.0337e-05],
          [9.8346e-06],
          [1.0487e-05],
          [8.1770e-04],
          [2.2895e-05],
          [1.2470e-03],
          [1.3851e-05],
          [1.2415e-05],
          [1.4473e-05],
          [1.4222e-05],
          [1.4828e-05],
          [1.4929e-05],
          [1.5865e-05],
          [2.0372e-05],
          [2.0741e-05],
          [2.9131e-05],
          [3.3723e-05],
          [4.1698e-05],
          [4.1788e-04],
          [6.5816e-04],
          [2.8218e-05],
          [2.1760e-05],
          [1.6358e-05],
          [1.2871e-05],
          [1.2562e-05],
          [1.7655e-05],
          [2.0243e-05],
          [1.6970e-05],
          [1.7169e-05],
          [1.5713e-05],
          [1.6357e-05],
          [1.2811e-05],
          [1.3427e-05],
          [1.3944e-05],
          [1.5311e-05],
          [1.6264e-05],
          [1.6044e-05],
          [1.6477e-05],
          [1.7246e-05],
          [1.7099e-05],
          [1.5278e-05],
          [1.8888e-05],
          [1.8601e-05],
          [2.2964e-05],
          [1.9418e-05],
          [2.9738e-05],
          [2.7238e-05],
          [3.4314e-05],
          [2.2855e-05],
          [2.8816e-05],
          [2.8326e-05],
          [2.5155e-05],
          [2.1699e-05],
          [1.8314e-05],
          [2.0264e-05],
          [1.7402e-05],
          [1.5428e-05],
          [1.7088e-05],
          [1.7811e-05],
          [1.6665e-05],
          [1.7155e-05],
          [1.7179e-05],
          [4.9005e-04],
          [2.8907e-05],
          [2.6415e-03],
          [2.3389e-05],
          [2.5248e-05],
          [1.9928e-05],
          [2.1515e-05],
          [1.8212e-05],
          [1.4198e-05],
          [1.0894e-05],
          [1.1580e-05],
          [9.5767e-06],
          [1.0789e-05],
          [1.3900e-05],
          [1.3350e-05],
          [1.6887e-05],
          [1.7526e-05],
          [5.5622e-04],
          [8.0603e-05],
          [1.0623e-03],
          [1.4190e-05],
          [1.1592e-05],
          [9.2729e-06],
          [1.0555e-05],
          [8.6617e-04],
          [7.4343e-04],
          [1.3018e-05],
          [1.4521e-05],
          [1.6899e-05],
          [2.3281e-05],
          [2.9248e-05],
          [3.4851e-05],
          [3.5958e-05],
          [2.7885e-05],
          [2.4426e-05],
          [1.8913e-05],
          [2.2909e-05],
          [1.5645e-05],
          [1.2399e-05],
          [1.5326e-05],
          [1.1956e-05],
          [1.1813e-05],
          [1.2743e-05],
          [1.8297e-05],
          [3.0691e-05],
          [3.8226e-05],
          [3.2282e-05],
          [2.5860e-05],
          [2.5706e-05],
          [2.6926e-05],
          [2.7222e-05],
          [2.0310e-05],
          [3.1089e-04],
          [3.4890e-04],
          [2.4586e-05],
          [2.0890e-05],
          [1.6939e-05],
          [1.5662e-05],
          [1.6200e-05],
          [1.9669e-05],
          [1.8101e-05],
          [1.9977e-04],
          [1.6070e-04],
          [5.3122e-04],
          [7.5077e-04],
          [1.9193e-05],
          [1.5882e-05],
          [1.5513e-05],
          [1.8190e-05],
          [1.4052e-05],
          [4.4118e-04],
          [1.8786e-04],
          [1.5749e-05],
          [9.4853e-05],
          [1.5471e-04],
          [1.8221e-05],
          [2.9044e-04],
          [2.2903e-05],
          [3.0490e-04],
          [2.4463e-05],
          [1.4288e-05],
          [1.0761e-05],
          [1.1281e-05],
          [1.1161e-05],
          [8.4148e-05],
          [7.5232e-06]]]])
