# Using CPU
# Loading Embeddings...
# Making Predictions...
torch.Size([1, 1, 442, 606])
tensor([[[[3.8629e-04],
          [3.8463e-05],
          [6.8482e-05],
          [3.8532e-05],
          [9.3182e-06],
          [3.2650e-04],
          [1.2743e-04],
          [2.6534e-05],
          [1.8154e-04],
          [1.4844e-04],
          [1.8071e-05],
          [1.9007e-05],
          [7.2583e-04],
          [1.9863e-04],
          [3.0283e-05],
          [1.1081e-05],
          [1.1518e-05],
          [1.0834e-05],
          [1.3648e-05],
          [1.8311e-05],
          [3.5025e-04],
          [1.9991e-05],
          [1.2320e-04],
          [1.4758e-05],
          [1.9196e-05],
          [2.7148e-05],
          [4.0091e-05],
          [7.2563e-05],
          [9.6595e-05],
          [1.2112e-04],
          [1.2391e-04],
          [1.4194e-04],
          [1.4462e-04],
          [1.5497e-04],
          [1.2526e-04],
          [9.2748e-05],
          [7.7228e-04],
          [6.1591e-05],
          [1.3686e-04],
          [7.3514e-05],
          [1.5991e-04],
          [2.5059e-05],
          [2.4915e-05],
          [2.5580e-05],
          [1.6616e-05],
          [1.5554e-05],
          [1.4835e-05],
          [1.3612e-05],
          [1.7343e-05],
          [2.7834e-04],
          [1.2926e-04],
          [1.3872e-05],
          [1.3988e-05],
          [3.3521e-04],
          [1.3551e-04],
          [1.4849e-05],
          [1.5575e-05],
          [1.5903e-05],
          [2.0953e-05],
          [2.5247e-05],
          [2.4668e-05],
          [2.4499e-05],
          [3.6293e-04],
          [2.2053e-04],
          [1.7779e-05],
          [1.9283e-05],
          [1.6302e-05],
          [1.5243e-05],
          [1.5076e-05],
          [1.4731e-05],
          [1.5470e-05],
          [5.5265e-04],
          [2.4273e-05],
          [3.0519e-05],
          [1.7014e-05],
          [1.8771e-05],
          [2.6982e-04],
          [1.5562e-05],
          [1.5860e-05],
          [1.2961e-05],
          [5.7620e-04],
          [1.3596e-04],
          [1.3976e-05],
          [1.5427e-05],
          [1.7068e-05],
          [2.1338e-05],
          [2.2746e-05],
          [2.5114e-05],
          [2.1264e-05],
          [1.8544e-05],
          [3.1232e-04],
          [6.8627e-05],
          [1.8735e-04],
          [1.3457e-05],
          [2.2241e-05],
          [2.9611e-05],
          [2.8940e-05],
          [3.8465e-05],
          [2.9432e-05],
          [2.9448e-05],
          [2.8066e-05],
          [2.5519e-05],
          [1.4895e-05],
          [1.2308e-05],
          [1.3626e-05],
          [1.9290e-05],
          [2.1255e-05],
          [2.6318e-05],
          [2.7925e-05],
          [2.9719e-05],
          [2.2984e-05],
          [9.0974e-05],
          [2.9662e-04],
          [1.9804e-05],
          [2.4590e-04],
          [1.7153e-05],
          [1.5778e-05],
          [1.2975e-05],
          [1.5535e-05],
          [2.9982e-05],
          [1.5069e-05],
          [1.3384e-05],
          [1.9109e-05],
          [1.3907e-05],
          [1.4413e-05],
          [1.5028e-05],
          [1.8010e-05],
          [1.7850e-05],
          [1.4201e-03],
          [2.0620e-01],
          [9.9997e-01],
          [1.0000e+00],
          [1.0000e+00],
          [1.0000e+00],
          [9.9991e-01],
          [9.9323e-01],
          [6.8635e-01],
          [1.3675e-03],
          [1.8693e-05],
          [1.9601e-05],
          [1.6860e-05],
          [1.6173e-05],
          [1.1205e-05],
          [1.3407e-05],
          [1.6271e-05],
          [2.1736e-05],
          [2.3240e-05],
          [3.1443e-05],
          [4.1223e-05],
          [5.8879e-05],
          [5.8564e-05],
          [7.3993e-05],
          [7.3546e-05],
          [9.4732e-05],
          [8.8716e-05],
          [6.9773e-05],
          [1.6124e-04],
          [6.9838e-05],
          [1.3594e-04],
          [1.4925e-04],
          [3.8696e-04],
          [3.2124e-01],
          [9.3235e-01],
          [9.4609e-01],
          [1.0320e-01],
          [1.2310e-01],
          [1.0959e-01],
          [3.1549e-03],
          [2.6251e-05],
          [2.5654e-05],
          [2.5852e-05],
          [2.7752e-04],
          [1.4418e-04],
          [3.5357e-05],
          [4.2829e-05],
          [4.1226e-05],
          [4.2780e-05],
          [3.7886e-05],
          [4.0221e-04],
          [4.5886e-05],
          [2.5619e-04],
          [1.6953e-05],
          [1.4017e-05],
          [4.8198e-04],
          [1.4917e-05],
          [2.2371e-04],
          [1.9057e-05],
          [2.1059e-05],
          [1.7537e-05],
          [2.8764e-04],
          [2.2410e-05],
          [1.5974e-04],
          [2.0328e-05],
          [2.6673e-05],
          [2.6962e-05],
          [2.6372e-05],
          [3.1665e-05],
          [2.5817e-05],
          [3.6325e-04],
          [1.6765e-04],
          [2.4741e-05],
          [2.0766e-05],
          [2.0699e-05],
          [1.5418e-05],
          [1.4382e-05],
          [1.3344e-05],
          [1.3851e-05],
          [2.3649e-04],
          [1.0025e-04],
          [1.3017e-05],
          [1.4139e-05],
          [1.5536e-05],
          [1.6983e-05],
          [2.4390e-04],
          [2.8175e-05],
          [1.8383e-05],
          [2.2312e-04],
          [1.6614e-05],
          [1.3661e-05],
          [1.1508e-05],
          [1.6137e-05],
          [1.4527e-05],
          [1.3085e-05],
          [1.2126e-05],
          [1.2897e-05],
          [1.4417e-05],
          [1.5572e-05],
          [1.5464e-05],
          [1.5185e-05],
          [1.9503e-05],
          [1.1212e-05],
          [1.1755e-05],
          [1.2152e-05],
          [1.2371e-05],
          [3.1054e-04],
          [9.2548e-05],
          [1.2786e-05],
          [1.6128e-05],
          [1.1814e-05],
          [1.5658e-05],
          [1.8281e-05],
          [2.3573e-05],
          [1.9315e-05],
          [2.5692e-05],
          [2.1805e-05],
          [1.4583e-05],
          [1.6136e-04],
          [3.0163e-04],
          [1.9301e-05],
          [2.0670e-04],
          [1.1712e-05],
          [2.0836e-04],
          [9.3503e-05],
          [2.0996e-05],
          [2.5881e-05],
          [2.6464e-05],
          [2.5674e-05],
          [3.1391e-05],
          [2.8329e-05],
          [3.7298e-05],
          [3.6905e-05],
          [5.1402e-05],
          [6.1641e-05],
          [9.0830e-05],
          [8.6691e-05],
          [1.1352e-04],
          [7.1622e-05],
          [3.3739e-04],
          [3.3597e-05],
          [4.0195e-05],
          [2.2629e-04],
          [1.5960e-04],
          [2.7867e-05],
          [8.9773e-05],
          [1.7452e-04],
          [3.9979e-05],
          [1.5830e-04],
          [1.4932e-05],
          [1.3521e-05],
          [1.2440e-05],
          [1.1471e-05],
          [1.4522e-05],
          [1.3708e-05],
          [3.0841e-05],
          [1.1237e-05],
          [1.4591e-05],
          [1.3088e-05],
          [1.4180e-03],
          [3.2280e-05],
          [1.1138e-04],
          [4.9489e-05],
          [1.2667e-05],
          [1.2875e-05],
          [1.2331e-05],
          [1.1438e-05],
          [1.0609e-05],
          [1.0383e-05],
          [3.0209e-04],
          [2.1955e-05],
          [1.3143e-04],
          [1.3292e-05],
          [1.0882e-05],
          [1.3396e-05],
          [1.2590e-05],
          [1.3084e-05],
          [1.3086e-05],
          [1.3188e-05],
          [1.5472e-05],
          [1.4344e-05],
          [2.0469e-05],
          [2.2157e-05],
          [2.8352e-05],
          [2.4753e-04],
          [1.2365e-04],
          [2.2501e-05],
          [1.7450e-05],
          [1.4334e-05],
          [1.2281e-05],
          [1.2844e-05],
          [1.7872e-05],
          [2.3294e-05],
          [1.8470e-05],
          [1.6486e-05],
          [1.8077e-05],
          [1.5676e-05],
          [1.1395e-05],
          [1.0023e-05],
          [1.0185e-05],
          [1.1621e-05],
          [1.1237e-05],
          [1.0993e-05],
          [1.1491e-05],
          [1.3421e-05],
          [1.1778e-05],
          [1.4680e-05],
          [1.6578e-05],
          [1.6154e-05],
          [1.9704e-05],
          [1.7440e-05],
          [3.0744e-05],
          [3.4086e-05],
          [3.4072e-05],
          [1.9769e-05],
          [2.5736e-05],
          [2.4683e-05],
          [2.9578e-05],
          [1.7898e-05],
          [1.9658e-05],
          [2.1358e-05],
          [1.8739e-05],
          [1.6416e-05],
          [1.5439e-05],
          [1.7609e-05],
          [1.5843e-05],
          [1.7108e-05],
          [1.5071e-05],
          [1.5386e-04],
          [2.5279e-05],
          [1.5363e-04],
          [1.6350e-05],
          [1.6198e-05],
          [1.6503e-05],
          [1.4932e-05],
          [1.3509e-05],
          [1.2034e-05],
          [1.1889e-05],
          [1.3242e-05],
          [1.2068e-05],
          [1.3523e-05],
          [1.0380e-05],
          [1.1435e-05],
          [1.3379e-05],
          [1.4224e-05],
          [1.9988e-04],
          [1.5813e-04],
          [2.2026e-04],
          [1.1893e-05],
          [1.1347e-05],
          [8.8220e-06],
          [1.1055e-05],
          [3.5320e-04],
          [1.3694e-04],
          [1.6373e-05],
          [1.3262e-05],
          [1.6751e-05],
          [2.3935e-05],
          [2.9568e-05],
          [3.4851e-05],
          [5.0680e-05],
          [4.2740e-05],
          [3.5771e-05],
          [2.2922e-05],
          [2.1773e-05],
          [1.6262e-05],
          [1.5378e-05],
          [1.1235e-05],
          [1.3903e-05],
          [3.4819e-05],
          [4.6502e-05],
          [2.0857e-04],
          [5.8937e-05],
          [7.7553e-05],
          [7.0239e-05],
          [6.2838e-05],
          [2.7624e-05],
          [2.5904e-05],
          [2.5514e-05],
          [2.1827e-05],
          [2.3761e-04],
          [1.1191e-04],
          [2.3789e-05],
          [2.0999e-05],
          [1.8142e-05],
          [1.5978e-05],
          [2.5388e-05],
          [2.4520e-05],
          [3.3613e-05],
          [6.8873e-05],
          [3.1520e-05],
          [1.5925e-04],
          [7.8507e-05],
          [2.1842e-05],
          [1.5943e-05],
          [1.7802e-05],
          [1.6069e-05],
          [1.4756e-05],
          [2.6803e-04],
          [1.1796e-04],
          [1.5584e-05],
          [5.0169e-05],
          [8.7291e-05],
          [1.9495e-05],
          [4.1162e-04],
          [1.8115e-05],
          [1.9053e-04],
          [1.8641e-05],
          [1.5054e-05],
          [1.2257e-05],
          [1.2469e-05],
          [1.3924e-05],
          [2.0511e-05],
          [5.2664e-06]]]])
