# Using CPU
# Loading Embeddings...
# Making Predictions...
torch.Size([1, 1, 442, 416])
tensor([[[[4.0709e-04],
          [3.7354e-05],
          [1.1260e-04],
          [4.6056e-05],
          [1.1418e-05],
          [1.9193e-04],
          [9.8281e-05],
          [1.5163e-05],
          [1.2945e-04],
          [1.0464e-04],
          [1.2101e-05],
          [1.0562e-05],
          [2.9209e-04],
          [2.0956e-04],
          [3.2003e-05],
          [1.2187e-05],
          [1.2641e-05],
          [1.5992e-05],
          [1.7900e-05],
          [2.0888e-05],
          [2.3880e-04],
          [2.3493e-05],
          [1.5243e-04],
          [1.5434e-05],
          [1.6543e-05],
          [1.8046e-05],
          [2.5051e-05],
          [4.7083e-05],
          [5.8177e-05],
          [5.9874e-05],
          [5.8050e-05],
          [6.3733e-05],
          [5.6425e-05],
          [7.8917e-05],
          [4.5341e-05],
          [3.3667e-05],
          [8.7236e-04],
          [3.9547e-05],
          [1.6117e-04],
          [1.0020e-04],
          [1.7868e-04],
          [1.5580e-05],
          [1.5279e-05],
          [1.5978e-05],
          [1.9407e-05],
          [1.3377e-05],
          [1.0801e-05],
          [8.8280e-06],
          [9.8745e-06],
          [2.0756e-04],
          [1.2268e-04],
          [1.0094e-05],
          [1.3409e-05],
          [1.8974e-04],
          [1.1469e-04],
          [1.2074e-05],
          [1.2600e-05],
          [1.7375e-05],
          [1.6831e-05],
          [1.5046e-05],
          [1.4830e-05],
          [1.9687e-05],
          [3.2269e-04],
          [2.4622e-04],
          [1.5891e-05],
          [1.4467e-05],
          [1.4057e-05],
          [1.3627e-05],
          [1.2393e-05],
          [1.2570e-05],
          [1.3261e-05],
          [2.7057e-04],
          [2.2199e-05],
          [2.2519e-05],
          [1.2872e-05],
          [1.9346e-05],
          [3.0318e-04],
          [1.9007e-05],
          [1.2998e-05],
          [1.3625e-05],
          [2.3712e-04],
          [1.7863e-04],
          [1.0473e-05],
          [9.7509e-06],
          [1.1118e-05],
          [1.3147e-05],
          [1.2095e-05],
          [1.2600e-05],
          [1.1669e-05],
          [1.2783e-05],
          [1.9546e-04],
          [5.6426e-05],
          [1.8217e-04],
          [1.1578e-05],
          [1.1097e-05],
          [1.4680e-05],
          [2.1030e-05],
          [2.6841e-05],
          [2.6018e-05],
          [2.7430e-05],
          [3.9895e-05],
          [2.6958e-05],
          [1.8254e-05],
          [1.5365e-05],
          [1.4200e-05],
          [1.2893e-05],
          [1.5323e-05],
          [1.6807e-05],
          [1.7625e-05],
          [1.6915e-05],
          [1.6099e-05],
          [6.4454e-05],
          [1.1046e-04],
          [2.0689e-05],
          [2.5472e-04],
          [1.4606e-05],
          [1.3565e-05],
          [1.2403e-05],
          [1.2946e-05],
          [1.2944e-05],
          [1.2563e-05],
          [1.0395e-05],
          [1.7486e-05],
          [9.0392e-06],
          [1.0644e-05],
          [9.8101e-06],
          [1.1244e-05],
          [1.2070e-05],
          [1.4141e-05],
          [1.5547e-05],
          [1.9421e-05],
          [3.5728e-04],
          [2.4557e-04],
          [2.5091e-05],
          [2.2074e-05],
          [2.0710e-05],
          [1.8039e-05],
          [1.7576e-05],
          [1.4411e-05],
          [1.5029e-05],
          [1.2065e-05],
          [1.2239e-05],
          [1.0439e-05],
          [9.6764e-06],
          [1.0809e-05],
          [1.3667e-05],
          [1.4800e-05],
          [2.2820e-05],
          [2.7837e-05],
          [4.3754e-05],
          [4.6086e-05],
          [5.2173e-05],
          [4.6715e-05],
          [4.9323e-05],
          [3.6027e-05],
          [3.4965e-05],
          [1.2737e-04],
          [5.2249e-05],
          [9.6510e-05],
          [1.3961e-04],
          [1.2367e-05],
          [1.3337e-05],
          [1.2858e-05],
          [1.3778e-05],
          [1.3802e-05],
          [1.7350e-05],
          [1.5499e-05],
          [1.4727e-05],
          [1.5549e-05],
          [1.5444e-05],
          [1.6385e-05],
          [3.2930e-04],
          [1.4323e-04],
          [1.9017e-05],
          [2.3617e-05],
          [3.4306e-05],
          [2.7527e-05],
          [2.9407e-05],
          [2.6431e-04],
          [4.1760e-05],
          [3.3779e-04],
          [1.1165e-05],
          [1.6853e-05],
          [1.9843e-04],
          [1.6289e-05],
          [2.7977e-04],
          [1.2347e-05],
          [1.0242e-05],
          [1.1305e-05],
          [1.4628e-04],
          [1.9716e-05],
          [1.1696e-04],
          [1.3962e-05],
          [1.6988e-05],
          [1.8281e-05],
          [1.8048e-05],
          [1.8298e-05],
          [1.9853e-05],
          [3.1251e-04],
          [1.8187e-04],
          [1.3107e-05],
          [1.2743e-05],
          [1.2142e-05],
          [1.0638e-05],
          [9.4152e-06],
          [8.9486e-06],
          [1.0194e-05],
          [1.8491e-04],
          [1.2427e-04],
          [1.0624e-05],
          [9.3779e-06],
          [9.9045e-06],
          [1.2515e-05],
          [2.4613e-04],
          [2.5438e-05],
          [1.7215e-05],
          [2.9545e-04],
          [1.5064e-05],
          [1.3009e-05],
          [1.1543e-05],
          [1.2469e-05],
          [1.0675e-05],
          [1.0270e-05],
          [9.7833e-06],
          [1.0314e-05],
          [1.2601e-05],
          [1.1901e-05],
          [1.0159e-05],
          [1.2507e-05],
          [1.2538e-05],
          [1.0955e-05],
          [1.1786e-05],
          [9.2253e-06],
          [1.0602e-05],
          [1.7578e-04],
          [1.0039e-04],
          [1.4537e-05],
          [1.2258e-05],
          [1.2024e-05],
          [1.9841e-05],
          [2.1878e-05],
          [2.7365e-05],
          [2.3646e-05],
          [2.9212e-05],
          [3.1122e-05],
          [1.8507e-05],
          [9.8302e-05],
          [2.2325e-04],
          [3.3113e-05],
          [2.6772e-04],
          [1.4930e-05],
          [1.6511e-04],
          [1.2606e-04],
          [1.2748e-05],
          [1.4109e-05],
          [1.6944e-05],
          [1.6709e-05],
          [1.9874e-05],
          [2.2035e-05],
          [3.1202e-05],
          [3.2595e-05],
          [5.2555e-05],
          [7.3101e-05],
          [7.3827e-05],
          [9.7726e-05],
          [6.7789e-05],
          [9.6256e-05],
          [2.8620e-04],
          [5.4866e-05],
          [4.5874e-05],
          [3.1863e-04],
          [8.8691e-05],
          [2.7421e-05],
          [1.5342e-04],
          [1.5475e-04],
          [3.9721e-05],
          [2.9011e-04],
          [1.6466e-05],
          [1.1510e-05],
          [1.1287e-05],
          [9.6433e-06],
          [9.5492e-06],
          [1.0255e-05],
          [3.0234e-05],
          [1.3714e-05],
          [1.9837e-05],
          [1.5014e-05],
          [5.1980e-04],
          [2.1909e-05],
          [7.9922e-05],
          [5.1166e-05],
          [1.1971e-05],
          [1.1604e-05],
          [1.0275e-05],
          [9.3152e-06],
          [8.2165e-06],
          [1.0212e-05],
          [2.5785e-04],
          [2.0512e-05],
          [1.8750e-04],
          [1.3303e-05],
          [1.0037e-05],
          [1.1286e-05],
          [9.9871e-06],
          [9.2865e-06],
          [9.7553e-06],
          [9.8294e-06],
          [1.0568e-05],
          [1.0972e-05],
          [1.2847e-05],
          [1.6523e-05],
          [2.1937e-05],
          [2.6405e-04],
          [1.4020e-04],
          [1.4406e-05],
          [1.3313e-05],
          [1.7405e-05],
          [9.4975e-06],
          [1.3172e-05],
          [1.9027e-05],
          [3.1865e-05],
          [2.5367e-05],
          [2.0808e-05],
          [1.6946e-05],
          [1.5873e-05],
          [1.2589e-05],
          [8.9323e-06],
          [8.5223e-06],
          [9.1890e-06],
          [8.8469e-06],
          [8.3605e-06],
          [9.5880e-06],
          [9.6172e-06],
          [9.5914e-06],
          [1.3027e-05],
          [1.5779e-05],
          [1.7975e-05],
          [2.3610e-05],
          [1.8318e-05],
          [3.3718e-05],
          [3.0215e-05],
          [3.3654e-05],
          [1.8254e-05],
          [2.0783e-05],
          [1.8751e-05],
          [1.8496e-05],
          [1.2726e-05],
          [3.2828e-05],
          [1.3593e-05],
          [1.3539e-05],
          [1.3843e-05],
          [1.8168e-05],
          [1.5309e-05],
          [1.4753e-05],
          [1.2242e-05],
          [1.2796e-05],
          [9.7820e-05],
          [2.1295e-05],
          [1.3159e-04],
          [1.3100e-05],
          [1.2797e-05],
          [1.0960e-05],
          [1.1374e-05],
          [1.0678e-05],
          [9.6188e-06],
          [9.1953e-06],
          [8.5046e-06],
          [8.4131e-06],
          [9.3909e-06],
          [9.7440e-06],
          [9.0598e-06],
          [1.0021e-05],
          [1.1231e-05],
          [1.1506e-04],
          [6.4168e-05],
          [2.1496e-04],
          [1.2915e-05],
          [1.1216e-05],
          [9.5917e-06],
          [1.2360e-05],
          [3.1791e-04],
          [2.1626e-04],
          [1.3222e-05],
          [1.1207e-05],
          [1.0549e-05],
          [1.4145e-05],
          [1.5355e-05],
          [2.1349e-05],
          [3.2741e-05],
          [2.6661e-05],
          [2.2430e-05],
          [1.6153e-05],
          [1.6109e-05],
          [1.1597e-05],
          [9.1336e-06],
          [9.9668e-06],
          [9.1830e-06],
          [9.1612e-06],
          [1.2509e-05],
          [2.5703e-05],
          [3.8724e-05],
          [4.7712e-05],
          [4.5603e-05],
          [3.3781e-05],
          [2.7226e-05],
          [1.6203e-05],
          [1.4298e-05],
          [1.3607e-05],
          [1.6481e-04],
          [1.0919e-04],
          [1.3332e-05],
          [1.3312e-05],
          [1.4262e-05],
          [1.5224e-05],
          [1.5490e-05],
          [1.6819e-05],
          [1.6633e-05],
          [4.8514e-05],
          [3.0267e-05],
          [1.4815e-04],
          [8.2632e-05],
          [1.7459e-05],
          [1.8132e-05],
          [1.8246e-05],
          [1.2499e-05],
          [1.2287e-05],
          [2.5578e-04],
          [1.0259e-04],
          [1.6147e-05],
          [6.4633e-05],
          [1.6169e-04],
          [1.8634e-05],
          [3.8093e-04],
          [1.7423e-05],
          [3.2880e-04],
          [1.9216e-05],
          [1.1873e-05],
          [1.0122e-05],
          [1.1875e-05],
          [1.2305e-05],
          [1.4159e-05],
          [4.1154e-06]]]])
