# Using CPU
# Loading Embeddings...
# Making Predictions...
torch.Size([1, 1, 442, 353])
tensor([[[[1.1581e-04],
          [3.5243e-05],
          [8.7109e-05],
          [3.6608e-05],
          [4.1714e-05],
          [2.6827e-04],
          [1.0462e-04],
          [5.7001e-05],
          [1.2925e-04],
          [1.1789e-04],
          [3.9197e-05],
          [3.6333e-05],
          [2.9820e-04],
          [1.5500e-04],
          [1.1075e-04],
          [6.4181e-05],
          [6.2200e-05],
          [9.1260e-05],
          [1.0373e-04],
          [8.6424e-05],
          [2.3004e-04],
          [7.8784e-05],
          [1.0615e-04],
          [6.3129e-05],
          [4.0275e-05],
          [3.7465e-05],
          [2.4044e-05],
          [3.1026e-05],
          [3.5974e-05],
          [4.5239e-05],
          [4.2443e-05],
          [4.7988e-05],
          [4.4475e-05],
          [5.2579e-05],
          [4.2838e-05],
          [3.6432e-05],
          [6.2295e-04],
          [3.4675e-05],
          [9.7145e-05],
          [6.0677e-05],
          [9.5059e-05],
          [3.2333e-05],
          [2.3307e-05],
          [2.5759e-05],
          [2.6070e-05],
          [3.8192e-05],
          [3.2742e-05],
          [3.9458e-05],
          [4.5220e-05],
          [1.2921e-04],
          [1.1184e-04],
          [5.4374e-05],
          [4.3776e-05],
          [2.3869e-04],
          [9.6804e-05],
          [4.1856e-05],
          [3.1722e-05],
          [2.5229e-05],
          [2.7783e-05],
          [3.2168e-05],
          [3.5237e-05],
          [2.6406e-05],
          [2.2280e-04],
          [1.3194e-04],
          [7.2064e-05],
          [7.3064e-05],
          [7.1443e-05],
          [6.0581e-05],
          [9.6155e-05],
          [5.8572e-05],
          [3.4366e-05],
          [1.6970e-04],
          [2.9979e-05],
          [3.4896e-05],
          [2.8104e-05],
          [3.1004e-05],
          [1.6085e-04],
          [4.1363e-05],
          [3.7691e-05],
          [3.3078e-05],
          [1.6626e-04],
          [1.2010e-04],
          [2.4146e-05],
          [2.4545e-05],
          [2.3721e-05],
          [2.2078e-05],
          [2.6406e-05],
          [2.4224e-05],
          [3.2507e-05],
          [3.0978e-05],
          [1.7851e-04],
          [5.6535e-05],
          [1.4523e-04],
          [6.4262e-05],
          [6.8029e-05],
          [7.5449e-05],
          [1.0890e-04],
          [1.2311e-04],
          [1.2898e-04],
          [1.4792e-04],
          [1.3387e-04],
          [1.5181e-04],
          [9.5666e-05],
          [7.8379e-05],
          [5.1519e-05],
          [3.6152e-05],
          [2.6355e-05],
          [2.7921e-05],
          [2.6926e-05],
          [2.4066e-05],
          [2.6884e-05],
          [9.9223e-05],
          [1.4695e-04],
          [2.7114e-05],
          [1.3303e-04],
          [2.4097e-05],
          [2.6085e-05],
          [2.6265e-05],
          [2.6017e-05],
          [2.6794e-05],
          [3.2194e-05],
          [3.0429e-05],
          [3.8446e-05],
          [5.0414e-05],
          [5.1266e-05],
          [6.8317e-05],
          [7.1918e-05],
          [9.5441e-05],
          [8.2404e-05],
          [9.1753e-05],
          [7.6930e-05],
          [8.6162e-04],
          [3.5956e-04],
          [1.3519e-04],
          [4.9922e-05],
          [4.0601e-05],
          [2.9409e-05],
          [4.0685e-05],
          [4.3735e-05],
          [3.9034e-05],
          [3.1602e-05],
          [3.1195e-05],
          [3.7304e-05],
          [4.7398e-05],
          [4.0731e-05],
          [3.2762e-05],
          [3.2078e-05],
          [2.9739e-05],
          [3.1423e-05],
          [4.9664e-05],
          [5.3515e-05],
          [6.1452e-05],
          [5.7175e-05],
          [7.9325e-05],
          [7.5899e-05],
          [7.5758e-05],
          [2.2295e-04],
          [5.6324e-05],
          [8.8491e-05],
          [1.1447e-04],
          [4.7822e-05],
          [4.4123e-05],
          [5.5480e-05],
          [4.9532e-05],
          [4.7567e-05],
          [3.8660e-05],
          [4.5914e-05],
          [3.7007e-05],
          [4.1343e-05],
          [4.5563e-05],
          [4.5465e-05],
          [2.0660e-04],
          [9.1639e-05],
          [3.1540e-05],
          [2.8341e-05],
          [3.3866e-05],
          [2.6277e-05],
          [2.4599e-05],
          [2.0545e-04],
          [5.8330e-05],
          [1.5441e-04],
          [3.2949e-05],
          [2.9942e-05],
          [1.0300e-04],
          [4.7421e-05],
          [1.6649e-04],
          [7.2083e-05],
          [8.5252e-05],
          [6.7695e-05],
          [2.4146e-04],
          [5.2944e-05],
          [9.0821e-05],
          [3.4358e-05],
          [3.0051e-05],
          [2.6278e-05],
          [2.6208e-05],
          [2.7931e-05],
          [2.2785e-05],
          [2.1050e-04],
          [1.1220e-04],
          [4.2291e-05],
          [4.4356e-05],
          [5.5330e-05],
          [5.0741e-05],
          [7.0264e-05],
          [7.4669e-05],
          [6.7729e-05],
          [1.6703e-04],
          [9.5808e-05],
          [5.8923e-05],
          [4.9913e-05],
          [3.7871e-05],
          [3.3549e-05],
          [1.9700e-04],
          [3.1352e-05],
          [4.8411e-05],
          [1.5944e-04],
          [4.4064e-05],
          [5.0294e-05],
          [4.5993e-05],
          [6.3493e-05],
          [7.8199e-05],
          [8.7732e-05],
          [1.0068e-04],
          [8.5660e-05],
          [7.7950e-05],
          [1.1246e-04],
          [6.8982e-05],
          [7.7806e-05],
          [1.0646e-04],
          [7.4942e-05],
          [8.2854e-05],
          [5.8017e-05],
          [4.3923e-05],
          [1.6438e-04],
          [7.6024e-05],
          [6.0463e-05],
          [5.2779e-05],
          [5.6645e-05],
          [6.7261e-05],
          [8.5900e-05],
          [8.9878e-05],
          [6.3931e-05],
          [1.1242e-04],
          [8.5409e-05],
          [4.7623e-05],
          [3.4572e-04],
          [9.8685e-05],
          [3.0623e-05],
          [1.4770e-04],
          [3.4257e-05],
          [1.6924e-04],
          [8.3119e-05],
          [3.3575e-05],
          [4.2731e-05],
          [3.8303e-05],
          [3.7730e-05],
          [3.4650e-05],
          [3.1781e-05],
          [3.0272e-05],
          [2.5010e-05],
          [4.1534e-05],
          [5.1261e-05],
          [9.4692e-05],
          [9.9399e-05],
          [8.1533e-05],
          [9.4922e-05],
          [3.6174e-04],
          [2.6756e-05],
          [2.5762e-05],
          [1.9252e-04],
          [1.4606e-04],
          [3.5651e-05],
          [8.7959e-05],
          [8.8688e-05],
          [4.2727e-05],
          [1.2797e-04],
          [1.4135e-05],
          [1.8694e-05],
          [1.5685e-05],
          [2.3589e-05],
          [3.9476e-05],
          [4.6032e-05],
          [7.1975e-05],
          [7.2599e-05],
          [1.1943e-04],
          [6.3461e-05],
          [2.3463e-04],
          [2.7139e-05],
          [6.1520e-05],
          [3.8802e-05],
          [2.5887e-05],
          [1.9520e-05],
          [2.8397e-05],
          [2.9871e-05],
          [4.6704e-05],
          [4.6029e-05],
          [2.9384e-04],
          [6.5346e-05],
          [1.5417e-04],
          [5.0402e-05],
          [5.0151e-05],
          [5.5712e-05],
          [4.7685e-05],
          [4.8886e-05],
          [5.8454e-05],
          [4.2833e-05],
          [6.6290e-05],
          [6.6951e-05],
          [6.8733e-05],
          [4.3033e-05],
          [4.6379e-05],
          [2.3951e-04],
          [1.0566e-04],
          [4.6759e-05],
          [5.9278e-05],
          [4.1656e-05],
          [5.2093e-05],
          [9.2866e-05],
          [1.1728e-04],
          [1.0398e-04],
          [9.2875e-05],
          [6.4956e-05],
          [7.6380e-05],
          [4.4130e-05],
          [3.4632e-05],
          [2.8710e-05],
          [2.4681e-05],
          [2.3090e-05],
          [2.3765e-05],
          [3.5414e-05],
          [3.9265e-05],
          [4.6259e-05],
          [5.0560e-05],
          [8.2128e-05],
          [8.5469e-05],
          [1.0312e-04],
          [1.2508e-04],
          [1.0288e-04],
          [1.6228e-04],
          [1.8804e-04],
          [1.2716e-04],
          [5.4117e-05],
          [3.2868e-05],
          [3.4753e-05],
          [4.5727e-05],
          [2.6759e-05],
          [4.4869e-05],
          [3.2990e-05],
          [4.5035e-05],
          [6.0338e-05],
          [4.4396e-05],
          [3.1953e-05],
          [3.8511e-05],
          [3.9049e-05],
          [3.2960e-05],
          [1.8559e-04],
          [2.9728e-05],
          [1.0906e-04],
          [3.9580e-05],
          [4.3458e-05],
          [4.0033e-05],
          [4.1604e-05],
          [4.7474e-05],
          [4.2300e-05],
          [4.1235e-05],
          [4.3237e-05],
          [3.6148e-05],
          [3.2467e-05],
          [3.1587e-05],
          [2.5927e-05],
          [3.7564e-05],
          [2.7726e-05],
          [2.1046e-04],
          [4.4336e-05],
          [1.6666e-04],
          [3.9427e-05],
          [3.3803e-05],
          [3.8756e-05],
          [5.1738e-05],
          [2.6461e-04],
          [1.7621e-04],
          [6.0056e-05],
          [4.5736e-05],
          [5.0149e-05],
          [1.0611e-04],
          [1.1869e-04],
          [1.4278e-04],
          [2.5635e-04],
          [2.3259e-04],
          [1.2643e-04],
          [1.2611e-04],
          [4.3608e-05],
          [3.1460e-05],
          [1.9450e-05],
          [2.0541e-05],
          [2.9894e-05],
          [2.8583e-05],
          [1.8521e-05],
          [7.3318e-05],
          [3.5307e-05],
          [3.5019e-05],
          [9.5645e-05],
          [2.8754e-05],
          [3.8899e-05],
          [2.1223e-05],
          [2.0216e-05],
          [1.4317e-05],
          [9.5129e-05],
          [9.4706e-05],
          [2.9518e-05],
          [3.2977e-05],
          [4.1999e-05],
          [2.6140e-05],
          [3.3307e-05],
          [2.7587e-05],
          [3.4137e-05],
          [5.6812e-05],
          [9.5090e-05],
          [1.8187e-04],
          [9.9733e-05],
          [3.1701e-05],
          [2.2611e-05],
          [1.4403e-05],
          [2.3986e-05],
          [1.1602e-05],
          [1.3286e-04],
          [1.3049e-04],
          [1.4266e-05],
          [1.7957e-04],
          [1.4238e-04],
          [2.2550e-05],
          [1.7590e-04],
          [1.8246e-05],
          [1.5470e-04],
          [1.4281e-05],
          [2.3347e-05],
          [1.8151e-05],
          [2.2539e-05],
          [2.1113e-05],
          [2.8535e-05],
          [5.9666e-06]]]])
