# Using CPU
# Loading Embeddings...
# Making Predictions...
torch.Size([1, 1, 442, 260])
tensor([[[[1.3159e-04],
          [5.4958e-05],
          [1.0174e-04],
          [3.8757e-05],
          [2.4108e-05],
          [2.7250e-04],
          [1.2136e-03],
          [3.6053e-05],
          [2.4564e-04],
          [1.4353e-03],
          [2.7593e-05],
          [2.0142e-05],
          [2.6586e-04],
          [2.7203e-04],
          [5.5264e-05],
          [3.6386e-05],
          [3.1853e-05],
          [4.2129e-05],
          [3.8991e-05],
          [3.3600e-05],
          [2.9280e-04],
          [5.0252e-05],
          [7.7458e-04],
          [2.9044e-05],
          [3.1825e-05],
          [2.5340e-05],
          [2.8910e-05],
          [4.7403e-05],
          [5.2885e-05],
          [6.8517e-05],
          [6.2492e-05],
          [7.4472e-05],
          [6.4846e-05],
          [7.1781e-05],
          [5.8331e-05],
          [4.7871e-05],
          [8.0078e-04],
          [8.3356e-05],
          [2.2596e-04],
          [1.0888e-04],
          [6.2850e-04],
          [2.2305e-05],
          [1.9804e-05],
          [2.2760e-05],
          [1.7633e-05],
          [2.3902e-05],
          [1.8542e-05],
          [2.5276e-05],
          [2.5498e-05],
          [2.1232e-04],
          [5.1374e-04],
          [3.9133e-05],
          [3.1506e-05],
          [3.2744e-04],
          [6.9925e-04],
          [3.0090e-05],
          [2.0370e-05],
          [1.8084e-05],
          [2.3549e-05],
          [2.4547e-05],
          [2.4622e-05],
          [2.1791e-05],
          [2.4253e-04],
          [3.2264e-04],
          [3.1792e-05],
          [3.8995e-05],
          [5.5235e-05],
          [5.5368e-05],
          [6.1683e-05],
          [3.3272e-05],
          [2.3884e-05],
          [3.2007e-04],
          [2.9382e-05],
          [3.0586e-05],
          [1.8896e-05],
          [2.0955e-05],
          [2.2604e-03],
          [3.0660e-05],
          [3.2096e-05],
          [2.6384e-05],
          [1.9258e-04],
          [1.7159e-04],
          [2.6281e-05],
          [1.5454e-05],
          [1.8707e-05],
          [1.7310e-05],
          [1.9553e-05],
          [2.1857e-05],
          [2.1623e-05],
          [1.9492e-05],
          [2.4085e-04],
          [3.7778e-05],
          [2.7151e-04],
          [2.5395e-05],
          [2.7113e-05],
          [3.0234e-05],
          [4.1118e-05],
          [4.6697e-05],
          [4.5083e-05],
          [4.7859e-05],
          [4.4731e-05],
          [5.1016e-05],
          [3.9881e-05],
          [3.5867e-05],
          [2.9566e-05],
          [2.6362e-05],
          [2.1338e-05],
          [2.5240e-05],
          [2.6795e-05],
          [2.8376e-05],
          [2.4360e-05],
          [2.2190e-04],
          [1.1027e-04],
          [1.8902e-05],
          [2.6063e-04],
          [1.5960e-05],
          [1.3201e-05],
          [1.8422e-05],
          [1.7993e-05],
          [2.3047e-05],
          [2.2299e-05],
          [2.3801e-05],
          [3.3621e-05],
          [3.1535e-05],
          [2.9097e-05],
          [3.0481e-05],
          [3.6603e-05],
          [4.5173e-05],
          [1.0450e-04],
          [2.5618e-04],
          [1.0935e-03],
          [7.0448e-03],
          [7.0348e-03],
          [2.2025e-03],
          [7.3057e-04],
          [3.2022e-04],
          [1.2986e-04],
          [5.7207e-05],
          [3.2348e-05],
          [2.8743e-05],
          [2.4435e-05],
          [2.2244e-05],
          [2.1538e-05],
          [2.4883e-05],
          [2.1655e-05],
          [2.4150e-05],
          [2.4784e-05],
          [3.5449e-05],
          [4.0824e-05],
          [6.1996e-05],
          [6.0751e-05],
          [5.6437e-05],
          [4.9578e-05],
          [5.9132e-05],
          [4.7993e-05],
          [4.2499e-05],
          [4.5537e-04],
          [5.5948e-04],
          [1.4204e-04],
          [1.5552e-03],
          [6.8332e-05],
          [1.5193e-04],
          [4.2013e-04],
          [4.9955e-04],
          [1.9053e-04],
          [1.6058e-04],
          [1.3183e-04],
          [7.1473e-05],
          [3.3617e-05],
          [3.8890e-05],
          [2.7926e-05],
          [2.9139e-04],
          [7.9832e-04],
          [2.7619e-05],
          [3.2055e-05],
          [3.6324e-05],
          [4.0591e-05],
          [3.4397e-05],
          [2.3076e-04],
          [5.3367e-05],
          [3.2838e-04],
          [2.3140e-05],
          [2.7376e-05],
          [1.8940e-04],
          [2.2992e-05],
          [3.1690e-04],
          [3.4710e-05],
          [3.6058e-05],
          [3.2093e-05],
          [3.4874e-04],
          [5.4202e-05],
          [2.5949e-03],
          [2.7748e-05],
          [2.6882e-05],
          [2.6792e-05],
          [2.9151e-05],
          [3.0109e-05],
          [2.3609e-05],
          [2.3027e-04],
          [3.4775e-04],
          [2.1838e-05],
          [3.1392e-05],
          [2.7820e-05],
          [2.9673e-05],
          [3.6263e-05],
          [3.6965e-05],
          [3.6259e-05],
          [1.9719e-04],
          [8.5583e-04],
          [2.9354e-05],
          [2.2793e-05],
          [1.8860e-05],
          [1.7645e-05],
          [2.8356e-04],
          [3.0089e-05],
          [2.1123e-05],
          [1.8165e-03],
          [3.1282e-05],
          [3.3740e-05],
          [3.8816e-05],
          [4.2954e-05],
          [5.1253e-05],
          [5.6073e-05],
          [4.7823e-05],
          [4.8755e-05],
          [5.2295e-05],
          [4.5482e-05],
          [4.9430e-05],
          [4.3085e-05],
          [4.8193e-05],
          [3.8825e-05],
          [4.1157e-05],
          [3.0594e-05],
          [2.3452e-05],
          [2.7404e-04],
          [4.8111e-04],
          [2.2575e-05],
          [3.1401e-05],
          [3.7293e-05],
          [4.0358e-05],
          [3.7569e-05],
          [2.7395e-05],
          [2.4166e-05],
          [3.3142e-05],
          [2.6969e-05],
          [2.0293e-05],
          [6.3030e-04],
          [8.4076e-05],
          [3.0092e-05],
          [2.5867e-04],
          [2.0047e-05],
          [1.9996e-04],
          [3.2464e-04],
          [2.3362e-05],
          [2.6467e-05],
          [2.6759e-05],
          [2.6513e-05],
          [3.5736e-05],
          [4.3661e-05],
          [5.9220e-05],
          [5.8808e-05],
          [7.6510e-05],
          [8.8996e-05],
          [1.2738e-04],
          [1.0661e-04],
          [1.0039e-04],
          [6.6379e-05],
          [2.1695e-04],
          [3.5622e-05],
          [3.5499e-05],
          [3.2864e-04],
          [2.4739e-04],
          [3.8736e-05],
          [2.4802e-04],
          [2.0081e-04],
          [3.0355e-05],
          [2.7861e-04],
          [1.3175e-05],
          [1.2219e-05],
          [1.4086e-05],
          [1.6064e-05],
          [2.3624e-05],
          [2.6346e-05],
          [3.1751e-05],
          [3.4078e-05],
          [3.5155e-05],
          [3.2016e-05],
          [2.6141e-04],
          [3.7146e-05],
          [6.4444e-05],
          [2.9825e-04],
          [1.5471e-05],
          [1.4081e-05],
          [1.8226e-05],
          [1.9763e-05],
          [2.4153e-05],
          [2.5546e-05],
          [3.2980e-04],
          [3.7140e-05],
          [1.5808e-03],
          [3.5124e-05],
          [3.5787e-05],
          [2.9410e-05],
          [4.2057e-05],
          [3.3987e-05],
          [3.4996e-05],
          [3.9138e-05],
          [4.2533e-05],
          [4.2939e-05],
          [3.9887e-05],
          [3.0373e-05],
          [3.0523e-05],
          [2.8569e-04],
          [7.9336e-04],
          [2.8427e-05],
          [2.7002e-05],
          [3.0313e-05],
          [2.8773e-05],
          [3.6714e-05],
          [4.1993e-05],
          [3.7319e-05],
          [3.2377e-05],
          [2.6945e-05],
          [2.8239e-05],
          [2.3848e-05],
          [1.9729e-05],
          [1.6000e-05],
          [1.8430e-05],
          [1.6963e-05],
          [1.6174e-05],
          [2.0782e-05],
          [2.8060e-05],
          [3.2756e-05],
          [3.3159e-05],
          [5.3794e-05],
          [5.8702e-05],
          [5.4264e-05],
          [5.7517e-05],
          [5.4386e-05],
          [5.6414e-05],
          [6.2147e-05],
          [5.0311e-05],
          [3.7495e-05],
          [2.7545e-05],
          [3.3241e-05],
          [3.8032e-05],
          [2.1714e-05],
          [3.0196e-05],
          [2.7534e-05],
          [2.1079e-05],
          [3.0510e-05],
          [1.9300e-05],
          [1.9102e-05],
          [1.9828e-05],
          [2.8479e-05],
          [3.0928e-05],
          [9.2627e-04],
          [5.8487e-05],
          [3.3492e-03],
          [2.8421e-05],
          [3.2833e-05],
          [3.5521e-05],
          [3.3863e-05],
          [3.4944e-05],
          [2.9921e-05],
          [3.0197e-05],
          [2.1069e-05],
          [1.8315e-05],
          [2.2852e-05],
          [2.2568e-05],
          [1.7786e-05],
          [2.2944e-05],
          [1.5887e-05],
          [5.7770e-04],
          [4.9244e-05],
          [1.6272e-03],
          [2.0376e-05],
          [2.0991e-05],
          [1.9892e-05],
          [2.1141e-05],
          [2.8336e-04],
          [1.0776e-03],
          [2.4912e-05],
          [2.8723e-05],
          [4.2481e-05],
          [5.4518e-05],
          [7.2198e-05],
          [9.9481e-05],
          [1.0585e-04],
          [9.1592e-05],
          [6.6382e-05],
          [5.8643e-05],
          [4.3292e-05],
          [2.6460e-05],
          [1.9924e-05],
          [1.9450e-05],
          [3.2275e-05],
          [3.5288e-05],
          [2.7213e-05],
          [1.0741e-04],
          [4.8707e-05],
          [3.7226e-05],
          [1.1837e-04],
          [2.9033e-05],
          [3.5945e-05],
          [2.7149e-05],
          [2.4886e-05],
          [1.8182e-05],
          [1.8419e-04],
          [4.0843e-04],
          [2.2805e-05],
          [2.3560e-05],
          [2.8212e-05],
          [2.6374e-05],
          [2.7045e-05],
          [2.6599e-05],
          [4.5452e-05],
          [1.8180e-04],
          [1.1638e-04],
          [1.6534e-04],
          [7.8941e-04],
          [3.1441e-05],
          [1.8506e-05],
          [1.7059e-05],
          [1.7912e-05],
          [1.5492e-05],
          [3.0902e-04],
          [1.2048e-04],
          [1.9131e-05],
          [8.5302e-05],
          [2.7331e-04],
          [1.6344e-05],
          [2.2045e-04],
          [2.1996e-05],
          [3.0591e-04],
          [2.3525e-05],
          [1.6383e-05],
          [1.4710e-05],
          [1.8368e-05],
          [1.4550e-05],
          [1.9235e-04],
          [9.6712e-06]]]])
