# Using CPU
# Loading Embeddings...
# Making Predictions...
torch.Size([1, 1, 442, 283])
tensor([[[[1.5012e-04],
          [3.8446e-05],
          [1.3044e-04],
          [2.2935e-05],
          [9.0546e-06],
          [1.1458e-03],
          [5.9822e-04],
          [1.7281e-05],
          [1.4517e-03],
          [6.5574e-04],
          [2.2510e-05],
          [2.2955e-05],
          [5.0483e-04],
          [2.4965e-04],
          [1.5171e-05],
          [1.3143e-05],
          [1.3074e-05],
          [1.2810e-05],
          [1.4307e-05],
          [1.6803e-05],
          [1.3680e-03],
          [2.6277e-05],
          [4.6635e-04],
          [1.8102e-05],
          [2.3920e-05],
          [3.4183e-05],
          [5.1573e-05],
          [8.2343e-05],
          [7.5242e-05],
          [1.0246e-04],
          [8.5518e-05],
          [8.7608e-05],
          [9.3878e-05],
          [9.2389e-05],
          [6.9921e-05],
          [6.1201e-05],
          [6.5695e-04],
          [4.1639e-05],
          [2.8160e-04],
          [2.0883e-04],
          [3.5133e-04],
          [2.9177e-05],
          [3.0150e-05],
          [3.1814e-05],
          [2.2791e-05],
          [2.1007e-05],
          [1.8570e-05],
          [1.5663e-05],
          [2.1596e-05],
          [4.6326e-04],
          [3.2900e-04],
          [1.3483e-05],
          [1.4018e-05],
          [8.6433e-04],
          [3.4748e-04],
          [1.7902e-05],
          [2.0866e-05],
          [2.1223e-05],
          [2.7217e-05],
          [3.1874e-05],
          [2.7904e-05],
          [2.4446e-05],
          [5.0217e-04],
          [4.0028e-04],
          [1.7842e-05],
          [1.9196e-05],
          [1.7978e-05],
          [1.7304e-05],
          [1.9262e-05],
          [1.8091e-05],
          [1.7545e-05],
          [3.8607e-04],
          [2.5729e-05],
          [3.4039e-05],
          [1.8926e-05],
          [1.7202e-05],
          [1.5086e-03],
          [1.8500e-05],
          [1.8755e-05],
          [1.5161e-05],
          [2.8030e-04],
          [1.9465e-04],
          [1.6400e-05],
          [1.7482e-05],
          [2.0854e-05],
          [2.5404e-05],
          [2.7509e-05],
          [3.0158e-05],
          [2.5615e-05],
          [2.1215e-05],
          [7.9629e-04],
          [8.7579e-05],
          [3.7618e-04],
          [1.1445e-05],
          [1.1980e-05],
          [1.4230e-05],
          [1.7782e-05],
          [2.6765e-05],
          [2.5987e-05],
          [2.5912e-05],
          [2.6327e-05],
          [1.7798e-05],
          [1.3562e-05],
          [1.3335e-05],
          [1.6792e-05],
          [2.3148e-05],
          [2.4850e-05],
          [3.1384e-05],
          [3.5242e-05],
          [3.3328e-05],
          [2.6447e-05],
          [6.3802e-04],
          [1.2689e-04],
          [4.0900e-05],
          [4.3004e-04],
          [1.4581e-05],
          [9.8495e-06],
          [1.0380e-05],
          [1.2936e-05],
          [1.5164e-05],
          [1.5364e-05],
          [1.4914e-05],
          [1.6173e-05],
          [1.3270e-05],
          [1.3987e-05],
          [1.4784e-05],
          [1.5245e-05],
          [1.4549e-05],
          [1.9901e-05],
          [1.8233e-05],
          [1.9464e-05],
          [4.4687e-04],
          [3.6751e-04],
          [2.3725e-05],
          [2.5592e-05],
          [1.7117e-05],
          [1.4673e-05],
          [1.6753e-05],
          [1.5009e-05],
          [1.3422e-05],
          [1.3129e-05],
          [1.1167e-05],
          [1.0478e-05],
          [1.1924e-05],
          [1.4342e-05],
          [1.6140e-05],
          [1.8927e-05],
          [2.2420e-05],
          [3.3854e-05],
          [4.5111e-05],
          [5.1769e-05],
          [5.0588e-05],
          [5.2998e-05],
          [5.2682e-05],
          [5.2569e-05],
          [4.6787e-05],
          [2.0912e-03],
          [2.7897e-04],
          [5.6591e-04],
          [5.8872e-04],
          [2.0394e-05],
          [1.9945e-05],
          [1.8684e-05],
          [2.0620e-05],
          [2.0215e-05],
          [2.5283e-05],
          [2.5107e-05],
          [2.5516e-05],
          [2.9687e-05],
          [3.0210e-05],
          [2.1069e-05],
          [1.1027e-03],
          [4.0434e-04],
          [1.9126e-05],
          [2.3605e-05],
          [5.4542e-05],
          [3.0152e-05],
          [3.0957e-05],
          [4.5670e-04],
          [6.6136e-05],
          [6.2474e-04],
          [4.1829e-05],
          [1.6435e-05],
          [5.1070e-04],
          [2.7558e-05],
          [2.9300e-04],
          [1.4115e-05],
          [1.5013e-05],
          [1.3645e-05],
          [1.1706e-03],
          [3.1698e-05],
          [8.1345e-04],
          [2.4684e-05],
          [3.4335e-05],
          [3.5379e-05],
          [3.4298e-05],
          [3.1885e-05],
          [2.6937e-05],
          [3.8136e-04],
          [2.6792e-04],
          [1.9041e-05],
          [1.5028e-05],
          [1.6027e-05],
          [1.4888e-05],
          [1.5531e-05],
          [1.6238e-05],
          [1.3942e-05],
          [8.0946e-04],
          [3.6831e-04],
          [1.5009e-05],
          [1.5706e-05],
          [1.6697e-05],
          [1.7181e-05],
          [1.0287e-03],
          [4.6765e-05],
          [2.7768e-05],
          [9.3254e-04],
          [1.7661e-05],
          [1.4078e-05],
          [1.4123e-05],
          [1.3562e-05],
          [1.6630e-05],
          [1.3075e-05],
          [1.2832e-05],
          [1.3862e-05],
          [1.3885e-05],
          [1.4095e-05],
          [1.4015e-05],
          [1.2919e-05],
          [1.1448e-05],
          [1.1581e-05],
          [1.2742e-05],
          [1.2719e-05],
          [1.4484e-05],
          [1.2564e-03],
          [1.8333e-04],
          [1.5229e-05],
          [1.8027e-05],
          [1.5568e-05],
          [1.7669e-05],
          [1.7898e-05],
          [2.6787e-05],
          [1.8603e-05],
          [2.5574e-05],
          [2.3366e-05],
          [1.5087e-05],
          [1.2051e-03],
          [9.7036e-05],
          [4.2299e-05],
          [2.9391e-04],
          [1.3168e-05],
          [6.3110e-04],
          [1.9521e-04],
          [2.2714e-05],
          [2.8860e-05],
          [2.9707e-05],
          [3.0937e-05],
          [3.1714e-05],
          [3.2823e-05],
          [4.0777e-05],
          [3.3675e-05],
          [3.4335e-05],
          [3.1906e-05],
          [3.3133e-05],
          [5.3415e-04],
          [3.7921e-05],
          [4.7379e-05],
          [2.5047e-04],
          [1.9900e-05],
          [3.3767e-05],
          [4.3316e-04],
          [3.0895e-04],
          [4.0913e-05],
          [2.7004e-04],
          [2.2712e-04],
          [7.8036e-05],
          [3.8254e-04],
          [1.3223e-05],
          [1.1118e-05],
          [1.1609e-05],
          [1.0435e-05],
          [1.0691e-05],
          [9.9314e-06],
          [1.5358e-05],
          [1.3502e-05],
          [1.9823e-05],
          [1.3857e-05],
          [5.1286e-04],
          [3.2301e-05],
          [2.1323e-04],
          [9.4567e-05],
          [1.2030e-05],
          [1.2236e-05],
          [1.2508e-05],
          [1.1835e-05],
          [1.2025e-05],
          [1.0512e-05],
          [8.5882e-04],
          [2.2071e-05],
          [7.0861e-04],
          [1.2685e-05],
          [1.3150e-05],
          [1.6662e-05],
          [1.6378e-05],
          [1.6526e-05],
          [1.5910e-05],
          [1.5928e-05],
          [1.8521e-05],
          [1.8960e-05],
          [2.2925e-05],
          [2.3451e-05],
          [2.5598e-05],
          [1.0651e-03],
          [3.1418e-04],
          [2.4381e-05],
          [2.0726e-05],
          [1.6301e-05],
          [1.3372e-05],
          [1.3032e-05],
          [1.8057e-05],
          [2.3684e-05],
          [1.8873e-05],
          [1.4697e-05],
          [1.3643e-05],
          [1.2999e-05],
          [1.0719e-05],
          [1.3662e-05],
          [1.4579e-05],
          [1.6584e-05],
          [1.5958e-05],
          [1.6538e-05],
          [1.6544e-05],
          [1.7460e-05],
          [1.5204e-05],
          [1.7095e-05],
          [1.8222e-05],
          [2.1714e-05],
          [2.5296e-05],
          [2.1696e-05],
          [3.4912e-05],
          [3.2819e-05],
          [3.2499e-05],
          [2.0422e-05],
          [2.6328e-05],
          [2.3001e-05],
          [2.8272e-05],
          [2.0481e-05],
          [1.7514e-05],
          [1.8753e-05],
          [2.1282e-05],
          [1.8937e-05],
          [1.9115e-05],
          [1.4322e-05],
          [2.1609e-05],
          [1.8539e-05],
          [1.8094e-05],
          [1.3680e-03],
          [5.2698e-05],
          [6.7314e-04],
          [2.2118e-05],
          [2.3034e-05],
          [1.7400e-05],
          [1.9277e-05],
          [1.9005e-05],
          [1.7503e-05],
          [1.8497e-05],
          [1.6071e-05],
          [1.3498e-05],
          [1.2034e-05],
          [1.3872e-05],
          [1.3713e-05],
          [1.7567e-05],
          [1.7562e-05],
          [1.3388e-03],
          [1.1290e-04],
          [7.2569e-04],
          [1.3721e-05],
          [1.1908e-05],
          [9.6404e-06],
          [1.3133e-05],
          [4.8173e-04],
          [4.4148e-04],
          [1.1705e-05],
          [1.1763e-05],
          [1.2222e-05],
          [1.6544e-05],
          [1.7503e-05],
          [2.5970e-05],
          [2.7405e-05],
          [2.3448e-05],
          [2.1665e-05],
          [2.0695e-05],
          [1.7734e-05],
          [1.4921e-05],
          [1.2803e-05],
          [1.0451e-05],
          [1.1645e-05],
          [1.2593e-05],
          [1.3132e-05],
          [5.9533e-05],
          [3.7745e-05],
          [4.3085e-05],
          [1.4299e-04],
          [2.5515e-05],
          [2.5364e-05],
          [2.2826e-05],
          [2.2049e-05],
          [1.9162e-05],
          [4.7586e-04],
          [2.0432e-04],
          [2.2919e-05],
          [2.4546e-05],
          [2.1934e-05],
          [1.8592e-05],
          [1.8484e-05],
          [1.7755e-05],
          [1.9582e-05],
          [1.9719e-04],
          [6.2940e-05],
          [2.3422e-04],
          [3.1642e-04],
          [1.8186e-05],
          [1.6132e-05],
          [1.7858e-05],
          [1.9594e-05],
          [1.7403e-05],
          [4.3217e-04],
          [9.8274e-05],
          [1.7088e-05],
          [7.7392e-05],
          [1.5236e-04],
          [2.3202e-05],
          [2.6273e-04],
          [2.1937e-05],
          [4.8581e-04],
          [2.2063e-05],
          [1.7447e-05],
          [1.3213e-05],
          [1.3929e-05],
          [1.2807e-05],
          [2.0577e-04],
          [9.2477e-06]]]])
