# Using CPU
# Loading Embeddings...
# Making Predictions...
torch.Size([1, 1, 442, 288])
tensor([[[[1.6860e-04],
          [4.2098e-05],
          [1.0728e-04],
          [1.5851e-05],
          [1.0208e-05],
          [5.9057e-04],
          [2.9167e-04],
          [1.4499e-05],
          [3.9516e-04],
          [3.5309e-04],
          [1.8513e-05],
          [1.8503e-05],
          [8.9624e-04],
          [2.6108e-04],
          [1.2217e-05],
          [1.1702e-05],
          [1.1008e-05],
          [1.2585e-05],
          [1.4040e-05],
          [1.3300e-05],
          [4.0514e-04],
          [2.1603e-05],
          [1.3373e-04],
          [1.3655e-05],
          [1.8503e-05],
          [2.5962e-05],
          [3.8460e-05],
          [6.1221e-05],
          [6.2894e-05],
          [7.8080e-05],
          [7.4590e-05],
          [8.3152e-05],
          [7.4027e-05],
          [9.3057e-05],
          [6.4966e-05],
          [6.2796e-05],
          [8.9355e-04],
          [3.4487e-05],
          [1.8761e-04],
          [2.1415e-04],
          [2.4623e-04],
          [2.5332e-05],
          [2.3451e-05],
          [2.5807e-05],
          [1.8613e-05],
          [1.7736e-05],
          [1.6756e-05],
          [1.3278e-05],
          [1.6270e-05],
          [6.3535e-04],
          [1.7919e-04],
          [1.2399e-05],
          [1.4729e-05],
          [5.6941e-04],
          [1.6224e-04],
          [1.4963e-05],
          [1.7359e-05],
          [1.7539e-05],
          [2.1223e-05],
          [2.5576e-05],
          [2.4114e-05],
          [2.1598e-05],
          [6.5305e-04],
          [3.2045e-04],
          [1.7415e-05],
          [1.7276e-05],
          [1.5707e-05],
          [1.5004e-05],
          [1.5804e-05],
          [1.6514e-05],
          [1.4513e-05],
          [5.4578e-04],
          [2.2162e-05],
          [3.7369e-05],
          [1.5405e-05],
          [1.9242e-05],
          [3.2457e-04],
          [1.5107e-05],
          [1.5156e-05],
          [1.3255e-05],
          [4.1714e-04],
          [1.4376e-04],
          [1.3989e-05],
          [1.4300e-05],
          [1.6334e-05],
          [1.9879e-05],
          [2.1375e-05],
          [2.2892e-05],
          [1.9718e-05],
          [1.7337e-05],
          [5.1963e-04],
          [5.7490e-05],
          [2.2820e-04],
          [1.1825e-05],
          [1.2337e-05],
          [1.2820e-05],
          [1.4291e-05],
          [1.7428e-05],
          [1.9256e-05],
          [2.1287e-05],
          [2.2831e-05],
          [1.7438e-05],
          [1.3280e-05],
          [1.1299e-05],
          [1.3975e-05],
          [1.8293e-05],
          [1.9563e-05],
          [2.4553e-05],
          [2.6034e-05],
          [2.5820e-05],
          [2.1209e-05],
          [1.1646e-04],
          [2.0335e-04],
          [2.7074e-05],
          [3.0716e-04],
          [1.4016e-05],
          [1.1769e-05],
          [1.0945e-05],
          [1.4001e-05],
          [1.5490e-05],
          [1.5240e-05],
          [1.3418e-05],
          [1.3348e-05],
          [1.2328e-05],
          [1.2557e-05],
          [1.3308e-05],
          [1.4656e-05],
          [1.3292e-05],
          [1.6490e-05],
          [1.7312e-05],
          [2.6898e-05],
          [1.1167e-03],
          [3.8890e-04],
          [2.9718e-05],
          [2.2001e-05],
          [2.1802e-05],
          [1.9588e-05],
          [1.8606e-05],
          [1.6667e-05],
          [1.8147e-05],
          [1.5525e-05],
          [1.3534e-05],
          [1.1239e-05],
          [1.1287e-05],
          [1.4296e-05],
          [1.6645e-05],
          [1.9328e-05],
          [2.3735e-05],
          [3.2337e-05],
          [4.6486e-05],
          [5.0354e-05],
          [6.5084e-05],
          [5.7556e-05],
          [7.0018e-05],
          [5.6483e-05],
          [5.2607e-05],
          [6.5525e-04],
          [2.1075e-04],
          [4.3951e-04],
          [3.4315e-04],
          [1.6714e-05],
          [1.6449e-05],
          [1.6087e-05],
          [2.1739e-05],
          [1.8011e-05],
          [2.1304e-05],
          [2.0373e-05],
          [2.0727e-05],
          [2.5374e-05],
          [2.4542e-05],
          [2.0556e-05],
          [9.9683e-04],
          [2.6600e-04],
          [2.4040e-05],
          [2.7977e-05],
          [3.1131e-05],
          [3.2915e-05],
          [3.0124e-05],
          [6.6653e-04],
          [4.2202e-05],
          [4.5569e-04],
          [1.7783e-05],
          [1.4268e-05],
          [5.6729e-04],
          [1.5858e-05],
          [2.2341e-04],
          [2.1983e-05],
          [2.4070e-05],
          [1.9021e-05],
          [8.7558e-04],
          [2.8661e-05],
          [8.1350e-04],
          [1.9250e-05],
          [2.6216e-05],
          [2.6750e-05],
          [2.6297e-05],
          [2.7935e-05],
          [2.3281e-05],
          [4.2701e-04],
          [1.8769e-04],
          [1.8109e-05],
          [1.5335e-05],
          [1.5695e-05],
          [1.3065e-05],
          [1.4245e-05],
          [1.4408e-05],
          [1.6811e-05],
          [6.9636e-04],
          [1.7830e-04],
          [1.5801e-05],
          [1.4134e-05],
          [1.4524e-05],
          [1.4507e-05],
          [1.4815e-03],
          [3.8927e-05],
          [2.9351e-05],
          [5.5926e-04],
          [1.5310e-05],
          [1.3807e-05],
          [1.2687e-05],
          [1.2128e-05],
          [1.3272e-05],
          [1.2200e-05],
          [1.3252e-05],
          [1.2208e-05],
          [1.3407e-05],
          [1.6467e-05],
          [1.4433e-05],
          [1.4275e-05],
          [1.0540e-05],
          [1.0302e-05],
          [1.1953e-05],
          [1.2240e-05],
          [1.3951e-05],
          [8.3990e-04],
          [1.4862e-04],
          [1.3588e-05],
          [1.6457e-05],
          [1.3807e-05],
          [1.9015e-05],
          [1.8961e-05],
          [1.7534e-05],
          [1.8401e-05],
          [1.9928e-05],
          [1.9977e-05],
          [1.1791e-05],
          [3.5044e-04],
          [1.6355e-04],
          [2.6851e-05],
          [2.6083e-04],
          [1.1198e-05],
          [4.5296e-04],
          [1.5321e-04],
          [1.9237e-05],
          [2.2676e-05],
          [2.5526e-05],
          [2.2304e-05],
          [2.7054e-05],
          [2.8497e-05],
          [3.7648e-05],
          [3.4798e-05],
          [4.5867e-05],
          [4.7472e-05],
          [6.7547e-05],
          [7.1163e-05],
          [7.6111e-05],
          [5.0616e-05],
          [2.5930e-04],
          [2.7218e-05],
          [2.7962e-05],
          [3.6637e-04],
          [2.6262e-04],
          [3.5270e-05],
          [1.3387e-04],
          [2.7669e-04],
          [2.9601e-05],
          [2.8444e-04],
          [1.3787e-05],
          [1.3062e-05],
          [1.1947e-05],
          [9.2531e-06],
          [9.6432e-06],
          [9.6211e-06],
          [2.1394e-05],
          [1.1117e-05],
          [1.3542e-05],
          [1.2153e-05],
          [4.2697e-04],
          [2.2916e-05],
          [9.1453e-05],
          [3.4944e-05],
          [1.2170e-05],
          [1.1798e-05],
          [1.1781e-05],
          [1.1259e-05],
          [9.7968e-06],
          [1.0741e-05],
          [8.7751e-04],
          [3.0991e-05],
          [2.2303e-04],
          [1.1715e-05],
          [1.1996e-05],
          [1.2948e-05],
          [1.2201e-05],
          [1.2630e-05],
          [1.3971e-05],
          [1.3233e-05],
          [1.7349e-05],
          [1.5202e-05],
          [1.7949e-05],
          [1.8898e-05],
          [2.1333e-05],
          [1.3425e-03],
          [2.5806e-04],
          [1.6209e-05],
          [1.4607e-05],
          [1.3660e-05],
          [1.2034e-05],
          [1.3340e-05],
          [1.8672e-05],
          [2.4293e-05],
          [2.1135e-05],
          [1.7247e-05],
          [1.4816e-05],
          [1.4947e-05],
          [1.1171e-05],
          [1.1193e-05],
          [1.1187e-05],
          [1.2077e-05],
          [1.5068e-05],
          [1.2731e-05],
          [1.2646e-05],
          [1.4956e-05],
          [1.2662e-05],
          [1.2978e-05],
          [1.6379e-05],
          [1.7846e-05],
          [2.4500e-05],
          [1.9197e-05],
          [2.8730e-05],
          [2.8573e-05],
          [2.9405e-05],
          [2.1041e-05],
          [2.6541e-05],
          [2.3517e-05],
          [2.5249e-05],
          [2.0373e-05],
          [1.7891e-05],
          [2.5092e-05],
          [1.9532e-05],
          [1.8553e-05],
          [1.2444e-05],
          [1.2443e-05],
          [1.5349e-05],
          [1.6517e-05],
          [1.5327e-05],
          [2.1335e-04],
          [2.8300e-05],
          [9.5328e-04],
          [1.7379e-05],
          [1.6818e-05],
          [1.5798e-05],
          [1.5252e-05],
          [1.5008e-05],
          [1.3708e-05],
          [1.7022e-05],
          [1.2622e-05],
          [1.2225e-05],
          [1.3162e-05],
          [1.5034e-05],
          [1.5624e-05],
          [1.8000e-05],
          [1.6290e-05],
          [4.1074e-04],
          [9.2308e-05],
          [3.7634e-04],
          [1.4905e-05],
          [1.1293e-05],
          [8.8587e-06],
          [1.1618e-05],
          [5.4657e-04],
          [1.4268e-04],
          [1.2224e-05],
          [1.2769e-05],
          [1.5455e-05],
          [2.2184e-05],
          [2.4001e-05],
          [3.4552e-05],
          [5.7685e-05],
          [4.7189e-05],
          [4.8950e-05],
          [2.9527e-05],
          [2.2007e-05],
          [1.3900e-05],
          [1.0768e-05],
          [1.1080e-05],
          [1.0918e-05],
          [1.1379e-05],
          [1.1070e-05],
          [3.8611e-05],
          [2.8478e-05],
          [3.0186e-05],
          [8.2407e-05],
          [2.4554e-05],
          [3.3104e-05],
          [2.3387e-05],
          [2.1301e-05],
          [1.6226e-05],
          [6.0454e-04],
          [1.9640e-04],
          [1.9912e-05],
          [2.0874e-05],
          [1.9102e-05],
          [1.5420e-05],
          [1.7588e-05],
          [1.7785e-05],
          [1.9392e-05],
          [8.3332e-05],
          [8.2910e-05],
          [3.0855e-04],
          [2.0966e-04],
          [2.9677e-05],
          [1.4543e-05],
          [1.6511e-05],
          [2.1804e-05],
          [1.4185e-05],
          [4.2933e-04],
          [1.3179e-04],
          [1.5999e-05],
          [4.9638e-05],
          [1.3613e-04],
          [2.0243e-05],
          [3.1187e-04],
          [1.8562e-05],
          [3.0384e-04],
          [1.8329e-05],
          [1.4526e-05],
          [1.1117e-05],
          [1.1228e-05],
          [1.1336e-05],
          [5.5515e-05],
          [6.5205e-06]]]])
