# Using CPU
# Loading Embeddings...
# Making Predictions...
torch.Size([1, 1, 442, 282])
tensor([[[[1.2428e-04],
          [5.7652e-05],
          [1.6081e-04],
          [2.7287e-05],
          [1.0216e-05],
          [1.0141e-03],
          [9.5652e-04],
          [1.6586e-05],
          [1.4350e-03],
          [1.0040e-03],
          [2.0902e-05],
          [1.8724e-05],
          [5.3369e-04],
          [4.0744e-04],
          [1.2791e-05],
          [1.1668e-05],
          [1.1216e-05],
          [1.1307e-05],
          [1.1630e-05],
          [2.4116e-05],
          [1.3110e-03],
          [2.5554e-05],
          [5.6612e-04],
          [1.6476e-05],
          [2.1425e-05],
          [3.0142e-05],
          [4.5575e-05],
          [8.0883e-05],
          [1.0104e-04],
          [1.3680e-04],
          [1.2593e-04],
          [1.3351e-04],
          [1.4066e-04],
          [1.5209e-04],
          [1.1313e-04],
          [8.2550e-05],
          [8.8303e-04],
          [5.3989e-05],
          [3.2416e-04],
          [2.6583e-04],
          [5.4607e-04],
          [2.4274e-05],
          [2.5261e-05],
          [2.5659e-05],
          [1.8529e-05],
          [1.6876e-05],
          [1.3377e-05],
          [1.4880e-05],
          [2.4645e-05],
          [6.2155e-04],
          [3.4524e-04],
          [1.1316e-05],
          [1.3738e-05],
          [1.0703e-03],
          [5.5994e-04],
          [1.5552e-05],
          [1.6185e-05],
          [1.6323e-05],
          [2.0030e-05],
          [2.3577e-05],
          [2.3933e-05],
          [2.3511e-05],
          [5.9054e-04],
          [4.4192e-04],
          [1.7914e-05],
          [1.9112e-05],
          [1.6981e-05],
          [1.5888e-05],
          [1.5952e-05],
          [1.4902e-05],
          [1.4510e-05],
          [6.3673e-04],
          [1.9178e-05],
          [6.1924e-05],
          [1.6310e-05],
          [1.8956e-05],
          [1.9220e-03],
          [1.4803e-05],
          [1.4908e-05],
          [1.2380e-05],
          [3.1152e-04],
          [2.4032e-04],
          [1.3884e-05],
          [1.5208e-05],
          [1.7461e-05],
          [2.1643e-05],
          [2.3123e-05],
          [2.4759e-05],
          [2.0423e-05],
          [1.7562e-05],
          [7.9298e-04],
          [4.0148e-05],
          [3.7594e-04],
          [1.2878e-05],
          [1.1332e-05],
          [1.3487e-05],
          [1.5216e-05],
          [2.1417e-05],
          [1.6308e-05],
          [1.7634e-05],
          [1.7259e-05],
          [1.4615e-05],
          [1.1409e-05],
          [1.1844e-05],
          [1.4913e-05],
          [2.1646e-05],
          [2.4558e-05],
          [3.0764e-05],
          [3.2911e-05],
          [3.0693e-05],
          [2.5126e-05],
          [7.4219e-04],
          [1.3488e-04],
          [2.1480e-05],
          [4.2949e-04],
          [1.6187e-05],
          [1.2762e-05],
          [1.0737e-05],
          [1.4265e-05],
          [1.5358e-05],
          [1.5281e-05],
          [1.3867e-05],
          [1.9254e-05],
          [1.2058e-05],
          [1.3647e-05],
          [1.4057e-05],
          [1.5510e-05],
          [1.5686e-05],
          [2.1069e-05],
          [1.8853e-05],
          [2.0955e-05],
          [5.1660e-04],
          [7.0847e-04],
          [2.4794e-05],
          [2.9983e-05],
          [2.6714e-05],
          [2.3635e-05],
          [2.0697e-05],
          [1.7381e-05],
          [1.8465e-05],
          [1.5173e-05],
          [1.3153e-05],
          [1.0701e-05],
          [1.0567e-05],
          [1.4386e-05],
          [1.7400e-05],
          [2.0527e-05],
          [2.6673e-05],
          [4.0095e-05],
          [5.7328e-05],
          [6.1468e-05],
          [7.3715e-05],
          [8.1199e-05],
          [8.5883e-05],
          [8.0666e-05],
          [6.0486e-05],
          [2.2644e-03],
          [4.5130e-04],
          [6.5720e-04],
          [9.1088e-04],
          [1.7843e-05],
          [1.7671e-05],
          [1.5427e-05],
          [1.7188e-05],
          [2.0095e-05],
          [2.2133e-05],
          [2.4472e-05],
          [2.5332e-05],
          [3.0444e-05],
          [2.8919e-05],
          [2.1406e-05],
          [1.1657e-03],
          [5.6204e-04],
          [2.6658e-05],
          [3.5731e-05],
          [5.6687e-05],
          [3.6623e-05],
          [3.5351e-05],
          [6.7526e-04],
          [4.1095e-05],
          [4.7948e-04],
          [3.4662e-05],
          [2.1551e-05],
          [5.2331e-04],
          [1.4034e-05],
          [3.6308e-04],
          [1.5276e-05],
          [1.7298e-05],
          [1.4370e-05],
          [1.3946e-03],
          [3.5592e-05],
          [2.0732e-03],
          [2.2299e-05],
          [2.9568e-05],
          [3.2034e-05],
          [3.1512e-05],
          [3.5303e-05],
          [2.9639e-05],
          [4.7247e-04],
          [3.8977e-04],
          [2.0208e-05],
          [1.5525e-05],
          [1.6400e-05],
          [1.3489e-05],
          [1.7724e-05],
          [1.6968e-05],
          [1.5249e-05],
          [9.3469e-04],
          [5.5940e-04],
          [1.7466e-05],
          [1.6126e-05],
          [1.4478e-05],
          [1.5250e-05],
          [2.0005e-03],
          [3.9611e-05],
          [3.8521e-05],
          [1.1792e-03],
          [1.9023e-05],
          [1.5806e-05],
          [1.2880e-05],
          [1.2426e-05],
          [1.4894e-05],
          [1.4168e-05],
          [1.2266e-05],
          [1.2304e-05],
          [1.4611e-05],
          [1.5641e-05],
          [1.5904e-05],
          [1.3173e-05],
          [1.0583e-05],
          [1.0937e-05],
          [1.2395e-05],
          [1.2070e-05],
          [1.4211e-05],
          [1.6864e-03],
          [3.0718e-04],
          [1.5850e-05],
          [1.5637e-05],
          [1.5106e-05],
          [1.6982e-05],
          [1.5767e-05],
          [1.9340e-05],
          [1.8386e-05],
          [2.0247e-05],
          [2.2449e-05],
          [1.5207e-05],
          [1.2172e-03],
          [1.1413e-04],
          [2.1045e-05],
          [2.9448e-04],
          [1.2239e-05],
          [6.1959e-04],
          [2.8992e-04],
          [2.3054e-05],
          [2.7704e-05],
          [2.9556e-05],
          [2.7858e-05],
          [3.5356e-05],
          [3.7079e-05],
          [4.5333e-05],
          [3.9679e-05],
          [5.9963e-05],
          [6.1819e-05],
          [8.3486e-05],
          [4.0914e-04],
          [1.0119e-04],
          [5.8849e-05],
          [2.0784e-04],
          [2.9563e-05],
          [2.8728e-05],
          [4.9711e-04],
          [2.8958e-04],
          [2.1731e-05],
          [2.4751e-04],
          [2.8890e-04],
          [2.8160e-05],
          [3.2605e-04],
          [1.3303e-05],
          [1.1677e-05],
          [1.0965e-05],
          [9.4165e-06],
          [9.9459e-06],
          [1.0344e-05],
          [2.0451e-05],
          [1.1177e-05],
          [1.4555e-05],
          [1.2102e-05],
          [3.6092e-04],
          [2.8121e-05],
          [7.8416e-05],
          [1.1983e-04],
          [1.1760e-05],
          [1.1994e-05],
          [1.1557e-05],
          [1.1054e-05],
          [1.0637e-05],
          [1.0070e-05],
          [1.2631e-03],
          [3.8121e-05],
          [9.5498e-04],
          [1.3911e-05],
          [1.2642e-05],
          [1.4542e-05],
          [1.3875e-05],
          [1.4369e-05],
          [1.4082e-05],
          [1.4446e-05],
          [1.9207e-05],
          [1.7772e-05],
          [2.4157e-05],
          [2.6541e-05],
          [3.3433e-05],
          [1.6348e-03],
          [4.7609e-04],
          [2.4634e-05],
          [1.9067e-05],
          [1.4629e-05],
          [1.1602e-05],
          [1.2211e-05],
          [1.8510e-05],
          [2.5045e-05],
          [2.1619e-05],
          [1.6768e-05],
          [1.4633e-05],
          [1.4006e-05],
          [1.0887e-05],
          [1.1044e-05],
          [1.2258e-05],
          [1.5397e-05],
          [1.7293e-05],
          [1.4643e-05],
          [1.5091e-05],
          [1.7154e-05],
          [1.5588e-05],
          [1.4349e-05],
          [1.9400e-05],
          [2.2371e-05],
          [2.4769e-05],
          [2.2250e-05],
          [3.4287e-05],
          [3.2540e-05],
          [3.0899e-05],
          [2.0703e-05],
          [2.3770e-05],
          [2.7032e-05],
          [2.4443e-05],
          [2.2766e-05],
          [1.9307e-05],
          [2.6809e-05],
          [1.8940e-05],
          [1.6969e-05],
          [1.7820e-05],
          [1.5737e-05],
          [1.7374e-05],
          [1.6322e-05],
          [1.6766e-05],
          [1.5538e-03],
          [4.8186e-05],
          [2.3202e-03],
          [2.0367e-05],
          [2.1171e-05],
          [1.7523e-05],
          [1.7166e-05],
          [1.6375e-05],
          [1.3475e-05],
          [1.4405e-05],
          [1.2234e-05],
          [1.2285e-05],
          [1.2413e-05],
          [1.6361e-05],
          [1.4563e-05],
          [2.0018e-05],
          [1.7111e-05],
          [1.3494e-03],
          [1.2530e-04],
          [9.4874e-04],
          [1.3479e-05],
          [1.1022e-05],
          [9.4565e-06],
          [1.3604e-05],
          [6.5579e-04],
          [5.6616e-04],
          [1.3489e-05],
          [1.2542e-05],
          [1.2692e-05],
          [1.9513e-05],
          [1.9557e-05],
          [2.9915e-05],
          [3.6416e-05],
          [3.3870e-05],
          [3.1722e-05],
          [2.2756e-05],
          [1.6020e-05],
          [1.3036e-05],
          [1.2069e-05],
          [1.0042e-05],
          [1.2479e-05],
          [1.0960e-05],
          [1.2987e-05],
          [3.6902e-05],
          [3.5152e-05],
          [3.7118e-05],
          [1.1790e-04],
          [2.5730e-05],
          [3.3630e-05],
          [2.5489e-05],
          [2.3879e-05],
          [1.7791e-05],
          [7.0134e-04],
          [3.2511e-04],
          [2.1528e-05],
          [2.1248e-05],
          [1.8820e-05],
          [1.5981e-05],
          [2.1092e-05],
          [2.2176e-05],
          [2.1705e-05],
          [2.1118e-04],
          [1.1516e-04],
          [3.8960e-04],
          [5.2262e-04],
          [2.7158e-05],
          [1.4996e-05],
          [1.5686e-05],
          [2.2224e-05],
          [1.5002e-05],
          [5.4333e-04],
          [9.5779e-05],
          [1.4457e-05],
          [3.5357e-05],
          [2.7453e-04],
          [2.1115e-05],
          [1.9714e-04],
          [1.5265e-05],
          [2.7304e-04],
          [1.7917e-05],
          [1.4481e-05],
          [1.1638e-05],
          [1.1696e-05],
          [1.1844e-05],
          [1.8733e-04],
          [7.6856e-06]]]])
