# Using CPU
# Loading Embeddings...
# Making Predictions...
torch.Size([1, 1, 442, 458])
tensor([[[[1.6115e-04],
          [4.2992e-05],
          [7.4868e-05],
          [1.1189e-04],
          [8.2946e-05],
          [4.0552e-04],
          [2.8926e-04],
          [1.4488e-04],
          [3.4282e-04],
          [2.5872e-04],
          [1.4767e-04],
          [8.3217e-05],
          [1.1989e-03],
          [3.7344e-04],
          [1.4545e-04],
          [9.4831e-05],
          [9.2427e-05],
          [7.9591e-05],
          [1.1629e-04],
          [1.2690e-04],
          [2.2654e-04],
          [1.1871e-04],
          [1.9498e-04],
          [9.0624e-05],
          [1.0474e-04],
          [7.5643e-05],
          [6.2731e-05],
          [5.9691e-05],
          [6.2579e-05],
          [7.5809e-05],
          [6.8547e-05],
          [7.9763e-05],
          [7.1443e-05],
          [7.8494e-05],
          [6.1179e-05],
          [6.4950e-05],
          [1.7723e-03],
          [7.8732e-05],
          [4.0623e-04],
          [2.2335e-04],
          [3.5798e-04],
          [3.4460e-05],
          [3.6871e-05],
          [3.9007e-05],
          [4.1493e-05],
          [5.3940e-05],
          [4.4856e-05],
          [4.8196e-05],
          [5.1563e-05],
          [5.6577e-04],
          [2.0434e-04],
          [6.2334e-05],
          [4.3377e-05],
          [2.6817e-04],
          [1.8004e-04],
          [3.9936e-05],
          [3.3197e-05],
          [5.0702e-05],
          [4.3709e-05],
          [4.6428e-05],
          [5.3082e-05],
          [4.3453e-05],
          [1.1035e-03],
          [3.8411e-04],
          [6.3023e-05],
          [4.9427e-05],
          [4.5506e-05],
          [5.5180e-05],
          [6.2563e-05],
          [8.7966e-05],
          [6.3178e-05],
          [7.5818e-04],
          [5.9359e-05],
          [5.3838e-05],
          [4.4585e-05],
          [4.6891e-05],
          [3.3151e-04],
          [4.6258e-05],
          [4.8333e-05],
          [5.2648e-05],
          [4.8942e-04],
          [2.9323e-04],
          [8.1567e-05],
          [4.6258e-05],
          [4.8317e-05],
          [4.1582e-05],
          [5.2559e-05],
          [5.2776e-05],
          [6.6069e-05],
          [7.9729e-05],
          [2.2971e-04],
          [1.8725e-04],
          [5.0525e-04],
          [9.8019e-05],
          [9.8320e-05],
          [8.0169e-05],
          [9.4015e-05],
          [1.2112e-04],
          [1.1767e-04],
          [1.2373e-04],
          [1.3456e-04],
          [1.1877e-04],
          [1.1592e-04],
          [9.6923e-05],
          [9.0537e-05],
          [8.0199e-05],
          [8.4297e-05],
          [5.9305e-05],
          [5.5844e-05],
          [4.6728e-05],
          [5.9182e-05],
          [1.4077e-04],
          [3.5247e-04],
          [4.7865e-05],
          [4.9339e-04],
          [4.2481e-05],
          [4.2548e-05],
          [4.9713e-05],
          [4.2661e-05],
          [4.6722e-05],
          [4.6584e-05],
          [5.3112e-05],
          [5.8102e-05],
          [5.9041e-05],
          [6.4616e-05],
          [8.8822e-05],
          [8.8775e-05],
          [7.3552e-05],
          [6.0766e-05],
          [7.9980e-05],
          [5.8477e-05],
          [9.4646e-04],
          [4.6158e-04],
          [6.7758e-05],
          [4.3492e-05],
          [4.5605e-05],
          [4.0932e-05],
          [5.0645e-05],
          [6.6265e-05],
          [5.5956e-05],
          [6.9081e-05],
          [4.6141e-05],
          [6.1006e-05],
          [4.9559e-05],
          [4.8843e-05],
          [4.6147e-05],
          [4.9814e-05],
          [3.9370e-05],
          [4.1683e-05],
          [5.9836e-05],
          [7.1031e-05],
          [8.0658e-05],
          [6.9929e-05],
          [9.1056e-05],
          [6.6228e-05],
          [8.7079e-05],
          [4.5440e-04],
          [1.3163e-04],
          [2.2296e-04],
          [2.2225e-04],
          [6.6907e-05],
          [5.8248e-05],
          [5.5312e-05],
          [5.3590e-05],
          [4.4331e-05],
          [4.8592e-05],
          [5.3570e-05],
          [5.1264e-05],
          [4.9538e-05],
          [5.7794e-05],
          [8.8106e-05],
          [7.5429e-04],
          [3.3572e-04],
          [5.9823e-05],
          [6.2367e-05],
          [6.5412e-05],
          [4.8597e-05],
          [4.5264e-05],
          [6.3368e-04],
          [1.0586e-04],
          [6.4712e-04],
          [6.5218e-05],
          [6.3628e-05],
          [5.4433e-04],
          [9.2456e-05],
          [3.2117e-04],
          [1.1890e-04],
          [1.3188e-04],
          [9.9016e-05],
          [3.6785e-04],
          [8.5974e-05],
          [3.1086e-04],
          [5.6497e-05],
          [5.4099e-05],
          [5.4617e-05],
          [5.5716e-05],
          [5.6908e-05],
          [8.3799e-05],
          [5.8043e-04],
          [3.7740e-04],
          [6.2344e-05],
          [6.7176e-05],
          [6.0879e-05],
          [6.7154e-05],
          [8.5656e-05],
          [8.0539e-05],
          [8.7169e-05],
          [2.2535e-04],
          [1.7221e-04],
          [8.2726e-05],
          [8.8590e-05],
          [9.5627e-05],
          [6.3451e-05],
          [6.1659e-04],
          [6.4836e-05],
          [4.1404e-05],
          [6.2314e-04],
          [4.4310e-05],
          [3.5326e-05],
          [3.8816e-05],
          [5.2148e-05],
          [5.2896e-05],
          [6.5367e-05],
          [4.9426e-05],
          [3.5933e-05],
          [3.5716e-05],
          [4.0701e-05],
          [2.7750e-05],
          [3.9807e-05],
          [4.1653e-05],
          [2.8583e-05],
          [2.9334e-05],
          [2.8723e-05],
          [2.9468e-05],
          [4.1455e-04],
          [1.6225e-04],
          [5.0007e-05],
          [3.7413e-05],
          [4.9928e-05],
          [3.6889e-05],
          [6.7964e-05],
          [7.2957e-05],
          [4.5139e-05],
          [6.7933e-05],
          [8.7446e-05],
          [4.3205e-05],
          [9.8517e-05],
          [3.0993e-04],
          [4.8532e-05],
          [4.3814e-04],
          [5.7304e-05],
          [3.0037e-04],
          [2.0157e-04],
          [5.8418e-05],
          [6.6833e-05],
          [5.5677e-05],
          [5.2488e-05],
          [6.4666e-05],
          [6.1000e-05],
          [4.7481e-05],
          [6.3009e-05],
          [5.7383e-05],
          [6.0272e-05],
          [1.3451e-04],
          [2.0356e-04],
          [1.1909e-04],
          [1.7305e-04],
          [6.2391e-04],
          [3.9673e-05],
          [4.0830e-05],
          [6.5733e-04],
          [2.8468e-04],
          [8.7610e-05],
          [2.0397e-04],
          [4.4222e-04],
          [5.6642e-05],
          [4.4087e-04],
          [2.9492e-05],
          [4.5062e-05],
          [3.9630e-05],
          [4.6331e-05],
          [5.0237e-05],
          [5.6314e-05],
          [6.7694e-05],
          [6.4420e-05],
          [7.1166e-05],
          [7.0380e-05],
          [1.0451e-03],
          [4.8436e-05],
          [9.8163e-05],
          [6.3337e-05],
          [4.8202e-05],
          [4.2060e-05],
          [5.2392e-05],
          [6.4660e-05],
          [7.4965e-05],
          [6.6070e-05],
          [3.5216e-04],
          [6.5126e-05],
          [2.9918e-04],
          [5.9490e-05],
          [5.5375e-05],
          [4.4923e-05],
          [4.6700e-05],
          [4.1432e-05],
          [4.0455e-05],
          [3.4983e-05],
          [3.2407e-05],
          [3.0981e-05],
          [2.8589e-05],
          [3.3888e-05],
          [2.8818e-05],
          [4.8156e-04],
          [2.0670e-04],
          [2.9773e-05],
          [2.7934e-05],
          [3.7093e-05],
          [3.0345e-05],
          [3.4070e-05],
          [4.7007e-05],
          [3.7567e-05],
          [5.0537e-05],
          [5.3753e-05],
          [6.2923e-05],
          [4.3412e-05],
          [3.2054e-05],
          [2.7466e-05],
          [2.4747e-05],
          [2.7819e-05],
          [2.1338e-05],
          [2.8197e-05],
          [2.9243e-05],
          [3.1421e-05],
          [3.2848e-05],
          [4.7766e-05],
          [4.5649e-05],
          [5.4927e-05],
          [5.3042e-05],
          [5.7827e-05],
          [7.1017e-05],
          [6.5278e-05],
          [6.2970e-05],
          [4.6995e-05],
          [3.7693e-05],
          [2.9386e-05],
          [2.3070e-05],
          [2.0526e-05],
          [3.1278e-05],
          [2.0285e-05],
          [2.1147e-05],
          [2.6997e-05],
          [2.4520e-05],
          [3.6296e-05],
          [2.5532e-05],
          [3.4565e-05],
          [2.9530e-05],
          [1.2211e-04],
          [3.5313e-05],
          [1.9781e-04],
          [2.9355e-05],
          [2.8475e-05],
          [2.6244e-05],
          [2.9121e-05],
          [2.5158e-05],
          [2.5955e-05],
          [3.3422e-05],
          [2.7520e-05],
          [2.2454e-05],
          [3.1954e-05],
          [2.5472e-05],
          [3.4391e-05],
          [3.1221e-05],
          [2.7507e-05],
          [1.8446e-04],
          [1.2222e-04],
          [2.9924e-04],
          [2.8875e-05],
          [2.4686e-05],
          [2.5863e-05],
          [2.7787e-05],
          [3.9587e-04],
          [1.5232e-04],
          [3.2302e-05],
          [2.5988e-05],
          [2.7532e-05],
          [4.9545e-05],
          [3.1561e-05],
          [4.8569e-05],
          [5.5150e-05],
          [6.6715e-05],
          [7.4136e-05],
          [6.6518e-05],
          [7.1586e-05],
          [4.0840e-05],
          [2.5811e-05],
          [2.5222e-05],
          [4.6062e-05],
          [2.6442e-05],
          [3.2590e-05],
          [6.5793e-05],
          [9.5731e-05],
          [1.9971e-04],
          [2.8839e-04],
          [2.4580e-04],
          [2.2033e-04],
          [8.1012e-05],
          [7.2795e-05],
          [4.8426e-05],
          [4.7535e-04],
          [2.2284e-04],
          [4.3847e-05],
          [3.9069e-05],
          [4.2294e-05],
          [3.7971e-05],
          [3.3095e-05],
          [3.2203e-05],
          [7.2111e-05],
          [9.6313e-05],
          [1.1782e-04],
          [2.5960e-04],
          [1.0329e-04],
          [4.8574e-05],
          [3.0560e-05],
          [3.3642e-05],
          [5.1851e-05],
          [3.1843e-05],
          [4.6696e-04],
          [1.9212e-04],
          [2.6215e-05],
          [9.8933e-05],
          [2.7249e-04],
          [3.5900e-05],
          [8.0424e-04],
          [2.5206e-05],
          [5.4382e-04],
          [2.2936e-05],
          [3.1917e-05],
          [3.1957e-05],
          [3.7478e-05],
          [2.0647e-05],
          [1.7897e-05],
          [6.7816e-06]]]])
