# Using CPU
# Loading Embeddings...
# Making Predictions...
torch.Size([1, 1, 442, 307])
tensor([[[[5.6501e-04],
          [4.3108e-05],
          [1.3647e-04],
          [5.5214e-05],
          [9.4281e-06],
          [4.7478e-04],
          [5.6237e-04],
          [3.1746e-05],
          [9.2223e-04],
          [1.2293e-03],
          [1.4317e-05],
          [1.2959e-05],
          [3.2709e-04],
          [1.8604e-04],
          [5.6540e-05],
          [2.4956e-05],
          [7.4532e-05],
          [2.2732e-05],
          [2.4309e-05],
          [1.5490e-05],
          [1.3421e-03],
          [3.7308e-05],
          [1.2106e-03],
          [1.3027e-05],
          [1.4159e-05],
          [1.8508e-05],
          [2.6053e-05],
          [4.5538e-05],
          [5.2028e-05],
          [6.3655e-05],
          [6.6535e-05],
          [8.3781e-05],
          [7.2250e-05],
          [8.0773e-05],
          [5.6325e-05],
          [4.9989e-05],
          [4.1283e-04],
          [3.9484e-05],
          [1.5296e-04],
          [1.7033e-04],
          [7.3224e-04],
          [1.8187e-05],
          [1.7576e-05],
          [1.7590e-05],
          [1.3100e-05],
          [1.3034e-05],
          [1.2762e-05],
          [2.6191e-05],
          [4.3724e-05],
          [2.3345e-04],
          [5.5096e-04],
          [1.8265e-05],
          [1.4486e-05],
          [1.3879e-03],
          [7.2143e-04],
          [1.1572e-05],
          [1.2321e-05],
          [1.6191e-05],
          [1.4701e-05],
          [1.6602e-05],
          [1.6150e-05],
          [1.5531e-05],
          [2.5293e-04],
          [3.7913e-04],
          [1.3266e-05],
          [1.2996e-05],
          [1.2779e-05],
          [1.2457e-05],
          [1.2709e-05],
          [1.3356e-05],
          [1.1828e-05],
          [3.4507e-04],
          [2.2662e-05],
          [2.0308e-05],
          [1.4177e-05],
          [1.8174e-05],
          [2.4952e-03],
          [1.1401e-05],
          [1.1769e-05],
          [1.0952e-05],
          [1.6344e-04],
          [2.5892e-04],
          [1.1862e-05],
          [1.0758e-05],
          [1.1865e-05],
          [1.3675e-05],
          [1.3714e-05],
          [1.5526e-05],
          [1.3032e-05],
          [1.1721e-05],
          [8.4523e-04],
          [5.3987e-05],
          [3.8498e-04],
          [1.1788e-05],
          [1.3201e-05],
          [1.3469e-05],
          [1.3875e-05],
          [1.6354e-05],
          [1.6086e-05],
          [1.8953e-05],
          [1.7514e-05],
          [1.4294e-05],
          [1.3900e-05],
          [1.4231e-05],
          [1.1070e-05],
          [1.3028e-05],
          [1.4368e-05],
          [1.7709e-05],
          [1.8189e-05],
          [1.8711e-05],
          [1.5979e-05],
          [3.3757e-04],
          [1.2435e-04],
          [2.9081e-05],
          [2.5526e-04],
          [1.2973e-05],
          [1.1238e-05],
          [9.7705e-06],
          [1.1371e-05],
          [1.1819e-05],
          [1.2245e-05],
          [9.8092e-06],
          [2.3404e-05],
          [1.1022e-05],
          [1.3205e-05],
          [1.0562e-05],
          [1.2215e-05],
          [1.2853e-05],
          [1.2618e-05],
          [1.5124e-05],
          [1.4477e-05],
          [4.6010e-04],
          [5.8418e-04],
          [4.1533e-05],
          [2.0762e-05],
          [1.9191e-05],
          [1.6766e-05],
          [1.6254e-05],
          [1.3484e-05],
          [1.4181e-05],
          [1.4446e-05],
          [1.2915e-05],
          [9.8805e-06],
          [1.0104e-05],
          [1.1032e-05],
          [1.2824e-05],
          [1.4050e-05],
          [1.7836e-05],
          [2.2485e-05],
          [3.0809e-05],
          [3.3171e-05],
          [3.6223e-05],
          [3.7213e-05],
          [4.7850e-05],
          [3.7319e-05],
          [3.5032e-05],
          [2.3400e-03],
          [6.1661e-04],
          [5.9975e-04],
          [1.7420e-03],
          [1.2811e-05],
          [1.2875e-05],
          [1.3203e-05],
          [1.8364e-05],
          [1.5627e-05],
          [1.9481e-05],
          [1.7083e-05],
          [1.6563e-05],
          [1.7503e-05],
          [1.5534e-05],
          [1.4109e-05],
          [9.7445e-04],
          [8.3427e-04],
          [1.6799e-05],
          [1.9838e-05],
          [2.5629e-05],
          [2.2519e-05],
          [2.1089e-05],
          [2.3488e-04],
          [3.2600e-05],
          [1.9302e-04],
          [1.6925e-05],
          [1.9513e-05],
          [1.8048e-04],
          [1.8079e-05],
          [5.2027e-04],
          [1.2873e-05],
          [1.2994e-05],
          [1.1605e-05],
          [2.4300e-03],
          [5.6545e-05],
          [3.3683e-03],
          [1.4641e-05],
          [1.7512e-05],
          [1.8442e-05],
          [1.8081e-05],
          [2.1672e-05],
          [1.7548e-05],
          [2.1503e-04],
          [4.6928e-04],
          [1.4920e-05],
          [1.2885e-05],
          [1.3246e-05],
          [1.0548e-05],
          [1.2098e-05],
          [1.1093e-05],
          [9.9962e-06],
          [8.8955e-04],
          [1.1941e-03],
          [1.0642e-05],
          [1.1285e-05],
          [1.3273e-05],
          [1.1365e-05],
          [9.1748e-04],
          [2.8081e-05],
          [1.4248e-05],
          [2.0978e-03],
          [1.1057e-05],
          [1.8191e-05],
          [1.3306e-05],
          [1.6147e-05],
          [1.3089e-05],
          [1.1180e-05],
          [1.0364e-05],
          [1.0356e-05],
          [1.6095e-05],
          [1.1154e-05],
          [1.0545e-05],
          [1.3720e-05],
          [1.1007e-05],
          [1.4370e-05],
          [1.3500e-05],
          [1.0109e-05],
          [1.1781e-05],
          [9.9059e-04],
          [6.3864e-04],
          [1.4826e-05],
          [1.2799e-05],
          [1.1497e-05],
          [1.2220e-05],
          [1.6811e-05],
          [1.3543e-05],
          [1.2970e-05],
          [1.9796e-05],
          [1.7367e-05],
          [1.1673e-05],
          [1.1548e-03],
          [1.0859e-04],
          [2.7646e-05],
          [1.8174e-04],
          [1.0810e-05],
          [4.1277e-04],
          [3.3929e-04],
          [1.9033e-05],
          [2.3127e-05],
          [3.0386e-05],
          [2.5331e-05],
          [3.4033e-05],
          [4.0068e-05],
          [4.7684e-05],
          [3.9903e-05],
          [5.7713e-05],
          [7.4019e-05],
          [7.3233e-05],
          [7.1283e-05],
          [5.2835e-05],
          [4.8194e-05],
          [2.1004e-04],
          [1.9763e-05],
          [1.8564e-05],
          [3.1118e-04],
          [6.8257e-04],
          [2.6931e-05],
          [2.3700e-04],
          [1.8942e-04],
          [3.2829e-05],
          [1.7271e-04],
          [1.2130e-05],
          [1.1426e-05],
          [1.0134e-05],
          [8.9831e-06],
          [1.0656e-05],
          [1.0557e-05],
          [1.9333e-05],
          [1.0604e-05],
          [1.1014e-05],
          [9.5111e-06],
          [2.7339e-04],
          [3.2372e-05],
          [8.4658e-05],
          [2.5443e-04],
          [1.0085e-05],
          [1.0103e-05],
          [1.1346e-05],
          [9.6806e-06],
          [9.8854e-06],
          [1.0588e-05],
          [1.2032e-03],
          [3.2053e-05],
          [2.4717e-03],
          [1.1623e-05],
          [1.1101e-05],
          [1.2289e-05],
          [1.3403e-05],
          [1.3481e-05],
          [1.4798e-05],
          [1.4220e-05],
          [1.8218e-05],
          [1.5559e-05],
          [2.1741e-05],
          [2.4324e-05],
          [3.0876e-05],
          [7.9717e-04],
          [1.1158e-03],
          [1.9634e-05],
          [1.8654e-05],
          [1.6414e-05],
          [1.1619e-05],
          [1.1203e-05],
          [1.3147e-05],
          [1.4486e-05],
          [1.3864e-05],
          [1.7467e-05],
          [1.4618e-05],
          [1.3703e-05],
          [1.0826e-05],
          [1.0920e-05],
          [1.0869e-05],
          [1.2446e-05],
          [1.0911e-05],
          [1.1565e-05],
          [1.0835e-05],
          [1.2397e-05],
          [1.1517e-05],
          [1.1725e-05],
          [1.3903e-05],
          [1.2255e-05],
          [1.3551e-05],
          [1.1966e-05],
          [1.5604e-05],
          [1.8007e-05],
          [1.7466e-05],
          [1.7754e-05],
          [2.0527e-05],
          [2.0463e-05],
          [1.9266e-05],
          [1.3707e-05],
          [1.4566e-05],
          [1.3385e-05],
          [1.3428e-05],
          [1.1826e-05],
          [1.0031e-05],
          [1.0686e-05],
          [1.1565e-05],
          [1.3653e-05],
          [1.3907e-05],
          [1.2085e-03],
          [4.8942e-05],
          [2.9455e-03],
          [1.5654e-05],
          [1.6054e-05],
          [1.4048e-05],
          [1.4126e-05],
          [1.3667e-05],
          [1.1385e-05],
          [1.1347e-05],
          [1.0285e-05],
          [9.8424e-06],
          [1.1281e-05],
          [1.1299e-05],
          [1.0815e-05],
          [1.4714e-05],
          [1.3849e-05],
          [2.2931e-03],
          [6.8035e-05],
          [1.7618e-03],
          [1.1993e-05],
          [9.6011e-06],
          [8.9973e-06],
          [1.0108e-05],
          [6.6650e-04],
          [1.5831e-03],
          [1.1023e-05],
          [1.0451e-05],
          [1.1842e-05],
          [1.8004e-05],
          [2.4460e-05],
          [3.1044e-05],
          [3.2354e-05],
          [2.7453e-05],
          [1.9534e-05],
          [1.7622e-05],
          [1.3250e-05],
          [1.0571e-05],
          [1.2697e-05],
          [1.1412e-05],
          [1.1240e-05],
          [1.0738e-05],
          [1.2245e-05],
          [2.2724e-05],
          [2.2484e-05],
          [2.7608e-05],
          [7.5894e-05],
          [2.1046e-05],
          [2.5679e-05],
          [2.0842e-05],
          [2.0527e-05],
          [1.4532e-05],
          [2.1713e-04],
          [4.2884e-04],
          [1.5569e-05],
          [1.5113e-05],
          [1.3308e-05],
          [1.2917e-05],
          [1.5119e-05],
          [1.6742e-05],
          [1.4265e-05],
          [2.0747e-04],
          [8.6749e-05],
          [5.0262e-04],
          [1.1048e-03],
          [1.4319e-05],
          [1.3580e-05],
          [1.4389e-05],
          [1.3311e-05],
          [1.2286e-05],
          [3.5572e-04],
          [1.2748e-04],
          [1.6954e-05],
          [5.3172e-05],
          [3.4599e-04],
          [1.3760e-05],
          [1.9199e-04],
          [1.8947e-05],
          [1.8410e-04],
          [1.5189e-05],
          [1.2019e-05],
          [1.0760e-05],
          [1.1441e-05],
          [1.0829e-05],
          [1.1973e-04],
          [7.0063e-06]]]])
