# Using CPU
# Loading Embeddings...
# Making Predictions...
torch.Size([1, 1, 442, 261])
tensor([[[[1.1414e-04],
          [3.9070e-05],
          [7.8975e-05],
          [2.3348e-05],
          [8.7784e-06],
          [5.8924e-04],
          [1.4115e-03],
          [1.3131e-05],
          [4.3096e-04],
          [1.4761e-03],
          [1.5753e-05],
          [1.5727e-05],
          [4.1911e-04],
          [2.0781e-04],
          [3.2131e-05],
          [1.5395e-05],
          [1.1160e-05],
          [1.3153e-05],
          [1.7514e-05],
          [1.6614e-05],
          [1.0844e-03],
          [2.6585e-05],
          [6.7646e-04],
          [1.8266e-05],
          [1.7642e-05],
          [2.3901e-05],
          [3.1361e-05],
          [5.0093e-05],
          [5.8417e-05],
          [7.3008e-05],
          [7.6491e-05],
          [8.8071e-05],
          [7.9023e-05],
          [8.1755e-05],
          [6.2139e-05],
          [5.3518e-05],
          [1.1739e-03],
          [3.5578e-05],
          [1.4518e-04],
          [1.9210e-04],
          [5.1201e-04],
          [2.1571e-05],
          [2.0227e-05],
          [2.0803e-05],
          [1.6433e-05],
          [1.5207e-05],
          [1.2607e-05],
          [1.1381e-05],
          [1.1517e-05],
          [4.1791e-04],
          [3.5219e-04],
          [1.0752e-05],
          [1.3512e-05],
          [7.2622e-04],
          [8.1707e-04],
          [1.4190e-05],
          [1.5007e-05],
          [1.4444e-05],
          [1.6889e-05],
          [1.9993e-05],
          [1.9744e-05],
          [2.0888e-05],
          [8.2475e-04],
          [2.5453e-04],
          [1.7557e-05],
          [1.7724e-05],
          [1.5866e-05],
          [1.5019e-05],
          [1.5161e-05],
          [1.3908e-05],
          [1.5273e-05],
          [5.2866e-04],
          [2.8934e-05],
          [1.9618e-05],
          [1.4885e-05],
          [2.0887e-05],
          [2.0148e-03],
          [1.4856e-05],
          [1.3779e-05],
          [1.2075e-05],
          [3.3756e-04],
          [1.3133e-04],
          [1.1830e-05],
          [1.1868e-05],
          [1.4033e-05],
          [1.6017e-05],
          [1.7305e-05],
          [1.8995e-05],
          [1.5785e-05],
          [1.4685e-05],
          [5.8833e-04],
          [5.2274e-05],
          [2.3003e-04],
          [1.2599e-05],
          [1.7095e-05],
          [2.2487e-05],
          [2.4254e-05],
          [4.0481e-05],
          [3.3331e-05],
          [4.1562e-05],
          [3.4151e-05],
          [2.4809e-05],
          [1.4917e-05],
          [1.2374e-05],
          [1.4023e-05],
          [1.9747e-05],
          [2.3161e-05],
          [2.7913e-05],
          [2.8059e-05],
          [2.8860e-05],
          [2.4116e-05],
          [2.6098e-04],
          [2.0619e-04],
          [2.2324e-05],
          [2.2470e-04],
          [1.6429e-05],
          [1.4759e-05],
          [1.3436e-05],
          [1.4965e-05],
          [1.5301e-05],
          [1.5449e-05],
          [1.2173e-05],
          [1.3432e-05],
          [1.1441e-05],
          [1.3799e-05],
          [1.3556e-05],
          [1.5855e-05],
          [1.5944e-05],
          [1.8870e-05],
          [2.1619e-05],
          [2.0859e-05],
          [5.9996e-04],
          [3.2458e-04],
          [2.4721e-05],
          [2.6667e-05],
          [2.5597e-05],
          [2.3429e-05],
          [2.2845e-05],
          [1.8679e-05],
          [1.9493e-05],
          [1.5984e-05],
          [1.5560e-05],
          [1.0696e-05],
          [1.2100e-05],
          [1.5352e-05],
          [2.0835e-05],
          [2.2703e-05],
          [3.3067e-05],
          [4.2733e-05],
          [5.9813e-05],
          [6.1782e-05],
          [5.8042e-05],
          [5.2882e-05],
          [6.6001e-05],
          [5.1651e-05],
          [4.5311e-05],
          [6.1244e-04],
          [6.1792e-04],
          [2.9136e-04],
          [1.6920e-03],
          [3.5392e-05],
          [1.5915e-05],
          [1.6022e-05],
          [1.7639e-05],
          [1.7407e-05],
          [2.4479e-05],
          [2.0734e-05],
          [2.0630e-05],
          [2.0877e-05],
          [2.1765e-05],
          [1.9968e-05],
          [6.4531e-04],
          [7.7261e-04],
          [2.7446e-05],
          [3.4811e-05],
          [5.9178e-05],
          [3.8400e-05],
          [3.5651e-05],
          [4.6673e-04],
          [3.8901e-05],
          [3.0485e-04],
          [1.6192e-05],
          [1.9861e-05],
          [3.1496e-04],
          [1.6157e-05],
          [2.1396e-04],
          [2.2032e-05],
          [2.4958e-05],
          [1.9980e-05],
          [1.0021e-03],
          [3.0856e-05],
          [3.8906e-03],
          [1.9495e-05],
          [2.4635e-05],
          [2.6856e-05],
          [2.5689e-05],
          [2.9740e-05],
          [2.2985e-05],
          [4.0710e-04],
          [1.6365e-04],
          [1.9856e-05],
          [1.7248e-05],
          [1.6506e-05],
          [1.4952e-05],
          [2.1707e-05],
          [2.5278e-05],
          [3.7413e-05],
          [5.5201e-04],
          [1.0057e-03],
          [1.9016e-05],
          [1.5469e-05],
          [1.2745e-05],
          [1.3149e-05],
          [4.9323e-04],
          [3.3826e-05],
          [2.0288e-05],
          [1.1605e-03],
          [1.5570e-05],
          [1.3181e-05],
          [1.2883e-05],
          [1.3142e-05],
          [1.4941e-05],
          [1.7964e-05],
          [1.5069e-05],
          [1.4706e-05],
          [4.1255e-05],
          [1.5849e-05],
          [1.5538e-05],
          [1.2623e-05],
          [1.4870e-05],
          [1.3287e-05],
          [1.1951e-05],
          [1.0610e-05],
          [1.1358e-05],
          [6.5499e-04],
          [5.2503e-04],
          [1.4259e-05],
          [1.5628e-05],
          [1.6000e-05],
          [2.1773e-05],
          [2.1019e-05],
          [2.1346e-05],
          [1.8202e-05],
          [1.9985e-05],
          [2.0955e-05],
          [1.2761e-05],
          [5.3009e-04],
          [3.0981e-04],
          [1.8114e-05],
          [1.6466e-04],
          [1.1574e-05],
          [3.5513e-04],
          [2.2322e-04],
          [1.7220e-05],
          [2.1133e-05],
          [2.5447e-05],
          [2.2916e-05],
          [3.1483e-05],
          [4.0009e-05],
          [5.2705e-05],
          [5.0130e-05],
          [7.6576e-05],
          [8.5979e-05],
          [1.1192e-04],
          [1.9130e-04],
          [1.0128e-04],
          [1.7125e-04],
          [4.0024e-04],
          [3.4453e-05],
          [3.1446e-05],
          [2.1057e-04],
          [3.0971e-04],
          [3.5454e-05],
          [2.6429e-04],
          [2.1898e-04],
          [4.9312e-05],
          [2.1552e-04],
          [1.5700e-05],
          [1.3090e-05],
          [1.2309e-05],
          [1.3768e-05],
          [1.1849e-05],
          [1.4308e-05],
          [1.9481e-05],
          [1.3216e-05],
          [1.6484e-05],
          [1.4261e-05],
          [6.1952e-04],
          [3.6825e-05],
          [1.0334e-04],
          [1.4764e-04],
          [1.1201e-05],
          [1.1415e-05],
          [1.0569e-05],
          [1.0335e-05],
          [1.0168e-05],
          [1.2108e-05],
          [5.7280e-04],
          [2.4631e-05],
          [1.5809e-03],
          [1.3977e-05],
          [1.1681e-05],
          [1.1969e-05],
          [1.4043e-05],
          [1.2260e-05],
          [1.2453e-05],
          [1.2781e-05],
          [1.6376e-05],
          [1.3935e-05],
          [2.1256e-05],
          [2.6381e-05],
          [3.2979e-05],
          [5.5397e-04],
          [7.9794e-04],
          [2.1199e-05],
          [1.7688e-05],
          [2.2928e-05],
          [1.1940e-05],
          [1.7943e-05],
          [2.6224e-05],
          [2.8284e-05],
          [2.3631e-05],
          [2.5307e-05],
          [2.5357e-05],
          [2.3630e-05],
          [1.7203e-05],
          [1.4060e-05],
          [1.3896e-05],
          [1.2848e-05],
          [1.5115e-05],
          [1.7490e-05],
          [1.9133e-05],
          [2.3017e-05],
          [1.9017e-05],
          [1.7401e-05],
          [1.9532e-05],
          [2.0414e-05],
          [2.0280e-05],
          [2.1720e-05],
          [2.6447e-05],
          [2.7794e-05],
          [2.9712e-05],
          [2.5367e-05],
          [2.6357e-05],
          [2.5049e-05],
          [2.3503e-05],
          [1.9281e-05],
          [1.7533e-05],
          [1.9980e-05],
          [1.7334e-05],
          [1.6410e-05],
          [1.5791e-05],
          [1.5178e-05],
          [1.2120e-05],
          [1.4415e-05],
          [1.3742e-05],
          [5.2908e-04],
          [3.8572e-05],
          [5.1559e-03],
          [1.6641e-05],
          [1.6880e-05],
          [1.4946e-05],
          [1.4475e-05],
          [1.5602e-05],
          [1.4272e-05],
          [1.5702e-05],
          [1.3965e-05],
          [1.3807e-05],
          [1.3053e-05],
          [1.5538e-05],
          [1.3805e-05],
          [1.4020e-05],
          [1.4261e-05],
          [7.5319e-04],
          [9.1510e-05],
          [1.1896e-03],
          [1.4250e-05],
          [1.1079e-05],
          [1.1564e-05],
          [1.1556e-05],
          [5.8315e-04],
          [9.5312e-04],
          [1.3293e-05],
          [1.3119e-05],
          [1.3842e-05],
          [1.6396e-05],
          [1.6969e-05],
          [1.8473e-05],
          [2.4622e-05],
          [2.9738e-05],
          [2.9202e-05],
          [3.0446e-05],
          [3.4204e-05],
          [2.6646e-05],
          [2.0144e-05],
          [1.7986e-05],
          [1.8052e-05],
          [1.4709e-05],
          [1.4307e-05],
          [5.0307e-05],
          [2.6356e-05],
          [3.4526e-05],
          [4.9459e-05],
          [2.8168e-05],
          [2.6807e-05],
          [2.1427e-05],
          [2.0053e-05],
          [1.6921e-05],
          [2.5410e-04],
          [2.6633e-04],
          [1.8220e-05],
          [1.7651e-05],
          [1.4883e-05],
          [1.2963e-05],
          [1.3793e-05],
          [1.6533e-05],
          [2.1030e-05],
          [1.7427e-04],
          [1.7686e-04],
          [3.7679e-04],
          [1.0393e-03],
          [2.1762e-05],
          [1.8825e-05],
          [1.4406e-05],
          [2.1005e-05],
          [1.4357e-05],
          [3.4952e-04],
          [3.8504e-04],
          [1.9234e-05],
          [5.1956e-05],
          [1.4287e-04],
          [1.9358e-05],
          [2.4681e-04],
          [1.8284e-05],
          [2.1040e-04],
          [1.6246e-05],
          [1.3007e-05],
          [1.1879e-05],
          [1.6041e-05],
          [1.8061e-05],
          [1.2321e-04],
          [8.7302e-06]]]])
