# Using CPU
# Loading Embeddings...
# Making Predictions...
torch.Size([1, 1, 442, 294])
tensor([[[[1.2796e-04],
          [7.0397e-05],
          [4.5675e-04],
          [4.0356e-05],
          [9.6260e-06],
          [1.5548e-04],
          [1.6510e-03],
          [1.2974e-05],
          [1.1972e-04],
          [2.1193e-03],
          [1.5529e-05],
          [1.4977e-05],
          [2.1677e-04],
          [5.4028e-04],
          [1.2991e-05],
          [1.0330e-05],
          [9.5135e-06],
          [1.0066e-05],
          [1.1446e-05],
          [2.2021e-05],
          [2.6097e-04],
          [4.2130e-05],
          [1.1415e-03],
          [1.5072e-05],
          [1.7689e-05],
          [2.2382e-05],
          [3.2511e-05],
          [5.6535e-05],
          [5.6704e-05],
          [7.4383e-05],
          [6.1409e-05],
          [7.1118e-05],
          [6.3554e-05],
          [6.9407e-05],
          [5.5012e-05],
          [5.2354e-05],
          [3.6988e-04],
          [3.8055e-05],
          [2.8746e-04],
          [4.7166e-05],
          [1.1163e-03],
          [2.1323e-05],
          [2.1021e-05],
          [2.1092e-05],
          [1.8687e-05],
          [1.7917e-05],
          [1.4582e-05],
          [1.2813e-05],
          [1.4349e-05],
          [1.8815e-04],
          [8.0803e-04],
          [1.1440e-05],
          [1.2799e-05],
          [1.7002e-04],
          [1.0824e-03],
          [1.4668e-05],
          [1.4895e-05],
          [1.5348e-05],
          [1.7095e-05],
          [1.8744e-05],
          [2.2441e-05],
          [1.8879e-05],
          [2.8672e-04],
          [4.3876e-04],
          [1.5636e-05],
          [1.6790e-05],
          [1.6745e-05],
          [1.5686e-05],
          [1.6763e-05],
          [1.4854e-05],
          [1.5456e-05],
          [1.8576e-04],
          [1.9992e-05],
          [2.3665e-05],
          [1.2761e-05],
          [2.2721e-05],
          [3.8160e-03],
          [1.3264e-05],
          [1.4573e-05],
          [1.2675e-05],
          [1.5912e-04],
          [7.0630e-04],
          [1.6207e-05],
          [1.7965e-05],
          [1.7444e-05],
          [1.9783e-05],
          [2.3231e-05],
          [2.1495e-05],
          [1.8310e-05],
          [1.6186e-05],
          [1.8867e-04],
          [4.4112e-05],
          [8.5947e-04],
          [1.3777e-05],
          [1.5308e-05],
          [2.3594e-05],
          [2.9099e-05],
          [3.3861e-05],
          [2.7273e-05],
          [2.4923e-05],
          [2.0656e-05],
          [1.7097e-05],
          [1.1109e-05],
          [1.2278e-05],
          [1.3197e-05],
          [1.8442e-05],
          [1.9463e-05],
          [2.1711e-05],
          [2.1539e-05],
          [2.2328e-05],
          [2.0048e-05],
          [1.2782e-04],
          [9.3794e-05],
          [1.8635e-05],
          [8.2624e-04],
          [1.4047e-05],
          [1.2868e-05],
          [1.0650e-05],
          [1.6972e-05],
          [2.5746e-05],
          [1.9331e-05],
          [2.2872e-05],
          [1.8528e-05],
          [1.3693e-05],
          [1.5448e-05],
          [1.5082e-05],
          [1.6282e-05],
          [1.5557e-05],
          [1.9656e-05],
          [2.0814e-05],
          [1.9670e-05],
          [2.4906e-04],
          [9.1817e-04],
          [2.4017e-05],
          [3.4606e-05],
          [3.0649e-05],
          [2.6285e-05],
          [2.6784e-05],
          [2.0335e-05],
          [1.8107e-05],
          [1.5801e-05],
          [1.4647e-05],
          [1.0645e-05],
          [1.4725e-05],
          [1.5230e-05],
          [1.9855e-05],
          [2.2554e-05],
          [2.4161e-05],
          [3.0644e-05],
          [5.0497e-05],
          [4.7581e-05],
          [5.1279e-05],
          [4.9805e-05],
          [5.0761e-05],
          [4.0884e-05],
          [4.3699e-05],
          [2.4611e-04],
          [7.5803e-04],
          [1.0348e-04],
          [2.3146e-03],
          [1.6714e-05],
          [1.8682e-05],
          [1.7093e-05],
          [1.8344e-05],
          [2.0585e-05],
          [2.7142e-05],
          [2.3336e-05],
          [2.2501e-05],
          [2.5035e-05],
          [2.7396e-05],
          [2.2180e-05],
          [1.8108e-04],
          [1.3026e-03],
          [2.3858e-05],
          [2.5613e-05],
          [2.8400e-05],
          [3.5468e-05],
          [2.2615e-05],
          [1.6442e-04],
          [3.3268e-05],
          [8.7767e-04],
          [1.8017e-05],
          [2.8503e-05],
          [1.4290e-04],
          [1.7042e-05],
          [8.0351e-04],
          [1.5507e-05],
          [1.6231e-05],
          [1.7737e-05],
          [1.6614e-04],
          [6.6379e-05],
          [4.7115e-03],
          [1.8745e-05],
          [2.3793e-05],
          [2.2810e-05],
          [2.3793e-05],
          [2.2892e-05],
          [1.9899e-05],
          [1.8323e-04],
          [5.0654e-04],
          [1.6446e-05],
          [1.4157e-05],
          [1.4493e-05],
          [1.3452e-05],
          [1.4673e-05],
          [1.5469e-05],
          [1.9482e-05],
          [1.7979e-04],
          [1.3942e-03],
          [1.8376e-05],
          [1.7314e-05],
          [1.8123e-05],
          [1.2862e-05],
          [2.2766e-04],
          [2.7892e-05],
          [1.6941e-05],
          [2.8790e-03],
          [1.4019e-05],
          [1.3860e-05],
          [1.1316e-05],
          [1.3108e-05],
          [1.3042e-05],
          [1.2883e-05],
          [1.2405e-05],
          [1.1707e-05],
          [1.2794e-05],
          [1.5302e-05],
          [1.3273e-05],
          [1.3061e-05],
          [1.1263e-05],
          [1.0892e-05],
          [1.1173e-05],
          [1.1528e-05],
          [1.6936e-05],
          [2.4374e-04],
          [7.0974e-04],
          [2.0797e-05],
          [1.3258e-05],
          [1.3036e-05],
          [1.9263e-05],
          [1.8999e-05],
          [2.2911e-05],
          [2.1626e-05],
          [2.6650e-05],
          [2.2246e-05],
          [1.2995e-05],
          [2.3735e-04],
          [9.6295e-05],
          [1.6228e-05],
          [6.5424e-04],
          [1.0848e-05],
          [1.0498e-04],
          [4.8452e-04],
          [1.9240e-05],
          [2.2762e-05],
          [2.4730e-05],
          [2.3102e-05],
          [2.6502e-05],
          [2.7857e-05],
          [3.3705e-05],
          [3.1723e-05],
          [4.2694e-05],
          [4.9022e-05],
          [6.2334e-05],
          [5.3464e-05],
          [7.2046e-05],
          [4.1713e-05],
          [1.7166e-04],
          [1.8472e-05],
          [2.0708e-05],
          [4.1714e-04],
          [1.4580e-04],
          [3.3293e-05],
          [3.9309e-04],
          [1.3720e-04],
          [3.8491e-05],
          [5.9706e-04],
          [1.2931e-05],
          [1.0357e-05],
          [1.0713e-05],
          [8.7861e-06],
          [9.3083e-06],
          [8.9648e-06],
          [2.1906e-05],
          [1.1582e-05],
          [1.4875e-05],
          [1.4262e-05],
          [2.7029e-04],
          [4.3642e-05],
          [2.0320e-04],
          [3.1744e-04],
          [9.8457e-06],
          [9.9929e-06],
          [1.0272e-05],
          [1.0711e-05],
          [1.0481e-05],
          [1.0873e-05],
          [2.0389e-04],
          [3.7879e-05],
          [2.6523e-03],
          [1.6588e-05],
          [1.1420e-05],
          [1.2245e-05],
          [1.3025e-05],
          [1.2642e-05],
          [1.3270e-05],
          [1.2967e-05],
          [1.5983e-05],
          [1.5451e-05],
          [2.0372e-05],
          [2.1502e-05],
          [2.6378e-05],
          [1.9772e-04],
          [1.2368e-03],
          [1.9671e-05],
          [1.6704e-05],
          [1.3466e-05],
          [1.0860e-05],
          [1.1655e-05],
          [1.5737e-05],
          [1.7801e-05],
          [1.3928e-05],
          [1.5652e-05],
          [1.4550e-05],
          [1.6499e-05],
          [1.4261e-05],
          [1.0706e-05],
          [1.0300e-05],
          [1.1972e-05],
          [1.4472e-05],
          [1.2819e-05],
          [1.2634e-05],
          [1.2953e-05],
          [1.5116e-05],
          [1.5548e-05],
          [2.0700e-05],
          [1.9027e-05],
          [1.8325e-05],
          [1.6930e-05],
          [2.2733e-05],
          [2.3956e-05],
          [2.3275e-05],
          [1.9910e-05],
          [2.3418e-05],
          [2.6560e-05],
          [2.6334e-05],
          [2.1641e-05],
          [1.8300e-05],
          [2.1144e-05],
          [2.2842e-05],
          [2.0456e-05],
          [1.4912e-05],
          [1.5420e-05],
          [1.4157e-05],
          [1.4692e-05],
          [1.5914e-05],
          [4.2898e-04],
          [8.6411e-05],
          [6.2956e-03],
          [1.7346e-05],
          [1.7237e-05],
          [1.6283e-05],
          [1.4771e-05],
          [1.5843e-05],
          [1.6159e-05],
          [1.7801e-05],
          [1.6348e-05],
          [1.5607e-05],
          [1.2643e-05],
          [1.7169e-05],
          [1.3508e-05],
          [1.8077e-05],
          [1.5826e-05],
          [2.3951e-04],
          [7.5600e-05],
          [2.5061e-03],
          [1.3452e-05],
          [1.0106e-05],
          [9.0234e-06],
          [1.1743e-05],
          [2.3844e-04],
          [1.6741e-03],
          [1.3109e-05],
          [1.6834e-05],
          [2.2287e-05],
          [2.7166e-05],
          [3.2511e-05],
          [3.6822e-05],
          [4.1411e-05],
          [3.3438e-05],
          [2.6106e-05],
          [1.7088e-05],
          [2.0840e-05],
          [1.8840e-05],
          [1.2998e-05],
          [1.2289e-05],
          [1.4703e-05],
          [1.3724e-05],
          [1.2538e-05],
          [2.3581e-05],
          [3.2687e-05],
          [4.2386e-05],
          [3.4800e-05],
          [2.4540e-05],
          [2.2742e-05],
          [2.2512e-05],
          [2.0360e-05],
          [1.7630e-05],
          [1.2222e-04],
          [6.4828e-04],
          [1.8666e-05],
          [1.7111e-05],
          [1.7053e-05],
          [1.5082e-05],
          [1.8936e-05],
          [2.2476e-05],
          [1.9168e-05],
          [1.0704e-04],
          [1.3342e-04],
          [1.7312e-04],
          [1.1580e-03],
          [2.0041e-05],
          [1.6552e-05],
          [1.8122e-05],
          [1.5860e-05],
          [1.4606e-05],
          [1.4586e-04],
          [9.4069e-05],
          [1.4606e-05],
          [6.1472e-05],
          [4.5024e-04],
          [1.8243e-05],
          [1.7366e-04],
          [2.1697e-05],
          [5.1785e-04],
          [2.0500e-05],
          [1.3348e-05],
          [1.1260e-05],
          [1.2346e-05],
          [1.1698e-05],
          [7.8474e-05],
          [1.2700e-05]]]])
