# Using CPU
# Loading Embeddings...
# Making Predictions...
torch.Size([1, 1, 442, 288])
tensor([[[[1.4345e-04],
          [3.5241e-05],
          [1.2446e-04],
          [3.9229e-05],
          [1.2343e-05],
          [2.8263e-04],
          [8.9027e-05],
          [2.2845e-05],
          [1.7278e-04],
          [9.9693e-05],
          [1.4405e-05],
          [1.3714e-05],
          [4.2478e-04],
          [2.4107e-04],
          [3.4065e-05],
          [1.2144e-05],
          [1.6424e-05],
          [1.5078e-05],
          [1.9306e-05],
          [2.2622e-05],
          [3.5417e-04],
          [1.7930e-05],
          [1.2614e-04],
          [1.9143e-05],
          [1.4315e-05],
          [2.0477e-05],
          [2.6652e-05],
          [4.3319e-05],
          [4.6389e-05],
          [5.5911e-05],
          [5.4307e-05],
          [6.3716e-05],
          [5.6222e-05],
          [6.6356e-05],
          [4.8087e-05],
          [4.4840e-05],
          [1.6443e-03],
          [6.2581e-05],
          [1.3923e-04],
          [1.4875e-04],
          [1.2213e-04],
          [1.9713e-05],
          [1.8223e-05],
          [1.9579e-05],
          [1.5528e-05],
          [2.0379e-05],
          [1.6788e-05],
          [2.0863e-05],
          [1.9976e-05],
          [1.6463e-04],
          [1.3196e-04],
          [1.2671e-05],
          [1.3164e-05],
          [2.6637e-04],
          [9.5698e-05],
          [1.6153e-05],
          [1.3826e-05],
          [1.5579e-05],
          [1.6699e-05],
          [1.8629e-05],
          [1.7666e-05],
          [1.7474e-05],
          [3.4816e-04],
          [1.7892e-04],
          [1.5435e-05],
          [1.6304e-05],
          [2.0802e-05],
          [2.1534e-05],
          [2.4475e-05],
          [2.0202e-05],
          [1.4593e-05],
          [2.3646e-04],
          [2.0285e-05],
          [1.9848e-05],
          [1.3809e-05],
          [1.6267e-05],
          [2.8510e-04],
          [1.4439e-05],
          [1.5930e-05],
          [1.5013e-05],
          [2.9585e-04],
          [1.9614e-04],
          [1.3622e-05],
          [1.0691e-05],
          [1.1984e-05],
          [1.4166e-05],
          [1.4478e-05],
          [1.6003e-05],
          [1.4139e-05],
          [1.5518e-05],
          [2.7489e-04],
          [3.8197e-05],
          [2.2354e-04],
          [1.7319e-05],
          [1.3791e-05],
          [1.6531e-05],
          [1.8345e-05],
          [2.6863e-05],
          [2.0720e-05],
          [2.5554e-05],
          [2.3944e-05],
          [2.4669e-05],
          [1.6499e-05],
          [1.5042e-05],
          [1.2318e-05],
          [1.5486e-05],
          [1.7376e-05],
          [2.1066e-05],
          [2.1853e-05],
          [2.1346e-05],
          [1.9145e-05],
          [1.0121e-04],
          [1.1132e-04],
          [1.9874e-05],
          [2.4753e-04],
          [1.3173e-05],
          [1.1892e-05],
          [1.1005e-05],
          [1.2133e-05],
          [1.2777e-05],
          [1.2893e-05],
          [1.0987e-05],
          [1.4997e-05],
          [1.4718e-05],
          [1.5298e-05],
          [1.4101e-05],
          [1.5244e-05],
          [1.5841e-05],
          [1.6506e-05],
          [1.7224e-05],
          [1.6058e-05],
          [2.6863e-04],
          [2.4717e-04],
          [1.7873e-05],
          [1.8945e-05],
          [1.8248e-05],
          [1.6006e-05],
          [1.8878e-05],
          [1.4786e-05],
          [1.3794e-05],
          [1.2275e-05],
          [1.2650e-05],
          [1.2180e-05],
          [1.3729e-05],
          [1.5573e-05],
          [1.6481e-05],
          [1.7571e-05],
          [2.3884e-05],
          [2.8923e-05],
          [4.0929e-05],
          [4.0434e-05],
          [4.0794e-05],
          [3.8837e-05],
          [5.0672e-05],
          [3.9374e-05],
          [4.1545e-05],
          [2.7317e-04],
          [5.1533e-05],
          [1.5626e-04],
          [9.3447e-05],
          [2.7240e-05],
          [1.7579e-05],
          [1.9589e-05],
          [1.8747e-05],
          [2.3410e-05],
          [2.4874e-05],
          [2.4691e-05],
          [2.3600e-05],
          [3.0038e-05],
          [3.0029e-05],
          [2.3274e-05],
          [2.8738e-04],
          [1.1118e-04],
          [2.1752e-05],
          [2.3785e-05],
          [2.5851e-05],
          [2.9022e-05],
          [2.6501e-05],
          [3.0576e-04],
          [3.5012e-05],
          [3.0126e-04],
          [1.5737e-05],
          [1.6722e-05],
          [3.6884e-04],
          [2.5742e-05],
          [2.5986e-04],
          [2.9778e-05],
          [3.2777e-05],
          [3.0480e-05],
          [2.8258e-04],
          [2.0359e-05],
          [6.2559e-05],
          [1.7964e-05],
          [2.1646e-05],
          [2.3636e-05],
          [2.2405e-05],
          [2.7035e-05],
          [2.0902e-05],
          [2.7947e-04],
          [1.6613e-04],
          [1.6187e-05],
          [1.4639e-05],
          [1.5820e-05],
          [1.7440e-05],
          [2.1543e-05],
          [2.3772e-05],
          [2.2458e-05],
          [2.9259e-04],
          [9.2906e-05],
          [2.1983e-05],
          [2.0934e-05],
          [2.2326e-05],
          [1.6109e-05],
          [2.5315e-04],
          [2.7749e-05],
          [1.6524e-05],
          [2.2438e-04],
          [1.6533e-05],
          [1.5718e-05],
          [1.2837e-05],
          [1.4548e-05],
          [1.6327e-05],
          [1.4289e-05],
          [1.1906e-05],
          [1.3678e-05],
          [1.9175e-05],
          [1.8880e-05],
          [1.4899e-05],
          [1.4930e-05],
          [1.1569e-05],
          [1.2373e-05],
          [1.5598e-05],
          [1.4250e-05],
          [1.6181e-05],
          [2.3458e-04],
          [7.5052e-05],
          [1.4361e-05],
          [1.6062e-05],
          [1.4479e-05],
          [2.4944e-05],
          [2.3391e-05],
          [2.1768e-05],
          [2.1400e-05],
          [2.1516e-05],
          [1.8568e-05],
          [1.0823e-05],
          [1.8355e-04],
          [1.3743e-04],
          [2.0798e-05],
          [3.0498e-04],
          [1.0738e-05],
          [1.7108e-04],
          [1.1742e-04],
          [1.8710e-05],
          [2.5371e-05],
          [2.9882e-05],
          [2.9794e-05],
          [4.1383e-05],
          [4.9324e-05],
          [6.4337e-05],
          [5.5630e-05],
          [6.8671e-05],
          [6.9476e-05],
          [8.1530e-05],
          [5.6896e-05],
          [5.6021e-05],
          [3.7697e-05],
          [3.6903e-04],
          [2.1766e-05],
          [2.5932e-05],
          [1.7407e-04],
          [1.2101e-04],
          [3.4091e-05],
          [1.2640e-04],
          [1.6047e-04],
          [4.0318e-05],
          [2.4405e-04],
          [1.2195e-05],
          [1.0084e-05],
          [9.9991e-06],
          [9.2201e-06],
          [9.0143e-06],
          [1.1531e-05],
          [5.0394e-05],
          [1.7424e-05],
          [2.4332e-05],
          [2.4274e-05],
          [7.5985e-04],
          [2.1242e-05],
          [8.3524e-05],
          [3.4942e-05],
          [1.0338e-05],
          [9.5509e-06],
          [9.6251e-06],
          [9.4744e-06],
          [1.1911e-05],
          [1.6618e-05],
          [4.0001e-04],
          [2.2278e-05],
          [1.6956e-04],
          [1.6628e-05],
          [1.5160e-05],
          [1.3728e-05],
          [1.3683e-05],
          [1.4427e-05],
          [1.4826e-05],
          [1.5476e-05],
          [1.9229e-05],
          [1.8364e-05],
          [2.4992e-05],
          [2.9757e-05],
          [3.3492e-05],
          [2.8845e-04],
          [1.2702e-04],
          [2.3658e-05],
          [1.8776e-05],
          [2.1130e-05],
          [1.2054e-05],
          [1.1940e-05],
          [1.5614e-05],
          [1.9352e-05],
          [1.6198e-05],
          [1.6549e-05],
          [1.5040e-05],
          [1.3249e-05],
          [1.1528e-05],
          [1.1723e-05],
          [1.1569e-05],
          [1.3679e-05],
          [1.3333e-05],
          [1.2639e-05],
          [1.2993e-05],
          [1.5411e-05],
          [1.6221e-05],
          [1.6321e-05],
          [1.8545e-05],
          [2.0187e-05],
          [2.1925e-05],
          [2.1684e-05],
          [2.4473e-05],
          [2.3945e-05],
          [2.3089e-05],
          [2.2340e-05],
          [2.7241e-05],
          [2.5341e-05],
          [2.4462e-05],
          [1.5967e-05],
          [1.7626e-05],
          [1.6024e-05],
          [1.6437e-05],
          [1.3731e-05],
          [1.3226e-05],
          [1.5644e-05],
          [1.2601e-05],
          [1.5209e-05],
          [1.4603e-05],
          [1.8508e-04],
          [2.4569e-05],
          [6.6871e-05],
          [1.8954e-05],
          [1.9801e-05],
          [1.7200e-05],
          [1.6743e-05],
          [1.7144e-05],
          [1.2777e-05],
          [1.1841e-05],
          [1.2341e-05],
          [1.1177e-05],
          [1.1568e-05],
          [1.2446e-05],
          [1.1610e-05],
          [1.5552e-05],
          [1.5626e-05],
          [2.2509e-04],
          [5.8041e-05],
          [2.5481e-04],
          [1.2042e-05],
          [1.1115e-05],
          [9.1534e-06],
          [1.0861e-05],
          [4.8351e-04],
          [1.5867e-04],
          [1.2204e-05],
          [1.0976e-05],
          [1.4691e-05],
          [2.1893e-05],
          [2.7539e-05],
          [3.4711e-05],
          [3.6132e-05],
          [3.0675e-05],
          [2.8554e-05],
          [2.2324e-05],
          [1.9502e-05],
          [1.5781e-05],
          [1.2782e-05],
          [1.1224e-05],
          [1.1764e-05],
          [1.3261e-05],
          [1.4311e-05],
          [6.0101e-05],
          [3.1100e-05],
          [3.7860e-05],
          [4.0692e-05],
          [3.6068e-05],
          [3.2742e-05],
          [2.1793e-05],
          [2.3447e-05],
          [1.5738e-05],
          [2.2315e-04],
          [9.9126e-05],
          [2.0518e-05],
          [1.6384e-05],
          [1.4544e-05],
          [1.4056e-05],
          [1.9287e-05],
          [1.9547e-05],
          [2.1876e-05],
          [1.0183e-04],
          [5.3012e-05],
          [1.7536e-04],
          [7.0730e-05],
          [2.7555e-05],
          [2.2775e-05],
          [1.7909e-05],
          [1.9597e-05],
          [1.3407e-05],
          [1.9374e-04],
          [7.7063e-05],
          [1.9692e-05],
          [7.9079e-05],
          [1.0288e-04],
          [1.6551e-05],
          [2.6029e-04],
          [2.5416e-05],
          [2.8428e-04],
          [2.0712e-05],
          [1.2926e-05],
          [1.0490e-05],
          [1.2906e-05],
          [1.2297e-05],
          [2.5320e-05],
          [5.1624e-06]]]])
