# Using CPU
# Loading Embeddings...
# Making Predictions...
torch.Size([1, 1, 442, 255])
tensor([[[[2.0599e-04],
          [3.6886e-05],
          [8.6625e-05],
          [1.9555e-05],
          [9.1278e-06],
          [6.8224e-04],
          [2.1459e-04],
          [1.3220e-05],
          [4.7343e-04],
          [2.2919e-04],
          [1.6833e-05],
          [1.3273e-05],
          [6.6535e-04],
          [2.3586e-04],
          [1.3177e-05],
          [1.1333e-05],
          [1.1841e-05],
          [1.3755e-05],
          [1.8344e-05],
          [1.7376e-05],
          [1.3031e-03],
          [2.5793e-05],
          [1.9141e-04],
          [1.4862e-05],
          [1.9021e-05],
          [2.4713e-05],
          [3.4233e-05],
          [5.7104e-05],
          [6.1423e-05],
          [7.8587e-05],
          [7.5066e-05],
          [8.8421e-05],
          [7.3101e-05],
          [7.0085e-05],
          [5.4715e-05],
          [4.2528e-05],
          [1.2907e-03],
          [6.3285e-05],
          [1.8937e-04],
          [2.1123e-04],
          [1.6533e-04],
          [2.1178e-05],
          [1.8475e-05],
          [1.8037e-05],
          [1.4394e-05],
          [1.3289e-05],
          [1.2392e-05],
          [1.2052e-05],
          [1.3785e-05],
          [2.7623e-04],
          [1.4089e-04],
          [1.1077e-05],
          [1.5872e-05],
          [9.7763e-04],
          [1.7394e-04],
          [1.6464e-05],
          [1.2771e-05],
          [1.2404e-05],
          [1.3644e-05],
          [1.6842e-05],
          [1.8518e-05],
          [1.7395e-05],
          [4.8319e-04],
          [1.9300e-04],
          [1.6841e-05],
          [1.7420e-05],
          [1.6148e-05],
          [1.5520e-05],
          [1.5027e-05],
          [1.3143e-05],
          [1.4132e-05],
          [4.0251e-04],
          [2.8773e-05],
          [2.0777e-05],
          [1.6962e-05],
          [2.2374e-05],
          [3.5130e-04],
          [1.3128e-05],
          [1.2444e-05],
          [1.3157e-05],
          [3.7727e-04],
          [1.9176e-04],
          [1.3586e-05],
          [1.3050e-05],
          [1.5064e-05],
          [1.7637e-05],
          [1.9291e-05],
          [2.1012e-05],
          [1.7145e-05],
          [1.5528e-05],
          [7.1213e-04],
          [8.9390e-05],
          [2.5954e-04],
          [1.2923e-05],
          [1.9161e-05],
          [2.9439e-05],
          [3.1735e-05],
          [4.9014e-05],
          [3.8658e-05],
          [4.5749e-05],
          [3.8030e-05],
          [2.6738e-05],
          [1.6168e-05],
          [1.4164e-05],
          [1.4713e-05],
          [2.0764e-05],
          [2.5210e-05],
          [2.7915e-05],
          [2.9243e-05],
          [3.1853e-05],
          [2.2599e-05],
          [3.2221e-04],
          [2.5009e-04],
          [2.8205e-05],
          [2.5314e-04],
          [1.5486e-05],
          [1.4503e-05],
          [1.1643e-05],
          [1.4980e-05],
          [1.4544e-05],
          [1.6624e-05],
          [1.2383e-05],
          [1.3868e-05],
          [1.2366e-05],
          [1.4132e-05],
          [1.4020e-05],
          [1.6501e-05],
          [1.8960e-05],
          [1.8219e-05],
          [2.2668e-05],
          [2.2180e-05],
          [4.8961e-04],
          [2.5642e-04],
          [2.6620e-05],
          [3.0680e-05],
          [2.9542e-05],
          [2.3967e-05],
          [2.3862e-05],
          [1.8679e-05],
          [1.8592e-05],
          [1.6285e-05],
          [1.3571e-05],
          [1.0291e-05],
          [1.1838e-05],
          [1.5565e-05],
          [2.0812e-05],
          [2.5321e-05],
          [3.6091e-05],
          [4.8910e-05],
          [7.4566e-05],
          [7.8070e-05],
          [7.6804e-05],
          [6.6359e-05],
          [8.1158e-05],
          [5.8014e-05],
          [5.3291e-05],
          [7.3865e-04],
          [1.1827e-04],
          [3.4013e-04],
          [2.2952e-04],
          [2.2236e-05],
          [1.7800e-05],
          [1.5827e-05],
          [1.8456e-05],
          [1.7971e-05],
          [2.2082e-05],
          [2.0931e-05],
          [2.1868e-05],
          [2.2640e-05],
          [2.4773e-05],
          [2.1073e-05],
          [7.1841e-04],
          [1.4359e-04],
          [2.8021e-05],
          [3.4938e-05],
          [4.3277e-05],
          [3.4740e-05],
          [3.0988e-05],
          [4.2959e-04],
          [7.8924e-05],
          [2.9770e-04],
          [1.5958e-05],
          [1.4828e-05],
          [1.7797e-04],
          [1.8429e-05],
          [2.3096e-04],
          [1.9668e-05],
          [2.0544e-05],
          [1.8749e-05],
          [1.0484e-03],
          [2.2840e-05],
          [2.1090e-04],
          [1.9109e-05],
          [2.4720e-05],
          [2.4940e-05],
          [2.8860e-05],
          [2.7373e-05],
          [2.4030e-05],
          [3.9024e-04],
          [1.5966e-04],
          [1.9537e-05],
          [1.7288e-05],
          [1.5159e-05],
          [1.3978e-05],
          [1.9988e-05],
          [2.4116e-05],
          [2.3802e-05],
          [6.7318e-04],
          [1.0718e-04],
          [2.1776e-05],
          [1.8661e-05],
          [1.7301e-05],
          [1.2997e-05],
          [4.9246e-04],
          [2.8958e-05],
          [2.2188e-05],
          [2.5179e-04],
          [1.4287e-05],
          [1.3998e-05],
          [1.4128e-05],
          [1.4026e-05],
          [1.6404e-05],
          [1.8619e-05],
          [1.5677e-05],
          [1.4821e-05],
          [2.3503e-05],
          [1.5218e-05],
          [1.5111e-05],
          [1.1855e-05],
          [1.1276e-05],
          [1.0129e-05],
          [1.3444e-05],
          [1.3235e-05],
          [1.3656e-05],
          [6.9071e-04],
          [1.1450e-04],
          [1.5908e-05],
          [1.6030e-05],
          [1.9106e-05],
          [2.7372e-05],
          [2.7727e-05],
          [2.4263e-05],
          [2.0832e-05],
          [2.2510e-05],
          [2.2006e-05],
          [1.4118e-05],
          [7.3150e-04],
          [2.8527e-04],
          [2.1108e-05],
          [2.4111e-04],
          [1.2620e-05],
          [3.7471e-04],
          [1.3847e-04],
          [1.8079e-05],
          [1.8259e-05],
          [1.9787e-05],
          [1.7024e-05],
          [2.2401e-05],
          [2.8383e-05],
          [3.5305e-05],
          [4.0155e-05],
          [5.0154e-05],
          [6.4405e-05],
          [9.2562e-05],
          [1.2077e-04],
          [7.5206e-05],
          [9.8033e-05],
          [4.0029e-04],
          [3.2028e-05],
          [3.0324e-05],
          [2.2809e-04],
          [3.9392e-04],
          [2.8695e-05],
          [1.4886e-04],
          [2.0408e-04],
          [7.5923e-05],
          [2.5765e-04],
          [1.3499e-05],
          [1.1029e-05],
          [1.1333e-05],
          [9.8136e-06],
          [9.9420e-06],
          [1.0753e-05],
          [2.6235e-05],
          [1.4424e-05],
          [1.8675e-05],
          [1.6670e-05],
          [4.6298e-04],
          [2.4092e-05],
          [9.3238e-05],
          [5.2480e-05],
          [1.1443e-05],
          [1.1312e-05],
          [1.1220e-05],
          [1.1149e-05],
          [1.1037e-05],
          [1.2821e-05],
          [7.3685e-04],
          [1.9098e-05],
          [2.4297e-04],
          [1.3273e-05],
          [1.1801e-05],
          [1.0707e-05],
          [1.1875e-05],
          [1.0318e-05],
          [1.1141e-05],
          [1.1622e-05],
          [1.2923e-05],
          [1.3852e-05],
          [1.5046e-05],
          [1.7306e-05],
          [2.1690e-05],
          [4.8861e-04],
          [1.9797e-04],
          [1.7237e-05],
          [1.3121e-05],
          [4.8449e-05],
          [1.0919e-05],
          [1.5957e-05],
          [2.6438e-05],
          [2.4893e-05],
          [2.1950e-05],
          [2.8400e-05],
          [2.4319e-05],
          [2.6867e-05],
          [1.8255e-05],
          [1.6746e-05],
          [1.7071e-05],
          [1.6194e-05],
          [1.8248e-05],
          [2.2266e-05],
          [2.3021e-05],
          [2.2316e-05],
          [2.1238e-05],
          [2.1883e-05],
          [2.3232e-05],
          [2.3151e-05],
          [2.2883e-05],
          [2.3783e-05],
          [2.8218e-05],
          [2.9604e-05],
          [2.7664e-05],
          [2.6163e-05],
          [2.3082e-05],
          [2.8243e-05],
          [2.6085e-05],
          [2.2068e-05],
          [1.8957e-05],
          [2.1422e-05],
          [2.0759e-05],
          [1.8543e-05],
          [1.5262e-05],
          [1.4907e-05],
          [1.1565e-05],
          [1.3065e-05],
          [1.3664e-05],
          [6.7053e-04],
          [3.0434e-05],
          [2.5438e-04],
          [1.4877e-05],
          [1.9094e-05],
          [2.0379e-05],
          [1.6053e-05],
          [2.0957e-05],
          [2.0624e-05],
          [2.2725e-05],
          [1.9144e-05],
          [1.8790e-05],
          [1.8527e-05],
          [2.1078e-05],
          [1.9227e-05],
          [1.5130e-05],
          [1.5213e-05],
          [1.0422e-03],
          [8.6570e-05],
          [2.9477e-04],
          [1.2174e-05],
          [1.1106e-05],
          [1.1288e-05],
          [1.1769e-05],
          [7.2950e-04],
          [2.0758e-04],
          [1.2232e-05],
          [1.3127e-05],
          [1.2250e-05],
          [2.0022e-05],
          [2.4604e-05],
          [3.0759e-05],
          [3.3514e-05],
          [3.1033e-05],
          [3.0063e-05],
          [2.8574e-05],
          [3.7335e-05],
          [3.0252e-05],
          [1.9716e-05],
          [2.1075e-05],
          [2.0792e-05],
          [1.7375e-05],
          [1.6254e-05],
          [3.5935e-05],
          [2.7890e-05],
          [3.5693e-05],
          [3.5942e-05],
          [2.5452e-05],
          [2.5405e-05],
          [2.1217e-05],
          [2.0845e-05],
          [1.8414e-05],
          [3.2434e-04],
          [1.2519e-04],
          [2.2481e-05],
          [1.9401e-05],
          [1.6790e-05],
          [1.4257e-05],
          [1.5160e-05],
          [1.4091e-05],
          [1.4446e-05],
          [1.9133e-04],
          [6.9334e-05],
          [4.4785e-04],
          [1.9177e-04],
          [1.4564e-05],
          [1.6230e-05],
          [1.4730e-05],
          [1.4538e-05],
          [1.3448e-05],
          [4.0987e-04],
          [3.5108e-04],
          [1.7735e-05],
          [9.7591e-05],
          [1.0804e-04],
          [1.9212e-05],
          [5.3348e-04],
          [2.7695e-05],
          [3.2213e-04],
          [2.6903e-05],
          [1.4674e-05],
          [1.0876e-05],
          [1.0969e-05],
          [1.0616e-05],
          [1.5067e-04],
          [7.6268e-06]]]])
