# Using CPU
# Loading Embeddings...
# Making Predictions...
torch.Size([1, 1, 442, 253])
tensor([[[[2.8777e-04],
          [2.6748e-04],
          [1.4800e-04],
          [6.9754e-05],
          [7.7002e-06],
          [4.0671e-04],
          [5.8355e-04],
          [3.2069e-05],
          [1.0933e-03],
          [1.3015e-03],
          [1.2589e-05],
          [1.2212e-05],
          [2.8511e-04],
          [2.7270e-04],
          [8.6513e-05],
          [1.7280e-05],
          [4.2960e-05],
          [1.5575e-05],
          [1.9730e-05],
          [1.8517e-05],
          [7.4087e-04],
          [3.8910e-05],
          [1.9596e-03],
          [1.3646e-05],
          [1.1711e-05],
          [1.5745e-05],
          [1.8685e-05],
          [2.7570e-05],
          [2.8466e-05],
          [3.2048e-05],
          [3.1277e-05],
          [3.9326e-05],
          [3.3294e-05],
          [6.2978e-05],
          [3.0779e-05],
          [2.8537e-05],
          [4.1981e-04],
          [4.9404e-05],
          [2.5809e-04],
          [9.1780e-05],
          [1.0861e-03],
          [1.3973e-05],
          [1.3510e-05],
          [1.4750e-05],
          [1.5840e-05],
          [1.3376e-05],
          [1.3570e-05],
          [3.2564e-05],
          [5.6023e-05],
          [2.2214e-04],
          [8.6743e-04],
          [2.2222e-05],
          [1.6389e-05],
          [7.8070e-04],
          [1.1491e-03],
          [1.2628e-05],
          [1.2899e-05],
          [1.7937e-05],
          [1.8013e-05],
          [1.5273e-05],
          [1.4368e-05],
          [1.2787e-05],
          [2.8031e-04],
          [5.8145e-04],
          [1.3310e-05],
          [1.3029e-05],
          [1.3867e-05],
          [1.5455e-05],
          [1.4429e-05],
          [1.2772e-05],
          [1.1691e-05],
          [2.5442e-04],
          [2.2585e-05],
          [8.1051e-05],
          [1.0327e-05],
          [1.8443e-05],
          [4.3054e-03],
          [1.1061e-05],
          [1.0698e-05],
          [9.4591e-06],
          [5.9378e-04],
          [3.4716e-04],
          [1.1603e-05],
          [9.7864e-06],
          [9.6743e-06],
          [1.1454e-05],
          [1.1690e-05],
          [1.3561e-05],
          [1.3476e-05],
          [1.4113e-05],
          [3.3638e-04],
          [4.2258e-05],
          [5.2456e-04],
          [1.0635e-05],
          [1.4319e-05],
          [2.5955e-05],
          [3.3671e-05],
          [4.1467e-05],
          [4.4974e-05],
          [4.6058e-05],
          [4.5724e-05],
          [3.0352e-05],
          [1.8283e-05],
          [1.3450e-05],
          [1.2089e-05],
          [1.2842e-05],
          [1.2443e-05],
          [1.4581e-05],
          [1.5579e-05],
          [1.7067e-05],
          [1.4064e-05],
          [2.6364e-04],
          [1.2491e-04],
          [1.5738e-05],
          [4.1695e-04],
          [1.1854e-05],
          [9.9462e-06],
          [1.0523e-05],
          [9.9232e-06],
          [1.3106e-05],
          [1.3374e-05],
          [1.1983e-05],
          [2.1117e-05],
          [1.3951e-05],
          [1.4453e-05],
          [1.2247e-05],
          [1.1878e-05],
          [1.2182e-05],
          [1.5468e-05],
          [1.6885e-05],
          [1.5306e-05],
          [3.5050e-04],
          [8.5499e-04],
          [2.2747e-05],
          [2.6235e-05],
          [1.8995e-05],
          [1.4623e-05],
          [1.4657e-05],
          [1.3938e-05],
          [1.4336e-05],
          [1.5242e-05],
          [1.4125e-05],
          [1.2634e-05],
          [1.3041e-05],
          [1.3711e-05],
          [1.5151e-05],
          [1.5029e-05],
          [2.1939e-05],
          [2.5148e-05],
          [3.7149e-05],
          [3.5200e-05],
          [3.6038e-05],
          [3.1221e-05],
          [3.8661e-05],
          [3.9132e-05],
          [4.5757e-05],
          [2.0732e-03],
          [8.4555e-04],
          [4.7563e-04],
          [2.5893e-03],
          [1.5911e-05],
          [1.2917e-05],
          [1.3115e-05],
          [1.4879e-05],
          [1.5582e-05],
          [2.0082e-05],
          [1.7742e-05],
          [2.1677e-05],
          [2.1711e-05],
          [2.0194e-05],
          [1.2258e-05],
          [4.4752e-04],
          [1.4384e-03],
          [1.5809e-05],
          [1.7228e-05],
          [3.4969e-05],
          [2.6196e-05],
          [1.8835e-05],
          [1.7792e-04],
          [5.9012e-05],
          [1.5857e-04],
          [3.5266e-05],
          [1.9372e-05],
          [4.8264e-04],
          [1.1501e-05],
          [7.0736e-04],
          [1.2749e-05],
          [1.4011e-05],
          [1.2586e-05],
          [1.3862e-03],
          [4.7427e-05],
          [4.0548e-03],
          [1.2466e-05],
          [1.4330e-05],
          [1.4095e-05],
          [1.4351e-05],
          [1.4950e-05],
          [1.4635e-05],
          [2.7081e-04],
          [7.2971e-04],
          [1.1594e-05],
          [1.1707e-05],
          [1.1457e-05],
          [1.0614e-05],
          [1.2731e-05],
          [1.1786e-05],
          [1.1412e-05],
          [5.0198e-04],
          [1.7355e-03],
          [1.3608e-05],
          [1.3536e-05],
          [1.5418e-05],
          [1.3634e-05],
          [2.5660e-04],
          [2.5068e-05],
          [1.3497e-05],
          [3.5884e-03],
          [1.1164e-05],
          [1.4077e-05],
          [1.0230e-05],
          [1.2295e-05],
          [1.2814e-05],
          [1.2154e-05],
          [1.0834e-05],
          [1.2697e-05],
          [1.3328e-05],
          [1.4875e-05],
          [1.3309e-05],
          [1.2515e-05],
          [1.0916e-05],
          [1.0456e-05],
          [1.1004e-05],
          [1.1048e-05],
          [1.2500e-05],
          [5.9102e-04],
          [8.6891e-04],
          [1.5168e-05],
          [1.2810e-05],
          [1.3041e-05],
          [1.5609e-05],
          [1.6976e-05],
          [2.1100e-05],
          [1.6801e-05],
          [2.1264e-05],
          [2.4614e-05],
          [1.3694e-05],
          [1.1547e-03],
          [1.1703e-04],
          [1.7400e-05],
          [2.7198e-04],
          [1.0177e-05],
          [1.8982e-04],
          [5.6044e-04],
          [1.3734e-05],
          [1.8701e-05],
          [1.8101e-05],
          [1.6570e-05],
          [2.1398e-05],
          [2.3170e-05],
          [2.4357e-05],
          [2.2782e-05],
          [2.6774e-05],
          [2.6344e-05],
          [3.8783e-05],
          [9.2848e-05],
          [4.5500e-05],
          [4.5817e-05],
          [1.7369e-04],
          [1.5314e-05],
          [1.8309e-05],
          [5.7440e-04],
          [5.6772e-04],
          [1.6651e-05],
          [4.3650e-04],
          [1.0969e-04],
          [4.4073e-05],
          [1.4555e-04],
          [1.1004e-05],
          [9.0745e-06],
          [9.6954e-06],
          [8.9783e-06],
          [9.5235e-06],
          [9.3290e-06],
          [3.1954e-05],
          [1.3598e-05],
          [1.7183e-05],
          [1.0944e-05],
          [6.4235e-04],
          [1.8277e-05],
          [1.2375e-04],
          [2.9291e-04],
          [8.9462e-06],
          [8.8241e-06],
          [8.9311e-06],
          [8.8676e-06],
          [8.8434e-06],
          [9.1663e-06],
          [4.0285e-04],
          [3.0251e-05],
          [3.8533e-03],
          [1.1532e-05],
          [1.1623e-05],
          [1.1853e-05],
          [1.2895e-05],
          [1.2059e-05],
          [1.4610e-05],
          [1.3758e-05],
          [1.7702e-05],
          [1.4077e-05],
          [1.8049e-05],
          [1.9805e-05],
          [1.7824e-05],
          [2.6828e-04],
          [1.6167e-03],
          [1.4951e-05],
          [1.6754e-05],
          [1.3975e-05],
          [1.2391e-05],
          [1.3190e-05],
          [1.5601e-05],
          [1.7380e-05],
          [1.5731e-05],
          [1.4660e-05],
          [1.1927e-05],
          [1.2860e-05],
          [1.0577e-05],
          [1.0575e-05],
          [1.0689e-05],
          [1.1320e-05],
          [1.0228e-05],
          [1.1361e-05],
          [1.2195e-05],
          [1.3306e-05],
          [1.2755e-05],
          [1.3244e-05],
          [1.8092e-05],
          [1.5707e-05],
          [2.1153e-05],
          [1.6126e-05],
          [2.7743e-05],
          [2.4525e-05],
          [2.6300e-05],
          [2.2020e-05],
          [3.1637e-05],
          [2.6610e-05],
          [3.3100e-05],
          [1.5101e-05],
          [2.3441e-05],
          [2.2364e-05],
          [1.5663e-05],
          [1.5033e-05],
          [1.3483e-05],
          [1.5972e-05],
          [1.3906e-05],
          [1.3530e-05],
          [1.4587e-05],
          [1.4532e-03],
          [5.0325e-05],
          [3.7012e-03],
          [1.5239e-05],
          [1.6697e-05],
          [1.4676e-05],
          [1.4240e-05],
          [1.3718e-05],
          [1.4949e-05],
          [1.2252e-05],
          [1.1988e-05],
          [9.9753e-06],
          [1.1120e-05],
          [1.0454e-05],
          [9.9675e-06],
          [1.2293e-05],
          [1.2997e-05],
          [1.3206e-03],
          [7.2174e-05],
          [2.8427e-03],
          [1.1715e-05],
          [9.4972e-06],
          [9.0062e-06],
          [9.7252e-06],
          [3.2081e-04],
          [2.3916e-03],
          [1.1184e-05],
          [1.1763e-05],
          [1.3832e-05],
          [2.1986e-05],
          [2.7375e-05],
          [3.5154e-05],
          [3.4911e-05],
          [3.1587e-05],
          [2.5910e-05],
          [2.1024e-05],
          [1.9999e-05],
          [1.2990e-05],
          [1.0392e-05],
          [1.0388e-05],
          [1.0219e-05],
          [1.1232e-05],
          [1.1326e-05],
          [3.8359e-05],
          [2.5513e-05],
          [2.7261e-05],
          [3.7238e-05],
          [2.2256e-05],
          [2.1872e-05],
          [2.1578e-05],
          [1.7097e-05],
          [1.3346e-05],
          [1.8427e-04],
          [6.3953e-04],
          [1.3715e-05],
          [1.3628e-05],
          [1.4434e-05],
          [1.6115e-05],
          [2.2333e-05],
          [2.0432e-05],
          [1.8942e-05],
          [1.9520e-04],
          [8.1193e-05],
          [2.1422e-04],
          [1.3515e-03],
          [1.6745e-05],
          [1.6406e-05],
          [1.4909e-05],
          [1.4318e-05],
          [1.0679e-05],
          [2.8438e-04],
          [1.9390e-04],
          [1.6446e-05],
          [2.5537e-04],
          [5.5380e-04],
          [1.4435e-05],
          [2.2782e-04],
          [3.0483e-05],
          [2.4660e-04],
          [1.8396e-05],
          [1.1025e-05],
          [8.6867e-06],
          [1.3086e-05],
          [1.2398e-05],
          [9.2983e-05],
          [7.3109e-06]]]])
