# Using CPU
# Loading Embeddings...
# Making Predictions...
torch.Size([1, 1, 442, 267])
tensor([[[[1.7193e-04],
          [3.2351e-05],
          [1.1180e-04],
          [2.4543e-05],
          [9.8950e-06],
          [6.5690e-04],
          [3.0989e-04],
          [1.4140e-05],
          [5.0905e-04],
          [4.9868e-04],
          [1.5772e-05],
          [1.4876e-05],
          [7.0857e-04],
          [2.5242e-04],
          [2.5799e-05],
          [1.2811e-05],
          [1.1613e-05],
          [1.2730e-05],
          [1.5360e-05],
          [2.9990e-05],
          [1.1748e-03],
          [2.8230e-05],
          [3.5993e-04],
          [1.7144e-05],
          [1.7812e-05],
          [2.1334e-05],
          [2.9905e-05],
          [4.9045e-05],
          [5.4301e-05],
          [6.7114e-05],
          [7.1501e-05],
          [8.5270e-05],
          [7.4102e-05],
          [7.3508e-05],
          [5.6971e-05],
          [4.8398e-05],
          [9.5007e-04],
          [3.9686e-05],
          [1.7043e-04],
          [1.4555e-04],
          [3.0110e-04],
          [2.0577e-05],
          [1.8986e-05],
          [2.0045e-05],
          [1.4591e-05],
          [1.4756e-05],
          [1.2996e-05],
          [1.4153e-05],
          [1.2988e-05],
          [3.5522e-04],
          [2.5455e-04],
          [1.1295e-05],
          [1.5192e-05],
          [8.4977e-04],
          [3.0271e-04],
          [1.4698e-05],
          [1.5292e-05],
          [1.4769e-05],
          [1.5864e-05],
          [2.0294e-05],
          [1.7882e-05],
          [1.7038e-05],
          [5.3189e-04],
          [2.1653e-04],
          [1.5569e-05],
          [1.5171e-05],
          [1.5533e-05],
          [1.7233e-05],
          [1.7611e-05],
          [1.4484e-05],
          [1.4391e-05],
          [6.5700e-04],
          [2.6529e-05],
          [4.9306e-05],
          [1.4930e-05],
          [2.3421e-05],
          [6.1710e-04],
          [1.4230e-05],
          [1.6857e-05],
          [1.3002e-05],
          [3.7697e-04],
          [1.7871e-04],
          [1.2278e-05],
          [1.2846e-05],
          [1.4514e-05],
          [1.6864e-05],
          [1.8295e-05],
          [2.0300e-05],
          [1.7500e-05],
          [1.5640e-05],
          [6.5383e-04],
          [6.4535e-05],
          [2.4143e-04],
          [1.7135e-05],
          [1.6259e-05],
          [2.4170e-05],
          [2.5268e-05],
          [3.3075e-05],
          [2.9125e-05],
          [3.1440e-05],
          [2.4735e-05],
          [1.9902e-05],
          [1.2282e-05],
          [1.1413e-05],
          [1.3921e-05],
          [1.7579e-05],
          [1.9946e-05],
          [2.3893e-05],
          [2.3619e-05],
          [2.5614e-05],
          [2.1592e-05],
          [3.0092e-04],
          [2.0649e-04],
          [1.9187e-05],
          [2.3736e-04],
          [1.4396e-05],
          [1.2461e-05],
          [1.0755e-05],
          [1.3156e-05],
          [1.3253e-05],
          [1.4772e-05],
          [1.1403e-05],
          [1.3630e-05],
          [1.1864e-05],
          [1.4090e-05],
          [1.3934e-05],
          [1.7314e-05],
          [1.5352e-05],
          [1.9603e-05],
          [1.9773e-05],
          [2.0881e-05],
          [5.6350e-04],
          [3.5933e-04],
          [2.1501e-05],
          [2.4336e-05],
          [1.8194e-05],
          [1.6228e-05],
          [1.8295e-05],
          [1.5097e-05],
          [1.5014e-05],
          [1.4298e-05],
          [1.1526e-05],
          [1.0134e-05],
          [1.2914e-05],
          [1.5426e-05],
          [1.9801e-05],
          [2.0531e-05],
          [2.8357e-05],
          [3.5241e-05],
          [4.9368e-05],
          [4.7196e-05],
          [3.9354e-05],
          [4.7642e-05],
          [5.6484e-05],
          [4.4480e-05],
          [4.4104e-05],
          [6.7700e-04],
          [1.8051e-04],
          [3.0295e-04],
          [4.8684e-04],
          [4.9012e-05],
          [1.5706e-05],
          [1.6152e-05],
          [1.7367e-05],
          [1.6293e-05],
          [2.0515e-05],
          [1.8223e-05],
          [1.9055e-05],
          [1.9970e-05],
          [1.9410e-05],
          [1.6901e-05],
          [7.4639e-04],
          [3.1030e-04],
          [2.0762e-05],
          [2.7462e-05],
          [4.7174e-05],
          [2.7523e-05],
          [2.7700e-05],
          [4.9507e-04],
          [4.6196e-05],
          [2.8216e-04],
          [1.7078e-05],
          [1.4821e-05],
          [3.4616e-04],
          [1.8234e-05],
          [2.3094e-04],
          [2.0516e-05],
          [1.8624e-05],
          [1.6029e-05],
          [1.0890e-03],
          [2.7548e-05],
          [5.2019e-04],
          [1.8525e-05],
          [2.3215e-05],
          [2.4554e-05],
          [2.2065e-05],
          [2.3580e-05],
          [2.2988e-05],
          [4.1545e-04],
          [2.0769e-04],
          [1.7411e-05],
          [1.5958e-05],
          [1.5617e-05],
          [1.4368e-05],
          [1.8773e-05],
          [2.0994e-05],
          [4.9325e-05],
          [6.1910e-04],
          [2.1740e-04],
          [1.9012e-05],
          [1.7082e-05],
          [1.6539e-05],
          [1.4294e-05],
          [6.4558e-04],
          [3.7338e-05],
          [1.7359e-05],
          [4.7014e-04],
          [1.5009e-05],
          [1.3823e-05],
          [1.4711e-05],
          [1.6354e-05],
          [1.5422e-05],
          [1.6417e-05],
          [1.3768e-05],
          [1.2852e-05],
          [3.7231e-05],
          [1.4003e-05],
          [1.4320e-05],
          [1.1679e-05],
          [1.0556e-05],
          [9.9852e-06],
          [1.2797e-05],
          [1.3112e-05],
          [1.3169e-05],
          [7.9465e-04],
          [1.7364e-04],
          [1.4134e-05],
          [1.5043e-05],
          [1.4091e-05],
          [1.8192e-05],
          [1.5827e-05],
          [3.0581e-05],
          [1.5046e-05],
          [1.9851e-05],
          [1.8635e-05],
          [1.2542e-05],
          [5.5498e-04],
          [1.7948e-04],
          [2.2709e-05],
          [2.3163e-04],
          [1.0847e-05],
          [4.0389e-04],
          [1.3007e-04],
          [1.5967e-05],
          [1.9427e-05],
          [2.1476e-05],
          [1.8361e-05],
          [2.5683e-05],
          [2.9241e-05],
          [3.1637e-05],
          [2.9838e-05],
          [3.8808e-05],
          [3.9433e-05],
          [4.0101e-05],
          [1.0454e-04],
          [5.2151e-05],
          [7.6640e-05],
          [2.9713e-04],
          [3.4485e-05],
          [2.6559e-05],
          [1.9105e-04],
          [4.0124e-04],
          [3.0270e-05],
          [1.3871e-04],
          [3.5760e-04],
          [3.6217e-05],
          [2.1194e-04],
          [1.4277e-05],
          [1.0890e-05],
          [1.1003e-05],
          [9.0762e-06],
          [9.8626e-06],
          [9.8805e-06],
          [3.4798e-05],
          [1.2567e-05],
          [1.5781e-05],
          [1.6074e-05],
          [7.1631e-04],
          [2.6124e-05],
          [9.8482e-05],
          [8.6057e-05],
          [1.1541e-05],
          [1.1339e-05],
          [1.3974e-05],
          [9.8425e-06],
          [9.9387e-06],
          [1.1075e-05],
          [5.9901e-04],
          [2.0073e-05],
          [4.9635e-04],
          [1.3948e-05],
          [1.0677e-05],
          [1.2246e-05],
          [1.2277e-05],
          [1.2547e-05],
          [1.2671e-05],
          [1.2456e-05],
          [1.5118e-05],
          [1.4339e-05],
          [1.7311e-05],
          [1.8807e-05],
          [2.2318e-05],
          [5.7850e-04],
          [2.5291e-04],
          [1.7456e-05],
          [1.5177e-05],
          [3.1927e-05],
          [1.0317e-05],
          [1.2940e-05],
          [1.7670e-05],
          [1.5629e-05],
          [1.4945e-05],
          [1.6958e-05],
          [1.5437e-05],
          [1.6962e-05],
          [1.3664e-05],
          [1.3599e-05],
          [1.5694e-05],
          [1.5180e-05],
          [1.7924e-05],
          [1.6784e-05],
          [1.8500e-05],
          [2.2919e-05],
          [1.8132e-05],
          [1.6262e-05],
          [1.6732e-05],
          [1.7475e-05],
          [1.7145e-05],
          [1.7980e-05],
          [1.9051e-05],
          [2.0683e-05],
          [2.1866e-05],
          [1.8776e-05],
          [1.7630e-05],
          [2.1457e-05],
          [1.9240e-05],
          [1.5922e-05],
          [1.5988e-05],
          [1.5971e-05],
          [1.4177e-05],
          [1.4135e-05],
          [1.5161e-05],
          [1.5197e-05],
          [1.2683e-05],
          [1.3213e-05],
          [1.2915e-05],
          [5.6555e-04],
          [3.3909e-05],
          [5.9973e-04],
          [1.4467e-05],
          [1.7309e-05],
          [1.9457e-05],
          [1.4609e-05],
          [2.1284e-05],
          [1.9232e-05],
          [1.9927e-05],
          [1.6656e-05],
          [1.6697e-05],
          [1.6239e-05],
          [1.8364e-05],
          [1.5603e-05],
          [1.4534e-05],
          [1.3371e-05],
          [8.2213e-04],
          [1.1075e-04],
          [5.5075e-04],
          [1.4500e-05],
          [1.2043e-05],
          [1.0817e-05],
          [1.4118e-05],
          [6.4125e-04],
          [3.9795e-04],
          [1.3499e-05],
          [1.3605e-05],
          [1.3424e-05],
          [1.6340e-05],
          [1.8455e-05],
          [2.3196e-05],
          [2.2663e-05],
          [1.9155e-05],
          [2.0046e-05],
          [2.1948e-05],
          [2.5666e-05],
          [2.1935e-05],
          [1.6224e-05],
          [1.8118e-05],
          [1.7343e-05],
          [1.6100e-05],
          [1.4206e-05],
          [2.6581e-05],
          [2.9942e-05],
          [3.4822e-05],
          [3.9473e-05],
          [2.8000e-05],
          [2.5207e-05],
          [2.7517e-05],
          [2.6974e-05],
          [2.0998e-05],
          [2.7154e-04],
          [2.1246e-04],
          [2.1158e-05],
          [1.9286e-05],
          [1.6002e-05],
          [1.4839e-05],
          [1.5475e-05],
          [1.9917e-05],
          [1.5121e-05],
          [2.0296e-04],
          [7.8008e-05],
          [3.7458e-04],
          [4.2634e-04],
          [1.5712e-05],
          [1.5052e-05],
          [1.7099e-05],
          [1.4712e-05],
          [1.4835e-05],
          [4.5036e-04],
          [1.4494e-04],
          [1.7789e-05],
          [6.2073e-05],
          [1.7172e-04],
          [1.8361e-05],
          [5.6091e-04],
          [2.5187e-05],
          [3.4977e-04],
          [1.5873e-05],
          [1.2773e-05],
          [1.1081e-05],
          [1.1758e-05],
          [2.0669e-05],
          [1.5045e-04],
          [6.3487e-06]]]])
