# Using CPU
# Loading Embeddings...
# Making Predictions...
torch.Size([1, 1, 442, 255])
tensor([[[[1.6192e-04],
          [3.3054e-05],
          [1.2654e-04],
          [1.8444e-05],
          [9.8056e-06],
          [5.5955e-04],
          [1.5953e-04],
          [1.2765e-05],
          [3.8278e-04],
          [1.8573e-04],
          [1.6675e-05],
          [1.4165e-05],
          [7.2649e-04],
          [2.2888e-04],
          [1.3079e-05],
          [2.5551e-05],
          [1.2965e-05],
          [1.6155e-05],
          [2.1630e-05],
          [1.9818e-05],
          [8.7082e-04],
          [2.6198e-05],
          [1.9822e-04],
          [1.5250e-05],
          [1.8139e-05],
          [2.5287e-05],
          [3.2412e-05],
          [5.2840e-05],
          [6.0294e-05],
          [7.5577e-05],
          [7.8207e-05],
          [8.9416e-05],
          [7.3235e-05],
          [7.4467e-05],
          [5.4030e-05],
          [3.9463e-05],
          [1.1566e-03],
          [4.0711e-05],
          [1.7695e-04],
          [1.8582e-04],
          [1.5428e-04],
          [2.2298e-05],
          [2.1449e-05],
          [2.2959e-05],
          [1.7403e-05],
          [1.7578e-05],
          [1.4077e-05],
          [1.4772e-05],
          [1.6966e-05],
          [4.1444e-04],
          [1.3720e-04],
          [1.2350e-05],
          [1.1159e-05],
          [6.7037e-04],
          [1.3496e-04],
          [1.5309e-05],
          [1.4804e-05],
          [1.3756e-05],
          [1.7212e-05],
          [1.8508e-05],
          [1.9122e-05],
          [1.6152e-05],
          [4.8673e-04],
          [2.0874e-04],
          [1.6444e-05],
          [1.6490e-05],
          [1.5906e-05],
          [1.6699e-05],
          [1.7889e-05],
          [1.5451e-05],
          [1.4163e-05],
          [5.3425e-04],
          [2.9169e-05],
          [2.3688e-05],
          [1.5136e-05],
          [1.9186e-05],
          [2.7169e-04],
          [1.3954e-05],
          [1.3771e-05],
          [1.2905e-05],
          [3.9920e-04],
          [1.7267e-04],
          [1.3288e-05],
          [1.4294e-05],
          [1.5450e-05],
          [1.7170e-05],
          [1.9057e-05],
          [2.0970e-05],
          [1.6700e-05],
          [1.4806e-05],
          [5.5278e-04],
          [5.2347e-05],
          [2.2015e-04],
          [1.4180e-05],
          [1.9488e-05],
          [2.8843e-05],
          [3.1904e-05],
          [4.1256e-05],
          [3.4066e-05],
          [3.8835e-05],
          [3.0408e-05],
          [2.3189e-05],
          [1.3521e-05],
          [1.1849e-05],
          [1.3905e-05],
          [1.8906e-05],
          [2.3044e-05],
          [2.4069e-05],
          [2.5344e-05],
          [2.7963e-05],
          [2.0335e-05],
          [2.1151e-04],
          [2.3263e-04],
          [3.3059e-05],
          [2.0961e-04],
          [1.5435e-05],
          [1.4126e-05],
          [1.2550e-05],
          [1.5164e-05],
          [1.5560e-05],
          [1.6531e-05],
          [1.2699e-05],
          [1.6341e-05],
          [1.2078e-05],
          [1.2666e-05],
          [1.2964e-05],
          [1.4654e-05],
          [1.6385e-05],
          [1.6427e-05],
          [2.0120e-05],
          [1.9862e-05],
          [6.8621e-04],
          [2.4034e-04],
          [2.3559e-05],
          [2.7406e-05],
          [2.7313e-05],
          [2.2697e-05],
          [2.3301e-05],
          [1.8829e-05],
          [1.8600e-05],
          [1.6467e-05],
          [1.3577e-05],
          [1.0402e-05],
          [1.1559e-05],
          [1.4672e-05],
          [1.9664e-05],
          [2.3430e-05],
          [3.3632e-05],
          [4.2859e-05],
          [6.4788e-05],
          [6.7588e-05],
          [6.7204e-05],
          [5.6291e-05],
          [7.1501e-05],
          [5.0628e-05],
          [4.6036e-05],
          [4.7976e-04],
          [1.2586e-04],
          [2.6845e-04],
          [1.8238e-04],
          [4.1384e-05],
          [1.6392e-05],
          [1.7128e-05],
          [1.9422e-05],
          [1.7736e-05],
          [2.5746e-05],
          [2.0247e-05],
          [2.2313e-05],
          [2.0385e-05],
          [2.1617e-05],
          [1.9176e-05],
          [5.0442e-04],
          [1.2229e-04],
          [2.5907e-05],
          [3.2174e-05],
          [4.2666e-05],
          [3.4469e-05],
          [2.9519e-05],
          [4.5843e-04],
          [6.4218e-05],
          [2.5891e-04],
          [1.4456e-05],
          [1.4624e-05],
          [2.7329e-04],
          [1.8011e-05],
          [1.9987e-04],
          [2.4967e-05],
          [2.5903e-05],
          [2.4246e-05],
          [6.9374e-04],
          [2.3996e-05],
          [3.8853e-04],
          [1.8139e-05],
          [2.2751e-05],
          [2.3604e-05],
          [2.5645e-05],
          [2.7094e-05],
          [2.1051e-05],
          [4.3986e-04],
          [1.4157e-04],
          [1.7754e-05],
          [1.5833e-05],
          [1.7634e-05],
          [1.8030e-05],
          [2.6350e-05],
          [3.3324e-05],
          [4.3654e-05],
          [4.8032e-04],
          [1.3046e-04],
          [2.8283e-05],
          [2.3286e-05],
          [1.9886e-05],
          [1.5454e-05],
          [3.4523e-04],
          [2.8579e-05],
          [2.0391e-05],
          [2.5127e-04],
          [1.7289e-05],
          [1.6426e-05],
          [1.6462e-05],
          [1.6367e-05],
          [1.9473e-05],
          [2.1981e-05],
          [1.8609e-05],
          [1.6912e-05],
          [4.8106e-05],
          [1.7125e-05],
          [1.5946e-05],
          [1.2936e-05],
          [1.1775e-05],
          [1.0648e-05],
          [1.5169e-05],
          [1.5402e-05],
          [1.6201e-05],
          [4.8413e-04],
          [1.3378e-04],
          [1.8620e-05],
          [1.8015e-05],
          [2.0482e-05],
          [3.1809e-05],
          [2.6672e-05],
          [2.7881e-05],
          [2.4129e-05],
          [2.6659e-05],
          [2.2198e-05],
          [1.5504e-05],
          [4.4989e-04],
          [2.3332e-04],
          [2.1993e-05],
          [2.5054e-04],
          [1.1177e-05],
          [3.2717e-04],
          [1.3997e-04],
          [1.8411e-05],
          [2.2750e-05],
          [2.7232e-05],
          [2.3752e-05],
          [3.3609e-05],
          [4.2137e-05],
          [4.9730e-05],
          [4.5301e-05],
          [5.6081e-05],
          [5.9924e-05],
          [8.0452e-05],
          [1.2470e-04],
          [6.6058e-05],
          [1.0119e-04],
          [3.2405e-04],
          [2.7527e-05],
          [4.3999e-05],
          [2.1645e-04],
          [2.6960e-04],
          [3.4497e-05],
          [1.0750e-04],
          [2.3232e-04],
          [7.3311e-05],
          [2.7211e-04],
          [1.4094e-05],
          [1.2661e-05],
          [1.1001e-05],
          [1.0129e-05],
          [9.7824e-06],
          [1.2289e-05],
          [1.7778e-05],
          [1.7447e-05],
          [2.3363e-05],
          [2.1222e-05],
          [4.5236e-04],
          [2.5987e-05],
          [8.7204e-05],
          [4.6449e-05],
          [1.2097e-05],
          [1.1445e-05],
          [1.7269e-05],
          [1.1380e-05],
          [1.2696e-05],
          [1.5292e-05],
          [5.8569e-04],
          [2.1975e-05],
          [1.9840e-04],
          [1.5818e-05],
          [1.1579e-05],
          [1.4740e-05],
          [1.4508e-05],
          [1.5362e-05],
          [1.5520e-05],
          [1.5658e-05],
          [1.9819e-05],
          [1.7010e-05],
          [2.3270e-05],
          [2.6514e-05],
          [3.2708e-05],
          [4.4741e-04],
          [2.5261e-04],
          [2.1755e-05],
          [1.8876e-05],
          [1.3984e-04],
          [1.2522e-05],
          [1.7756e-05],
          [2.8885e-05],
          [2.7266e-05],
          [2.5935e-05],
          [3.1262e-05],
          [3.0583e-05],
          [3.3654e-05],
          [2.2767e-05],
          [2.0212e-05],
          [2.1152e-05],
          [2.0388e-05],
          [2.2390e-05],
          [2.5169e-05],
          [2.7635e-05],
          [2.6064e-05],
          [2.4687e-05],
          [2.4351e-05],
          [2.7286e-05],
          [2.6117e-05],
          [2.6829e-05],
          [2.8248e-05],
          [3.3312e-05],
          [3.7553e-05],
          [3.4373e-05],
          [3.2566e-05],
          [3.3032e-05],
          [3.7086e-05],
          [3.3855e-05],
          [2.8026e-05],
          [2.3606e-05],
          [2.6773e-05],
          [2.6286e-05],
          [2.3772e-05],
          [1.6986e-05],
          [1.4715e-05],
          [1.2547e-05],
          [1.5518e-05],
          [1.6628e-05],
          [4.7713e-04],
          [3.6923e-05],
          [5.3902e-04],
          [1.8322e-05],
          [2.3015e-05],
          [2.2747e-05],
          [1.9237e-05],
          [2.6394e-05],
          [2.4710e-05],
          [2.4743e-05],
          [2.1353e-05],
          [2.1741e-05],
          [2.0884e-05],
          [2.4688e-05],
          [2.1031e-05],
          [1.8213e-05],
          [1.6850e-05],
          [5.8578e-04],
          [8.2052e-05],
          [2.7692e-04],
          [1.2403e-05],
          [1.2417e-05],
          [1.2705e-05],
          [1.3291e-05],
          [6.7362e-04],
          [1.7044e-04],
          [1.2950e-05],
          [1.1583e-05],
          [1.2030e-05],
          [1.6109e-05],
          [1.7293e-05],
          [1.8766e-05],
          [2.8783e-05],
          [4.9804e-05],
          [3.5030e-05],
          [3.4946e-05],
          [4.4185e-05],
          [3.6386e-05],
          [2.1122e-05],
          [2.4103e-05],
          [2.3128e-05],
          [1.9445e-05],
          [1.7640e-05],
          [3.8637e-05],
          [3.5233e-05],
          [4.2728e-05],
          [4.4430e-05],
          [3.1890e-05],
          [2.7506e-05],
          [2.3382e-05],
          [2.3667e-05],
          [1.6405e-05],
          [3.6461e-04],
          [1.2365e-04],
          [2.3266e-05],
          [1.9843e-05],
          [1.6348e-05],
          [1.3504e-05],
          [1.5252e-05],
          [1.9277e-05],
          [1.5040e-05],
          [1.4163e-04],
          [7.6855e-05],
          [3.9894e-04],
          [1.6238e-04],
          [1.8810e-05],
          [1.9222e-05],
          [1.7949e-05],
          [1.4558e-05],
          [1.2535e-05],
          [4.0857e-04],
          [1.5073e-04],
          [1.7676e-05],
          [5.6089e-05],
          [1.0305e-04],
          [1.8202e-05],
          [4.8919e-04],
          [2.5925e-05],
          [3.7486e-04],
          [2.1836e-05],
          [1.5297e-05],
          [1.2079e-05],
          [1.2539e-05],
          [2.5539e-05],
          [9.5122e-05],
          [6.7930e-06]]]])
