# Using CPU
# Loading Embeddings...
# Making Predictions...
torch.Size([1, 1, 442, 218])
tensor([[[[1.1897e-04],
          [2.2563e-05],
          [5.2188e-05],
          [1.7691e-05],
          [1.1903e-05],
          [3.4298e-04],
          [9.6283e-05],
          [1.8573e-05],
          [2.5338e-04],
          [1.4568e-04],
          [1.6966e-05],
          [1.5200e-05],
          [2.4056e-04],
          [1.4269e-04],
          [2.1369e-05],
          [1.6255e-05],
          [1.6160e-05],
          [1.5272e-05],
          [1.4944e-05],
          [2.4069e-05],
          [2.9059e-04],
          [1.8854e-05],
          [8.6119e-05],
          [1.9557e-05],
          [1.9453e-05],
          [2.3167e-05],
          [3.2213e-05],
          [5.0154e-05],
          [6.3984e-05],
          [8.6325e-05],
          [7.9248e-05],
          [9.7599e-05],
          [8.8277e-05],
          [9.3751e-05],
          [7.6059e-05],
          [6.0958e-05],
          [8.5593e-04],
          [6.5741e-05],
          [1.5061e-04],
          [1.0311e-04],
          [1.1859e-04],
          [2.2067e-05],
          [1.8186e-05],
          [2.3565e-05],
          [1.8067e-05],
          [2.1139e-05],
          [1.5643e-05],
          [1.7158e-05],
          [1.9820e-05],
          [1.9788e-04],
          [1.0129e-04],
          [2.0165e-05],
          [1.6069e-05],
          [3.5995e-04],
          [1.0197e-04],
          [1.9217e-05],
          [1.7735e-05],
          [1.4481e-05],
          [1.6703e-05],
          [2.4387e-05],
          [2.5642e-05],
          [2.1500e-05],
          [2.2469e-04],
          [1.5031e-04],
          [1.9097e-05],
          [2.1536e-05],
          [2.8070e-05],
          [2.8178e-05],
          [2.4906e-05],
          [2.6912e-05],
          [1.8507e-05],
          [3.2368e-04],
          [3.1708e-05],
          [2.1029e-05],
          [1.5836e-05],
          [1.7296e-05],
          [1.6229e-04],
          [1.6829e-05],
          [1.7076e-05],
          [1.4896e-05],
          [1.5625e-04],
          [8.3937e-05],
          [1.8703e-05],
          [1.4130e-05],
          [1.3519e-05],
          [1.6149e-05],
          [1.6041e-05],
          [1.5846e-05],
          [1.5628e-05],
          [1.4732e-05],
          [2.9376e-04],
          [4.4074e-05],
          [1.2917e-04],
          [1.4055e-05],
          [1.8743e-05],
          [1.6447e-05],
          [1.8858e-05],
          [1.8137e-05],
          [1.6247e-05],
          [1.8133e-05],
          [2.1675e-05],
          [1.9933e-05],
          [1.8834e-05],
          [1.9251e-05],
          [1.9287e-05],
          [1.8696e-05],
          [1.7805e-05],
          [2.1970e-05],
          [2.2334e-05],
          [2.2212e-05],
          [1.9685e-05],
          [1.6200e-04],
          [1.2412e-04],
          [2.0805e-05],
          [1.2574e-04],
          [1.9800e-05],
          [1.3923e-05],
          [1.1634e-05],
          [1.4747e-05],
          [1.7654e-05],
          [1.6319e-05],
          [1.3971e-05],
          [1.6918e-05],
          [1.8428e-05],
          [1.5359e-05],
          [1.8845e-05],
          [1.9933e-05],
          [2.4412e-05],
          [2.6156e-05],
          [6.9896e-05],
          [7.8206e-04],
          [4.0135e-03],
          [2.9680e-03],
          [1.8641e-03],
          [5.2455e-04],
          [1.6849e-04],
          [5.4770e-05],
          [2.6088e-05],
          [2.1281e-05],
          [2.1128e-05],
          [1.9204e-05],
          [1.4302e-05],
          [1.5944e-05],
          [1.5469e-05],
          [1.6797e-05],
          [1.9376e-05],
          [2.0215e-05],
          [3.2299e-05],
          [3.6910e-05],
          [7.1563e-05],
          [6.6262e-05],
          [8.3095e-05],
          [7.8733e-05],
          [1.1853e-04],
          [8.5695e-05],
          [7.9978e-05],
          [3.4306e-04],
          [6.4906e-05],
          [1.9833e-04],
          [1.1646e-04],
          [2.0659e-05],
          [5.3970e-05],
          [1.5801e-04],
          [1.7196e-04],
          [4.7271e-05],
          [4.2551e-05],
          [4.2920e-05],
          [3.1057e-05],
          [3.5660e-05],
          [3.4460e-05],
          [3.0178e-05],
          [3.6347e-04],
          [1.0046e-04],
          [4.0108e-05],
          [4.3910e-05],
          [3.9959e-05],
          [4.2399e-05],
          [3.4636e-05],
          [2.2139e-04],
          [1.1519e-04],
          [2.0829e-04],
          [1.8744e-05],
          [1.7172e-05],
          [1.5090e-04],
          [1.3836e-05],
          [1.0269e-04],
          [1.5113e-05],
          [1.5947e-05],
          [1.3779e-05],
          [3.1937e-04],
          [1.7492e-05],
          [8.5820e-05],
          [2.1002e-05],
          [2.5008e-05],
          [2.3612e-05],
          [2.3592e-05],
          [2.7709e-05],
          [2.2287e-05],
          [1.9434e-04],
          [1.1750e-04],
          [1.8165e-05],
          [1.6708e-05],
          [1.6549e-05],
          [1.4248e-05],
          [1.5724e-05],
          [1.5746e-05],
          [1.5562e-05],
          [2.4413e-04],
          [5.7981e-05],
          [1.4630e-05],
          [1.5601e-05],
          [1.5697e-05],
          [1.5483e-05],
          [2.6306e-04],
          [3.0936e-05],
          [1.9579e-05],
          [1.5314e-04],
          [1.8302e-05],
          [1.4948e-05],
          [1.9136e-05],
          [1.9501e-05],
          [1.7630e-05],
          [2.1032e-05],
          [1.7000e-05],
          [1.8224e-05],
          [2.5042e-05],
          [1.9765e-05],
          [2.0993e-05],
          [2.0262e-05],
          [1.8947e-05],
          [1.7671e-05],
          [1.9859e-05],
          [1.7494e-05],
          [1.5233e-05],
          [2.7730e-04],
          [5.7516e-05],
          [1.8453e-05],
          [1.9744e-05],
          [1.9251e-05],
          [2.3418e-05],
          [2.3248e-05],
          [1.5440e-05],
          [1.4704e-05],
          [2.7152e-05],
          [1.9849e-05],
          [1.1842e-05],
          [2.5233e-04],
          [1.0342e-04],
          [1.5775e-05],
          [1.2740e-04],
          [1.1955e-05],
          [2.1307e-04],
          [7.0348e-05],
          [2.0105e-05],
          [2.4918e-05],
          [3.0947e-05],
          [3.0421e-05],
          [3.8897e-05],
          [4.7846e-05],
          [6.0354e-05],
          [5.7836e-05],
          [8.7843e-05],
          [9.7805e-05],
          [1.2647e-04],
          [1.0078e-04],
          [1.0708e-04],
          [7.7822e-05],
          [4.4374e-04],
          [4.7287e-05],
          [4.0981e-05],
          [1.7467e-04],
          [1.6280e-04],
          [3.4480e-05],
          [1.0128e-04],
          [1.4776e-04],
          [8.2615e-05],
          [1.6556e-04],
          [1.6571e-05],
          [1.3250e-05],
          [1.0401e-05],
          [1.0761e-05],
          [1.0358e-05],
          [1.0228e-05],
          [1.9803e-05],
          [1.3091e-05],
          [1.4870e-05],
          [1.2978e-05],
          [1.7472e-04],
          [1.5208e-05],
          [5.7444e-05],
          [2.9980e-05],
          [1.1530e-05],
          [1.2012e-05],
          [1.2088e-05],
          [1.1529e-05],
          [1.3118e-05],
          [1.2637e-05],
          [3.2647e-04],
          [1.6929e-05],
          [1.1374e-04],
          [1.3374e-05],
          [1.4620e-05],
          [1.4269e-05],
          [1.6132e-05],
          [1.4146e-05],
          [1.4524e-05],
          [1.9103e-05],
          [1.8650e-05],
          [1.9873e-05],
          [2.4956e-05],
          [3.2214e-05],
          [3.5633e-05],
          [2.4314e-04],
          [8.9673e-05],
          [2.4432e-05],
          [1.9216e-05],
          [1.4453e-05],
          [1.2457e-05],
          [1.4319e-05],
          [1.6544e-05],
          [1.5328e-05],
          [1.3984e-05],
          [1.3283e-05],
          [1.3916e-05],
          [1.4805e-05],
          [1.1822e-05],
          [1.2070e-05],
          [1.2234e-05],
          [1.3705e-05],
          [1.2974e-05],
          [1.2915e-05],
          [1.4344e-05],
          [1.5136e-05],
          [1.8293e-05],
          [2.0796e-05],
          [1.9001e-05],
          [1.9098e-05],
          [2.1737e-05],
          [2.0782e-05],
          [2.3165e-05],
          [2.5924e-05],
          [2.4525e-05],
          [2.1895e-05],
          [2.4984e-05],
          [2.8424e-05],
          [3.3041e-05],
          [1.7903e-05],
          [2.8648e-05],
          [2.5536e-05],
          [2.0475e-05],
          [1.7648e-05],
          [1.3150e-05],
          [1.6585e-05],
          [1.4749e-05],
          [1.4339e-05],
          [1.8831e-05],
          [2.9528e-04],
          [3.4411e-05],
          [1.1146e-04],
          [2.0803e-05],
          [2.0439e-05],
          [2.4205e-05],
          [1.8729e-05],
          [2.1484e-05],
          [2.0959e-05],
          [1.6808e-05],
          [1.5176e-05],
          [1.4017e-05],
          [1.3984e-05],
          [1.4940e-05],
          [1.5309e-05],
          [2.1097e-05],
          [2.1156e-05],
          [3.7660e-04],
          [4.3805e-05],
          [2.1064e-04],
          [1.5446e-05],
          [1.2660e-05],
          [1.0146e-05],
          [1.0448e-05],
          [3.1787e-04],
          [9.9024e-05],
          [1.4193e-05],
          [1.5314e-05],
          [1.7897e-05],
          [2.3431e-05],
          [3.1963e-05],
          [3.5722e-05],
          [4.6017e-05],
          [3.6734e-05],
          [2.7300e-05],
          [2.0454e-05],
          [2.2931e-05],
          [1.5526e-05],
          [1.2077e-05],
          [1.1443e-05],
          [1.3274e-05],
          [1.4504e-05],
          [1.5675e-05],
          [1.0689e-04],
          [2.7023e-05],
          [2.3490e-05],
          [4.7851e-05],
          [2.2727e-05],
          [2.7657e-05],
          [2.2930e-05],
          [2.3962e-05],
          [1.6029e-05],
          [1.9431e-04],
          [9.9318e-05],
          [2.1516e-05],
          [1.7649e-05],
          [2.5135e-05],
          [1.7275e-05],
          [2.7162e-05],
          [2.3026e-05],
          [2.6927e-05],
          [1.2796e-04],
          [6.2603e-05],
          [1.9596e-04],
          [9.0512e-05],
          [2.6171e-05],
          [1.8461e-05],
          [1.5632e-05],
          [1.8475e-05],
          [1.3377e-05],
          [2.4340e-04],
          [2.3703e-04],
          [1.6034e-05],
          [7.8025e-05],
          [7.9126e-05],
          [2.0703e-05],
          [2.3834e-04],
          [3.4810e-05],
          [2.2540e-04],
          [2.4521e-05],
          [1.3351e-05],
          [1.1319e-05],
          [1.5495e-05],
          [1.1707e-05],
          [4.4867e-05],
          [5.8739e-06]]]])
