# Using CPU
# Loading Embeddings...
# Making Predictions...
torch.Size([1, 1, 442, 252])
tensor([[[[1.7502e-04],
          [4.2072e-05],
          [1.5103e-04],
          [6.7239e-05],
          [9.2831e-06],
          [1.6069e-04],
          [1.4174e-03],
          [3.1483e-05],
          [8.1876e-04],
          [1.5824e-03],
          [1.5507e-05],
          [1.4916e-05],
          [3.1419e-04],
          [2.6733e-04],
          [7.9939e-05],
          [1.8968e-05],
          [3.6971e-05],
          [1.2915e-05],
          [1.5133e-05],
          [2.1481e-05],
          [9.4917e-04],
          [4.1515e-05],
          [1.4379e-03],
          [1.4272e-05],
          [1.5646e-05],
          [2.2930e-05],
          [3.0947e-05],
          [5.0080e-05],
          [5.6695e-05],
          [6.9246e-05],
          [6.9870e-05],
          [8.6660e-05],
          [7.9779e-05],
          [8.9895e-05],
          [7.2446e-05],
          [5.9374e-05],
          [3.3268e-04],
          [4.2922e-05],
          [3.0161e-04],
          [1.3084e-04],
          [9.5050e-04],
          [2.2496e-05],
          [2.2789e-05],
          [2.6044e-05],
          [1.8534e-05],
          [1.8984e-05],
          [1.4045e-05],
          [2.6016e-05],
          [4.4867e-05],
          [1.5544e-04],
          [6.5560e-04],
          [1.8588e-05],
          [1.3607e-05],
          [9.7185e-04],
          [1.0765e-03],
          [1.5326e-05],
          [1.5975e-05],
          [1.5337e-05],
          [2.0507e-05],
          [2.3555e-05],
          [2.3256e-05],
          [2.2405e-05],
          [2.3714e-04],
          [4.4993e-04],
          [1.7625e-05],
          [1.8362e-05],
          [1.6789e-05],
          [1.5190e-05],
          [1.5787e-05],
          [1.4566e-05],
          [1.4333e-05],
          [2.4522e-04],
          [2.5465e-05],
          [1.5916e-05],
          [1.5455e-05],
          [2.7044e-05],
          [3.7851e-03],
          [1.3846e-05],
          [1.3645e-05],
          [1.0426e-05],
          [2.0470e-04],
          [3.2201e-04],
          [1.0964e-05],
          [1.2764e-05],
          [1.4401e-05],
          [1.7484e-05],
          [1.9241e-05],
          [2.1411e-05],
          [1.8026e-05],
          [1.5509e-05],
          [7.4676e-04],
          [5.9992e-05],
          [4.7592e-04],
          [1.3199e-05],
          [1.2999e-05],
          [1.8991e-05],
          [2.1028e-05],
          [3.0130e-05],
          [3.0806e-05],
          [3.2101e-05],
          [3.7689e-05],
          [2.1338e-05],
          [1.7070e-05],
          [1.7187e-05],
          [1.3885e-05],
          [1.6655e-05],
          [1.8694e-05],
          [2.4080e-05],
          [2.5835e-05],
          [2.6532e-05],
          [2.1708e-05],
          [2.6868e-04],
          [1.1682e-04],
          [2.1294e-05],
          [4.5991e-04],
          [1.6707e-05],
          [1.4781e-05],
          [1.2388e-05],
          [1.5522e-05],
          [1.8069e-05],
          [1.7816e-05],
          [1.3426e-05],
          [1.8799e-05],
          [1.2604e-05],
          [1.4027e-05],
          [1.3035e-05],
          [1.4500e-05],
          [1.5048e-05],
          [1.9069e-05],
          [2.0280e-05],
          [1.9595e-05],
          [2.8733e-04],
          [8.0584e-04],
          [2.4598e-05],
          [2.6913e-05],
          [2.6552e-05],
          [2.3007e-05],
          [2.5530e-05],
          [1.9745e-05],
          [2.1216e-05],
          [1.6269e-05],
          [1.6164e-05],
          [1.0998e-05],
          [1.2468e-05],
          [1.4459e-05],
          [1.8223e-05],
          [2.0280e-05],
          [2.8843e-05],
          [3.6403e-05],
          [5.4469e-05],
          [5.7897e-05],
          [6.9579e-05],
          [6.6067e-05],
          [8.1015e-05],
          [6.4244e-05],
          [5.7686e-05],
          [2.2696e-03],
          [1.1365e-03],
          [5.6082e-04],
          [2.7395e-03],
          [1.7035e-05],
          [1.7659e-05],
          [1.7039e-05],
          [1.9760e-05],
          [2.0464e-05],
          [2.6763e-05],
          [2.4265e-05],
          [2.4340e-05],
          [2.5497e-05],
          [2.6075e-05],
          [2.3042e-05],
          [9.0647e-04],
          [1.3987e-03],
          [2.8339e-05],
          [3.3338e-05],
          [3.4701e-05],
          [3.8240e-05],
          [3.3972e-05],
          [1.7812e-04],
          [5.7371e-05],
          [4.7009e-04],
          [1.6135e-05],
          [3.3048e-05],
          [2.1393e-04],
          [1.6304e-05],
          [6.5658e-04],
          [1.7164e-05],
          [1.6198e-05],
          [1.5241e-05],
          [2.0742e-03],
          [1.0247e-04],
          [5.8221e-03],
          [2.1398e-05],
          [2.5504e-05],
          [2.6146e-05],
          [2.6112e-05],
          [3.1096e-05],
          [2.4779e-05],
          [1.8330e-04],
          [6.2051e-04],
          [1.9915e-05],
          [1.7631e-05],
          [1.7282e-05],
          [1.3167e-05],
          [1.3621e-05],
          [1.3305e-05],
          [1.1776e-05],
          [5.9982e-04],
          [1.6122e-03],
          [1.3200e-05],
          [1.3394e-05],
          [1.4645e-05],
          [1.4557e-05],
          [8.5706e-04],
          [2.8440e-05],
          [1.7353e-05],
          [3.3029e-03],
          [1.5217e-05],
          [1.4652e-05],
          [1.3413e-05],
          [1.3839e-05],
          [1.6476e-05],
          [1.3542e-05],
          [1.2169e-05],
          [1.2684e-05],
          [2.0300e-05],
          [1.5575e-05],
          [1.2807e-05],
          [1.4908e-05],
          [1.4434e-05],
          [1.1918e-05],
          [1.1765e-05],
          [1.1745e-05],
          [1.2626e-05],
          [7.1909e-04],
          [8.9266e-04],
          [1.7465e-05],
          [1.7261e-05],
          [1.4566e-05],
          [1.5037e-05],
          [2.8800e-05],
          [2.0354e-05],
          [1.5205e-05],
          [2.0431e-05],
          [2.4309e-05],
          [1.1483e-05],
          [7.3261e-04],
          [2.2468e-04],
          [3.0440e-05],
          [3.1589e-04],
          [1.0889e-05],
          [3.1825e-04],
          [5.1464e-04],
          [1.8772e-05],
          [2.2936e-05],
          [2.4401e-05],
          [2.3159e-05],
          [3.1831e-05],
          [3.9897e-05],
          [5.0052e-05],
          [4.4303e-05],
          [6.7695e-05],
          [7.5221e-05],
          [1.1334e-04],
          [8.5821e-05],
          [9.0365e-05],
          [5.8476e-05],
          [1.6557e-04],
          [3.1088e-05],
          [3.1173e-05],
          [5.6034e-04],
          [5.6271e-04],
          [2.0898e-05],
          [4.4610e-04],
          [1.0952e-04],
          [4.0551e-05],
          [2.5203e-04],
          [1.3110e-05],
          [1.2172e-05],
          [9.8438e-06],
          [9.4352e-06],
          [9.5389e-06],
          [9.2697e-06],
          [2.5998e-05],
          [1.0762e-05],
          [1.3703e-05],
          [1.0474e-05],
          [2.8826e-04],
          [3.7644e-05],
          [1.0813e-04],
          [3.8065e-04],
          [9.9393e-06],
          [1.0174e-05],
          [1.0185e-05],
          [9.8024e-06],
          [9.6602e-06],
          [1.1298e-05],
          [9.6890e-04],
          [3.2521e-05],
          [3.0646e-03],
          [1.6218e-05],
          [1.4939e-05],
          [1.3023e-05],
          [1.3118e-05],
          [1.3060e-05],
          [1.4176e-05],
          [1.3897e-05],
          [1.9225e-05],
          [1.8261e-05],
          [2.6253e-05],
          [2.8617e-05],
          [3.4528e-05],
          [5.4446e-04],
          [1.4653e-03],
          [2.3770e-05],
          [1.9292e-05],
          [2.6492e-05],
          [1.2076e-05],
          [1.1198e-05],
          [1.5918e-05],
          [1.9158e-05],
          [1.4770e-05],
          [1.9881e-05],
          [1.1771e-05],
          [1.3599e-05],
          [1.0681e-05],
          [1.1305e-05],
          [1.1351e-05],
          [1.3169e-05],
          [1.1799e-05],
          [1.2083e-05],
          [1.1154e-05],
          [1.3419e-05],
          [1.2061e-05],
          [1.3869e-05],
          [1.5967e-05],
          [1.8761e-05],
          [1.8069e-05],
          [1.6796e-05],
          [2.4621e-05],
          [2.4964e-05],
          [3.5751e-05],
          [1.8749e-05],
          [2.2208e-05],
          [2.0783e-05],
          [1.9120e-05],
          [1.4717e-05],
          [1.7094e-05],
          [1.6360e-05],
          [1.9342e-05],
          [1.7933e-05],
          [1.5230e-05],
          [1.4369e-05],
          [1.3139e-05],
          [1.6273e-05],
          [1.5644e-05],
          [6.3060e-04],
          [7.0482e-05],
          [5.0941e-03],
          [2.1319e-05],
          [2.2191e-05],
          [1.9230e-05],
          [1.8169e-05],
          [1.8095e-05],
          [1.3956e-05],
          [1.1076e-05],
          [1.0776e-05],
          [1.0165e-05],
          [1.1985e-05],
          [1.0992e-05],
          [1.1498e-05],
          [1.5159e-05],
          [1.6103e-05],
          [1.2131e-03],
          [6.7965e-05],
          [2.4253e-03],
          [1.4036e-05],
          [1.1731e-05],
          [9.4168e-06],
          [1.0485e-05],
          [4.7887e-04],
          [1.8416e-03],
          [1.2244e-05],
          [1.2025e-05],
          [1.1828e-05],
          [2.1402e-05],
          [2.9590e-05],
          [3.7275e-05],
          [3.9421e-05],
          [3.2593e-05],
          [2.5072e-05],
          [2.1802e-05],
          [1.7657e-05],
          [1.2804e-05],
          [1.1279e-05],
          [1.2003e-05],
          [1.0649e-05],
          [1.1088e-05],
          [1.1434e-05],
          [2.1317e-05],
          [2.2313e-05],
          [2.7133e-05],
          [6.7926e-05],
          [1.7821e-05],
          [2.5174e-05],
          [2.2223e-05],
          [2.2335e-05],
          [1.7906e-05],
          [1.9363e-04],
          [5.7008e-04],
          [2.3173e-05],
          [2.0477e-05],
          [1.6933e-05],
          [1.5829e-05],
          [1.9847e-05],
          [1.8173e-05],
          [1.8182e-05],
          [1.4239e-04],
          [1.0842e-04],
          [3.5503e-04],
          [1.3443e-03],
          [2.0434e-05],
          [1.3446e-05],
          [1.4315e-05],
          [1.5902e-05],
          [1.3427e-05],
          [3.6137e-04],
          [2.2302e-04],
          [1.7701e-05],
          [5.0935e-05],
          [6.2783e-04],
          [1.4723e-05],
          [4.1976e-04],
          [1.4818e-05],
          [4.4364e-04],
          [1.6046e-05],
          [1.2385e-05],
          [1.0013e-05],
          [1.0911e-05],
          [1.1211e-05],
          [2.8456e-05],
          [8.6616e-06]]]])
