# Using CPU
# Loading Embeddings...
# Making Predictions...
torch.Size([1, 1, 442, 262])
tensor([[[[1.0835e-04],
          [5.3655e-05],
          [1.0926e-04],
          [3.9672e-05],
          [1.1087e-05],
          [5.6369e-04],
          [5.4276e-04],
          [2.6738e-05],
          [2.9970e-03],
          [8.9889e-04],
          [1.3623e-05],
          [1.2701e-05],
          [3.1443e-04],
          [1.3677e-04],
          [7.4861e-05],
          [2.5235e-05],
          [7.0658e-05],
          [1.9591e-05],
          [2.2826e-05],
          [2.3050e-05],
          [2.1142e-03],
          [4.0817e-05],
          [1.1513e-03],
          [2.0576e-05],
          [1.5094e-05],
          [1.7322e-05],
          [2.2734e-05],
          [3.7160e-05],
          [3.8878e-05],
          [5.0168e-05],
          [4.7746e-05],
          [5.3230e-05],
          [5.1444e-05],
          [5.8754e-05],
          [4.3485e-05],
          [4.2422e-05],
          [4.4479e-04],
          [6.2353e-05],
          [1.6746e-04],
          [2.3965e-04],
          [7.0027e-04],
          [1.8235e-05],
          [1.6060e-05],
          [1.9723e-05],
          [1.4701e-05],
          [1.5618e-05],
          [1.3161e-05],
          [2.1698e-05],
          [3.4735e-05],
          [2.5438e-04],
          [5.9935e-04],
          [1.7533e-05],
          [1.2678e-05],
          [1.4029e-03],
          [7.4171e-04],
          [1.1803e-05],
          [1.1504e-05],
          [1.5953e-05],
          [1.6156e-05],
          [1.5923e-05],
          [1.4691e-05],
          [1.2798e-05],
          [2.7445e-04],
          [4.0788e-04],
          [1.3104e-05],
          [1.4106e-05],
          [1.4875e-05],
          [1.5044e-05],
          [1.4540e-05],
          [1.3037e-05],
          [1.1586e-05],
          [2.6071e-04],
          [2.4455e-05],
          [2.0673e-05],
          [1.1158e-05],
          [1.8362e-05],
          [2.3225e-03],
          [1.1847e-05],
          [1.4141e-05],
          [1.1799e-05],
          [1.6602e-04],
          [2.2986e-04],
          [1.2650e-05],
          [1.0679e-05],
          [1.1049e-05],
          [1.2960e-05],
          [1.3833e-05],
          [1.5187e-05],
          [1.4756e-05],
          [1.3636e-05],
          [1.0324e-03],
          [4.5373e-05],
          [3.7231e-04],
          [1.1134e-05],
          [1.5073e-05],
          [2.2818e-05],
          [2.8890e-05],
          [3.1641e-05],
          [3.6215e-05],
          [3.9022e-05],
          [3.8560e-05],
          [2.7393e-05],
          [1.6866e-05],
          [1.1459e-05],
          [1.1438e-05],
          [1.1817e-05],
          [1.2154e-05],
          [1.4001e-05],
          [1.5524e-05],
          [1.6517e-05],
          [1.3084e-05],
          [7.0221e-04],
          [1.3785e-04],
          [2.8822e-05],
          [3.1866e-04],
          [1.4561e-05],
          [1.0534e-05],
          [9.6971e-06],
          [1.1009e-05],
          [1.1328e-05],
          [1.2528e-05],
          [1.0167e-05],
          [1.2978e-05],
          [1.0274e-05],
          [1.1855e-05],
          [1.0951e-05],
          [1.1355e-05],
          [1.1764e-05],
          [1.3495e-05],
          [1.7164e-05],
          [1.6622e-05],
          [3.5568e-04],
          [5.0759e-04],
          [2.5237e-05],
          [2.2444e-05],
          [2.1615e-05],
          [1.6365e-05],
          [1.8179e-05],
          [1.5897e-05],
          [1.4913e-05],
          [1.3485e-05],
          [1.2428e-05],
          [1.1424e-05],
          [1.1265e-05],
          [1.2251e-05],
          [1.3021e-05],
          [1.3840e-05],
          [2.0812e-05],
          [2.6925e-05],
          [4.3562e-05],
          [4.1753e-05],
          [4.8119e-05],
          [3.7856e-05],
          [4.4810e-05],
          [3.8801e-05],
          [4.1645e-05],
          [2.2253e-03],
          [5.7173e-04],
          [6.2519e-04],
          [1.5124e-03],
          [1.7673e-05],
          [1.4897e-05],
          [1.4907e-05],
          [1.6337e-05],
          [1.7998e-05],
          [1.9946e-05],
          [1.8690e-05],
          [2.0412e-05],
          [2.0586e-05],
          [1.8064e-05],
          [1.4382e-05],
          [1.2467e-03],
          [1.0083e-03],
          [1.4901e-05],
          [1.5974e-05],
          [4.0722e-05],
          [1.9075e-05],
          [1.5694e-05],
          [1.7567e-04],
          [6.1934e-05],
          [2.4677e-04],
          [2.7504e-05],
          [1.7266e-05],
          [1.4628e-04],
          [1.5815e-05],
          [4.7513e-04],
          [1.2297e-05],
          [1.2700e-05],
          [1.4174e-05],
          [2.4574e-03],
          [2.7404e-05],
          [1.8799e-03],
          [1.4855e-05],
          [1.6421e-05],
          [1.6018e-05],
          [1.6609e-05],
          [1.9634e-05],
          [1.5137e-05],
          [2.4300e-04],
          [4.6575e-04],
          [1.5162e-05],
          [1.4130e-05],
          [1.6142e-05],
          [1.3771e-05],
          [1.5493e-05],
          [1.6292e-05],
          [1.6820e-05],
          [1.0113e-03],
          [1.0624e-03],
          [1.6291e-05],
          [1.4689e-05],
          [1.4202e-05],
          [1.3652e-05],
          [8.3447e-04],
          [2.6333e-05],
          [1.6082e-05],
          [1.9215e-03],
          [1.4838e-05],
          [1.5626e-05],
          [1.6697e-05],
          [1.6343e-05],
          [1.6561e-05],
          [1.6558e-05],
          [1.3598e-05],
          [1.4735e-05],
          [1.7489e-05],
          [1.8229e-05],
          [1.6236e-05],
          [1.3502e-05],
          [1.2744e-05],
          [1.2809e-05],
          [1.4142e-05],
          [1.4407e-05],
          [1.2526e-05],
          [1.2062e-03],
          [5.4194e-04],
          [1.6646e-05],
          [1.8046e-05],
          [1.7341e-05],
          [1.9078e-05],
          [1.6953e-05],
          [2.1276e-05],
          [1.6387e-05],
          [2.2028e-05],
          [2.2332e-05],
          [1.4006e-05],
          [1.9333e-03],
          [1.4084e-04],
          [1.7460e-05],
          [1.8733e-04],
          [1.3365e-05],
          [4.8741e-04],
          [3.4110e-04],
          [1.8940e-05],
          [2.3624e-05],
          [2.7692e-05],
          [2.5006e-05],
          [2.9215e-05],
          [3.1403e-05],
          [3.5425e-05],
          [2.9327e-05],
          [3.2336e-05],
          [2.9895e-05],
          [3.6290e-05],
          [9.8049e-05],
          [3.8547e-05],
          [8.6950e-05],
          [2.0697e-04],
          [2.7255e-05],
          [2.4409e-05],
          [4.0237e-04],
          [9.3410e-04],
          [1.9143e-05],
          [3.0406e-04],
          [1.1752e-04],
          [4.0513e-05],
          [1.6971e-04],
          [1.2037e-05],
          [9.2679e-06],
          [9.8006e-06],
          [8.3638e-06],
          [9.5525e-06],
          [9.6903e-06],
          [2.6618e-05],
          [1.2041e-05],
          [1.5348e-05],
          [1.0334e-05],
          [3.1570e-04],
          [2.2468e-05],
          [7.0475e-05],
          [1.6089e-04],
          [9.5980e-06],
          [9.1356e-06],
          [9.2169e-06],
          [1.0240e-05],
          [1.0544e-05],
          [1.0583e-05],
          [1.1707e-03],
          [2.7732e-05],
          [2.1006e-03],
          [1.4824e-05],
          [1.4960e-05],
          [1.8403e-05],
          [1.9197e-05],
          [1.6045e-05],
          [1.8123e-05],
          [1.7148e-05],
          [2.2150e-05],
          [2.1495e-05],
          [2.5842e-05],
          [2.7535e-05],
          [2.9691e-05],
          [8.1823e-04],
          [1.0059e-03],
          [2.2183e-05],
          [1.9428e-05],
          [1.7844e-05],
          [1.4957e-05],
          [1.3518e-05],
          [1.4850e-05],
          [1.7892e-05],
          [1.6869e-05],
          [1.4168e-05],
          [1.3743e-05],
          [1.5526e-05],
          [1.1500e-05],
          [1.5133e-05],
          [1.5384e-05],
          [1.7818e-05],
          [1.4873e-05],
          [1.5717e-05],
          [1.5743e-05],
          [1.8362e-05],
          [1.6574e-05],
          [1.5626e-05],
          [1.5718e-05],
          [1.7186e-05],
          [2.1002e-05],
          [1.7355e-05],
          [2.0933e-05],
          [1.9374e-05],
          [2.1318e-05],
          [1.9176e-05],
          [1.9455e-05],
          [2.2035e-05],
          [2.1528e-05],
          [1.5239e-05],
          [1.4774e-05],
          [1.3886e-05],
          [1.4788e-05],
          [1.2771e-05],
          [1.2315e-05],
          [1.4556e-05],
          [1.3739e-05],
          [1.6171e-05],
          [1.9783e-05],
          [2.2230e-03],
          [4.8994e-05],
          [1.8785e-03],
          [2.3080e-05],
          [2.2713e-05],
          [2.3923e-05],
          [1.9605e-05],
          [2.0144e-05],
          [1.5025e-05],
          [1.1784e-05],
          [1.2023e-05],
          [1.1804e-05],
          [1.0771e-05],
          [1.3562e-05],
          [1.5375e-05],
          [1.6984e-05],
          [1.7813e-05],
          [2.4002e-03],
          [7.7356e-05],
          [1.4454e-03],
          [1.5438e-05],
          [1.2416e-05],
          [1.1167e-05],
          [1.0278e-05],
          [6.2288e-04],
          [1.3832e-03],
          [1.3962e-05],
          [1.0010e-05],
          [1.4008e-05],
          [1.6071e-05],
          [1.8538e-05],
          [2.2999e-05],
          [3.0815e-05],
          [3.0785e-05],
          [2.7873e-05],
          [2.4229e-05],
          [1.9501e-05],
          [1.3810e-05],
          [1.1164e-05],
          [1.1427e-05],
          [1.0937e-05],
          [1.1944e-05],
          [1.1611e-05],
          [3.5025e-05],
          [3.2865e-05],
          [3.4012e-05],
          [3.4355e-05],
          [2.8755e-05],
          [3.2902e-05],
          [2.6004e-05],
          [2.2844e-05],
          [1.5937e-05],
          [2.2742e-04],
          [4.0949e-04],
          [1.8949e-05],
          [1.7376e-05],
          [1.4897e-05],
          [1.4777e-05],
          [1.7169e-05],
          [1.6716e-05],
          [1.9346e-05],
          [2.6519e-04],
          [6.1568e-05],
          [3.7708e-04],
          [7.3682e-04],
          [2.5093e-05],
          [1.9915e-05],
          [2.0654e-05],
          [1.5503e-05],
          [1.1389e-05],
          [3.6362e-04],
          [1.9734e-04],
          [2.1403e-05],
          [6.4958e-05],
          [3.9121e-04],
          [1.6998e-05],
          [2.8168e-04],
          [2.5888e-05],
          [3.3336e-04],
          [2.1255e-05],
          [1.1981e-05],
          [1.0593e-05],
          [1.1275e-05],
          [1.1125e-05],
          [1.1806e-04],
          [6.8869e-06]]]])
