# Using CPU
# Loading Embeddings...
# Making Predictions...
torch.Size([1, 1, 442, 282])
tensor([[[[1.2683e-04],
          [5.6994e-05],
          [1.5576e-04],
          [2.4511e-05],
          [1.0696e-05],
          [1.2379e-03],
          [4.2040e-04],
          [1.5708e-05],
          [1.6481e-03],
          [4.8745e-04],
          [1.8972e-05],
          [1.9169e-05],
          [5.9253e-04],
          [3.8383e-04],
          [1.3762e-05],
          [1.1843e-05],
          [1.0666e-05],
          [1.1102e-05],
          [1.1389e-05],
          [2.3509e-05],
          [1.6164e-03],
          [2.3651e-05],
          [3.3428e-04],
          [1.5970e-05],
          [2.0443e-05],
          [3.0799e-05],
          [4.6976e-05],
          [8.0143e-05],
          [8.5658e-05],
          [1.2223e-04],
          [1.0325e-04],
          [1.2024e-04],
          [1.1607e-04],
          [1.2905e-04],
          [9.7364e-05],
          [7.6343e-05],
          [8.4860e-04],
          [8.7907e-05],
          [3.1510e-04],
          [2.4768e-04],
          [4.5906e-04],
          [2.5779e-05],
          [2.4780e-05],
          [2.7709e-05],
          [1.8446e-05],
          [1.9027e-05],
          [1.4233e-05],
          [1.2849e-05],
          [2.1853e-05],
          [6.9222e-04],
          [3.1074e-04],
          [1.1076e-05],
          [1.6395e-05],
          [1.1617e-03],
          [3.6291e-04],
          [1.4729e-05],
          [1.6213e-05],
          [1.6236e-05],
          [2.0621e-05],
          [2.3499e-05],
          [2.2827e-05],
          [2.1872e-05],
          [6.7944e-04],
          [4.1075e-04],
          [1.7925e-05],
          [1.8940e-05],
          [1.6836e-05],
          [1.5911e-05],
          [1.6429e-05],
          [1.5049e-05],
          [1.4853e-05],
          [5.7903e-04],
          [2.5757e-05],
          [6.1416e-05],
          [1.6259e-05],
          [1.9942e-05],
          [1.0370e-03],
          [1.5121e-05],
          [1.5187e-05],
          [1.2572e-05],
          [2.8714e-04],
          [2.3701e-04],
          [1.4370e-05],
          [1.5072e-05],
          [1.7784e-05],
          [2.1441e-05],
          [2.2978e-05],
          [2.5127e-05],
          [2.1516e-05],
          [1.8091e-05],
          [9.2401e-04],
          [5.7891e-05],
          [3.6142e-04],
          [1.1591e-05],
          [1.1496e-05],
          [1.3503e-05],
          [1.5192e-05],
          [2.1271e-05],
          [1.6673e-05],
          [1.8088e-05],
          [1.7859e-05],
          [1.4966e-05],
          [1.1622e-05],
          [1.2158e-05],
          [1.5561e-05],
          [2.1283e-05],
          [2.3574e-05],
          [3.0470e-05],
          [3.3419e-05],
          [3.1702e-05],
          [2.4684e-05],
          [6.9644e-04],
          [1.2284e-04],
          [2.0105e-05],
          [3.6903e-04],
          [1.5398e-05],
          [1.3459e-05],
          [1.1631e-05],
          [1.5158e-05],
          [1.6349e-05],
          [1.6619e-05],
          [1.4215e-05],
          [1.5423e-05],
          [1.2059e-05],
          [1.3330e-05],
          [1.3873e-05],
          [1.4625e-05],
          [1.4567e-05],
          [1.7399e-05],
          [1.7455e-05],
          [1.8341e-05],
          [5.2601e-04],
          [6.2465e-04],
          [2.3384e-05],
          [2.7114e-05],
          [2.6451e-05],
          [2.4464e-05],
          [2.1722e-05],
          [1.8795e-05],
          [1.9994e-05],
          [1.5878e-05],
          [1.3506e-05],
          [1.0642e-05],
          [1.1272e-05],
          [1.3978e-05],
          [1.7295e-05],
          [2.0215e-05],
          [2.7540e-05],
          [3.9247e-05],
          [5.7138e-05],
          [6.3189e-05],
          [7.8119e-05],
          [6.9561e-05],
          [8.5729e-05],
          [7.3767e-05],
          [6.4531e-05],
          [2.6716e-03],
          [2.1182e-04],
          [7.6190e-04],
          [4.7230e-04],
          [1.9314e-05],
          [1.8359e-05],
          [1.6532e-05],
          [1.7402e-05],
          [2.3420e-05],
          [2.5882e-05],
          [2.7717e-05],
          [2.7217e-05],
          [3.3133e-05],
          [3.1518e-05],
          [2.0936e-05],
          [1.4722e-03],
          [4.0296e-04],
          [2.7656e-05],
          [3.2744e-05],
          [5.3442e-05],
          [3.7414e-05],
          [3.5515e-05],
          [7.6143e-04],
          [5.1608e-05],
          [4.3624e-04],
          [3.1006e-05],
          [1.9480e-05],
          [6.2371e-04],
          [1.4724e-05],
          [3.3027e-04],
          [1.7962e-05],
          [1.9565e-05],
          [1.6019e-05],
          [1.6723e-03],
          [3.4118e-05],
          [4.3373e-04],
          [2.0921e-05],
          [2.8956e-05],
          [2.9686e-05],
          [2.8956e-05],
          [3.2745e-05],
          [2.6428e-05],
          [5.3376e-04],
          [3.6758e-04],
          [2.0978e-05],
          [1.7775e-05],
          [1.8339e-05],
          [1.3966e-05],
          [1.5680e-05],
          [1.4773e-05],
          [1.3850e-05],
          [9.3103e-04],
          [2.8694e-04],
          [1.4872e-05],
          [1.4394e-05],
          [1.4592e-05],
          [1.5188e-05],
          [2.0642e-03],
          [3.9768e-05],
          [3.8676e-05],
          [8.5055e-04],
          [1.6149e-05],
          [1.2866e-05],
          [1.2519e-05],
          [1.2117e-05],
          [1.4289e-05],
          [1.2465e-05],
          [1.1134e-05],
          [1.2781e-05],
          [1.3334e-05],
          [1.5560e-05],
          [1.5020e-05],
          [1.3231e-05],
          [1.0852e-05],
          [1.0463e-05],
          [1.1332e-05],
          [1.1111e-05],
          [1.3510e-05],
          [1.9559e-03],
          [2.7101e-04],
          [1.4964e-05],
          [1.6027e-05],
          [1.3902e-05],
          [1.6391e-05],
          [1.5728e-05],
          [1.9476e-05],
          [1.8275e-05],
          [2.0857e-05],
          [2.4246e-05],
          [1.5844e-05],
          [1.2896e-03],
          [1.2449e-04],
          [2.1807e-05],
          [2.7792e-04],
          [1.1760e-05],
          [7.1577e-04],
          [2.7861e-04],
          [2.7125e-05],
          [3.2660e-05],
          [3.5025e-05],
          [3.2361e-05],
          [3.9071e-05],
          [4.1208e-05],
          [5.1343e-05],
          [4.4906e-05],
          [6.1366e-05],
          [6.7927e-05],
          [9.6344e-05],
          [4.3431e-04],
          [9.4909e-05],
          [5.9936e-05],
          [2.4969e-04],
          [2.9100e-05],
          [2.8798e-05],
          [4.0810e-04],
          [3.3165e-04],
          [1.9466e-05],
          [2.1889e-04],
          [3.0261e-04],
          [4.3937e-05],
          [2.9342e-04],
          [1.3443e-05],
          [1.2140e-05],
          [1.0999e-05],
          [9.9143e-06],
          [1.0073e-05],
          [1.0205e-05],
          [2.1954e-05],
          [1.1337e-05],
          [1.4900e-05],
          [1.2186e-05],
          [4.4135e-04],
          [2.5826e-05],
          [7.8688e-05],
          [9.7547e-05],
          [1.2757e-05],
          [1.2493e-05],
          [1.2124e-05],
          [1.1540e-05],
          [1.0905e-05],
          [1.0326e-05],
          [1.1761e-03],
          [3.4904e-05],
          [3.9368e-04],
          [1.2696e-05],
          [1.1907e-05],
          [1.5894e-05],
          [1.5062e-05],
          [1.5275e-05],
          [1.5068e-05],
          [1.5155e-05],
          [1.8995e-05],
          [1.8206e-05],
          [2.4792e-05],
          [2.7437e-05],
          [3.6648e-05],
          [1.7803e-03],
          [4.4256e-04],
          [2.6324e-05],
          [2.1625e-05],
          [1.5434e-05],
          [1.1822e-05],
          [1.2270e-05],
          [1.8843e-05],
          [2.5510e-05],
          [2.1371e-05],
          [1.6381e-05],
          [1.3270e-05],
          [1.3328e-05],
          [1.2658e-05],
          [1.1665e-05],
          [1.2319e-05],
          [1.4256e-05],
          [1.8372e-05],
          [1.3003e-05],
          [1.3032e-05],
          [1.5138e-05],
          [1.4152e-05],
          [1.4156e-05],
          [1.9727e-05],
          [2.2065e-05],
          [2.4850e-05],
          [2.2209e-05],
          [3.4176e-05],
          [3.3396e-05],
          [3.1930e-05],
          [2.0492e-05],
          [2.3997e-05],
          [2.6477e-05],
          [2.3983e-05],
          [2.2083e-05],
          [1.8294e-05],
          [2.8869e-05],
          [1.9214e-05],
          [1.7904e-05],
          [1.9327e-05],
          [1.6783e-05],
          [1.8630e-05],
          [1.7759e-05],
          [1.6501e-05],
          [1.5727e-03],
          [5.3075e-05],
          [3.2830e-04],
          [2.0988e-05],
          [2.2064e-05],
          [1.6856e-05],
          [1.8317e-05],
          [1.6824e-05],
          [1.4068e-05],
          [1.3595e-05],
          [1.1592e-05],
          [1.1977e-05],
          [1.0774e-05],
          [1.4326e-05],
          [1.3587e-05],
          [1.9018e-05],
          [1.6748e-05],
          [1.6181e-03],
          [1.4338e-04],
          [6.9632e-04],
          [1.2909e-05],
          [1.0542e-05],
          [9.5647e-06],
          [1.1833e-05],
          [6.8925e-04],
          [3.0049e-04],
          [1.2481e-05],
          [1.1127e-05],
          [1.2740e-05],
          [1.5332e-05],
          [2.0172e-05],
          [3.0584e-05],
          [3.7382e-05],
          [3.4294e-05],
          [3.0347e-05],
          [2.0738e-05],
          [1.4885e-05],
          [1.2209e-05],
          [9.6086e-06],
          [1.0068e-05],
          [1.1020e-05],
          [1.0004e-05],
          [1.2891e-05],
          [5.1430e-05],
          [3.5473e-05],
          [3.8620e-05],
          [1.4983e-04],
          [2.5312e-05],
          [3.4133e-05],
          [2.6793e-05],
          [2.7650e-05],
          [2.1098e-05],
          [7.0412e-04],
          [2.8419e-04],
          [2.4468e-05],
          [2.2054e-05],
          [1.9537e-05],
          [1.6361e-05],
          [2.1217e-05],
          [2.2687e-05],
          [2.2357e-05],
          [1.9910e-04],
          [4.4460e-05],
          [4.0788e-04],
          [2.2644e-04],
          [2.8560e-05],
          [1.5604e-05],
          [1.6090e-05],
          [2.3045e-05],
          [1.5176e-05],
          [5.9265e-04],
          [2.3529e-04],
          [2.4509e-05],
          [8.2503e-05],
          [2.4607e-04],
          [2.1205e-05],
          [2.3056e-04],
          [3.0977e-05],
          [2.5053e-04],
          [2.9113e-05],
          [1.6059e-05],
          [1.2613e-05],
          [1.2282e-05],
          [1.1651e-05],
          [2.5170e-04],
          [7.8200e-06]]]])
