# Using CPU
# Loading Embeddings...
# Making Predictions...
torch.Size([1, 1, 442, 260])
tensor([[[[5.2823e-04],
          [7.8708e-05],
          [2.0055e-04],
          [1.7350e-04],
          [8.7862e-06],
          [3.3969e-04],
          [1.4157e-04],
          [2.5961e-05],
          [2.9266e-04],
          [3.7599e-04],
          [1.5228e-05],
          [1.4519e-05],
          [3.1906e-04],
          [1.9830e-04],
          [6.7980e-05],
          [3.6828e-05],
          [1.4070e-04],
          [2.8663e-05],
          [3.3222e-05],
          [1.7095e-05],
          [5.8551e-04],
          [3.6225e-05],
          [7.9757e-04],
          [2.0988e-05],
          [1.6410e-05],
          [2.3523e-05],
          [3.0656e-05],
          [4.9049e-05],
          [5.5644e-05],
          [6.7190e-05],
          [6.5624e-05],
          [7.4095e-05],
          [6.6004e-05],
          [7.2937e-05],
          [5.9940e-05],
          [4.7702e-05],
          [3.8893e-04],
          [3.4302e-05],
          [1.5469e-04],
          [9.8313e-05],
          [5.1968e-04],
          [2.1472e-05],
          [2.2137e-05],
          [2.4439e-05],
          [1.7896e-05],
          [1.8049e-05],
          [1.3676e-05],
          [2.7159e-05],
          [4.8235e-05],
          [2.0648e-04],
          [4.5725e-04],
          [1.4858e-05],
          [1.2259e-05],
          [4.0625e-04],
          [4.7536e-04],
          [1.5452e-05],
          [1.6499e-05],
          [1.6671e-05],
          [2.0105e-05],
          [2.2956e-05],
          [2.3393e-05],
          [2.1716e-05],
          [3.5548e-04],
          [4.5641e-04],
          [1.8137e-05],
          [1.8948e-05],
          [1.7479e-05],
          [1.6052e-05],
          [1.6778e-05],
          [1.5364e-05],
          [1.5018e-05],
          [3.1773e-04],
          [2.2994e-05],
          [3.5856e-05],
          [1.5146e-05],
          [1.8581e-05],
          [1.6531e-03],
          [1.4496e-05],
          [1.4275e-05],
          [1.1586e-05],
          [5.3431e-04],
          [3.6176e-04],
          [1.2435e-05],
          [1.2973e-05],
          [1.4715e-05],
          [1.7415e-05],
          [1.9057e-05],
          [2.0539e-05],
          [1.7484e-05],
          [1.5248e-05],
          [3.0198e-04],
          [5.9332e-05],
          [4.8823e-04],
          [1.1799e-05],
          [1.2731e-05],
          [1.9760e-05],
          [2.3296e-05],
          [2.8734e-05],
          [3.0835e-05],
          [2.9733e-05],
          [3.2979e-05],
          [2.2822e-05],
          [1.5122e-05],
          [1.1351e-05],
          [1.2795e-05],
          [1.7293e-05],
          [1.9272e-05],
          [2.3376e-05],
          [2.4675e-05],
          [2.6416e-05],
          [2.1508e-05],
          [1.4699e-04],
          [1.2911e-04],
          [2.2272e-05],
          [4.8565e-04],
          [1.5765e-05],
          [1.4154e-05],
          [1.2325e-05],
          [1.5330e-05],
          [1.7564e-05],
          [1.7130e-05],
          [1.3434e-05],
          [1.9370e-05],
          [1.3034e-05],
          [1.4453e-05],
          [1.3318e-05],
          [1.4318e-05],
          [1.5199e-05],
          [1.8665e-05],
          [2.0194e-05],
          [2.4006e-05],
          [3.8252e-04],
          [4.8791e-04],
          [6.9093e-05],
          [2.6166e-05],
          [2.5184e-05],
          [2.2544e-05],
          [2.4289e-05],
          [1.9784e-05],
          [2.0771e-05],
          [1.6415e-05],
          [1.6264e-05],
          [1.1166e-05],
          [1.2544e-05],
          [1.4106e-05],
          [1.7933e-05],
          [2.0017e-05],
          [2.8252e-05],
          [3.5125e-05],
          [4.9374e-05],
          [5.0073e-05],
          [5.5152e-05],
          [5.0183e-05],
          [5.9385e-05],
          [4.9500e-05],
          [4.4514e-05],
          [3.0739e-04],
          [2.2254e-04],
          [2.5923e-04],
          [1.1844e-03],
          [1.7264e-05],
          [1.7797e-05],
          [1.7449e-05],
          [2.6288e-05],
          [2.0637e-05],
          [2.6207e-05],
          [2.3769e-05],
          [2.3859e-05],
          [2.4394e-05],
          [2.4874e-05],
          [2.1484e-05],
          [3.3082e-04],
          [5.9690e-04],
          [2.6484e-05],
          [3.1147e-05],
          [3.3127e-05],
          [3.6530e-05],
          [3.2981e-05],
          [2.0118e-04],
          [4.6126e-05],
          [2.5798e-04],
          [1.5929e-05],
          [1.4173e-05],
          [3.1951e-04],
          [1.3500e-05],
          [7.6810e-04],
          [1.4004e-05],
          [1.3194e-05],
          [1.1700e-05],
          [4.8565e-04],
          [3.3554e-05],
          [5.4753e-04],
          [2.1054e-05],
          [2.5639e-05],
          [2.6329e-05],
          [2.6798e-05],
          [3.1181e-05],
          [2.4037e-05],
          [2.5656e-04],
          [4.8353e-04],
          [2.0158e-05],
          [1.7377e-05],
          [1.6442e-05],
          [1.3296e-05],
          [1.4647e-05],
          [1.4021e-05],
          [2.2827e-05],
          [2.8508e-04],
          [8.0438e-04],
          [1.3411e-05],
          [1.3373e-05],
          [1.4222e-05],
          [1.3875e-05],
          [2.2618e-04],
          [3.4686e-05],
          [1.8680e-05],
          [1.8996e-03],
          [1.5394e-05],
          [1.8463e-05],
          [1.3878e-05],
          [1.5721e-05],
          [1.6135e-05],
          [1.3527e-05],
          [1.2072e-05],
          [1.2296e-05],
          [1.4249e-05],
          [1.3202e-05],
          [1.2972e-05],
          [1.1374e-05],
          [1.1748e-05],
          [1.4375e-05],
          [1.3196e-05],
          [1.2214e-05],
          [1.3098e-05],
          [2.7660e-04],
          [4.7033e-04],
          [1.5662e-05],
          [1.7518e-05],
          [1.4178e-05],
          [1.7330e-05],
          [1.9266e-05],
          [2.2182e-05],
          [1.9338e-05],
          [2.7763e-05],
          [2.7540e-05],
          [1.6261e-05],
          [3.3168e-04],
          [1.6900e-04],
          [1.7556e-05],
          [4.1278e-04],
          [1.3119e-05],
          [1.6564e-04],
          [3.0466e-04],
          [1.9060e-05],
          [2.3287e-05],
          [2.5259e-05],
          [2.4882e-05],
          [3.2976e-05],
          [3.6864e-05],
          [4.8399e-05],
          [4.4803e-05],
          [6.7981e-05],
          [7.3898e-05],
          [1.0610e-04],
          [7.8702e-05],
          [8.0298e-05],
          [5.3560e-05],
          [3.2212e-04],
          [2.8118e-05],
          [2.8022e-05],
          [5.1288e-04],
          [1.7613e-04],
          [1.9663e-05],
          [2.8216e-04],
          [1.2480e-04],
          [3.4874e-05],
          [2.2532e-04],
          [1.3121e-05],
          [1.2115e-05],
          [1.0605e-05],
          [8.8256e-06],
          [1.0330e-05],
          [9.6405e-06],
          [1.6924e-05],
          [1.5592e-05],
          [2.0996e-05],
          [1.3339e-05],
          [6.7567e-04],
          [2.4758e-05],
          [7.3154e-05],
          [1.1257e-04],
          [1.0545e-05],
          [1.0627e-05],
          [1.0012e-05],
          [1.0198e-05],
          [1.0149e-05],
          [1.2098e-05],
          [2.9864e-04],
          [2.4228e-05],
          [1.6876e-03],
          [1.2518e-05],
          [1.1699e-05],
          [1.4939e-05],
          [1.3867e-05],
          [1.3640e-05],
          [1.4891e-05],
          [1.4941e-05],
          [1.9197e-05],
          [1.7588e-05],
          [2.5295e-05],
          [2.9252e-05],
          [3.5612e-05],
          [2.4937e-04],
          [7.6514e-04],
          [2.4327e-05],
          [1.9790e-05],
          [1.5597e-05],
          [1.3899e-05],
          [1.1207e-05],
          [1.6625e-05],
          [1.8721e-05],
          [1.5615e-05],
          [1.4408e-05],
          [1.3057e-05],
          [1.3914e-05],
          [1.1214e-05],
          [1.0636e-05],
          [1.0945e-05],
          [1.2978e-05],
          [1.1732e-05],
          [1.2473e-05],
          [1.1536e-05],
          [1.3870e-05],
          [1.2562e-05],
          [1.3041e-05],
          [1.8969e-05],
          [2.0711e-05],
          [2.5412e-05],
          [2.2253e-05],
          [3.3466e-05],
          [3.4693e-05],
          [3.0483e-05],
          [2.0534e-05],
          [2.3552e-05],
          [1.9854e-05],
          [2.7373e-05],
          [1.3706e-05],
          [2.1614e-05],
          [2.0408e-05],
          [1.7828e-05],
          [1.6896e-05],
          [1.7035e-05],
          [1.5359e-05],
          [1.5858e-05],
          [1.6837e-05],
          [1.5325e-05],
          [2.6500e-04],
          [2.4556e-05],
          [5.1811e-04],
          [2.0453e-05],
          [2.2023e-05],
          [1.7185e-05],
          [1.9032e-05],
          [1.8194e-05],
          [1.3216e-05],
          [1.1719e-05],
          [1.1139e-05],
          [1.0268e-05],
          [1.1501e-05],
          [1.0829e-05],
          [1.1682e-05],
          [1.5322e-05],
          [1.5923e-05],
          [4.0659e-04],
          [1.1089e-04],
          [1.3446e-03],
          [1.4214e-05],
          [1.1592e-05],
          [9.4016e-06],
          [1.3136e-05],
          [3.5134e-04],
          [1.1897e-03],
          [1.2280e-05],
          [1.1668e-05],
          [1.4271e-05],
          [2.0281e-05],
          [2.7041e-05],
          [2.8736e-05],
          [3.6977e-05],
          [3.3201e-05],
          [2.9469e-05],
          [2.1817e-05],
          [1.7567e-05],
          [1.2181e-05],
          [1.0882e-05],
          [1.1286e-05],
          [1.1125e-05],
          [1.1363e-05],
          [1.2104e-05],
          [5.7859e-05],
          [4.0919e-05],
          [5.3020e-05],
          [5.0954e-05],
          [3.5293e-05],
          [2.4764e-05],
          [2.3454e-05],
          [2.3078e-05],
          [1.6814e-05],
          [1.6046e-04],
          [3.3095e-04],
          [2.1927e-05],
          [2.0610e-05],
          [1.7385e-05],
          [1.6412e-05],
          [2.0610e-05],
          [2.1755e-05],
          [2.1842e-05],
          [1.0382e-04],
          [3.8508e-05],
          [1.6909e-04],
          [5.6971e-04],
          [1.8350e-05],
          [1.4870e-05],
          [1.6271e-05],
          [1.5616e-05],
          [1.4012e-05],
          [2.0816e-04],
          [1.1447e-04],
          [1.5192e-05],
          [7.0522e-05],
          [4.2271e-04],
          [1.3964e-05],
          [4.2473e-04],
          [1.8537e-05],
          [2.1877e-04],
          [1.6068e-05],
          [1.3301e-05],
          [1.0781e-05],
          [1.1741e-05],
          [1.2007e-05],
          [5.2810e-05],
          [7.3483e-06]]]])
