# Using CPU
# Loading Embeddings...
# Making Predictions...
torch.Size([1, 1, 442, 266])
tensor([[[[1.2077e-04],
          [1.3090e-04],
          [1.2826e-04],
          [1.7988e-04],
          [8.4242e-06],
          [1.7441e-04],
          [7.9933e-04],
          [3.2256e-05],
          [6.2794e-04],
          [2.1138e-03],
          [1.3171e-05],
          [1.0946e-05],
          [3.8150e-04],
          [3.2030e-04],
          [4.9628e-05],
          [1.8342e-05],
          [4.0499e-05],
          [1.6324e-05],
          [1.9101e-05],
          [2.4763e-05],
          [2.1701e-04],
          [3.4058e-05],
          [1.8842e-03],
          [1.3298e-05],
          [1.1265e-05],
          [1.3488e-05],
          [1.6880e-05],
          [2.2716e-05],
          [2.6659e-05],
          [2.9707e-05],
          [2.7374e-05],
          [3.0445e-05],
          [3.0188e-05],
          [6.4784e-05],
          [2.2748e-05],
          [2.2206e-05],
          [9.6184e-04],
          [3.9274e-05],
          [2.9529e-04],
          [1.4640e-04],
          [8.4778e-04],
          [1.6059e-05],
          [1.4770e-05],
          [1.5807e-05],
          [1.3163e-05],
          [1.2925e-05],
          [1.4045e-05],
          [3.0344e-05],
          [5.4074e-05],
          [2.4619e-04],
          [6.5194e-04],
          [2.1086e-05],
          [1.5090e-05],
          [2.1745e-04],
          [8.9637e-04],
          [1.2755e-05],
          [1.0772e-05],
          [1.4019e-05],
          [1.5110e-05],
          [1.3398e-05],
          [1.3201e-05],
          [1.3927e-05],
          [5.2518e-04],
          [4.4344e-04],
          [1.3982e-05],
          [1.3569e-05],
          [1.3594e-05],
          [1.4460e-05],
          [1.3250e-05],
          [1.3323e-05],
          [1.1912e-05],
          [4.5079e-04],
          [3.3364e-05],
          [5.5792e-05],
          [1.4888e-05],
          [2.5401e-05],
          [3.2778e-03],
          [1.4113e-05],
          [1.2395e-05],
          [1.1241e-05],
          [3.3833e-04],
          [2.3691e-04],
          [1.2005e-05],
          [1.0055e-05],
          [1.0689e-05],
          [1.1623e-05],
          [1.2037e-05],
          [1.3861e-05],
          [1.2878e-05],
          [1.2597e-05],
          [1.5244e-04],
          [4.0777e-05],
          [3.1929e-04],
          [1.1159e-05],
          [1.3410e-05],
          [1.4709e-05],
          [1.8141e-05],
          [2.2978e-05],
          [2.2399e-05],
          [2.5847e-05],
          [2.4751e-05],
          [1.4880e-05],
          [1.0794e-05],
          [1.0961e-05],
          [1.0014e-05],
          [1.0886e-05],
          [1.0057e-05],
          [1.1676e-05],
          [1.2723e-05],
          [1.2431e-05],
          [1.1273e-05],
          [1.0726e-04],
          [2.0086e-04],
          [1.7599e-05],
          [3.0081e-04],
          [1.4795e-05],
          [1.0862e-05],
          [9.7910e-06],
          [1.0217e-05],
          [1.0567e-05],
          [1.0757e-05],
          [9.3646e-06],
          [2.2976e-05],
          [1.0179e-05],
          [1.4292e-05],
          [9.9230e-06],
          [1.0159e-05],
          [1.2373e-05],
          [1.4750e-05],
          [1.6969e-05],
          [1.6443e-05],
          [9.1093e-04],
          [6.5794e-04],
          [2.5941e-05],
          [2.1405e-05],
          [1.9133e-05],
          [1.3668e-05],
          [1.5724e-05],
          [1.2989e-05],
          [1.2567e-05],
          [1.1080e-05],
          [1.0597e-05],
          [9.4688e-06],
          [1.1175e-05],
          [1.1016e-05],
          [1.2389e-05],
          [1.3223e-05],
          [1.9498e-05],
          [2.2138e-05],
          [3.7666e-05],
          [3.6564e-05],
          [4.2078e-05],
          [3.5780e-05],
          [4.2059e-05],
          [3.0509e-05],
          [2.7388e-05],
          [4.0774e-04],
          [5.8455e-04],
          [1.3649e-04],
          [1.6586e-03],
          [1.3239e-05],
          [1.1901e-05],
          [1.1829e-05],
          [1.3765e-05],
          [1.5262e-05],
          [1.9606e-05],
          [1.6266e-05],
          [1.5344e-05],
          [1.6067e-05],
          [1.4480e-05],
          [1.2654e-05],
          [4.3717e-04],
          [1.1264e-03],
          [1.9470e-05],
          [1.8549e-05],
          [2.4873e-05],
          [2.7946e-05],
          [1.9200e-05],
          [6.0147e-04],
          [5.0801e-05],
          [3.4576e-04],
          [1.9294e-05],
          [2.4291e-05],
          [2.9328e-04],
          [1.3952e-05],
          [4.2543e-04],
          [1.1882e-05],
          [1.1775e-05],
          [1.1960e-05],
          [3.1528e-04],
          [5.9043e-05],
          [3.9172e-03],
          [1.3609e-05],
          [1.3397e-05],
          [1.1848e-05],
          [1.2418e-05],
          [1.2731e-05],
          [1.4702e-05],
          [4.1803e-04],
          [4.9422e-04],
          [1.3127e-05],
          [1.0791e-05],
          [1.1737e-05],
          [1.1393e-05],
          [1.2772e-05],
          [1.3845e-05],
          [1.6688e-05],
          [1.5252e-04],
          [1.1881e-03],
          [1.2718e-05],
          [1.2693e-05],
          [1.2632e-05],
          [1.1053e-05],
          [2.8069e-04],
          [5.3619e-05],
          [2.1082e-05],
          [2.3971e-03],
          [1.3343e-05],
          [1.7583e-05],
          [1.7642e-05],
          [1.3471e-05],
          [1.3513e-05],
          [1.3304e-05],
          [1.2808e-05],
          [1.3593e-05],
          [2.8933e-05],
          [1.6574e-05],
          [1.4281e-05],
          [1.3288e-05],
          [1.2469e-05],
          [1.1463e-05],
          [1.3124e-05],
          [1.2119e-05],
          [1.0383e-05],
          [1.8352e-04],
          [5.6295e-04],
          [1.4252e-05],
          [1.3941e-05],
          [1.4417e-05],
          [1.7907e-05],
          [3.6871e-05],
          [1.6493e-05],
          [1.3658e-05],
          [1.8135e-05],
          [1.6454e-05],
          [1.1869e-05],
          [3.2618e-04],
          [1.1193e-04],
          [1.7437e-05],
          [1.9020e-04],
          [1.4240e-05],
          [1.5036e-04],
          [4.1769e-04],
          [1.6588e-05],
          [2.0831e-05],
          [1.9985e-05],
          [1.5891e-05],
          [1.8992e-05],
          [2.1253e-05],
          [2.1271e-05],
          [1.5943e-05],
          [2.0645e-05],
          [3.6118e-05],
          [2.8855e-05],
          [5.0169e-05],
          [5.0032e-05],
          [5.4345e-05],
          [6.1906e-04],
          [3.6635e-05],
          [3.1244e-05],
          [3.8952e-04],
          [2.0427e-04],
          [3.9722e-05],
          [3.4740e-04],
          [1.2684e-04],
          [5.0011e-05],
          [2.1490e-04],
          [1.4411e-05],
          [9.7753e-06],
          [9.4567e-06],
          [9.8699e-06],
          [9.3914e-06],
          [9.0900e-06],
          [2.4361e-05],
          [1.0513e-05],
          [1.3256e-05],
          [1.0532e-05],
          [3.3988e-04],
          [2.6331e-05],
          [7.0863e-05],
          [2.9159e-04],
          [9.4095e-06],
          [8.8174e-06],
          [9.9795e-06],
          [9.1485e-06],
          [8.9719e-06],
          [1.0507e-05],
          [1.6049e-04],
          [2.0869e-05],
          [2.2123e-03],
          [1.3083e-05],
          [1.2765e-05],
          [1.5870e-05],
          [1.7480e-05],
          [1.4755e-05],
          [1.7446e-05],
          [1.5622e-05],
          [1.7692e-05],
          [1.5951e-05],
          [1.8581e-05],
          [1.8224e-05],
          [1.9048e-05],
          [4.0879e-04],
          [1.0914e-03],
          [1.7518e-05],
          [1.6789e-05],
          [2.0574e-05],
          [1.4848e-05],
          [1.3505e-05],
          [1.7375e-05],
          [1.7131e-05],
          [1.6185e-05],
          [1.4953e-05],
          [1.5597e-05],
          [1.6979e-05],
          [1.2240e-05],
          [1.5379e-05],
          [1.3567e-05],
          [1.5722e-05],
          [1.2864e-05],
          [1.4752e-05],
          [1.5295e-05],
          [1.6255e-05],
          [1.3645e-05],
          [1.3654e-05],
          [1.6027e-05],
          [1.7556e-05],
          [2.2242e-05],
          [1.8920e-05],
          [2.1596e-05],
          [2.3722e-05],
          [2.6512e-05],
          [2.1387e-05],
          [2.2064e-05],
          [2.5385e-05],
          [2.2139e-05],
          [1.6861e-05],
          [1.7284e-05],
          [1.6120e-05],
          [1.8581e-05],
          [1.6717e-05],
          [1.3102e-05],
          [1.4815e-05],
          [1.4712e-05],
          [1.5025e-05],
          [1.7837e-05],
          [4.7826e-04],
          [4.9660e-05],
          [4.3335e-03],
          [1.8003e-05],
          [1.7481e-05],
          [1.9261e-05],
          [1.4775e-05],
          [1.6652e-05],
          [1.2029e-05],
          [1.1293e-05],
          [1.1092e-05],
          [1.1035e-05],
          [1.0997e-05],
          [1.2820e-05],
          [1.3851e-05],
          [1.4150e-05],
          [1.3652e-05],
          [3.1781e-04],
          [9.2988e-05],
          [1.8969e-03],
          [1.2752e-05],
          [1.0016e-05],
          [1.0398e-05],
          [1.3509e-05],
          [3.1027e-04],
          [1.6074e-03],
          [1.2618e-05],
          [1.1610e-05],
          [1.4622e-05],
          [1.6836e-05],
          [1.8339e-05],
          [2.3437e-05],
          [2.9776e-05],
          [2.5601e-05],
          [2.4023e-05],
          [2.0652e-05],
          [1.9216e-05],
          [1.3121e-05],
          [1.0633e-05],
          [1.0478e-05],
          [1.0477e-05],
          [1.2478e-05],
          [1.2249e-05],
          [4.0312e-05],
          [3.5472e-05],
          [3.5276e-05],
          [3.3567e-05],
          [2.8392e-05],
          [3.0828e-05],
          [2.4257e-05],
          [2.1392e-05],
          [1.3241e-05],
          [3.1593e-04],
          [4.6753e-04],
          [1.6492e-05],
          [1.5256e-05],
          [1.3736e-05],
          [1.5061e-05],
          [1.6198e-05],
          [1.5234e-05],
          [2.1559e-05],
          [7.9273e-05],
          [9.6596e-05],
          [9.0838e-05],
          [8.3644e-04],
          [2.5077e-05],
          [2.0913e-05],
          [2.0151e-05],
          [1.5897e-05],
          [1.2518e-05],
          [3.2334e-04],
          [1.6096e-04],
          [1.8938e-05],
          [6.5945e-05],
          [3.7948e-04],
          [1.4314e-05],
          [3.0554e-04],
          [2.2591e-05],
          [3.2272e-04],
          [1.6949e-05],
          [1.0988e-05],
          [1.0614e-05],
          [1.4315e-05],
          [1.3723e-05],
          [2.2904e-05],
          [7.8164e-06]]]])
