# Using CPU
# Loading Embeddings...
# Making Predictions...
torch.Size([1, 1, 442, 258])
tensor([[[[1.4821e-04],
          [4.6050e-05],
          [2.8343e-04],
          [2.4701e-05],
          [9.3236e-06],
          [2.6008e-04],
          [2.7432e-04],
          [1.4127e-05],
          [2.2020e-04],
          [3.1564e-04],
          [1.5177e-05],
          [1.5220e-05],
          [2.1155e-04],
          [4.3636e-04],
          [1.1456e-05],
          [1.0823e-05],
          [1.2004e-05],
          [1.1789e-05],
          [1.3185e-05],
          [1.7319e-05],
          [4.3781e-04],
          [4.3496e-05],
          [4.8673e-04],
          [1.4829e-05],
          [1.5854e-05],
          [2.2665e-05],
          [3.1756e-05],
          [5.4309e-05],
          [7.2525e-05],
          [9.4349e-05],
          [1.0113e-04],
          [1.0698e-04],
          [1.0633e-04],
          [1.2028e-04],
          [9.1003e-05],
          [6.8211e-05],
          [2.3594e-04],
          [4.3924e-05],
          [2.6223e-04],
          [6.9376e-05],
          [4.2452e-04],
          [2.1100e-05],
          [2.0877e-05],
          [2.1751e-05],
          [1.5444e-05],
          [1.4961e-05],
          [1.3400e-05],
          [1.4881e-05],
          [1.4862e-05],
          [1.7950e-04],
          [3.9273e-04],
          [1.1976e-05],
          [1.2534e-05],
          [2.6132e-04],
          [2.8033e-04],
          [1.3705e-05],
          [1.5765e-05],
          [1.5065e-05],
          [1.7475e-05],
          [2.0043e-05],
          [1.8909e-05],
          [1.7531e-05],
          [2.2888e-04],
          [3.9443e-04],
          [1.5474e-05],
          [1.5576e-05],
          [1.5855e-05],
          [1.6128e-05],
          [1.6588e-05],
          [1.5662e-05],
          [1.3945e-05],
          [1.8071e-04],
          [2.1755e-05],
          [4.2966e-05],
          [1.3150e-05],
          [2.5324e-05],
          [8.9130e-04],
          [1.4295e-05],
          [1.3622e-05],
          [1.2527e-05],
          [2.1190e-04],
          [4.3425e-04],
          [1.2257e-05],
          [1.4779e-05],
          [1.4641e-05],
          [1.6437e-05],
          [1.6947e-05],
          [1.7997e-05],
          [1.5607e-05],
          [1.4273e-05],
          [2.7305e-04],
          [8.6168e-05],
          [6.9665e-04],
          [1.3436e-05],
          [1.7966e-05],
          [1.8944e-05],
          [2.0682e-05],
          [2.2663e-05],
          [1.9626e-05],
          [1.9698e-05],
          [1.9747e-05],
          [1.5653e-05],
          [1.2712e-05],
          [1.3595e-05],
          [1.3327e-05],
          [1.7036e-05],
          [1.8931e-05],
          [2.3089e-05],
          [2.5661e-05],
          [2.6025e-05],
          [2.0447e-05],
          [1.6331e-04],
          [1.2886e-04],
          [1.8711e-05],
          [5.2768e-04],
          [1.2953e-05],
          [1.1540e-05],
          [1.0861e-05],
          [1.3105e-05],
          [1.4282e-05],
          [1.3347e-05],
          [1.4117e-05],
          [1.7601e-05],
          [1.2322e-05],
          [1.4651e-05],
          [1.4758e-05],
          [1.5661e-05],
          [1.5096e-05],
          [1.6173e-05],
          [1.9214e-05],
          [1.5013e-05],
          [4.5979e-04],
          [1.0436e-03],
          [2.9103e-05],
          [2.8159e-05],
          [2.6754e-05],
          [2.4222e-05],
          [2.5564e-05],
          [2.0602e-05],
          [1.7293e-05],
          [1.6095e-05],
          [1.4821e-05],
          [1.2149e-05],
          [1.4074e-05],
          [1.4341e-05],
          [1.8645e-05],
          [2.0287e-05],
          [2.6772e-05],
          [3.4401e-05],
          [4.9458e-05],
          [5.6353e-05],
          [6.2246e-05],
          [6.0309e-05],
          [6.3496e-05],
          [6.2235e-05],
          [4.5557e-05],
          [3.6066e-04],
          [1.3711e-04],
          [1.4524e-04],
          [2.9770e-04],
          [1.5636e-05],
          [1.8458e-05],
          [1.7438e-05],
          [1.8057e-05],
          [2.1965e-05],
          [2.0357e-05],
          [1.9815e-05],
          [1.9829e-05],
          [2.2044e-05],
          [2.1183e-05],
          [1.6416e-05],
          [2.8400e-04],
          [3.1216e-04],
          [2.3386e-05],
          [2.8137e-05],
          [3.1084e-05],
          [3.3749e-05],
          [3.1208e-05],
          [1.7033e-04],
          [5.8617e-05],
          [6.0203e-04],
          [1.7590e-05],
          [1.6757e-05],
          [1.5798e-04],
          [1.6401e-05],
          [5.3277e-04],
          [1.2543e-05],
          [1.1247e-05],
          [1.0638e-05],
          [2.7370e-04],
          [1.7472e-05],
          [3.3236e-04],
          [1.5134e-05],
          [2.0922e-05],
          [2.1303e-05],
          [2.1245e-05],
          [2.3251e-05],
          [1.8411e-05],
          [1.5978e-04],
          [3.8203e-04],
          [1.7209e-05],
          [1.4682e-05],
          [1.6141e-05],
          [1.3780e-05],
          [1.4216e-05],
          [1.6400e-05],
          [1.2660e-05],
          [2.3745e-04],
          [3.4284e-04],
          [1.3908e-05],
          [1.2710e-05],
          [1.2022e-05],
          [1.3534e-05],
          [2.3261e-04],
          [2.3488e-05],
          [1.8842e-05],
          [8.7673e-04],
          [1.5235e-05],
          [1.9610e-05],
          [1.3797e-05],
          [1.2538e-05],
          [1.4025e-05],
          [1.3200e-05],
          [1.1446e-05],
          [1.3216e-05],
          [1.3895e-05],
          [1.3478e-05],
          [1.2980e-05],
          [1.2618e-05],
          [1.1950e-05],
          [1.1705e-05],
          [1.0989e-05],
          [1.0517e-05],
          [1.0943e-05],
          [2.1311e-04],
          [2.2963e-04],
          [1.2747e-05],
          [1.3670e-05],
          [1.2167e-05],
          [1.6623e-05],
          [1.5829e-05],
          [1.9351e-05],
          [1.8591e-05],
          [2.4173e-05],
          [2.1109e-05],
          [1.3640e-05],
          [3.0589e-04],
          [5.0442e-04],
          [2.1272e-05],
          [5.1591e-04],
          [9.8138e-06],
          [1.7798e-04],
          [2.9052e-04],
          [1.9199e-05],
          [2.4604e-05],
          [2.6831e-05],
          [2.2285e-05],
          [2.6957e-05],
          [2.8736e-05],
          [3.7547e-05],
          [3.6638e-05],
          [4.5543e-05],
          [5.5087e-05],
          [7.6957e-05],
          [8.0731e-05],
          [8.3258e-05],
          [6.1884e-05],
          [1.0616e-04],
          [2.4285e-05],
          [2.3036e-05],
          [4.1145e-04],
          [2.9381e-04],
          [2.3277e-05],
          [1.8862e-04],
          [1.1743e-04],
          [5.5431e-05],
          [4.6981e-04],
          [1.4077e-05],
          [1.0753e-05],
          [1.0401e-05],
          [1.0289e-05],
          [9.9075e-06],
          [1.0133e-05],
          [3.0425e-05],
          [1.1919e-05],
          [1.6049e-05],
          [1.5429e-05],
          [4.0604e-04],
          [3.4146e-05],
          [8.8870e-05],
          [8.5578e-05],
          [1.1311e-05],
          [1.0827e-05],
          [1.0782e-05],
          [1.0997e-05],
          [1.1168e-05],
          [1.0247e-05],
          [3.5659e-04],
          [3.6492e-05],
          [6.3214e-04],
          [1.4295e-05],
          [1.3005e-05],
          [1.5859e-05],
          [1.5310e-05],
          [1.5824e-05],
          [1.6860e-05],
          [1.6834e-05],
          [2.1506e-05],
          [1.8556e-05],
          [2.4736e-05],
          [2.5802e-05],
          [2.9874e-05],
          [2.9089e-04],
          [3.2601e-04],
          [2.3444e-05],
          [2.0204e-05],
          [1.5757e-05],
          [1.3400e-05],
          [1.1854e-05],
          [1.8254e-05],
          [2.0906e-05],
          [1.8579e-05],
          [1.5435e-05],
          [1.3915e-05],
          [1.3367e-05],
          [1.0127e-05],
          [1.2693e-05],
          [1.4528e-05],
          [1.6540e-05],
          [1.5977e-05],
          [1.6970e-05],
          [1.6947e-05],
          [1.7594e-05],
          [1.5384e-05],
          [1.5087e-05],
          [1.7632e-05],
          [1.8211e-05],
          [2.2758e-05],
          [2.0114e-05],
          [2.8330e-05],
          [2.7661e-05],
          [2.8973e-05],
          [2.2725e-05],
          [2.6879e-05],
          [2.6382e-05],
          [2.2810e-05],
          [2.1472e-05],
          [2.0651e-05],
          [2.2763e-05],
          [2.0657e-05],
          [1.9075e-05],
          [1.9716e-05],
          [1.8440e-05],
          [1.6896e-05],
          [1.7096e-05],
          [1.7855e-05],
          [2.4094e-04],
          [3.9015e-05],
          [3.4310e-04],
          [2.2818e-05],
          [2.3350e-05],
          [1.9816e-05],
          [1.8848e-05],
          [1.7828e-05],
          [1.3974e-05],
          [1.1071e-05],
          [1.0721e-05],
          [9.8065e-06],
          [1.2178e-05],
          [1.4143e-05],
          [1.4419e-05],
          [1.5002e-05],
          [1.4883e-05],
          [2.2938e-04],
          [1.0658e-04],
          [7.9001e-04],
          [1.1975e-05],
          [1.1444e-05],
          [1.0903e-05],
          [1.4221e-05],
          [4.1235e-04],
          [4.8623e-04],
          [1.9229e-05],
          [1.9992e-05],
          [2.0738e-05],
          [2.9190e-05],
          [3.2103e-05],
          [3.7703e-05],
          [4.3129e-05],
          [3.8268e-05],
          [3.4314e-05],
          [2.5971e-05],
          [1.9343e-05],
          [1.1976e-05],
          [1.2981e-05],
          [1.0186e-05],
          [1.0269e-05],
          [1.1526e-05],
          [1.1670e-05],
          [2.2418e-05],
          [3.6196e-05],
          [4.5967e-05],
          [5.3392e-05],
          [2.9895e-05],
          [2.5946e-05],
          [2.4627e-05],
          [2.1204e-05],
          [1.5965e-05],
          [1.9015e-04],
          [3.0367e-04],
          [1.7836e-05],
          [1.6449e-05],
          [1.6379e-05],
          [1.6288e-05],
          [2.4077e-05],
          [2.0713e-05],
          [1.9603e-05],
          [6.7916e-05],
          [4.4938e-05],
          [2.7465e-04],
          [2.6342e-04],
          [2.0653e-05],
          [1.7028e-05],
          [1.7037e-05],
          [1.4074e-05],
          [1.2089e-05],
          [2.1183e-04],
          [2.7074e-04],
          [1.4542e-05],
          [6.5645e-05],
          [3.4635e-04],
          [1.6726e-05],
          [5.5451e-04],
          [1.7119e-05],
          [3.6838e-04],
          [1.6410e-05],
          [1.3242e-05],
          [1.1418e-05],
          [1.1796e-05],
          [1.2606e-05],
          [2.9865e-05],
          [5.6651e-06]]]])
