# Using CPU
# Loading Embeddings...
# Making Predictions...
torch.Size([1, 1, 442, 252])
tensor([[[[1.2455e-04],
          [4.6071e-05],
          [1.0226e-04],
          [4.8897e-05],
          [1.0349e-05],
          [3.3813e-04],
          [2.1219e-03],
          [1.5730e-05],
          [2.2933e-04],
          [2.2538e-03],
          [1.7122e-05],
          [1.5319e-05],
          [4.5363e-04],
          [3.3099e-04],
          [1.3045e-05],
          [1.0847e-05],
          [1.1264e-05],
          [1.2945e-05],
          [1.6076e-05],
          [1.8784e-05],
          [6.1357e-04],
          [2.7839e-05],
          [1.2050e-03],
          [1.6862e-05],
          [2.0695e-05],
          [2.6022e-05],
          [3.6445e-05],
          [5.6779e-05],
          [6.6291e-05],
          [8.3835e-05],
          [6.9854e-05],
          [8.9206e-05],
          [7.5974e-05],
          [8.6518e-05],
          [6.8672e-05],
          [6.8292e-05],
          [2.4702e-03],
          [8.0520e-05],
          [4.9116e-04],
          [2.1273e-04],
          [1.2629e-03],
          [2.8365e-05],
          [2.3101e-05],
          [2.0842e-05],
          [1.5788e-05],
          [1.3403e-05],
          [1.0806e-05],
          [1.5705e-05],
          [1.5335e-05],
          [3.0770e-04],
          [7.9337e-04],
          [1.1791e-05],
          [1.1920e-05],
          [3.5963e-04],
          [1.1111e-03],
          [1.2263e-05],
          [1.2420e-05],
          [1.2376e-05],
          [1.4800e-05],
          [1.5445e-05],
          [1.6253e-05],
          [1.4505e-05],
          [6.0014e-04],
          [5.1393e-04],
          [1.3306e-05],
          [1.2995e-05],
          [1.4483e-05],
          [1.3223e-05],
          [1.5494e-05],
          [1.4754e-05],
          [1.4056e-05],
          [3.3762e-04],
          [3.1364e-05],
          [4.2941e-05],
          [1.3611e-05],
          [2.1532e-05],
          [4.4124e-03],
          [1.5666e-05],
          [1.4208e-05],
          [1.3545e-05],
          [3.6869e-04],
          [2.2450e-04],
          [1.2990e-05],
          [1.3198e-05],
          [1.6794e-05],
          [2.0043e-05],
          [1.8860e-05],
          [1.9060e-05],
          [1.7210e-05],
          [1.6128e-05],
          [3.5833e-04],
          [4.5337e-05],
          [4.4351e-04],
          [1.2432e-05],
          [1.5502e-05],
          [2.1724e-05],
          [2.2148e-05],
          [2.7299e-05],
          [2.6371e-05],
          [2.7310e-05],
          [2.6654e-05],
          [1.8904e-05],
          [1.3615e-05],
          [1.2920e-05],
          [1.3394e-05],
          [1.5316e-05],
          [1.7856e-05],
          [1.8002e-05],
          [1.7052e-05],
          [2.0070e-05],
          [1.7897e-05],
          [8.2969e-05],
          [2.3047e-04],
          [2.0724e-05],
          [4.6897e-04],
          [1.6493e-05],
          [1.0754e-05],
          [1.0257e-05],
          [1.1570e-05],
          [1.2424e-05],
          [1.2624e-05],
          [1.1215e-05],
          [2.5035e-05],
          [1.0988e-05],
          [1.3663e-05],
          [1.3348e-05],
          [1.5561e-05],
          [1.7429e-05],
          [1.6976e-05],
          [1.9074e-05],
          [4.3880e-05],
          [4.5604e-04],
          [5.3981e-04],
          [7.6809e-05],
          [3.3804e-05],
          [2.2241e-05],
          [1.5733e-05],
          [1.4681e-05],
          [1.1958e-05],
          [1.1747e-05],
          [1.2501e-05],
          [1.2489e-05],
          [1.0659e-05],
          [1.3504e-05],
          [1.0968e-05],
          [1.2181e-05],
          [1.3300e-05],
          [1.6091e-05],
          [2.2963e-05],
          [2.9209e-05],
          [3.3100e-05],
          [3.6518e-05],
          [3.9987e-05],
          [4.7130e-05],
          [5.2131e-05],
          [4.1519e-05],
          [2.2849e-04],
          [8.8468e-04],
          [1.7137e-04],
          [2.4079e-03],
          [1.9049e-05],
          [1.7505e-05],
          [1.9480e-05],
          [2.4785e-05],
          [1.5581e-05],
          [1.4666e-05],
          [1.6353e-05],
          [1.4760e-05],
          [1.3933e-05],
          [1.4193e-05],
          [1.3415e-05],
          [2.4670e-04],
          [1.7570e-03],
          [1.7080e-05],
          [1.6130e-05],
          [2.0889e-05],
          [3.5128e-05],
          [1.9331e-05],
          [3.8027e-04],
          [4.9819e-05],
          [3.7820e-04],
          [1.4375e-05],
          [3.4960e-05],
          [3.4138e-04],
          [1.3902e-05],
          [3.9280e-04],
          [1.2976e-05],
          [1.2222e-05],
          [1.2442e-05],
          [3.3031e-04],
          [4.6312e-05],
          [5.2465e-03],
          [1.5163e-05],
          [1.7849e-05],
          [1.8809e-05],
          [1.7068e-05],
          [1.7473e-05],
          [1.6213e-05],
          [3.0864e-04],
          [5.4810e-04],
          [1.5807e-05],
          [1.4291e-05],
          [1.4087e-05],
          [1.2647e-05],
          [1.5211e-05],
          [1.5360e-05],
          [1.4830e-05],
          [2.8372e-04],
          [1.4600e-03],
          [1.3551e-05],
          [1.2945e-05],
          [1.2790e-05],
          [1.4500e-05],
          [2.6204e-04],
          [4.0067e-05],
          [3.1220e-05],
          [2.9228e-03],
          [1.5954e-05],
          [2.6498e-05],
          [1.3386e-05],
          [1.1469e-05],
          [1.2254e-05],
          [1.2137e-05],
          [1.2677e-05],
          [1.1794e-05],
          [1.6713e-05],
          [1.6661e-05],
          [1.7029e-05],
          [1.2455e-05],
          [1.1590e-05],
          [1.1236e-05],
          [1.0236e-05],
          [9.3563e-06],
          [1.1986e-05],
          [2.8129e-04],
          [8.2228e-04],
          [1.7417e-05],
          [1.1270e-05],
          [1.0829e-05],
          [1.4720e-05],
          [1.5389e-05],
          [1.7771e-05],
          [1.6059e-05],
          [1.9048e-05],
          [1.8086e-05],
          [1.4024e-05],
          [1.7239e-04],
          [1.9422e-04],
          [2.0192e-05],
          [2.8578e-04],
          [1.3369e-05],
          [1.6414e-04],
          [6.3038e-04],
          [2.1416e-05],
          [2.4361e-05],
          [2.7127e-05],
          [2.0732e-05],
          [2.4094e-05],
          [2.4342e-05],
          [2.6140e-05],
          [2.0409e-05],
          [2.0642e-05],
          [2.4374e-05],
          [2.8437e-05],
          [3.2115e-05],
          [9.2401e-05],
          [3.0427e-05],
          [3.6159e-04],
          [2.6434e-05],
          [1.9103e-05],
          [7.7878e-04],
          [1.2773e-04],
          [2.9700e-05],
          [7.7064e-04],
          [1.7643e-04],
          [2.9037e-05],
          [3.7631e-04],
          [1.5380e-05],
          [1.0754e-05],
          [1.0410e-05],
          [8.7690e-06],
          [9.6956e-06],
          [9.5955e-06],
          [2.4620e-05],
          [1.3416e-05],
          [1.5075e-05],
          [1.3342e-05],
          [8.6974e-04],
          [2.5864e-05],
          [1.3457e-04],
          [3.6116e-04],
          [1.3305e-05],
          [1.3157e-05],
          [1.2068e-05],
          [1.0946e-05],
          [1.0393e-05],
          [1.0282e-05],
          [4.3164e-04],
          [3.5868e-05],
          [2.5738e-03],
          [1.4934e-05],
          [1.2974e-05],
          [1.4144e-05],
          [1.4978e-05],
          [1.4385e-05],
          [1.5719e-05],
          [1.4806e-05],
          [1.9873e-05],
          [1.5645e-05],
          [2.0805e-05],
          [2.0993e-05],
          [2.5658e-05],
          [2.8712e-04],
          [1.2996e-03],
          [1.9427e-05],
          [1.6995e-05],
          [2.5424e-05],
          [1.2039e-05],
          [1.3446e-05],
          [1.9399e-05],
          [2.1530e-05],
          [1.9647e-05],
          [1.6783e-05],
          [2.0052e-05],
          [1.8091e-05],
          [1.5533e-05],
          [1.3870e-05],
          [1.4757e-05],
          [1.7242e-05],
          [1.6801e-05],
          [1.9142e-05],
          [2.2365e-05],
          [2.2550e-05],
          [1.8709e-05],
          [1.9684e-05],
          [2.2479e-05],
          [2.1822e-05],
          [2.2396e-05],
          [2.2716e-05],
          [2.9823e-05],
          [3.1054e-05],
          [3.0695e-05],
          [2.3861e-05],
          [2.4586e-05],
          [2.8114e-05],
          [2.8108e-05],
          [2.1510e-05],
          [1.8452e-05],
          [2.0234e-05],
          [2.0958e-05],
          [1.8371e-05],
          [1.5487e-05],
          [1.4444e-05],
          [1.6554e-05],
          [1.4752e-05],
          [1.5152e-05],
          [1.8397e-04],
          [4.5158e-05],
          [5.3824e-03],
          [1.8837e-05],
          [1.8537e-05],
          [1.9122e-05],
          [1.7040e-05],
          [1.9880e-05],
          [1.9003e-05],
          [2.1719e-05],
          [1.7808e-05],
          [1.7018e-05],
          [1.5794e-05],
          [1.9132e-05],
          [1.4633e-05],
          [1.4927e-05],
          [1.2113e-05],
          [1.8441e-04],
          [7.0877e-05],
          [2.5056e-03],
          [1.2968e-05],
          [9.8163e-06],
          [9.2963e-06],
          [1.3063e-05],
          [4.1445e-04],
          [1.2370e-03],
          [1.5609e-05],
          [1.4274e-05],
          [1.4889e-05],
          [2.3400e-05],
          [2.4646e-05],
          [3.3679e-05],
          [5.0412e-05],
          [4.2459e-05],
          [3.8241e-05],
          [3.0958e-05],
          [2.9719e-05],
          [2.0657e-05],
          [1.9963e-05],
          [1.5938e-05],
          [1.7598e-05],
          [1.6068e-05],
          [1.5389e-05],
          [2.2916e-05],
          [3.8816e-05],
          [4.3233e-05],
          [3.7953e-05],
          [3.5361e-05],
          [2.9493e-05],
          [2.6289e-05],
          [2.3072e-05],
          [1.7152e-05],
          [3.7281e-04],
          [5.9553e-04],
          [2.1210e-05],
          [1.8485e-05],
          [1.7554e-05],
          [1.6277e-05],
          [1.4316e-05],
          [1.6389e-05],
          [1.4375e-05],
          [9.0701e-05],
          [1.6637e-04],
          [2.5707e-04],
          [1.1362e-03],
          [1.6695e-05],
          [1.6730e-05],
          [1.6108e-05],
          [1.4429e-05],
          [1.4548e-05],
          [2.7650e-04],
          [1.7294e-04],
          [1.7553e-05],
          [7.4714e-05],
          [5.0144e-04],
          [2.6830e-05],
          [5.8175e-04],
          [2.7539e-05],
          [3.2963e-04],
          [2.0920e-05],
          [1.5480e-05],
          [1.3796e-05],
          [1.2723e-05],
          [1.1535e-05],
          [3.6804e-05],
          [1.1476e-05]]]])
