# Using CPU
# Loading Embeddings...
# Making Predictions...
torch.Size([1, 1, 442, 293])
tensor([[[[1.4198e-04],
          [4.6099e-05],
          [1.7653e-04],
          [2.1284e-05],
          [1.2060e-05],
          [5.3623e-04],
          [3.1213e-04],
          [1.5376e-05],
          [5.8360e-04],
          [3.1724e-04],
          [2.0461e-05],
          [2.0534e-05],
          [5.2964e-04],
          [3.0244e-04],
          [1.3685e-05],
          [1.2120e-05],
          [1.2430e-05],
          [1.4262e-05],
          [1.0829e-05],
          [1.4567e-05],
          [8.6122e-04],
          [2.5293e-05],
          [1.8975e-04],
          [1.2992e-05],
          [2.0783e-05],
          [2.9247e-05],
          [4.1227e-05],
          [7.1271e-05],
          [9.2272e-05],
          [1.2306e-04],
          [1.1727e-04],
          [1.1510e-04],
          [1.1960e-04],
          [1.2916e-04],
          [1.0475e-04],
          [7.7821e-05],
          [5.7115e-04],
          [4.8064e-05],
          [2.3727e-04],
          [8.9320e-05],
          [2.5486e-04],
          [2.7747e-05],
          [2.6290e-05],
          [2.9278e-05],
          [2.0615e-05],
          [1.9742e-05],
          [1.6302e-05],
          [1.8359e-05],
          [2.2361e-05],
          [2.4906e-04],
          [2.2674e-04],
          [1.6854e-05],
          [1.5410e-05],
          [4.7516e-04],
          [1.6061e-04],
          [1.8112e-05],
          [1.9634e-05],
          [1.9347e-05],
          [2.4532e-05],
          [2.9170e-05],
          [2.9354e-05],
          [2.6585e-05],
          [3.9003e-04],
          [3.5097e-04],
          [1.9908e-05],
          [2.1036e-05],
          [1.8274e-05],
          [1.6678e-05],
          [1.7845e-05],
          [1.6634e-05],
          [1.6400e-05],
          [4.3042e-04],
          [2.0937e-05],
          [2.1513e-05],
          [2.0478e-05],
          [1.8912e-05],
          [5.7679e-04],
          [1.6903e-05],
          [1.6357e-05],
          [1.3550e-05],
          [2.6672e-04],
          [1.8398e-04],
          [1.4007e-05],
          [1.5644e-05],
          [1.7912e-05],
          [2.1439e-05],
          [2.2825e-05],
          [2.5684e-05],
          [2.0776e-05],
          [1.8243e-05],
          [5.0878e-04],
          [4.3912e-05],
          [3.4242e-04],
          [1.0935e-05],
          [1.1783e-05],
          [1.1180e-05],
          [1.3635e-05],
          [1.7238e-05],
          [1.5810e-05],
          [1.6783e-05],
          [1.5034e-05],
          [1.2512e-05],
          [1.2244e-05],
          [1.2791e-05],
          [1.4701e-05],
          [2.2621e-05],
          [2.6244e-05],
          [3.2429e-05],
          [3.4372e-05],
          [3.5397e-05],
          [2.8508e-05],
          [1.3675e-04],
          [1.2656e-04],
          [2.5950e-05],
          [4.2350e-04],
          [1.8650e-05],
          [1.6384e-05],
          [1.3484e-05],
          [1.8314e-05],
          [1.9301e-05],
          [1.8842e-05],
          [1.4507e-05],
          [1.6132e-05],
          [1.3417e-05],
          [1.6090e-05],
          [1.5524e-05],
          [1.8607e-05],
          [1.8318e-05],
          [2.2246e-05],
          [2.5281e-05],
          [2.4604e-05],
          [3.7771e-04],
          [3.3965e-04],
          [2.8586e-05],
          [3.1911e-05],
          [3.0536e-05],
          [2.3474e-05],
          [2.4393e-05],
          [1.8909e-05],
          [2.1383e-05],
          [1.7529e-05],
          [1.7110e-05],
          [1.2549e-05],
          [1.4247e-05],
          [1.7870e-05],
          [2.3995e-05],
          [2.5977e-05],
          [3.6207e-05],
          [4.9134e-05],
          [7.3118e-05],
          [7.8123e-05],
          [8.2779e-05],
          [8.1072e-05],
          [8.7608e-05],
          [8.1746e-05],
          [6.4619e-05],
          [5.0697e-04],
          [1.7301e-04],
          [3.1809e-04],
          [3.2522e-04],
          [1.8847e-05],
          [1.8851e-05],
          [1.7959e-05],
          [2.0717e-05],
          [2.3279e-05],
          [2.5209e-05],
          [2.8027e-05],
          [2.6763e-05],
          [2.8027e-05],
          [2.6415e-05],
          [2.2783e-05],
          [5.5797e-04],
          [2.4382e-04],
          [3.2888e-05],
          [4.1035e-05],
          [4.4186e-05],
          [4.8510e-05],
          [4.3911e-05],
          [4.1524e-04],
          [3.5528e-05],
          [4.1677e-04],
          [1.9847e-05],
          [1.6562e-05],
          [3.7433e-04],
          [1.5504e-05],
          [2.8128e-04],
          [1.5475e-05],
          [1.6580e-05],
          [1.4205e-05],
          [5.4956e-04],
          [3.3264e-05],
          [4.5667e-04],
          [2.3484e-05],
          [3.1289e-05],
          [3.3525e-05],
          [3.3365e-05],
          [3.6613e-05],
          [2.8433e-05],
          [2.8540e-04],
          [2.5267e-04],
          [2.3642e-05],
          [1.9434e-05],
          [1.9269e-05],
          [1.4771e-05],
          [1.5946e-05],
          [1.5135e-05],
          [1.5301e-05],
          [3.0632e-04],
          [1.9805e-04],
          [1.5677e-05],
          [1.4455e-05],
          [1.5381e-05],
          [1.6153e-05],
          [4.1288e-04],
          [2.8449e-05],
          [2.1916e-05],
          [4.0735e-04],
          [1.9536e-05],
          [1.4226e-05],
          [1.3639e-05],
          [1.2634e-05],
          [1.5345e-05],
          [1.2684e-05],
          [1.2049e-05],
          [1.2448e-05],
          [1.4452e-05],
          [1.7293e-05],
          [1.5436e-05],
          [1.2284e-05],
          [1.2278e-05],
          [1.1620e-05],
          [1.1581e-05],
          [1.2160e-05],
          [1.3077e-05],
          [5.4680e-04],
          [1.4636e-04],
          [1.5602e-05],
          [1.7691e-05],
          [1.6051e-05],
          [1.8597e-05],
          [1.6617e-05],
          [1.9654e-05],
          [1.4222e-05],
          [1.9555e-05],
          [2.4706e-05],
          [1.1504e-05],
          [2.6201e-04],
          [1.0288e-04],
          [1.8524e-05],
          [3.1970e-04],
          [1.1671e-05],
          [3.1775e-04],
          [2.0396e-04],
          [2.1132e-05],
          [2.5564e-05],
          [3.0607e-05],
          [3.2682e-05],
          [3.9364e-05],
          [4.0232e-05],
          [5.8361e-05],
          [5.8893e-05],
          [7.7867e-05],
          [8.6600e-05],
          [1.1494e-04],
          [1.2060e-04],
          [1.2802e-04],
          [7.5922e-05],
          [2.1894e-04],
          [3.7744e-05],
          [3.6935e-05],
          [3.8027e-04],
          [1.6732e-04],
          [2.3977e-05],
          [1.7077e-04],
          [4.3011e-04],
          [3.6230e-05],
          [3.7138e-04],
          [1.5578e-05],
          [1.3642e-05],
          [1.2833e-05],
          [1.0327e-05],
          [1.0381e-05],
          [1.0292e-05],
          [2.0557e-05],
          [1.0140e-05],
          [1.0795e-05],
          [9.5613e-06],
          [3.7622e-04],
          [6.7568e-05],
          [1.2492e-04],
          [4.5374e-05],
          [1.2426e-05],
          [1.2670e-05],
          [1.2146e-05],
          [1.1374e-05],
          [1.0536e-05],
          [9.9899e-06],
          [5.4103e-04],
          [2.8580e-05],
          [4.0139e-04],
          [1.5705e-05],
          [1.1869e-05],
          [1.5744e-05],
          [1.5300e-05],
          [1.5624e-05],
          [1.6256e-05],
          [1.6630e-05],
          [2.2228e-05],
          [1.9870e-05],
          [2.5487e-05],
          [2.6485e-05],
          [3.5160e-05],
          [4.7935e-04],
          [2.6432e-04],
          [2.4840e-05],
          [2.0454e-05],
          [1.5965e-05],
          [1.3192e-05],
          [1.2208e-05],
          [1.4695e-05],
          [1.7812e-05],
          [1.5040e-05],
          [1.5020e-05],
          [1.2611e-05],
          [1.3740e-05],
          [1.3995e-05],
          [1.3091e-05],
          [1.3666e-05],
          [1.5624e-05],
          [1.5014e-05],
          [1.5563e-05],
          [1.5153e-05],
          [1.6218e-05],
          [1.5021e-05],
          [1.3410e-05],
          [1.4912e-05],
          [1.5757e-05],
          [1.5809e-05],
          [1.5051e-05],
          [2.1077e-05],
          [2.2153e-05],
          [2.2679e-05],
          [1.8706e-05],
          [2.0144e-05],
          [2.5478e-05],
          [2.3005e-05],
          [2.1648e-05],
          [1.7684e-05],
          [1.9204e-05],
          [1.8380e-05],
          [1.6832e-05],
          [1.2761e-05],
          [1.3420e-05],
          [1.9045e-05],
          [1.7527e-05],
          [1.6465e-05],
          [2.8969e-04],
          [2.8982e-05],
          [5.2364e-04],
          [2.2411e-05],
          [2.3030e-05],
          [2.0233e-05],
          [1.9474e-05],
          [1.7050e-05],
          [1.5233e-05],
          [1.4370e-05],
          [1.1552e-05],
          [1.2775e-05],
          [1.2765e-05],
          [1.4709e-05],
          [1.4528e-05],
          [1.9069e-05],
          [1.5754e-05],
          [3.1790e-04],
          [8.0266e-05],
          [4.7604e-04],
          [1.2847e-05],
          [1.1877e-05],
          [9.1440e-06],
          [1.2064e-05],
          [4.0835e-04],
          [2.7489e-04],
          [1.4543e-05],
          [1.1393e-05],
          [1.1379e-05],
          [1.7581e-05],
          [2.4754e-05],
          [3.0625e-05],
          [3.1275e-05],
          [2.5519e-05],
          [1.9404e-05],
          [1.7546e-05],
          [1.4644e-05],
          [1.2552e-05],
          [9.7291e-06],
          [1.1569e-05],
          [1.1007e-05],
          [1.1280e-05],
          [1.1615e-05],
          [5.5210e-05],
          [2.9688e-05],
          [3.4950e-05],
          [1.9163e-04],
          [2.5653e-05],
          [2.6198e-05],
          [2.3017e-05],
          [2.3055e-05],
          [1.9980e-05],
          [2.0619e-04],
          [1.7483e-04],
          [2.3427e-05],
          [2.2457e-05],
          [1.8973e-05],
          [1.5661e-05],
          [1.9983e-05],
          [2.0114e-05],
          [2.2324e-05],
          [1.1662e-04],
          [5.8924e-05],
          [1.7069e-04],
          [1.8294e-04],
          [1.9024e-05],
          [1.6061e-05],
          [1.6474e-05],
          [1.6548e-05],
          [1.5377e-05],
          [4.0156e-04],
          [8.4400e-05],
          [1.1580e-05],
          [4.8418e-05],
          [1.9172e-04],
          [2.1548e-05],
          [3.1359e-04],
          [1.6278e-05],
          [3.2667e-04],
          [1.9716e-05],
          [1.5537e-05],
          [1.2070e-05],
          [1.2271e-05],
          [1.1370e-05],
          [4.6910e-05],
          [5.5189e-06]]]])
