# Using CPU
# Loading Embeddings...
# Making Predictions...
torch.Size([1, 1, 442, 252])
tensor([[[[1.5843e-04],
          [3.6142e-05],
          [1.1917e-04],
          [2.9041e-05],
          [9.2625e-06],
          [3.0381e-04],
          [8.9719e-04],
          [1.4526e-05],
          [2.0613e-04],
          [1.0552e-03],
          [1.6916e-05],
          [1.5388e-05],
          [4.0992e-04],
          [3.3539e-04],
          [1.5051e-05],
          [1.0857e-05],
          [1.1697e-05],
          [1.2628e-05],
          [1.5802e-05],
          [1.8919e-05],
          [5.2969e-04],
          [2.3212e-05],
          [5.7559e-04],
          [1.7216e-05],
          [1.7069e-05],
          [2.0646e-05],
          [2.8965e-05],
          [4.7959e-05],
          [6.3873e-05],
          [8.7171e-05],
          [8.8109e-05],
          [9.7991e-05],
          [1.0335e-04],
          [1.0364e-04],
          [7.8179e-05],
          [5.9032e-05],
          [5.1835e-04],
          [6.8981e-05],
          [2.5722e-04],
          [5.8503e-05],
          [6.2238e-04],
          [2.1917e-05],
          [2.1811e-05],
          [2.1599e-05],
          [1.5932e-05],
          [1.5512e-05],
          [1.3249e-05],
          [1.4235e-05],
          [1.4597e-05],
          [1.6472e-04],
          [4.4055e-04],
          [1.3609e-05],
          [1.3215e-05],
          [3.7923e-04],
          [5.1499e-04],
          [1.2722e-05],
          [1.3527e-05],
          [1.3098e-05],
          [1.5147e-05],
          [1.6843e-05],
          [1.8112e-05],
          [1.5734e-05],
          [3.3579e-04],
          [3.2638e-04],
          [1.4332e-05],
          [1.5920e-05],
          [1.6269e-05],
          [1.5802e-05],
          [1.8013e-05],
          [1.5097e-05],
          [1.5301e-05],
          [2.9898e-04],
          [2.5226e-05],
          [2.4054e-05],
          [1.1487e-05],
          [1.9873e-05],
          [2.0386e-03],
          [1.4566e-05],
          [1.5719e-05],
          [1.4046e-05],
          [2.4779e-04],
          [3.1857e-04],
          [1.5184e-05],
          [1.5407e-05],
          [1.6821e-05],
          [1.9575e-05],
          [2.1048e-05],
          [2.1209e-05],
          [1.9029e-05],
          [1.7486e-05],
          [3.0874e-04],
          [7.2622e-05],
          [4.2974e-04],
          [1.3955e-05],
          [1.4323e-05],
          [2.1555e-05],
          [2.1539e-05],
          [2.9948e-05],
          [2.7056e-05],
          [2.7914e-05],
          [2.6816e-05],
          [1.9556e-05],
          [1.4097e-05],
          [1.5019e-05],
          [1.5697e-05],
          [1.9159e-05],
          [2.0916e-05],
          [2.0077e-05],
          [2.1809e-05],
          [2.0196e-05],
          [1.5903e-05],
          [1.4429e-04],
          [1.9654e-04],
          [2.0675e-05],
          [4.2751e-04],
          [1.5125e-05],
          [1.3849e-05],
          [1.2110e-05],
          [1.4531e-05],
          [1.6068e-05],
          [1.8669e-05],
          [1.6827e-05],
          [1.7560e-05],
          [1.2844e-05],
          [1.6226e-05],
          [1.5731e-05],
          [1.7581e-05],
          [1.6341e-05],
          [1.7257e-05],
          [2.0207e-05],
          [1.9048e-05],
          [3.0749e-04],
          [6.0219e-04],
          [2.8866e-05],
          [2.8730e-05],
          [3.1348e-05],
          [2.8519e-05],
          [3.0249e-05],
          [2.4725e-05],
          [2.1033e-05],
          [1.7082e-05],
          [1.6630e-05],
          [1.2839e-05],
          [1.6519e-05],
          [1.5728e-05],
          [1.6492e-05],
          [2.0735e-05],
          [2.3062e-05],
          [2.9517e-05],
          [4.6696e-05],
          [4.2168e-05],
          [5.2734e-05],
          [4.7862e-05],
          [5.5586e-05],
          [5.8503e-05],
          [4.1322e-05],
          [3.2841e-04],
          [4.3391e-04],
          [1.7817e-04],
          [1.1362e-03],
          [1.8203e-05],
          [2.0930e-05],
          [1.9548e-05],
          [2.0017e-05],
          [2.3033e-05],
          [2.4708e-05],
          [2.3891e-05],
          [2.3161e-05],
          [2.6317e-05],
          [2.5142e-05],
          [2.1318e-05],
          [2.9295e-04],
          [6.4365e-04],
          [2.4372e-05],
          [2.2238e-05],
          [2.4239e-05],
          [2.6231e-05],
          [2.2129e-05],
          [2.1872e-04],
          [4.2459e-05],
          [6.4478e-04],
          [1.5116e-05],
          [2.6227e-05],
          [2.0930e-04],
          [1.9830e-05],
          [3.9612e-04],
          [1.3120e-05],
          [1.2252e-05],
          [1.3691e-05],
          [4.8829e-04],
          [3.9983e-05],
          [1.9706e-03],
          [1.7541e-05],
          [2.1061e-05],
          [1.9420e-05],
          [1.9649e-05],
          [2.3121e-05],
          [1.7350e-05],
          [2.4457e-04],
          [2.8752e-04],
          [1.5547e-05],
          [1.3787e-05],
          [1.4663e-05],
          [1.4125e-05],
          [1.4796e-05],
          [1.4145e-05],
          [1.5411e-05],
          [3.1666e-04],
          [6.1399e-04],
          [1.4005e-05],
          [1.1487e-05],
          [1.1936e-05],
          [1.2582e-05],
          [2.5407e-04],
          [2.9182e-05],
          [1.8234e-05],
          [1.7897e-03],
          [1.2769e-05],
          [1.6996e-05],
          [1.4086e-05],
          [1.6106e-05],
          [1.3994e-05],
          [1.3596e-05],
          [1.1776e-05],
          [1.1882e-05],
          [1.5760e-05],
          [1.2888e-05],
          [1.2630e-05],
          [1.1048e-05],
          [1.1830e-05],
          [1.1343e-05],
          [1.0852e-05],
          [1.0745e-05],
          [1.0614e-05],
          [3.1892e-04],
          [3.4864e-04],
          [2.1165e-05],
          [1.4647e-05],
          [1.2274e-05],
          [1.4958e-05],
          [1.5674e-05],
          [2.0713e-05],
          [1.6839e-05],
          [2.2092e-05],
          [2.0523e-05],
          [1.3315e-05],
          [3.3348e-04],
          [2.1353e-04],
          [1.8861e-05],
          [4.6355e-04],
          [1.1150e-05],
          [2.0361e-04],
          [2.6774e-04],
          [2.1383e-05],
          [2.6376e-05],
          [2.9884e-05],
          [2.6137e-05],
          [3.1548e-05],
          [3.4922e-05],
          [4.2506e-05],
          [3.6020e-05],
          [4.7835e-05],
          [5.4521e-05],
          [6.7092e-05],
          [5.2883e-05],
          [5.2461e-05],
          [3.8604e-05],
          [2.8912e-04],
          [2.1241e-05],
          [1.8171e-05],
          [4.4285e-04],
          [1.6534e-04],
          [2.4325e-05],
          [3.5609e-04],
          [1.8628e-04],
          [4.4393e-05],
          [5.1608e-04],
          [1.4756e-05],
          [1.1451e-05],
          [1.1158e-05],
          [1.0820e-05],
          [1.0168e-05],
          [1.0159e-05],
          [2.5154e-05],
          [1.1786e-05],
          [1.6619e-05],
          [1.3553e-05],
          [4.2754e-04],
          [2.9725e-05],
          [1.7597e-04],
          [2.0214e-04],
          [1.1380e-05],
          [1.1218e-05],
          [1.1275e-05],
          [1.1833e-05],
          [1.1772e-05],
          [1.1091e-05],
          [4.8545e-04],
          [2.2091e-05],
          [1.2181e-03],
          [1.3631e-05],
          [1.1966e-05],
          [1.4308e-05],
          [1.4314e-05],
          [1.4786e-05],
          [1.5157e-05],
          [1.5354e-05],
          [1.9476e-05],
          [1.7268e-05],
          [2.3936e-05],
          [2.6747e-05],
          [3.2370e-05],
          [2.6800e-04],
          [5.7233e-04],
          [2.2976e-05],
          [1.9498e-05],
          [1.3998e-05],
          [1.1764e-05],
          [1.2831e-05],
          [2.0469e-05],
          [2.3311e-05],
          [2.3409e-05],
          [2.1040e-05],
          [1.9629e-05],
          [1.8188e-05],
          [1.2637e-05],
          [1.2300e-05],
          [1.2485e-05],
          [1.4347e-05],
          [1.4102e-05],
          [1.6290e-05],
          [1.6915e-05],
          [1.7365e-05],
          [1.6084e-05],
          [1.4993e-05],
          [1.6948e-05],
          [1.8446e-05],
          [2.3945e-05],
          [1.9544e-05],
          [3.0742e-05],
          [2.9131e-05],
          [2.7942e-05],
          [2.1870e-05],
          [2.5946e-05],
          [2.9867e-05],
          [3.0248e-05],
          [2.0936e-05],
          [2.0768e-05],
          [2.1783e-05],
          [2.1671e-05],
          [1.9532e-05],
          [1.6058e-05],
          [1.6477e-05],
          [1.5944e-05],
          [1.6127e-05],
          [1.6531e-05],
          [3.9539e-04],
          [4.6324e-05],
          [2.1353e-03],
          [2.0474e-05],
          [2.0906e-05],
          [1.7565e-05],
          [1.6833e-05],
          [1.5668e-05],
          [1.3373e-05],
          [1.4986e-05],
          [1.3365e-05],
          [1.4185e-05],
          [1.3045e-05],
          [1.7643e-05],
          [1.4492e-05],
          [1.4625e-05],
          [1.4573e-05],
          [4.0395e-04],
          [7.5633e-05],
          [1.2160e-03],
          [1.2270e-05],
          [1.0366e-05],
          [9.6217e-06],
          [1.2410e-05],
          [6.7459e-04],
          [6.6091e-04],
          [1.6117e-05],
          [1.5350e-05],
          [1.6714e-05],
          [2.4876e-05],
          [2.8624e-05],
          [3.6621e-05],
          [5.2170e-05],
          [4.9888e-05],
          [4.7737e-05],
          [3.9646e-05],
          [3.0916e-05],
          [1.9193e-05],
          [1.5372e-05],
          [1.3678e-05],
          [1.4825e-05],
          [1.3976e-05],
          [1.3913e-05],
          [2.5623e-05],
          [3.5398e-05],
          [4.9470e-05],
          [3.9253e-05],
          [2.8924e-05],
          [2.4740e-05],
          [2.4145e-05],
          [2.2256e-05],
          [1.7164e-05],
          [1.5973e-04],
          [3.5883e-04],
          [1.7696e-05],
          [1.5915e-05],
          [1.6816e-05],
          [1.5886e-05],
          [1.6921e-05],
          [2.0623e-05],
          [2.1562e-05],
          [1.7437e-04],
          [8.5572e-05],
          [3.4258e-04],
          [5.6880e-04],
          [1.8585e-05],
          [1.5146e-05],
          [1.5572e-05],
          [1.4010e-05],
          [1.2642e-05],
          [2.0892e-04],
          [2.0483e-04],
          [2.1829e-05],
          [8.5709e-05],
          [2.8829e-04],
          [1.5394e-05],
          [2.9175e-04],
          [2.3535e-05],
          [4.7000e-04],
          [2.2990e-05],
          [1.3750e-05],
          [1.1536e-05],
          [1.1751e-05],
          [1.2788e-05],
          [5.1418e-05],
          [8.0981e-06]]]])
