# Using CPU
# Loading Embeddings...
# Making Predictions...
torch.Size([1, 1, 442, 244])
tensor([[[[1.2366e-04],
          [4.3739e-05],
          [8.2460e-05],
          [3.1819e-05],
          [8.8791e-06],
          [3.4785e-04],
          [4.9539e-04],
          [1.5302e-05],
          [2.1824e-04],
          [5.2824e-04],
          [1.8119e-05],
          [1.8394e-05],
          [3.4454e-04],
          [2.4316e-04],
          [1.3369e-05],
          [1.2339e-05],
          [1.1068e-05],
          [1.0652e-05],
          [1.4518e-05],
          [2.1313e-05],
          [6.4096e-04],
          [2.4538e-05],
          [2.7396e-04],
          [1.5496e-05],
          [2.0769e-05],
          [2.9982e-05],
          [4.4183e-05],
          [7.7846e-05],
          [8.0141e-05],
          [1.0197e-04],
          [8.9775e-05],
          [1.0071e-04],
          [9.0752e-05],
          [1.0515e-04],
          [7.8746e-05],
          [6.9189e-05],
          [1.4449e-03],
          [5.4204e-05],
          [1.7691e-04],
          [1.5559e-04],
          [2.9107e-04],
          [2.8306e-05],
          [2.4705e-05],
          [2.4601e-05],
          [1.7027e-05],
          [1.7545e-05],
          [1.4702e-05],
          [1.8818e-05],
          [2.0252e-05],
          [1.7083e-04],
          [2.1946e-04],
          [1.4101e-05],
          [1.5175e-05],
          [3.9869e-04],
          [2.9327e-04],
          [1.7688e-05],
          [1.8448e-05],
          [1.6070e-05],
          [2.0233e-05],
          [2.3554e-05],
          [2.6005e-05],
          [2.3124e-05],
          [2.8219e-04],
          [1.7419e-04],
          [1.8796e-05],
          [2.1218e-05],
          [2.0381e-05],
          [1.9380e-05],
          [2.2391e-05],
          [2.0042e-05],
          [1.9702e-05],
          [2.4914e-04],
          [2.7571e-05],
          [2.6416e-05],
          [1.5979e-05],
          [1.8596e-05],
          [7.5581e-04],
          [1.7928e-05],
          [1.7735e-05],
          [1.5754e-05],
          [1.8478e-04],
          [2.3495e-04],
          [1.8598e-05],
          [1.7603e-05],
          [1.8409e-05],
          [2.2698e-05],
          [2.7253e-05],
          [2.4946e-05],
          [2.1477e-05],
          [1.8593e-05],
          [4.1182e-04],
          [5.7069e-05],
          [2.5146e-04],
          [1.3560e-05],
          [1.5855e-05],
          [2.2890e-05],
          [2.4434e-05],
          [3.3322e-05],
          [2.3536e-05],
          [2.4648e-05],
          [2.4121e-05],
          [1.8167e-05],
          [1.3935e-05],
          [1.6382e-05],
          [1.7426e-05],
          [2.2654e-05],
          [2.5860e-05],
          [3.1777e-05],
          [3.3768e-05],
          [3.4444e-05],
          [2.5953e-05],
          [1.7626e-04],
          [8.9430e-05],
          [2.7064e-05],
          [2.5042e-04],
          [1.7805e-05],
          [1.4311e-05],
          [1.3229e-05],
          [1.6020e-05],
          [1.7681e-05],
          [1.8368e-05],
          [1.6610e-05],
          [1.8188e-05],
          [1.4553e-05],
          [1.9569e-05],
          [1.7070e-05],
          [2.0654e-05],
          [2.1553e-05],
          [2.1621e-05],
          [2.9378e-05],
          [3.5129e-05],
          [5.7239e-04],
          [4.9099e-04],
          [5.5818e-05],
          [4.9537e-05],
          [3.8146e-05],
          [3.3145e-05],
          [3.4287e-05],
          [2.6751e-05],
          [2.2899e-05],
          [1.9352e-05],
          [1.9438e-05],
          [1.3905e-05],
          [1.8319e-05],
          [1.7590e-05],
          [2.2593e-05],
          [2.7932e-05],
          [3.5976e-05],
          [4.8887e-05],
          [7.3946e-05],
          [8.1269e-05],
          [7.6489e-05],
          [6.7034e-05],
          [8.0019e-05],
          [6.5802e-05],
          [5.7847e-05],
          [3.4935e-04],
          [2.5564e-04],
          [2.1967e-04],
          [5.5761e-04],
          [1.8071e-05],
          [2.2005e-05],
          [2.2017e-05],
          [3.0573e-05],
          [2.4116e-05],
          [2.8077e-05],
          [2.7919e-05],
          [2.6781e-05],
          [2.9210e-05],
          [2.8369e-05],
          [2.4331e-05],
          [3.3701e-04],
          [4.3500e-04],
          [3.1705e-05],
          [3.3377e-05],
          [4.3188e-05],
          [3.8428e-05],
          [3.5900e-05],
          [2.6243e-04],
          [4.9392e-05],
          [3.2447e-04],
          [2.8344e-05],
          [2.3615e-05],
          [1.6586e-04],
          [2.2176e-05],
          [2.6995e-04],
          [1.6347e-05],
          [1.6599e-05],
          [1.7326e-05],
          [4.6605e-04],
          [3.2081e-05],
          [8.2178e-04],
          [2.0698e-05],
          [2.7798e-05],
          [2.9260e-05],
          [2.9374e-05],
          [3.0337e-05],
          [2.6435e-05],
          [2.5503e-04],
          [1.6075e-04],
          [2.0388e-05],
          [1.8285e-05],
          [1.7776e-05],
          [1.6339e-05],
          [1.4848e-05],
          [1.6597e-05],
          [1.9428e-05],
          [3.5593e-04],
          [3.0902e-04],
          [2.0743e-05],
          [2.0943e-05],
          [2.2401e-05],
          [1.5986e-05],
          [2.6949e-04],
          [3.9741e-05],
          [1.7163e-05],
          [5.4011e-04],
          [1.3653e-05],
          [1.3741e-05],
          [1.3179e-05],
          [1.6233e-05],
          [1.6584e-05],
          [1.5909e-05],
          [1.4626e-05],
          [1.4954e-05],
          [1.4802e-05],
          [1.5950e-05],
          [1.4148e-05],
          [1.3172e-05],
          [1.3202e-05],
          [1.3839e-05],
          [1.4086e-05],
          [1.4504e-05],
          [2.0159e-05],
          [3.4038e-04],
          [2.1102e-04],
          [1.9295e-05],
          [1.6273e-05],
          [1.4962e-05],
          [1.8192e-05],
          [1.8005e-05],
          [1.9725e-05],
          [1.6881e-05],
          [2.0569e-05],
          [1.9386e-05],
          [1.2738e-05],
          [2.4547e-04],
          [1.6965e-04],
          [2.2549e-05],
          [2.7715e-04],
          [1.2458e-05],
          [2.3429e-04],
          [1.6708e-04],
          [2.4413e-05],
          [2.6969e-05],
          [2.4963e-05],
          [2.4470e-05],
          [3.0686e-05],
          [3.3594e-05],
          [5.0062e-05],
          [4.5611e-05],
          [5.9344e-05],
          [5.7260e-05],
          [8.5859e-05],
          [8.9981e-05],
          [9.9457e-05],
          [5.4794e-05],
          [2.0046e-04],
          [2.5830e-05],
          [2.7959e-05],
          [2.2000e-04],
          [2.5168e-04],
          [1.9830e-05],
          [1.9511e-04],
          [1.5443e-04],
          [4.1561e-05],
          [2.2487e-04],
          [1.4349e-05],
          [1.2826e-05],
          [1.4069e-05],
          [9.8212e-06],
          [9.8630e-06],
          [8.8521e-06],
          [2.1776e-05],
          [1.3032e-05],
          [1.5157e-05],
          [1.1917e-05],
          [3.8381e-04],
          [4.9487e-05],
          [1.5427e-04],
          [1.0974e-04],
          [1.2369e-05],
          [1.2155e-05],
          [1.3143e-05],
          [1.2159e-05],
          [1.2712e-05],
          [1.0519e-05],
          [4.3094e-04],
          [2.2877e-05],
          [4.9429e-04],
          [1.3376e-05],
          [1.2890e-05],
          [1.5198e-05],
          [1.5523e-05],
          [1.5529e-05],
          [1.5721e-05],
          [1.5572e-05],
          [1.9613e-05],
          [1.8506e-05],
          [2.3533e-05],
          [2.4480e-05],
          [2.6726e-05],
          [3.0522e-04],
          [3.2224e-04],
          [1.9749e-05],
          [1.6720e-05],
          [1.4519e-05],
          [1.2690e-05],
          [1.2749e-05],
          [1.7957e-05],
          [2.1427e-05],
          [1.9272e-05],
          [1.9531e-05],
          [1.3818e-05],
          [1.5170e-05],
          [1.2281e-05],
          [1.0576e-05],
          [1.1336e-05],
          [1.3801e-05],
          [1.3959e-05],
          [1.3359e-05],
          [1.3024e-05],
          [1.4723e-05],
          [1.5493e-05],
          [1.2105e-05],
          [1.5388e-05],
          [1.7416e-05],
          [2.0940e-05],
          [1.7475e-05],
          [2.5119e-05],
          [2.4558e-05],
          [2.5125e-05],
          [1.8536e-05],
          [2.2742e-05],
          [2.7077e-05],
          [2.4262e-05],
          [2.0141e-05],
          [1.9845e-05],
          [2.0714e-05],
          [1.6550e-05],
          [1.5636e-05],
          [1.4107e-05],
          [1.8223e-05],
          [1.7098e-05],
          [1.9059e-05],
          [1.6180e-05],
          [4.3715e-04],
          [3.1820e-05],
          [9.9242e-04],
          [1.7831e-05],
          [1.9600e-05],
          [1.6709e-05],
          [1.6352e-05],
          [1.6669e-05],
          [1.8647e-05],
          [1.8414e-05],
          [1.7581e-05],
          [1.5702e-05],
          [1.3097e-05],
          [1.5236e-05],
          [1.2674e-05],
          [1.7922e-05],
          [1.5656e-05],
          [2.9534e-04],
          [6.3417e-05],
          [4.7713e-04],
          [1.5747e-05],
          [1.2315e-05],
          [9.8417e-06],
          [1.0548e-05],
          [5.7069e-04],
          [3.5178e-04],
          [1.2642e-05],
          [1.2363e-05],
          [1.4739e-05],
          [2.0303e-05],
          [2.5539e-05],
          [3.0407e-05],
          [4.4424e-05],
          [3.8489e-05],
          [3.4487e-05],
          [2.6223e-05],
          [2.2654e-05],
          [1.8929e-05],
          [1.3411e-05],
          [1.2302e-05],
          [1.4464e-05],
          [1.2504e-05],
          [1.2618e-05],
          [6.4301e-05],
          [3.0039e-05],
          [3.4793e-05],
          [4.8648e-05],
          [3.1312e-05],
          [2.9027e-05],
          [2.5487e-05],
          [2.5335e-05],
          [2.1277e-05],
          [2.1196e-04],
          [1.7464e-04],
          [2.4214e-05],
          [2.3462e-05],
          [2.2932e-05],
          [2.0566e-05],
          [2.3166e-05],
          [2.1447e-05],
          [1.9844e-05],
          [1.3297e-04],
          [8.3397e-05],
          [2.7874e-04],
          [2.4799e-04],
          [2.1219e-05],
          [1.6306e-05],
          [1.6452e-05],
          [2.0166e-05],
          [1.7776e-05],
          [2.3678e-04],
          [1.6067e-04],
          [1.8431e-05],
          [6.6988e-05],
          [1.4800e-04],
          [1.9697e-05],
          [1.7440e-04],
          [2.5700e-05],
          [2.7818e-04],
          [2.5191e-05],
          [1.8416e-05],
          [1.4885e-05],
          [1.3584e-05],
          [1.5000e-05],
          [1.0229e-04],
          [5.8401e-06]]]])
