# Using CPU
# Loading Embeddings...
# Making Predictions...
torch.Size([1, 1, 442, 266])
tensor([[[[1.2015e-04],
          [2.3088e-05],
          [7.6608e-05],
          [3.4251e-05],
          [1.0114e-05],
          [2.9514e-04],
          [6.6555e-04],
          [1.6746e-05],
          [1.9215e-04],
          [6.7645e-04],
          [1.8799e-05],
          [1.8984e-05],
          [4.9019e-04],
          [1.9722e-04],
          [1.8636e-05],
          [1.7366e-05],
          [1.5627e-05],
          [1.5613e-05],
          [1.5684e-05],
          [1.9712e-05],
          [5.1586e-04],
          [2.1255e-05],
          [4.3934e-04],
          [1.5190e-05],
          [1.9467e-05],
          [2.8741e-05],
          [4.2747e-05],
          [7.7370e-05],
          [8.4946e-05],
          [1.2746e-04],
          [1.0672e-04],
          [1.3511e-04],
          [1.1291e-04],
          [1.3534e-04],
          [1.0657e-04],
          [8.0632e-05],
          [3.8864e-04],
          [5.3688e-05],
          [2.2286e-04],
          [5.0793e-05],
          [3.8228e-04],
          [2.7268e-05],
          [2.6061e-05],
          [2.6317e-05],
          [1.7529e-05],
          [1.7682e-05],
          [1.4621e-05],
          [1.3444e-05],
          [1.5035e-05],
          [2.0568e-04],
          [3.0726e-04],
          [1.4055e-05],
          [1.3839e-05],
          [2.8554e-04],
          [3.6812e-04],
          [1.7395e-05],
          [1.5671e-05],
          [1.5622e-05],
          [1.9328e-05],
          [2.3017e-05],
          [2.5283e-05],
          [2.1873e-05],
          [3.1654e-04],
          [2.5354e-04],
          [1.5972e-05],
          [1.8256e-05],
          [2.2104e-05],
          [2.2610e-05],
          [2.0719e-05],
          [2.5134e-05],
          [1.7494e-05],
          [2.7782e-04],
          [2.4447e-05],
          [2.7329e-05],
          [1.3995e-05],
          [2.4881e-05],
          [1.3222e-03],
          [1.6424e-05],
          [1.5341e-05],
          [1.3728e-05],
          [2.5974e-04],
          [1.5902e-04],
          [1.5538e-05],
          [1.7874e-05],
          [1.7045e-05],
          [2.0047e-05],
          [2.3390e-05],
          [2.3980e-05],
          [1.9571e-05],
          [1.6817e-05],
          [2.6451e-04],
          [5.2010e-05],
          [2.4438e-04],
          [1.6314e-05],
          [1.5537e-05],
          [1.7011e-05],
          [1.7899e-05],
          [1.9969e-05],
          [1.7655e-05],
          [1.9316e-05],
          [1.8479e-05],
          [1.6827e-05],
          [1.6431e-05],
          [1.4435e-05],
          [1.6292e-05],
          [2.0809e-05],
          [2.4028e-05],
          [2.5632e-05],
          [2.7632e-05],
          [2.8828e-05],
          [2.1569e-05],
          [1.0761e-04],
          [1.3818e-04],
          [2.1279e-05],
          [2.4957e-04],
          [1.7464e-05],
          [1.3780e-05],
          [1.1606e-05],
          [1.4935e-05],
          [2.0683e-05],
          [1.6182e-05],
          [1.8737e-05],
          [1.7447e-05],
          [1.6269e-05],
          [1.7186e-05],
          [1.4604e-05],
          [1.7285e-05],
          [2.0665e-05],
          [1.8234e-05],
          [2.3771e-05],
          [2.2193e-05],
          [3.3268e-04],
          [3.4906e-04],
          [4.8440e-05],
          [3.3082e-05],
          [3.1319e-05],
          [2.7592e-05],
          [2.9393e-05],
          [2.2646e-05],
          [2.1290e-05],
          [1.9055e-05],
          [1.7730e-05],
          [1.3088e-05],
          [1.6310e-05],
          [1.5664e-05],
          [1.9509e-05],
          [2.5292e-05],
          [2.7910e-05],
          [3.4171e-05],
          [5.2290e-05],
          [6.1093e-05],
          [6.9588e-05],
          [7.9228e-05],
          [7.2076e-05],
          [7.5652e-05],
          [6.1948e-05],
          [2.2794e-04],
          [2.8402e-04],
          [1.6273e-04],
          [6.3027e-04],
          [1.8251e-05],
          [1.8764e-05],
          [2.1295e-05],
          [2.1375e-05],
          [2.1096e-05],
          [2.3290e-05],
          [2.3894e-05],
          [2.2225e-05],
          [2.4207e-05],
          [2.3746e-05],
          [1.9908e-05],
          [2.3506e-04],
          [4.5566e-04],
          [2.7083e-05],
          [2.9414e-05],
          [2.9888e-05],
          [3.1550e-05],
          [2.9572e-05],
          [1.9767e-04],
          [3.5766e-05],
          [2.1872e-04],
          [1.4721e-05],
          [2.4538e-05],
          [2.5595e-04],
          [2.2123e-05],
          [2.1699e-04],
          [2.5451e-05],
          [1.8325e-05],
          [1.8645e-05],
          [3.1750e-04],
          [3.1565e-05],
          [1.1242e-03],
          [1.7959e-05],
          [2.4222e-05],
          [2.4766e-05],
          [2.4905e-05],
          [2.7512e-05],
          [2.5075e-05],
          [2.5114e-04],
          [2.5045e-04],
          [1.9473e-05],
          [1.6846e-05],
          [1.7028e-05],
          [1.4123e-05],
          [1.4324e-05],
          [1.6114e-05],
          [3.3818e-05],
          [2.5399e-04],
          [4.2840e-04],
          [2.1812e-05],
          [1.6440e-05],
          [1.4245e-05],
          [1.4692e-05],
          [2.1662e-04],
          [3.5618e-05],
          [1.8394e-05],
          [8.4054e-04],
          [2.3136e-05],
          [1.6217e-05],
          [2.0302e-05],
          [1.4531e-05],
          [1.5717e-05],
          [1.5039e-05],
          [1.4416e-05],
          [1.6881e-05],
          [4.0453e-05],
          [2.0127e-05],
          [1.7642e-05],
          [1.9285e-05],
          [1.5164e-05],
          [1.2982e-05],
          [1.4599e-05],
          [1.4526e-05],
          [1.7594e-05],
          [2.7834e-04],
          [2.6481e-04],
          [1.8625e-05],
          [1.6827e-05],
          [1.7183e-05],
          [2.1255e-05],
          [2.0150e-05],
          [1.8765e-05],
          [1.6516e-05],
          [2.4657e-05],
          [2.3475e-05],
          [1.3701e-05],
          [2.6410e-04],
          [1.2464e-04],
          [1.7218e-05],
          [1.7161e-04],
          [1.2054e-05],
          [1.6009e-04],
          [2.4847e-04],
          [2.5018e-05],
          [3.2290e-05],
          [3.6004e-05],
          [3.0579e-05],
          [3.9601e-05],
          [4.6295e-05],
          [5.4944e-05],
          [4.6075e-05],
          [5.5939e-05],
          [6.4676e-05],
          [8.7683e-05],
          [8.5704e-05],
          [8.9409e-05],
          [5.8743e-05],
          [2.0475e-04],
          [2.6810e-05],
          [2.4666e-05],
          [3.3667e-04],
          [1.3767e-04],
          [2.0745e-05],
          [2.9608e-04],
          [1.4099e-04],
          [3.1764e-05],
          [1.8308e-04],
          [1.4781e-05],
          [1.1759e-05],
          [1.2189e-05],
          [1.0275e-05],
          [1.4036e-05],
          [1.3500e-05],
          [2.1689e-05],
          [1.4713e-05],
          [1.5569e-05],
          [1.4931e-05],
          [4.2901e-04],
          [3.6462e-05],
          [6.9569e-05],
          [1.7357e-04],
          [1.3236e-05],
          [1.1218e-05],
          [1.2475e-05],
          [1.2152e-05],
          [1.2018e-05],
          [1.2449e-05],
          [3.4637e-04],
          [2.1214e-05],
          [7.1896e-04],
          [1.7796e-05],
          [1.2138e-05],
          [1.5384e-05],
          [1.5509e-05],
          [1.5838e-05],
          [1.6081e-05],
          [1.6456e-05],
          [2.1955e-05],
          [1.8861e-05],
          [2.7788e-05],
          [3.2267e-05],
          [4.1480e-05],
          [2.2066e-04],
          [3.9832e-04],
          [2.7341e-05],
          [2.2634e-05],
          [2.2364e-05],
          [1.3127e-05],
          [1.2445e-05],
          [1.6307e-05],
          [1.9795e-05],
          [1.7067e-05],
          [1.5667e-05],
          [1.3599e-05],
          [1.9095e-05],
          [1.3183e-05],
          [1.2034e-05],
          [1.3442e-05],
          [1.5954e-05],
          [1.6603e-05],
          [1.6464e-05],
          [1.5806e-05],
          [1.7370e-05],
          [1.7379e-05],
          [1.8123e-05],
          [1.8010e-05],
          [1.8444e-05],
          [1.9201e-05],
          [1.9168e-05],
          [2.4323e-05],
          [2.4068e-05],
          [2.4782e-05],
          [2.5126e-05],
          [2.3782e-05],
          [2.7109e-05],
          [3.7482e-05],
          [2.1000e-05],
          [1.9938e-05],
          [3.8940e-05],
          [1.7566e-05],
          [1.9181e-05],
          [1.6011e-05],
          [1.6724e-05],
          [1.7144e-05],
          [1.6578e-05],
          [1.6789e-05],
          [2.5879e-04],
          [3.2491e-05],
          [1.2156e-03],
          [2.1871e-05],
          [2.3007e-05],
          [2.2351e-05],
          [1.8964e-05],
          [2.1712e-05],
          [2.2249e-05],
          [2.0687e-05],
          [1.9776e-05],
          [1.7017e-05],
          [1.5741e-05],
          [1.9255e-05],
          [1.9499e-05],
          [2.0300e-05],
          [1.8134e-05],
          [2.4562e-04],
          [1.3720e-04],
          [7.7073e-04],
          [1.9620e-05],
          [1.2823e-05],
          [1.0118e-05],
          [1.3223e-05],
          [4.3939e-04],
          [4.7326e-04],
          [1.5817e-05],
          [1.6262e-05],
          [1.8678e-05],
          [2.3540e-05],
          [3.2376e-05],
          [3.7318e-05],
          [3.9553e-05],
          [3.3602e-05],
          [3.1050e-05],
          [2.1687e-05],
          [2.4583e-05],
          [2.2031e-05],
          [1.4100e-05],
          [1.4928e-05],
          [1.7734e-05],
          [1.3741e-05],
          [1.4363e-05],
          [5.7997e-05],
          [3.5189e-05],
          [4.0704e-05],
          [7.9841e-05],
          [2.4726e-05],
          [3.4156e-05],
          [2.6250e-05],
          [2.6355e-05],
          [2.1034e-05],
          [1.5025e-04],
          [2.0867e-04],
          [2.3121e-05],
          [2.2415e-05],
          [1.9825e-05],
          [1.8349e-05],
          [1.9362e-05],
          [1.8388e-05],
          [3.5574e-05],
          [1.0154e-04],
          [9.5290e-05],
          [2.5607e-04],
          [3.6985e-04],
          [3.1096e-05],
          [1.7510e-05],
          [1.8342e-05],
          [1.6922e-05],
          [1.5846e-05],
          [2.0339e-04],
          [1.4758e-04],
          [1.7511e-05],
          [7.5759e-05],
          [2.3280e-04],
          [1.8827e-05],
          [3.4627e-04],
          [2.3713e-05],
          [4.0769e-04],
          [2.0488e-05],
          [1.6783e-05],
          [1.3848e-05],
          [1.5517e-05],
          [1.4098e-05],
          [3.7965e-05],
          [6.4268e-06]]]])
