# Using CPU
# Loading Embeddings...
# Making Predictions...
torch.Size([1, 1, 442, 304])
tensor([[[[9.8284e-05],
          [2.5621e-05],
          [8.2931e-05],
          [4.4867e-05],
          [2.1870e-05],
          [1.6249e-04],
          [1.2191e-04],
          [2.3789e-05],
          [1.3174e-04],
          [1.3391e-04],
          [2.5532e-05],
          [2.3097e-05],
          [2.7288e-04],
          [1.7746e-04],
          [3.1218e-05],
          [2.4470e-05],
          [2.4543e-05],
          [3.6049e-05],
          [3.2261e-05],
          [3.4151e-05],
          [1.9288e-04],
          [2.6151e-05],
          [8.1161e-05],
          [2.2203e-05],
          [2.1851e-05],
          [1.9733e-05],
          [2.3923e-05],
          [3.3681e-05],
          [3.9502e-05],
          [4.9447e-05],
          [4.6974e-05],
          [5.5185e-05],
          [5.1628e-05],
          [6.3344e-05],
          [5.7664e-05],
          [5.0048e-05],
          [5.6896e-04],
          [6.5349e-05],
          [1.9251e-04],
          [7.8985e-05],
          [1.3672e-04],
          [2.0158e-05],
          [1.9307e-05],
          [2.3785e-05],
          [1.9847e-05],
          [2.1427e-05],
          [1.7763e-05],
          [2.0631e-05],
          [1.7710e-05],
          [1.1650e-04],
          [9.9271e-05],
          [2.2990e-05],
          [2.0435e-05],
          [2.7075e-04],
          [9.2272e-05],
          [1.9021e-05],
          [1.6172e-05],
          [1.7705e-05],
          [1.7749e-05],
          [2.3838e-05],
          [2.2764e-05],
          [2.1615e-05],
          [3.5193e-04],
          [2.2833e-04],
          [2.1700e-05],
          [2.7447e-05],
          [2.6364e-05],
          [2.8424e-05],
          [3.1078e-05],
          [2.2652e-05],
          [1.8454e-05],
          [1.8267e-04],
          [2.4588e-05],
          [2.2079e-05],
          [1.7163e-05],
          [2.2347e-05],
          [1.5963e-04],
          [2.0280e-05],
          [2.1772e-05],
          [1.9105e-05],
          [1.2839e-04],
          [1.2449e-04],
          [1.7486e-05],
          [1.2684e-05],
          [1.4699e-05],
          [1.4350e-05],
          [1.5416e-05],
          [1.6033e-05],
          [1.7714e-05],
          [1.6960e-05],
          [1.2212e-04],
          [3.3959e-05],
          [1.2379e-04],
          [2.2804e-05],
          [2.4057e-05],
          [3.3125e-05],
          [4.1878e-05],
          [5.0371e-05],
          [5.1120e-05],
          [5.8324e-05],
          [5.7903e-05],
          [5.9287e-05],
          [3.7074e-05],
          [2.9434e-05],
          [2.5128e-05],
          [2.2194e-05],
          [1.9595e-05],
          [1.9251e-05],
          [2.0802e-05],
          [2.0549e-05],
          [1.7573e-05],
          [7.2558e-05],
          [1.1646e-04],
          [3.7144e-05],
          [1.9345e-04],
          [2.3156e-05],
          [1.5903e-05],
          [1.4124e-05],
          [1.6864e-05],
          [2.3488e-05],
          [2.1696e-05],
          [1.7949e-05],
          [2.0893e-05],
          [1.8935e-05],
          [2.0546e-05],
          [2.5713e-05],
          [2.0973e-05],
          [2.3551e-05],
          [2.6381e-05],
          [3.2155e-05],
          [6.3463e-05],
          [4.6664e-04],
          [4.1156e-04],
          [1.3293e-04],
          [6.4990e-05],
          [4.4063e-05],
          [3.1219e-05],
          [3.4098e-05],
          [2.5760e-05],
          [2.7605e-05],
          [2.2734e-05],
          [2.0882e-05],
          [1.8397e-05],
          [2.0897e-05],
          [2.3140e-05],
          [2.2957e-05],
          [2.3523e-05],
          [3.1921e-05],
          [3.8918e-05],
          [6.5163e-05],
          [6.2890e-05],
          [7.6566e-05],
          [7.8116e-05],
          [1.1486e-04],
          [8.4503e-05],
          [9.3426e-05],
          [2.3660e-04],
          [1.4524e-04],
          [1.0065e-04],
          [1.6880e-04],
          [2.4699e-05],
          [2.7574e-05],
          [2.9451e-05],
          [3.9529e-05],
          [3.0918e-05],
          [3.4755e-05],
          [3.7687e-05],
          [3.5781e-05],
          [4.1372e-05],
          [3.5075e-05],
          [2.9539e-05],
          [2.1891e-04],
          [2.0217e-04],
          [3.4280e-05],
          [3.9864e-05],
          [3.8343e-05],
          [3.9214e-05],
          [3.2544e-05],
          [2.6303e-04],
          [4.6811e-05],
          [3.2317e-04],
          [2.4365e-05],
          [2.6021e-05],
          [1.5542e-04],
          [2.7462e-05],
          [1.4653e-04],
          [2.7770e-05],
          [2.9671e-05],
          [2.6705e-05],
          [1.5954e-04],
          [3.6553e-05],
          [1.0128e-04],
          [2.6151e-05],
          [2.4929e-05],
          [2.2376e-05],
          [1.9102e-05],
          [2.0573e-05],
          [2.1662e-05],
          [1.7444e-04],
          [1.3959e-04],
          [1.7771e-05],
          [1.8935e-05],
          [2.0290e-05],
          [1.9580e-05],
          [2.2322e-05],
          [2.4383e-05],
          [2.4198e-05],
          [1.0829e-04],
          [8.1147e-05],
          [2.1150e-05],
          [1.8158e-05],
          [1.8108e-05],
          [1.7833e-05],
          [1.5910e-04],
          [4.3590e-05],
          [4.1432e-05],
          [1.7250e-04],
          [2.2671e-05],
          [2.1229e-05],
          [2.2364e-05],
          [2.6201e-05],
          [2.8979e-05],
          [3.2113e-05],
          [3.0969e-05],
          [2.9646e-05],
          [3.3392e-05],
          [3.3288e-05],
          [3.5255e-05],
          [4.0079e-05],
          [3.8539e-05],
          [3.0298e-05],
          [3.3331e-05],
          [2.2904e-05],
          [1.9109e-05],
          [1.7593e-04],
          [1.2883e-04],
          [2.4858e-05],
          [2.1168e-05],
          [2.4596e-05],
          [3.1618e-05],
          [7.3785e-05],
          [6.7194e-05],
          [3.5973e-05],
          [1.0839e-04],
          [7.9988e-05],
          [3.1277e-05],
          [1.1221e-04],
          [9.0979e-05],
          [1.9001e-05],
          [1.5582e-04],
          [1.5602e-05],
          [1.2968e-04],
          [7.6990e-05],
          [1.8677e-05],
          [2.2063e-05],
          [2.5676e-05],
          [2.1071e-05],
          [2.2378e-05],
          [2.2511e-05],
          [2.8964e-05],
          [2.6021e-05],
          [4.2379e-05],
          [4.9370e-05],
          [8.8147e-05],
          [7.5580e-05],
          [8.2998e-05],
          [5.5252e-05],
          [2.6273e-04],
          [4.7114e-05],
          [3.2920e-05],
          [2.4763e-04],
          [1.1940e-04],
          [2.6253e-05],
          [1.4458e-04],
          [1.3501e-04],
          [4.3114e-05],
          [2.2353e-04],
          [1.4614e-05],
          [1.2994e-05],
          [1.4717e-05],
          [1.6722e-05],
          [2.0973e-05],
          [2.4632e-05],
          [3.1931e-05],
          [3.1219e-05],
          [4.9073e-05],
          [2.8063e-05],
          [1.9592e-04],
          [2.0173e-05],
          [6.5241e-05],
          [4.4872e-05],
          [1.4249e-05],
          [1.3085e-05],
          [1.4616e-05],
          [1.3660e-05],
          [2.1272e-05],
          [2.1359e-05],
          [1.1714e-04],
          [2.5846e-05],
          [1.1661e-04],
          [2.1246e-05],
          [2.2118e-05],
          [2.2098e-05],
          [1.9210e-05],
          [2.0611e-05],
          [2.4826e-05],
          [2.0268e-05],
          [2.1318e-05],
          [2.9624e-05],
          [2.1828e-05],
          [2.2269e-05],
          [2.4266e-05],
          [2.0305e-04],
          [1.1005e-04],
          [2.2650e-05],
          [2.2159e-05],
          [1.8824e-05],
          [2.3617e-05],
          [3.2977e-05],
          [4.6762e-05],
          [4.9285e-05],
          [4.4225e-05],
          [3.9190e-05],
          [3.8107e-05],
          [2.9818e-05],
          [1.8562e-05],
          [1.8004e-05],
          [1.7012e-05],
          [1.8863e-05],
          [1.5944e-05],
          [1.4573e-05],
          [1.8832e-05],
          [1.9615e-05],
          [2.0237e-05],
          [3.4399e-05],
          [4.2690e-05],
          [4.5916e-05],
          [5.1853e-05],
          [4.7354e-05],
          [8.1348e-05],
          [1.0185e-04],
          [6.8683e-05],
          [3.5619e-05],
          [3.7586e-05],
          [4.4011e-05],
          [6.0623e-05],
          [2.5252e-05],
          [5.7504e-05],
          [3.6332e-05],
          [3.7864e-05],
          [5.2415e-05],
          [2.9342e-05],
          [3.0500e-05],
          [2.7041e-05],
          [1.7002e-05],
          [1.9769e-05],
          [1.7181e-04],
          [3.2301e-05],
          [1.0799e-04],
          [2.4785e-05],
          [2.5629e-05],
          [2.0817e-05],
          [2.3091e-05],
          [2.5246e-05],
          [2.7373e-05],
          [2.0102e-05],
          [1.8250e-05],
          [1.7474e-05],
          [1.8114e-05],
          [1.7187e-05],
          [1.8306e-05],
          [2.1244e-05],
          [2.1417e-05],
          [1.9110e-04],
          [6.4593e-05],
          [1.7640e-04],
          [1.9275e-05],
          [1.5530e-05],
          [2.0784e-05],
          [2.6906e-05],
          [1.3167e-04],
          [1.1216e-04],
          [3.9799e-05],
          [3.9318e-05],
          [2.7104e-05],
          [3.0722e-05],
          [3.7351e-05],
          [5.3281e-05],
          [7.6026e-05],
          [7.7111e-05],
          [5.8442e-05],
          [4.8202e-05],
          [3.6710e-05],
          [2.7128e-05],
          [1.6721e-05],
          [1.6648e-05],
          [1.9469e-05],
          [2.1752e-05],
          [1.5860e-05],
          [8.6935e-05],
          [4.5384e-05],
          [2.8948e-05],
          [6.6464e-05],
          [1.9601e-05],
          [2.9928e-05],
          [2.2225e-05],
          [2.0196e-05],
          [1.3413e-05],
          [1.2347e-04],
          [1.2554e-04],
          [2.2203e-05],
          [1.9692e-05],
          [2.3079e-05],
          [1.6983e-05],
          [3.1733e-05],
          [2.2696e-05],
          [3.1437e-05],
          [7.9854e-05],
          [8.8537e-05],
          [1.2765e-04],
          [1.2776e-04],
          [2.6405e-05],
          [2.4204e-05],
          [1.5168e-05],
          [1.8146e-05],
          [1.2757e-05],
          [1.8979e-04],
          [1.2160e-04],
          [1.5906e-05],
          [6.1683e-05],
          [1.2870e-04],
          [1.5396e-05],
          [2.4049e-04],
          [1.7603e-05],
          [2.0938e-04],
          [1.6017e-05],
          [1.2069e-05],
          [1.2659e-05],
          [2.1208e-05],
          [1.2244e-05],
          [2.5128e-05],
          [5.1156e-06]]]])
