# Using CPU
# Loading Embeddings...
# Making Predictions...
torch.Size([1, 1, 442, 263])
tensor([[[[2.4669e-04],
          [7.4290e-05],
          [1.1834e-04],
          [3.3985e-05],
          [9.1609e-06],
          [3.6957e-04],
          [1.2328e-03],
          [2.1324e-05],
          [3.4808e-04],
          [1.2250e-03],
          [2.1875e-05],
          [1.9392e-05],
          [8.6440e-04],
          [2.6992e-04],
          [5.2066e-05],
          [1.1510e-05],
          [1.0563e-05],
          [1.1522e-05],
          [1.6254e-05],
          [1.7525e-05],
          [7.0924e-04],
          [2.6831e-05],
          [7.6862e-04],
          [1.7787e-05],
          [1.9259e-05],
          [2.2199e-05],
          [2.6983e-05],
          [3.7238e-05],
          [3.3276e-05],
          [4.2611e-05],
          [3.0006e-05],
          [3.9049e-05],
          [2.9628e-05],
          [3.1983e-05],
          [3.2991e-05],
          [3.1807e-05],
          [9.8332e-04],
          [2.8838e-05],
          [3.3475e-04],
          [1.4204e-04],
          [5.7246e-04],
          [1.7169e-05],
          [1.7832e-05],
          [1.9367e-05],
          [1.6754e-05],
          [1.6084e-05],
          [1.4370e-05],
          [1.3431e-05],
          [1.2982e-05],
          [4.1398e-04],
          [4.8747e-04],
          [1.3611e-05],
          [1.4621e-05],
          [6.8811e-04],
          [6.2832e-04],
          [1.4844e-05],
          [1.4128e-05],
          [1.4127e-05],
          [1.6938e-05],
          [2.0884e-05],
          [2.0470e-05],
          [1.9377e-05],
          [5.8355e-04],
          [3.1718e-04],
          [1.7267e-05],
          [1.5947e-05],
          [1.5331e-05],
          [1.4589e-05],
          [1.6162e-05],
          [1.6836e-05],
          [1.7526e-05],
          [5.5744e-04],
          [2.9880e-05],
          [3.5895e-05],
          [1.6529e-05],
          [2.8665e-05],
          [2.3541e-03],
          [1.4306e-05],
          [1.3164e-05],
          [1.1310e-05],
          [5.2118e-04],
          [1.9520e-04],
          [1.3429e-05],
          [1.2996e-05],
          [1.4294e-05],
          [1.6781e-05],
          [1.8888e-05],
          [2.1854e-05],
          [2.0367e-05],
          [1.9094e-05],
          [3.4550e-04],
          [1.2563e-04],
          [3.8208e-04],
          [1.6801e-05],
          [2.0193e-05],
          [2.5705e-05],
          [2.9215e-05],
          [4.0565e-05],
          [3.1847e-05],
          [3.5220e-05],
          [2.8703e-05],
          [2.2955e-05],
          [1.3810e-05],
          [1.3927e-05],
          [1.6333e-05],
          [2.1701e-05],
          [2.4843e-05],
          [2.7678e-05],
          [2.7933e-05],
          [2.9445e-05],
          [2.7666e-05],
          [1.9433e-04],
          [2.4882e-04],
          [2.2601e-05],
          [3.5138e-04],
          [1.6703e-05],
          [1.3078e-05],
          [1.1348e-05],
          [1.1658e-05],
          [1.3857e-05],
          [1.5229e-05],
          [1.3924e-05],
          [1.8500e-05],
          [1.3347e-05],
          [1.6506e-05],
          [1.8391e-05],
          [2.2427e-05],
          [2.1184e-05],
          [2.3429e-05],
          [2.6142e-05],
          [2.5833e-05],
          [8.7854e-04],
          [4.7041e-04],
          [2.1655e-05],
          [2.5420e-05],
          [1.8031e-05],
          [1.4074e-05],
          [1.2429e-05],
          [1.1646e-05],
          [1.2711e-05],
          [1.3070e-05],
          [1.3383e-05],
          [1.2038e-05],
          [1.5737e-05],
          [1.8974e-05],
          [2.4414e-05],
          [2.6741e-05],
          [3.3187e-05],
          [3.8138e-05],
          [4.6586e-05],
          [4.1923e-05],
          [3.0619e-05],
          [3.5580e-05],
          [3.1874e-05],
          [2.5375e-05],
          [2.7475e-05],
          [5.2809e-04],
          [5.0368e-04],
          [2.3454e-04],
          [1.3982e-03],
          [2.1535e-05],
          [1.4871e-05],
          [1.4952e-05],
          [1.5617e-05],
          [1.5261e-05],
          [2.0270e-05],
          [1.6424e-05],
          [1.8986e-05],
          [1.8212e-05],
          [2.1856e-05],
          [1.7946e-05],
          [4.7683e-04],
          [8.2043e-04],
          [2.1949e-05],
          [2.8986e-05],
          [4.0674e-05],
          [2.8752e-05],
          [2.7242e-05],
          [4.3353e-04],
          [5.9004e-05],
          [3.2759e-04],
          [2.0729e-05],
          [1.7654e-05],
          [2.9831e-04],
          [2.0763e-05],
          [3.6785e-04],
          [1.9752e-05],
          [2.1321e-05],
          [1.6784e-05],
          [5.8590e-04],
          [3.2265e-05],
          [2.1995e-03],
          [2.0048e-05],
          [2.4783e-05],
          [2.3500e-05],
          [2.6188e-05],
          [2.4640e-05],
          [2.6824e-05],
          [4.1343e-04],
          [3.5688e-04],
          [2.3718e-05],
          [2.2640e-05],
          [1.8290e-05],
          [1.7156e-05],
          [1.6689e-05],
          [1.3984e-05],
          [1.9316e-05],
          [4.4839e-04],
          [8.5540e-04],
          [1.3432e-05],
          [1.4997e-05],
          [1.6449e-05],
          [1.5883e-05],
          [3.1931e-04],
          [3.0654e-05],
          [1.7803e-05],
          [1.4012e-03],
          [1.5704e-05],
          [1.3042e-05],
          [1.1542e-05],
          [1.1787e-05],
          [1.4065e-05],
          [1.3112e-05],
          [1.2837e-05],
          [1.2218e-05],
          [1.8698e-05],
          [1.4690e-05],
          [1.1397e-05],
          [1.1157e-05],
          [1.0963e-05],
          [1.0833e-05],
          [1.0648e-05],
          [1.1068e-05],
          [1.2212e-05],
          [4.6565e-04],
          [4.5396e-04],
          [1.4984e-05],
          [1.4893e-05],
          [1.2854e-05],
          [1.6567e-05],
          [1.5678e-05],
          [2.0105e-05],
          [1.7659e-05],
          [2.1777e-05],
          [2.2736e-05],
          [1.4379e-05],
          [3.9798e-04],
          [6.8814e-04],
          [2.4097e-05],
          [3.7335e-04],
          [1.1460e-05],
          [2.5925e-04],
          [3.0726e-04],
          [1.6297e-05],
          [1.7915e-05],
          [1.9340e-05],
          [2.1354e-05],
          [2.5711e-05],
          [2.7899e-05],
          [3.5442e-05],
          [3.9120e-05],
          [4.4125e-05],
          [4.6079e-05],
          [4.5161e-05],
          [8.8539e-05],
          [5.3533e-05],
          [6.5137e-05],
          [2.4027e-04],
          [3.0987e-05],
          [2.9031e-05],
          [4.3109e-04],
          [2.6768e-04],
          [2.2181e-05],
          [4.3894e-04],
          [2.0643e-04],
          [6.2424e-05],
          [3.1851e-04],
          [1.4154e-05],
          [1.0060e-05],
          [1.0086e-05],
          [9.9293e-06],
          [1.0318e-05],
          [1.0121e-05],
          [1.7012e-05],
          [1.3646e-05],
          [1.7331e-05],
          [1.4007e-05],
          [1.1331e-03],
          [3.0572e-05],
          [1.4370e-04],
          [1.2892e-04],
          [1.1091e-05],
          [9.9623e-06],
          [1.0909e-05],
          [1.0580e-05],
          [1.0289e-05],
          [9.8254e-06],
          [3.2916e-04],
          [1.8244e-05],
          [1.7348e-03],
          [1.4816e-05],
          [1.0591e-05],
          [1.1357e-05],
          [1.1916e-05],
          [1.1816e-05],
          [1.2223e-05],
          [1.1219e-05],
          [1.2949e-05],
          [1.2519e-05],
          [1.3372e-05],
          [1.7302e-05],
          [1.6632e-05],
          [4.6558e-04],
          [7.5975e-04],
          [1.7535e-05],
          [1.3880e-05],
          [4.0978e-05],
          [1.0762e-05],
          [1.1175e-05],
          [1.6263e-05],
          [1.6945e-05],
          [1.7321e-05],
          [1.6782e-05],
          [1.5641e-05],
          [1.4693e-05],
          [1.0865e-05],
          [1.0003e-05],
          [1.0370e-05],
          [1.1237e-05],
          [1.1478e-05],
          [1.0630e-05],
          [1.0898e-05],
          [1.2084e-05],
          [1.1873e-05],
          [1.4901e-05],
          [1.5445e-05],
          [1.6554e-05],
          [1.9284e-05],
          [1.6416e-05],
          [2.0823e-05],
          [1.9558e-05],
          [2.1557e-05],
          [1.8227e-05],
          [1.7824e-05],
          [2.1445e-05],
          [2.3747e-05],
          [1.7756e-05],
          [1.6182e-05],
          [1.6696e-05],
          [1.6885e-05],
          [1.6594e-05],
          [1.5657e-05],
          [1.3479e-05],
          [1.2751e-05],
          [1.3191e-05],
          [1.2830e-05],
          [6.9202e-04],
          [3.6301e-05],
          [2.5087e-03],
          [1.4151e-05],
          [1.3260e-05],
          [1.2952e-05],
          [1.2668e-05],
          [1.3717e-05],
          [1.1529e-05],
          [9.8952e-06],
          [1.0074e-05],
          [1.0286e-05],
          [1.0422e-05],
          [1.0167e-05],
          [9.8104e-06],
          [1.1049e-05],
          [1.0856e-05],
          [6.8643e-04],
          [1.5722e-04],
          [1.4911e-03],
          [1.5698e-05],
          [1.1170e-05],
          [1.0025e-05],
          [1.1321e-05],
          [4.7653e-04],
          [9.8908e-04],
          [1.6075e-05],
          [1.8826e-05],
          [1.9608e-05],
          [2.5212e-05],
          [3.0019e-05],
          [3.6877e-05],
          [3.6528e-05],
          [3.1193e-05],
          [2.8361e-05],
          [2.6892e-05],
          [1.9782e-05],
          [1.5796e-05],
          [1.0790e-05],
          [1.0523e-05],
          [9.8795e-06],
          [1.1359e-05],
          [1.1898e-05],
          [3.1695e-05],
          [3.2515e-05],
          [4.3563e-05],
          [4.0653e-05],
          [3.0200e-05],
          [2.6438e-05],
          [2.9715e-05],
          [2.8301e-05],
          [2.3354e-05],
          [3.4194e-04],
          [3.5316e-04],
          [1.9067e-05],
          [1.7258e-05],
          [1.4278e-05],
          [1.4233e-05],
          [1.6248e-05],
          [1.9976e-05],
          [1.9637e-05],
          [2.1894e-04],
          [9.3787e-05],
          [3.6995e-04],
          [7.3975e-04],
          [1.5056e-05],
          [1.7980e-05],
          [1.6259e-05],
          [1.8355e-05],
          [1.8887e-05],
          [4.0089e-04],
          [2.7150e-04],
          [1.5827e-05],
          [1.0373e-04],
          [2.3536e-04],
          [1.9117e-05],
          [1.5957e-03],
          [3.5135e-05],
          [9.9993e-04],
          [1.6049e-05],
          [1.4408e-05],
          [1.2052e-05],
          [1.1968e-05],
          [1.1012e-05],
          [2.3036e-04],
          [8.1678e-06]]]])
