# Using CPU
# Loading Embeddings...
# Making Predictions...
torch.Size([1, 1, 442, 257])
tensor([[[[1.2234e-04],
          [3.9041e-05],
          [8.7709e-05],
          [2.4328e-05],
          [8.9847e-06],
          [1.9523e-04],
          [1.2437e-04],
          [2.8022e-05],
          [1.8599e-04],
          [1.1922e-04],
          [1.3740e-05],
          [1.2860e-05],
          [4.7757e-04],
          [1.8308e-04],
          [5.7698e-05],
          [1.1046e-05],
          [1.1159e-05],
          [1.4470e-05],
          [1.2531e-05],
          [2.5491e-05],
          [3.0162e-04],
          [2.0307e-05],
          [1.8880e-04],
          [1.5916e-05],
          [1.2870e-05],
          [1.6868e-05],
          [2.0490e-05],
          [3.3707e-05],
          [4.3032e-05],
          [5.4028e-05],
          [5.8646e-05],
          [6.3475e-05],
          [6.4319e-05],
          [6.1374e-05],
          [4.8711e-05],
          [3.3988e-05],
          [1.3090e-03],
          [4.9366e-05],
          [1.1476e-04],
          [1.0998e-04],
          [1.6832e-04],
          [1.4923e-05],
          [1.3836e-05],
          [1.4342e-05],
          [1.3158e-05],
          [1.4303e-05],
          [1.0264e-05],
          [1.2907e-05],
          [1.1893e-05],
          [2.1308e-04],
          [1.7376e-04],
          [1.1303e-05],
          [1.1573e-05],
          [3.0211e-04],
          [1.4080e-04],
          [1.2063e-05],
          [1.1565e-05],
          [1.2259e-05],
          [1.3402e-05],
          [1.4315e-05],
          [1.3786e-05],
          [1.4279e-05],
          [3.3677e-04],
          [2.1390e-04],
          [1.2417e-05],
          [1.6715e-05],
          [1.7406e-05],
          [1.8152e-05],
          [1.9501e-05],
          [1.4109e-05],
          [1.2502e-05],
          [2.8156e-04],
          [2.4305e-05],
          [2.9649e-05],
          [1.3594e-05],
          [1.7641e-05],
          [3.7605e-04],
          [1.3280e-05],
          [1.0920e-05],
          [1.0643e-05],
          [3.4135e-04],
          [1.7070e-04],
          [1.0189e-05],
          [1.0192e-05],
          [1.0322e-05],
          [1.1863e-05],
          [1.1837e-05],
          [1.2808e-05],
          [1.2200e-05],
          [1.2028e-05],
          [1.7822e-04],
          [3.7713e-05],
          [2.5771e-04],
          [1.1241e-05],
          [1.1037e-05],
          [1.2707e-05],
          [1.5668e-05],
          [1.7782e-05],
          [1.8871e-05],
          [2.2088e-05],
          [2.4409e-05],
          [1.8096e-05],
          [1.2637e-05],
          [1.0714e-05],
          [1.0888e-05],
          [1.4045e-05],
          [1.3178e-05],
          [1.4786e-05],
          [1.6075e-05],
          [1.6935e-05],
          [1.4677e-05],
          [1.1855e-04],
          [1.0099e-04],
          [2.4467e-05],
          [2.6486e-04],
          [1.3164e-05],
          [1.0979e-05],
          [9.6527e-06],
          [1.0723e-05],
          [1.1224e-05],
          [1.1650e-05],
          [1.0439e-05],
          [1.2638e-05],
          [1.1054e-05],
          [1.1560e-05],
          [1.1292e-05],
          [1.1872e-05],
          [1.4757e-05],
          [1.8091e-05],
          [2.3995e-05],
          [3.9234e-05],
          [5.1006e-04],
          [2.6634e-04],
          [8.8870e-05],
          [5.1391e-05],
          [2.5332e-05],
          [2.0660e-05],
          [1.5819e-05],
          [1.2442e-05],
          [1.2629e-05],
          [1.1146e-05],
          [1.1015e-05],
          [1.0730e-05],
          [1.0966e-05],
          [1.1985e-05],
          [1.4584e-05],
          [1.6119e-05],
          [2.1608e-05],
          [2.5241e-05],
          [3.7323e-05],
          [3.8857e-05],
          [4.1625e-05],
          [3.7332e-05],
          [4.4951e-05],
          [3.5215e-05],
          [2.9709e-05],
          [1.9447e-04],
          [1.1476e-04],
          [1.0613e-04],
          [2.5175e-04],
          [1.4954e-05],
          [1.6003e-05],
          [2.0232e-05],
          [2.8806e-05],
          [1.6260e-05],
          [2.0006e-05],
          [2.1126e-05],
          [1.8808e-05],
          [2.2461e-05],
          [2.1367e-05],
          [1.4942e-05],
          [2.2033e-04],
          [2.1287e-04],
          [1.6769e-05],
          [2.0259e-05],
          [2.1638e-05],
          [2.2748e-05],
          [2.0772e-05],
          [2.1946e-04],
          [4.0294e-05],
          [1.9045e-04],
          [1.4191e-05],
          [1.9613e-05],
          [2.1593e-04],
          [1.6950e-05],
          [2.1261e-04],
          [1.7474e-05],
          [1.8955e-05],
          [1.4531e-05],
          [2.7375e-04],
          [2.8109e-05],
          [2.2096e-04],
          [1.4485e-05],
          [1.5474e-05],
          [1.6334e-05],
          [1.8800e-05],
          [2.1898e-05],
          [1.8316e-05],
          [2.3068e-04],
          [1.9380e-04],
          [1.5408e-05],
          [1.3541e-05],
          [1.3663e-05],
          [1.3325e-05],
          [1.6439e-05],
          [1.7052e-05],
          [1.5711e-05],
          [2.3782e-04],
          [1.7411e-04],
          [1.4489e-05],
          [1.4622e-05],
          [1.5854e-05],
          [1.3649e-05],
          [2.4711e-04],
          [2.7923e-05],
          [2.0118e-05],
          [3.4949e-04],
          [1.3591e-05],
          [1.2643e-05],
          [1.1382e-05],
          [1.3084e-05],
          [1.5486e-05],
          [1.4142e-05],
          [1.2941e-05],
          [1.3978e-05],
          [2.0385e-05],
          [1.9865e-05],
          [1.6253e-05],
          [1.7195e-05],
          [1.5922e-05],
          [1.4743e-05],
          [1.4229e-05],
          [1.1147e-05],
          [1.0727e-05],
          [4.4319e-04],
          [1.2176e-04],
          [1.5709e-05],
          [1.4618e-05],
          [1.3112e-05],
          [1.8257e-05],
          [2.4530e-05],
          [2.3961e-05],
          [1.7337e-05],
          [3.8672e-05],
          [3.0198e-05],
          [1.4889e-05],
          [2.1245e-04],
          [1.0655e-04],
          [2.4120e-05],
          [2.2957e-04],
          [1.1030e-05],
          [1.5193e-04],
          [1.3543e-04],
          [1.8841e-05],
          [2.5090e-05],
          [2.7120e-05],
          [2.5813e-05],
          [3.2921e-05],
          [3.8068e-05],
          [4.3664e-05],
          [4.0598e-05],
          [4.7652e-05],
          [4.9399e-05],
          [6.2334e-05],
          [5.9089e-05],
          [5.8587e-05],
          [5.3204e-05],
          [3.2314e-04],
          [2.9551e-05],
          [4.1348e-05],
          [2.0587e-04],
          [1.9719e-04],
          [2.2643e-05],
          [1.4222e-04],
          [1.3911e-04],
          [3.9465e-05],
          [2.2773e-04],
          [1.1718e-05],
          [9.8245e-06],
          [9.4926e-06],
          [9.2329e-06],
          [1.0767e-05],
          [1.1182e-05],
          [3.4614e-05],
          [1.3289e-05],
          [1.4885e-05],
          [1.2179e-05],
          [3.8124e-04],
          [2.5223e-05],
          [8.0858e-05],
          [6.8873e-05],
          [1.2109e-05],
          [9.7382e-06],
          [9.0643e-06],
          [9.1729e-06],
          [1.0871e-05],
          [1.0369e-05],
          [2.9905e-04],
          [1.9742e-05],
          [2.9161e-04],
          [1.2458e-05],
          [1.1056e-05],
          [1.4058e-05],
          [1.4390e-05],
          [1.4770e-05],
          [1.5105e-05],
          [1.4809e-05],
          [1.8324e-05],
          [1.7752e-05],
          [2.2402e-05],
          [2.6025e-05],
          [2.5965e-05],
          [2.6576e-04],
          [2.2711e-04],
          [2.1778e-05],
          [1.7460e-05],
          [1.4277e-05],
          [1.2069e-05],
          [1.5546e-05],
          [1.7619e-05],
          [1.9214e-05],
          [1.5092e-05],
          [8.1649e-05],
          [1.3351e-05],
          [1.3102e-05],
          [1.1054e-05],
          [1.2037e-05],
          [1.1619e-05],
          [1.3970e-05],
          [1.4436e-05],
          [1.4968e-05],
          [1.5076e-05],
          [1.6018e-05],
          [1.6195e-05],
          [1.8868e-05],
          [1.9525e-05],
          [2.2641e-05],
          [2.0882e-05],
          [1.8391e-05],
          [2.4047e-05],
          [2.7749e-05],
          [2.7205e-05],
          [2.8387e-05],
          [2.8274e-05],
          [3.0559e-05],
          [3.7134e-05],
          [2.2554e-05],
          [3.8183e-05],
          [3.0676e-05],
          [2.1483e-05],
          [2.7204e-05],
          [1.6198e-05],
          [1.8146e-05],
          [1.7687e-05],
          [1.3069e-05],
          [1.4972e-05],
          [2.4033e-04],
          [2.7216e-05],
          [2.2469e-04],
          [1.7864e-05],
          [1.7919e-05],
          [1.6451e-05],
          [1.5313e-05],
          [1.6884e-05],
          [1.6638e-05],
          [1.6986e-05],
          [1.5136e-05],
          [1.4433e-05],
          [1.5509e-05],
          [1.6202e-05],
          [1.3561e-05],
          [1.5703e-05],
          [1.4013e-05],
          [3.0287e-04],
          [7.0625e-05],
          [3.2192e-04],
          [1.2600e-05],
          [1.0684e-05],
          [1.1297e-05],
          [1.2765e-05],
          [3.8123e-04],
          [2.1925e-04],
          [1.3612e-05],
          [1.6154e-05],
          [1.8477e-05],
          [2.4236e-05],
          [3.2497e-05],
          [4.2212e-05],
          [4.2862e-05],
          [3.6321e-05],
          [2.6458e-05],
          [1.9938e-05],
          [2.2742e-05],
          [1.4827e-05],
          [1.1899e-05],
          [1.0706e-05],
          [1.1197e-05],
          [1.2398e-05],
          [1.4826e-05],
          [1.0844e-04],
          [4.8049e-05],
          [3.1372e-05],
          [7.1328e-05],
          [2.2588e-05],
          [2.6392e-05],
          [2.5192e-05],
          [2.3357e-05],
          [1.6175e-05],
          [2.8867e-04],
          [1.3118e-04],
          [1.3668e-05],
          [1.3080e-05],
          [1.6268e-05],
          [1.4013e-05],
          [2.7025e-05],
          [2.6655e-05],
          [3.1793e-05],
          [7.3610e-05],
          [1.2255e-04],
          [3.1427e-04],
          [1.2859e-04],
          [2.4793e-05],
          [1.7752e-05],
          [1.4379e-05],
          [1.7262e-05],
          [1.2833e-05],
          [3.0394e-04],
          [1.2429e-04],
          [1.7605e-05],
          [4.4497e-05],
          [1.6581e-04],
          [1.3762e-05],
          [1.8479e-04],
          [1.7994e-05],
          [2.0428e-04],
          [1.6739e-05],
          [1.1799e-05],
          [9.3399e-06],
          [1.7514e-05],
          [1.7875e-05],
          [3.2853e-05],
          [5.7546e-06]]]])
