# Using CPU
# Loading Embeddings...
# Making Predictions...
torch.Size([1, 1, 442, 666])
tensor([[[[2.8936e-04],
          [2.8104e-05],
          [8.8164e-05],
          [1.4667e-04],
          [1.3765e-05],
          [2.7128e-04],
          [3.1079e-04],
          [2.7082e-05],
          [1.7205e-03],
          [9.2970e-04],
          [1.8690e-05],
          [1.7978e-05],
          [3.2476e-04],
          [1.7969e-04],
          [5.8687e-05],
          [1.6423e-05],
          [3.4619e-05],
          [1.4671e-05],
          [1.7343e-05],
          [2.8018e-05],
          [1.0373e-03],
          [3.8650e-05],
          [8.7198e-04],
          [1.8573e-05],
          [1.7698e-05],
          [2.2504e-05],
          [2.8324e-05],
          [4.6854e-05],
          [6.2530e-05],
          [7.2593e-05],
          [7.2974e-05],
          [8.4448e-05],
          [7.8535e-05],
          [1.1107e-04],
          [7.2771e-05],
          [5.5433e-05],
          [1.4307e-03],
          [8.4604e-05],
          [2.4364e-04],
          [1.6625e-04],
          [3.3047e-04],
          [1.6815e-05],
          [1.6447e-05],
          [1.9342e-05],
          [1.7311e-05],
          [1.6252e-05],
          [1.2478e-05],
          [1.5193e-05],
          [2.4504e-05],
          [1.9495e-04],
          [3.0716e-04],
          [1.4445e-05],
          [2.7228e-05],
          [7.8091e-04],
          [3.9815e-04],
          [1.6951e-05],
          [1.5258e-05],
          [1.8965e-05],
          [1.8300e-05],
          [1.9510e-05],
          [1.6129e-05],
          [1.5312e-05],
          [3.8746e-04],
          [2.1314e-04],
          [1.8832e-05],
          [1.9743e-05],
          [1.9673e-05],
          [1.9318e-05],
          [1.9183e-05],
          [1.5502e-05],
          [1.6978e-05],
          [2.5383e-04],
          [2.6652e-05],
          [2.1869e-05],
          [1.5162e-05],
          [1.8276e-05],
          [1.1993e-03],
          [1.6676e-05],
          [1.4211e-05],
          [1.4306e-05],
          [1.8987e-04],
          [1.5172e-04],
          [1.2507e-05],
          [1.0992e-05],
          [1.2359e-05],
          [1.4534e-05],
          [1.3557e-05],
          [1.6669e-05],
          [1.4873e-05],
          [1.3525e-05],
          [5.2943e-04],
          [4.9251e-05],
          [2.0523e-04],
          [1.3771e-05],
          [1.2348e-05],
          [2.0682e-05],
          [2.3148e-05],
          [3.0862e-05],
          [2.9822e-05],
          [3.4779e-05],
          [3.1530e-05],
          [2.3464e-05],
          [1.4698e-05],
          [1.2633e-05],
          [1.4338e-05],
          [1.7059e-05],
          [1.8610e-05],
          [2.1674e-05],
          [2.0997e-05],
          [2.0208e-05],
          [1.7746e-05],
          [3.2724e-04],
          [1.6479e-04],
          [2.3821e-05],
          [2.0890e-04],
          [1.4876e-05],
          [1.3143e-05],
          [1.0862e-05],
          [1.2382e-05],
          [1.3572e-05],
          [1.3041e-05],
          [1.0929e-05],
          [2.9068e-05],
          [1.5438e-05],
          [1.3943e-05],
          [1.4074e-05],
          [1.7330e-05],
          [2.0557e-05],
          [2.3713e-05],
          [2.6832e-05],
          [2.6488e-05],
          [3.8376e-04],
          [3.6929e-04],
          [3.2717e-05],
          [2.9334e-05],
          [2.5234e-05],
          [2.0280e-05],
          [2.0688e-05],
          [1.7737e-05],
          [1.5964e-05],
          [1.3975e-05],
          [1.4191e-05],
          [1.1484e-05],
          [1.2951e-05],
          [1.4578e-05],
          [1.8358e-05],
          [2.0338e-05],
          [2.9871e-05],
          [3.4650e-05],
          [5.4745e-05],
          [5.5300e-05],
          [5.7136e-05],
          [4.9779e-05],
          [6.1141e-05],
          [5.1650e-05],
          [5.0120e-05],
          [1.1952e-03],
          [3.8103e-04],
          [3.7471e-04],
          [1.0468e-03],
          [4.2317e-05],
          [1.5382e-05],
          [1.6303e-05],
          [1.7813e-05],
          [1.7442e-05],
          [2.3156e-05],
          [1.9001e-05],
          [2.0686e-05],
          [1.8645e-05],
          [1.9906e-05],
          [1.7842e-05],
          [6.4572e-04],
          [4.4409e-04],
          [2.6444e-05],
          [3.5016e-05],
          [3.9964e-05],
          [3.0489e-05],
          [2.7077e-05],
          [3.8228e-04],
          [6.8734e-05],
          [2.8642e-04],
          [1.4154e-05],
          [1.8293e-05],
          [2.1371e-04],
          [1.6460e-05],
          [3.6155e-04],
          [1.5516e-05],
          [1.8858e-05],
          [1.4264e-05],
          [1.4603e-03],
          [6.5449e-05],
          [1.8480e-03],
          [1.5404e-05],
          [1.7978e-05],
          [1.8340e-05],
          [1.8703e-05],
          [2.1831e-05],
          [1.8610e-05],
          [3.3936e-04],
          [2.6527e-04],
          [2.0068e-05],
          [1.8265e-05],
          [1.6208e-05],
          [1.4320e-05],
          [1.3982e-05],
          [1.2759e-05],
          [2.1341e-05],
          [5.1814e-04],
          [6.1496e-04],
          [1.2399e-05],
          [1.2842e-05],
          [1.4284e-05],
          [1.4141e-05],
          [7.0117e-04],
          [3.7107e-05],
          [2.0136e-05],
          [1.0658e-03],
          [1.4753e-05],
          [2.0143e-05],
          [1.2730e-05],
          [3.1775e-05],
          [1.4867e-05],
          [1.3660e-05],
          [1.3580e-05],
          [2.8081e-05],
          [2.2051e-05],
          [1.4787e-05],
          [1.5879e-05],
          [1.6575e-05],
          [2.4015e-05],
          [1.3648e-05],
          [1.4331e-05],
          [1.2267e-05],
          [1.5159e-05],
          [5.2962e-04],
          [3.5739e-04],
          [1.4582e-05],
          [1.2927e-05],
          [1.2127e-05],
          [1.6142e-05],
          [2.5436e-05],
          [2.1202e-05],
          [1.7856e-05],
          [2.2470e-05],
          [2.3414e-05],
          [1.4144e-05],
          [1.1375e-03],
          [9.5347e-05],
          [2.3826e-05],
          [1.5571e-04],
          [1.4834e-05],
          [2.6245e-04],
          [1.7178e-04],
          [1.7701e-05],
          [1.6979e-05],
          [1.6488e-05],
          [1.5289e-05],
          [1.7781e-05],
          [2.0051e-05],
          [2.6453e-05],
          [3.1139e-05],
          [4.6731e-05],
          [8.4710e-05],
          [9.1547e-05],
          [1.0309e-04],
          [1.0103e-04],
          [1.0820e-04],
          [6.3016e-04],
          [3.4255e-05],
          [2.8131e-05],
          [2.9793e-04],
          [3.4558e-04],
          [3.0881e-05],
          [1.5294e-04],
          [1.9808e-04],
          [4.9752e-05],
          [2.4620e-04],
          [1.3824e-05],
          [1.2016e-05],
          [1.1252e-05],
          [1.2241e-05],
          [1.4287e-05],
          [1.4091e-05],
          [2.7849e-05],
          [1.3135e-05],
          [1.6911e-05],
          [1.2540e-05],
          [3.6899e-04],
          [2.3533e-05],
          [6.1874e-05],
          [1.5331e-04],
          [1.2880e-05],
          [1.0923e-05],
          [1.2355e-05],
          [9.8926e-06],
          [1.0994e-05],
          [1.0096e-05],
          [7.6225e-04],
          [2.6920e-05],
          [1.4921e-03],
          [1.3515e-05],
          [1.1325e-05],
          [1.1524e-05],
          [1.1408e-05],
          [1.0919e-05],
          [1.2021e-05],
          [1.1467e-05],
          [1.4367e-05],
          [1.3836e-05],
          [1.6930e-05],
          [1.7074e-05],
          [1.9524e-05],
          [4.8707e-04],
          [5.6426e-04],
          [1.5437e-05],
          [1.4515e-05],
          [2.0641e-05],
          [1.0885e-05],
          [1.2452e-05],
          [2.1386e-05],
          [2.5482e-05],
          [2.4752e-05],
          [5.1731e-05],
          [1.6687e-05],
          [1.5466e-05],
          [1.1175e-05],
          [1.0357e-05],
          [1.1390e-05],
          [1.5666e-05],
          [1.4224e-05],
          [1.1683e-05],
          [1.2226e-05],
          [1.4333e-05],
          [1.4798e-05],
          [1.5638e-05],
          [1.7991e-05],
          [1.8839e-05],
          [2.4631e-05],
          [1.8414e-05],
          [3.0990e-05],
          [2.4921e-05],
          [3.0941e-05],
          [1.8511e-05],
          [2.3263e-05],
          [2.3131e-05],
          [2.4946e-05],
          [1.9226e-05],
          [2.0586e-05],
          [2.0057e-05],
          [1.6484e-05],
          [1.4653e-05],
          [1.3497e-05],
          [1.4770e-05],
          [1.6277e-05],
          [1.6857e-05],
          [1.7216e-05],
          [8.1670e-04],
          [5.3361e-05],
          [2.2241e-03],
          [1.9764e-05],
          [1.8099e-05],
          [1.8903e-05],
          [1.6776e-05],
          [1.4452e-05],
          [1.2703e-05],
          [1.1322e-05],
          [1.1166e-05],
          [1.2779e-05],
          [1.5961e-05],
          [1.2568e-05],
          [1.2427e-05],
          [1.2152e-05],
          [1.2987e-05],
          [1.0370e-03],
          [6.4165e-05],
          [1.0906e-03],
          [1.2754e-05],
          [1.2475e-05],
          [1.0516e-05],
          [1.2391e-05],
          [4.3274e-04],
          [8.9302e-04],
          [1.6077e-05],
          [1.3657e-05],
          [1.4511e-05],
          [2.5087e-05],
          [3.3325e-05],
          [4.3519e-05],
          [6.1360e-05],
          [5.5027e-05],
          [4.5993e-05],
          [3.4119e-05],
          [2.6190e-05],
          [1.5519e-05],
          [1.3339e-05],
          [1.3809e-05],
          [1.5109e-05],
          [1.2571e-05],
          [1.4308e-05],
          [5.9629e-05],
          [2.8433e-05],
          [4.1908e-05],
          [3.6700e-05],
          [2.5769e-05],
          [3.4748e-05],
          [2.2741e-05],
          [2.1022e-05],
          [1.8179e-05],
          [3.6976e-04],
          [2.4845e-04],
          [2.3040e-05],
          [1.8494e-05],
          [2.0558e-05],
          [2.0914e-05],
          [2.4765e-05],
          [2.1306e-05],
          [2.5763e-05],
          [1.7099e-04],
          [6.6105e-05],
          [2.3768e-04],
          [5.4697e-04],
          [3.0235e-05],
          [2.4297e-05],
          [1.4985e-05],
          [2.2638e-05],
          [1.2680e-05],
          [3.0766e-04],
          [1.2366e-04],
          [1.9705e-05],
          [6.9322e-05],
          [1.8931e-04],
          [2.2293e-05],
          [2.8201e-04],
          [2.4749e-05],
          [3.7943e-04],
          [1.7428e-05],
          [1.4297e-05],
          [1.4007e-05],
          [2.0111e-05],
          [1.1693e-05],
          [3.6217e-05],
          [6.5852e-06]]]])
