# Using CPU
# Loading Embeddings...
# Making Predictions...
torch.Size([1, 1, 442, 313])
tensor([[[[1.6407e-04],
          [2.4192e-05],
          [9.8369e-05],
          [1.6061e-05],
          [9.0578e-06],
          [3.7707e-04],
          [5.3507e-04],
          [1.3614e-05],
          [3.1020e-04],
          [6.2395e-04],
          [1.6896e-05],
          [1.7010e-05],
          [6.4152e-04],
          [2.1579e-04],
          [1.2065e-05],
          [1.1292e-05],
          [1.0334e-05],
          [1.1055e-05],
          [1.3577e-05],
          [1.4734e-05],
          [4.5614e-04],
          [1.9323e-05],
          [3.1308e-04],
          [1.2817e-05],
          [1.9560e-05],
          [2.7434e-05],
          [4.0587e-05],
          [7.2367e-05],
          [9.4579e-05],
          [1.1343e-04],
          [1.1535e-04],
          [1.2536e-04],
          [1.2316e-04],
          [1.3759e-04],
          [1.0582e-04],
          [8.0713e-05],
          [5.8884e-04],
          [5.1702e-05],
          [1.1053e-04],
          [9.9929e-05],
          [2.2499e-04],
          [2.4643e-05],
          [2.3934e-05],
          [2.4628e-05],
          [1.6927e-05],
          [1.5473e-05],
          [1.3536e-05],
          [1.0963e-05],
          [1.2390e-05],
          [6.3999e-04],
          [1.9549e-04],
          [1.0932e-05],
          [1.4658e-05],
          [3.7174e-04],
          [2.9489e-04],
          [1.6363e-05],
          [1.6929e-05],
          [1.5879e-05],
          [1.9207e-05],
          [2.3035e-05],
          [2.2410e-05],
          [2.0994e-05],
          [5.8957e-04],
          [2.6845e-04],
          [1.7409e-05],
          [1.7917e-05],
          [1.6283e-05],
          [1.5129e-05],
          [1.6670e-05],
          [1.5314e-05],
          [1.5155e-05],
          [4.6589e-04],
          [2.2590e-05],
          [3.8138e-05],
          [1.5664e-05],
          [2.1190e-05],
          [9.3796e-04],
          [1.4044e-05],
          [1.2716e-05],
          [1.1538e-05],
          [4.1725e-04],
          [1.7057e-04],
          [1.1460e-05],
          [1.3530e-05],
          [1.5912e-05],
          [1.9989e-05],
          [2.0353e-05],
          [2.1534e-05],
          [1.7738e-05],
          [1.5908e-05],
          [3.0408e-04],
          [4.6385e-05],
          [1.9716e-04],
          [1.3927e-05],
          [1.7909e-05],
          [2.8876e-05],
          [3.6088e-05],
          [4.6395e-05],
          [3.9611e-05],
          [3.4400e-05],
          [3.3559e-05],
          [2.0558e-05],
          [1.3975e-05],
          [1.2283e-05],
          [1.3779e-05],
          [1.9766e-05],
          [2.2695e-05],
          [2.7832e-05],
          [3.0343e-05],
          [3.1219e-05],
          [2.6081e-05],
          [1.2958e-04],
          [1.5651e-04],
          [2.3187e-05],
          [2.4296e-04],
          [1.5452e-05],
          [1.3851e-05],
          [1.1376e-05],
          [1.4325e-05],
          [1.4736e-05],
          [1.5487e-05],
          [1.1942e-05],
          [1.3996e-05],
          [1.2296e-05],
          [1.5464e-05],
          [1.5361e-05],
          [1.8397e-05],
          [1.7758e-05],
          [2.0814e-05],
          [2.4077e-05],
          [4.9945e-05],
          [4.0835e-04],
          [3.8315e-04],
          [1.0300e-04],
          [3.3937e-05],
          [2.6564e-05],
          [2.0852e-05],
          [2.1248e-05],
          [1.7271e-05],
          [1.8759e-05],
          [1.5623e-05],
          [1.5202e-05],
          [1.1670e-05],
          [1.3745e-05],
          [1.7341e-05],
          [2.3448e-05],
          [2.4799e-05],
          [3.4756e-05],
          [4.5944e-05],
          [6.5506e-05],
          [6.6970e-05],
          [6.7783e-05],
          [6.1458e-05],
          [7.4612e-05],
          [7.0248e-05],
          [5.5419e-05],
          [3.5205e-04],
          [3.0605e-04],
          [1.9603e-04],
          [6.3091e-04],
          [1.6425e-05],
          [1.7356e-05],
          [3.0510e-05],
          [3.1346e-05],
          [1.8102e-05],
          [2.0976e-05],
          [2.1163e-05],
          [2.1824e-05],
          [2.2496e-05],
          [2.2654e-05],
          [2.0729e-05],
          [4.4111e-04],
          [3.6838e-04],
          [3.1316e-05],
          [3.7890e-05],
          [4.1446e-05],
          [4.3537e-05],
          [3.9217e-05],
          [4.5003e-04],
          [4.2601e-05],
          [4.1506e-04],
          [1.7153e-05],
          [1.3623e-05],
          [7.5489e-04],
          [2.3343e-05],
          [2.4673e-04],
          [2.1746e-05],
          [2.3392e-05],
          [1.7645e-05],
          [4.3133e-04],
          [3.3619e-05],
          [1.1380e-03],
          [2.0530e-05],
          [2.6589e-05],
          [2.8492e-05],
          [2.7765e-05],
          [3.0449e-05],
          [2.3760e-05],
          [4.1302e-04],
          [1.4980e-04],
          [2.1710e-05],
          [1.8256e-05],
          [1.7643e-05],
          [1.3009e-05],
          [1.4525e-05],
          [1.6089e-05],
          [1.9371e-05],
          [5.4216e-04],
          [3.3407e-04],
          [1.6845e-05],
          [1.3037e-05],
          [1.4178e-05],
          [1.4410e-05],
          [6.5081e-04],
          [3.1638e-05],
          [2.0622e-05],
          [5.0443e-04],
          [1.6095e-05],
          [1.4292e-05],
          [1.3762e-05],
          [1.1924e-05],
          [1.3867e-05],
          [1.3223e-05],
          [1.2569e-05],
          [1.2705e-05],
          [1.5818e-05],
          [2.1410e-05],
          [1.8539e-05],
          [1.6631e-05],
          [1.1012e-05],
          [1.0407e-05],
          [1.1296e-05],
          [1.1470e-05],
          [1.1556e-05],
          [3.0099e-04],
          [1.9289e-04],
          [1.2799e-05],
          [1.5401e-05],
          [1.3542e-05],
          [1.7297e-05],
          [1.7169e-05],
          [2.1724e-05],
          [1.6950e-05],
          [2.3024e-05],
          [2.2841e-05],
          [1.3438e-05],
          [2.6315e-04],
          [1.1790e-04],
          [3.2339e-05],
          [2.1884e-04],
          [1.0019e-05],
          [2.9362e-04],
          [1.2047e-04],
          [1.9498e-05],
          [2.4822e-05],
          [2.5102e-05],
          [2.4001e-05],
          [2.9766e-05],
          [2.8935e-05],
          [4.3119e-05],
          [4.3661e-05],
          [5.8948e-05],
          [6.6391e-05],
          [1.0363e-04],
          [9.9951e-05],
          [1.0634e-04],
          [6.6085e-05],
          [1.5923e-04],
          [3.1875e-05],
          [3.1214e-05],
          [2.4315e-04],
          [1.8595e-04],
          [3.3945e-05],
          [2.0436e-04],
          [1.7725e-04],
          [3.7011e-05],
          [2.5172e-04],
          [1.2011e-05],
          [1.1450e-05],
          [1.0770e-05],
          [9.4140e-06],
          [9.1059e-06],
          [9.1441e-06],
          [2.3793e-05],
          [1.2200e-05],
          [1.5391e-05],
          [1.2567e-05],
          [8.9642e-04],
          [3.4128e-05],
          [1.8071e-04],
          [7.6470e-05],
          [1.0719e-05],
          [1.0451e-05],
          [1.0106e-05],
          [9.7642e-06],
          [8.8154e-06],
          [1.0938e-05],
          [6.4450e-04],
          [2.6470e-05],
          [5.1332e-04],
          [1.5222e-05],
          [1.2463e-05],
          [1.2243e-05],
          [1.1464e-05],
          [1.0583e-05],
          [1.1473e-05],
          [1.2337e-05],
          [1.3653e-05],
          [1.3660e-05],
          [1.7645e-05],
          [2.0262e-05],
          [2.6549e-05],
          [5.4156e-04],
          [2.6623e-04],
          [2.0238e-05],
          [1.7366e-05],
          [1.3608e-05],
          [1.0742e-05],
          [1.3723e-05],
          [1.5952e-05],
          [1.9160e-05],
          [1.6415e-05],
          [1.5687e-05],
          [1.4531e-05],
          [1.5354e-05],
          [1.3112e-05],
          [1.3832e-05],
          [1.3101e-05],
          [1.7102e-05],
          [1.5306e-05],
          [1.7610e-05],
          [1.7031e-05],
          [1.9290e-05],
          [1.8269e-05],
          [1.3842e-05],
          [1.6020e-05],
          [1.6893e-05],
          [2.1218e-05],
          [1.7727e-05],
          [2.6261e-05],
          [2.5981e-05],
          [2.4534e-05],
          [2.6142e-05],
          [2.8169e-05],
          [3.5751e-05],
          [3.4054e-05],
          [2.8794e-05],
          [2.4372e-05],
          [2.6358e-05],
          [2.4493e-05],
          [2.1937e-05],
          [1.4779e-05],
          [1.3605e-05],
          [1.6372e-05],
          [1.5171e-05],
          [1.5099e-05],
          [2.0009e-04],
          [2.2771e-05],
          [1.0820e-03],
          [1.6360e-05],
          [1.7334e-05],
          [1.7637e-05],
          [1.5370e-05],
          [1.8800e-05],
          [1.5844e-05],
          [1.7227e-05],
          [1.3810e-05],
          [1.3588e-05],
          [1.2420e-05],
          [1.5449e-05],
          [1.4658e-05],
          [1.3412e-05],
          [1.2595e-05],
          [2.7603e-04],
          [1.0697e-04],
          [4.6795e-04],
          [1.2366e-05],
          [1.1305e-05],
          [8.9093e-06],
          [1.0305e-05],
          [4.6665e-04],
          [3.3348e-04],
          [1.1849e-05],
          [1.2542e-05],
          [1.3585e-05],
          [1.6532e-05],
          [2.2613e-05],
          [2.6362e-05],
          [2.9461e-05],
          [2.5724e-05],
          [2.3085e-05],
          [1.9936e-05],
          [2.0325e-05],
          [1.5467e-05],
          [1.1956e-05],
          [1.0749e-05],
          [1.2472e-05],
          [1.2650e-05],
          [1.2531e-05],
          [7.2056e-05],
          [3.2046e-05],
          [4.2151e-05],
          [1.1854e-04],
          [2.8209e-05],
          [3.1760e-05],
          [2.1717e-05],
          [2.2973e-05],
          [1.8305e-05],
          [4.2753e-04],
          [1.5725e-04],
          [2.1658e-05],
          [1.9431e-05],
          [1.8287e-05],
          [1.7088e-05],
          [1.7244e-05],
          [1.6707e-05],
          [2.6537e-05],
          [8.9979e-05],
          [8.8599e-05],
          [1.8921e-04],
          [3.1897e-04],
          [2.2368e-05],
          [1.4486e-05],
          [1.5383e-05],
          [2.1057e-05],
          [1.4238e-05],
          [4.0138e-04],
          [7.7483e-05],
          [1.3461e-05],
          [5.6835e-05],
          [6.7098e-05],
          [1.9081e-05],
          [2.7505e-04],
          [2.0570e-05],
          [3.2441e-04],
          [2.0508e-05],
          [1.5929e-05],
          [1.2431e-05],
          [1.2564e-05],
          [1.2963e-05],
          [3.8000e-05],
          [6.2698e-06]]]])
