# Using CPU
# Loading Embeddings...
# Making Predictions...
torch.Size([1, 1, 442, 259])
tensor([[[[2.2591e-04],
          [6.7910e-05],
          [8.3919e-05],
          [5.1298e-05],
          [9.5051e-06],
          [4.1679e-04],
          [1.7727e-04],
          [2.6083e-05],
          [3.2696e-04],
          [2.2596e-04],
          [1.7826e-05],
          [1.7031e-05],
          [6.6125e-04],
          [2.4150e-04],
          [1.3372e-05],
          [1.3967e-05],
          [1.1515e-05],
          [1.0716e-05],
          [1.3566e-05],
          [2.3978e-05],
          [1.0026e-03],
          [2.3250e-05],
          [1.2507e-04],
          [1.4042e-05],
          [1.6287e-05],
          [2.3997e-05],
          [3.3810e-05],
          [6.4291e-05],
          [7.6884e-05],
          [9.1223e-05],
          [9.7152e-05],
          [1.1055e-04],
          [1.2090e-04],
          [1.1896e-04],
          [9.4816e-05],
          [7.3024e-05],
          [8.1482e-04],
          [9.4766e-05],
          [1.1585e-04],
          [7.7694e-05],
          [1.4305e-04],
          [2.2865e-05],
          [2.2106e-05],
          [2.5489e-05],
          [1.8042e-05],
          [1.9003e-05],
          [1.4166e-05],
          [1.7942e-05],
          [2.7923e-05],
          [9.8376e-04],
          [1.7165e-04],
          [1.4445e-05],
          [1.3001e-05],
          [8.2962e-04],
          [1.5188e-04],
          [1.3590e-05],
          [1.4023e-05],
          [1.3964e-05],
          [1.8588e-05],
          [2.1369e-05],
          [2.0910e-05],
          [1.9831e-05],
          [6.0308e-04],
          [3.8090e-04],
          [1.6744e-05],
          [1.7512e-05],
          [1.7271e-05],
          [1.6692e-05],
          [2.0361e-05],
          [1.7815e-05],
          [1.4951e-05],
          [4.9605e-04],
          [2.6887e-05],
          [4.2591e-05],
          [1.2888e-05],
          [2.2633e-05],
          [2.1823e-04],
          [1.4113e-05],
          [1.4309e-05],
          [1.1963e-05],
          [6.1056e-04],
          [1.7360e-04],
          [1.4728e-05],
          [1.4714e-05],
          [1.6570e-05],
          [1.9560e-05],
          [2.0337e-05],
          [2.1939e-05],
          [1.9098e-05],
          [1.6582e-05],
          [4.9394e-04],
          [9.3696e-05],
          [2.5059e-04],
          [1.2492e-05],
          [1.8063e-05],
          [1.8294e-05],
          [1.8063e-05],
          [2.0745e-05],
          [1.9281e-05],
          [1.9969e-05],
          [2.1133e-05],
          [1.8660e-05],
          [1.3812e-05],
          [1.2534e-05],
          [1.2550e-05],
          [1.5668e-05],
          [1.6482e-05],
          [2.1177e-05],
          [2.2354e-05],
          [2.3253e-05],
          [1.8650e-05],
          [1.1208e-04],
          [3.3477e-04],
          [1.8704e-05],
          [3.0154e-04],
          [1.4358e-05],
          [1.3449e-05],
          [1.2482e-05],
          [1.4276e-05],
          [1.6182e-05],
          [1.6693e-05],
          [1.2635e-05],
          [1.7714e-05],
          [1.1903e-05],
          [1.6254e-05],
          [1.2108e-05],
          [1.3017e-05],
          [1.4492e-05],
          [1.6534e-05],
          [1.9469e-05],
          [1.6506e-05],
          [9.0622e-04],
          [2.7420e-04],
          [2.0776e-05],
          [2.1981e-05],
          [2.0967e-05],
          [1.8435e-05],
          [2.0310e-05],
          [1.6796e-05],
          [1.7996e-05],
          [1.3843e-05],
          [1.3727e-05],
          [1.0661e-05],
          [1.3236e-05],
          [1.5423e-05],
          [1.6379e-05],
          [1.5905e-05],
          [2.2314e-05],
          [2.7872e-05],
          [4.1317e-05],
          [4.4457e-05],
          [5.6338e-05],
          [5.4280e-05],
          [6.5584e-05],
          [5.6961e-05],
          [4.8918e-05],
          [5.5816e-04],
          [1.3089e-04],
          [2.9252e-04],
          [2.6008e-04],
          [1.9028e-05],
          [1.5612e-05],
          [1.5573e-05],
          [1.6756e-05],
          [1.8765e-05],
          [2.3134e-05],
          [2.1932e-05],
          [2.1734e-05],
          [2.3130e-05],
          [2.2131e-05],
          [1.9577e-05],
          [4.2958e-04],
          [1.4107e-04],
          [2.2819e-05],
          [2.5456e-05],
          [2.6788e-05],
          [2.9999e-05],
          [2.7438e-05],
          [4.4959e-04],
          [4.5424e-05],
          [4.9736e-04],
          [1.7146e-05],
          [1.4815e-05],
          [1.0986e-03],
          [2.6436e-05],
          [2.9661e-04],
          [2.3193e-05],
          [2.5664e-05],
          [2.2325e-05],
          [7.0650e-04],
          [5.0599e-05],
          [4.4599e-04],
          [1.8095e-05],
          [2.2224e-05],
          [2.2082e-05],
          [2.3462e-05],
          [2.5877e-05],
          [2.0723e-05],
          [5.4215e-04],
          [1.7936e-04],
          [1.8264e-05],
          [1.7054e-05],
          [1.6817e-05],
          [1.5780e-05],
          [1.7512e-05],
          [2.0108e-05],
          [2.1898e-05],
          [5.4973e-04],
          [1.1980e-04],
          [1.5796e-05],
          [1.2837e-05],
          [1.3450e-05],
          [1.3856e-05],
          [4.0724e-04],
          [4.1331e-05],
          [3.2059e-05],
          [3.9205e-04],
          [1.5364e-05],
          [2.2971e-05],
          [1.3297e-05],
          [1.4860e-05],
          [1.4353e-05],
          [1.4303e-05],
          [1.3959e-05],
          [1.3335e-05],
          [2.4899e-05],
          [2.0846e-05],
          [1.7222e-05],
          [1.6107e-05],
          [1.3332e-05],
          [1.1918e-05],
          [1.1695e-05],
          [1.1229e-05],
          [1.1675e-05],
          [4.5538e-04],
          [9.7831e-05],
          [1.4519e-05],
          [1.5572e-05],
          [1.3375e-05],
          [1.7711e-05],
          [1.5620e-05],
          [1.7527e-05],
          [1.5401e-05],
          [1.7467e-05],
          [1.5457e-05],
          [1.1210e-05],
          [2.3938e-04],
          [3.7162e-04],
          [1.7067e-05],
          [2.5888e-04],
          [1.1719e-05],
          [2.1350e-04],
          [9.0382e-05],
          [2.1917e-05],
          [2.6052e-05],
          [2.7617e-05],
          [2.4791e-05],
          [3.1184e-05],
          [3.4584e-05],
          [4.0454e-05],
          [3.5370e-05],
          [5.0894e-05],
          [5.7719e-05],
          [8.3567e-05],
          [6.4899e-05],
          [6.5981e-05],
          [4.4139e-05],
          [4.7166e-04],
          [2.3525e-05],
          [2.8706e-05],
          [3.1142e-04],
          [2.1530e-04],
          [5.3105e-05],
          [1.1388e-04],
          [2.0978e-04],
          [3.3865e-05],
          [3.8133e-04],
          [1.2474e-05],
          [1.1123e-05],
          [1.0677e-05],
          [9.4137e-06],
          [1.0931e-05],
          [1.0154e-05],
          [3.7390e-05],
          [1.1484e-05],
          [1.3550e-05],
          [1.2844e-05],
          [1.2109e-03],
          [3.7943e-05],
          [1.5268e-04],
          [4.6727e-05],
          [1.2344e-05],
          [1.1807e-05],
          [1.1428e-05],
          [1.0233e-05],
          [1.0178e-05],
          [1.1656e-05],
          [5.4988e-04],
          [3.5370e-05],
          [1.6046e-04],
          [1.6584e-05],
          [1.3934e-05],
          [1.3756e-05],
          [1.4060e-05],
          [1.4577e-05],
          [1.5025e-05],
          [1.5707e-05],
          [1.9312e-05],
          [1.8347e-05],
          [2.4697e-05],
          [2.8988e-05],
          [3.4307e-05],
          [3.3472e-04],
          [1.6814e-04],
          [2.4243e-05],
          [2.0765e-05],
          [1.9451e-05],
          [1.2188e-05],
          [1.5231e-05],
          [2.2873e-05],
          [2.3850e-05],
          [2.0639e-05],
          [2.2460e-05],
          [2.0376e-05],
          [1.9656e-05],
          [1.7090e-05],
          [1.3363e-05],
          [1.3887e-05],
          [1.4161e-05],
          [1.5686e-05],
          [1.4826e-05],
          [1.3749e-05],
          [1.5838e-05],
          [1.4667e-05],
          [1.3490e-05],
          [1.5639e-05],
          [1.5354e-05],
          [1.8233e-05],
          [1.6841e-05],
          [2.4176e-05],
          [2.7173e-05],
          [2.6042e-05],
          [2.2717e-05],
          [2.4720e-05],
          [2.0619e-05],
          [2.0808e-05],
          [1.8077e-05],
          [1.6580e-05],
          [1.8568e-05],
          [2.0791e-05],
          [1.8784e-05],
          [1.5805e-05],
          [1.8364e-05],
          [1.7901e-05],
          [1.8846e-05],
          [1.7992e-05],
          [3.7452e-04],
          [4.9601e-05],
          [5.4482e-04],
          [2.2106e-05],
          [2.2420e-05],
          [1.8321e-05],
          [1.9298e-05],
          [1.6002e-05],
          [1.3684e-05],
          [1.1148e-05],
          [1.0484e-05],
          [9.9502e-06],
          [1.0083e-05],
          [1.2115e-05],
          [1.2976e-05],
          [1.6141e-05],
          [1.5705e-05],
          [3.8952e-04],
          [1.1974e-04],
          [2.0920e-04],
          [1.2381e-05],
          [1.0497e-05],
          [1.0060e-05],
          [1.1617e-05],
          [6.1243e-04],
          [1.5241e-04],
          [1.0822e-05],
          [1.2206e-05],
          [1.4586e-05],
          [2.1865e-05],
          [2.7486e-05],
          [3.3073e-05],
          [3.3214e-05],
          [2.6141e-05],
          [3.1138e-05],
          [2.5079e-05],
          [2.7392e-05],
          [2.0076e-05],
          [1.4859e-05],
          [1.3007e-05],
          [1.3531e-05],
          [1.2047e-05],
          [1.2075e-05],
          [2.7912e-05],
          [2.7496e-05],
          [3.7078e-05],
          [6.0604e-05],
          [2.3277e-05],
          [2.4463e-05],
          [2.4406e-05],
          [2.4432e-05],
          [1.8650e-05],
          [3.7421e-04],
          [1.2323e-04],
          [2.2493e-05],
          [2.0542e-05],
          [1.6637e-05],
          [1.6024e-05],
          [2.0133e-05],
          [2.1178e-05],
          [3.0950e-05],
          [1.2973e-04],
          [4.9651e-05],
          [5.4226e-04],
          [2.2768e-04],
          [2.6795e-05],
          [1.6390e-05],
          [1.7160e-05],
          [1.7612e-05],
          [1.3321e-05],
          [3.0352e-04],
          [1.0829e-04],
          [1.7466e-05],
          [6.0355e-05],
          [1.0932e-04],
          [2.2032e-05],
          [4.5940e-04],
          [2.3386e-05],
          [2.9480e-04],
          [2.3975e-05],
          [1.5029e-05],
          [1.3399e-05],
          [1.4453e-05],
          [1.3075e-05],
          [1.4264e-04],
          [9.4362e-06]]]])
