# Using CPU
# Loading Embeddings...
# Making Predictions...
torch.Size([1, 1, 442, 259])
tensor([[[[2.0066e-04],
          [6.2203e-05],
          [1.2125e-04],
          [1.1999e-04],
          [9.5650e-06],
          [6.4502e-04],
          [1.7141e-04],
          [2.5362e-05],
          [3.7726e-04],
          [2.0807e-04],
          [1.8420e-05],
          [1.6951e-05],
          [6.2749e-04],
          [2.1451e-04],
          [1.5250e-05],
          [1.6183e-05],
          [1.4676e-05],
          [1.3782e-05],
          [1.4153e-05],
          [2.6035e-05],
          [1.9458e-03],
          [2.9435e-05],
          [1.0865e-04],
          [1.3974e-05],
          [1.6642e-05],
          [2.4947e-05],
          [3.6057e-05],
          [6.7402e-05],
          [8.0692e-05],
          [9.6889e-05],
          [1.0262e-04],
          [1.1353e-04],
          [1.2933e-04],
          [1.2368e-04],
          [9.4847e-05],
          [7.5309e-05],
          [7.4683e-04],
          [8.0309e-05],
          [1.4969e-04],
          [6.9941e-05],
          [1.3853e-04],
          [2.6720e-05],
          [2.6094e-05],
          [3.0272e-05],
          [2.0218e-05],
          [2.1005e-05],
          [1.5698e-05],
          [1.4161e-05],
          [2.0698e-05],
          [7.1397e-04],
          [1.6746e-04],
          [1.6108e-05],
          [1.2824e-05],
          [9.4156e-04],
          [1.0924e-04],
          [1.3942e-05],
          [1.4200e-05],
          [1.4952e-05],
          [2.0737e-05],
          [2.4118e-05],
          [2.3585e-05],
          [2.1925e-05],
          [5.9482e-04],
          [3.2562e-04],
          [1.6972e-05],
          [1.7309e-05],
          [1.7296e-05],
          [1.6809e-05],
          [2.1292e-05],
          [2.0391e-05],
          [1.5741e-05],
          [4.8506e-04],
          [2.9375e-05],
          [2.8098e-05],
          [1.3584e-05],
          [2.2470e-05],
          [1.9709e-04],
          [1.5068e-05],
          [1.5980e-05],
          [1.2543e-05],
          [5.2168e-04],
          [1.6049e-04],
          [2.0269e-05],
          [1.6006e-05],
          [1.7761e-05],
          [2.0978e-05],
          [2.1424e-05],
          [2.3154e-05],
          [1.9509e-05],
          [1.6674e-05],
          [8.8421e-04],
          [1.1850e-04],
          [2.6970e-04],
          [1.3273e-05],
          [2.0602e-05],
          [2.1174e-05],
          [2.1174e-05],
          [2.8733e-05],
          [2.5875e-05],
          [2.7553e-05],
          [2.8011e-05],
          [1.9485e-05],
          [1.4280e-05],
          [1.2755e-05],
          [1.2922e-05],
          [1.5825e-05],
          [1.6736e-05],
          [2.1720e-05],
          [2.3707e-05],
          [2.5090e-05],
          [1.9781e-05],
          [1.3107e-04],
          [3.1584e-04],
          [2.1502e-05],
          [2.8114e-04],
          [1.4766e-05],
          [1.3727e-05],
          [1.2994e-05],
          [1.4982e-05],
          [1.6891e-05],
          [1.7478e-05],
          [1.2837e-05],
          [2.0477e-05],
          [1.2392e-05],
          [1.4808e-05],
          [1.2459e-05],
          [1.3209e-05],
          [1.4960e-05],
          [1.6704e-05],
          [1.9650e-05],
          [1.6521e-05],
          [9.1193e-04],
          [2.7941e-04],
          [2.2537e-05],
          [2.2392e-05],
          [2.1908e-05],
          [1.9011e-05],
          [2.0889e-05],
          [1.7053e-05],
          [1.8570e-05],
          [1.4110e-05],
          [1.3926e-05],
          [1.1224e-05],
          [1.3636e-05],
          [1.5866e-05],
          [1.6385e-05],
          [1.6885e-05],
          [2.4309e-05],
          [3.0301e-05],
          [4.5605e-05],
          [4.8066e-05],
          [6.3466e-05],
          [6.5570e-05],
          [8.1063e-05],
          [7.1674e-05],
          [6.2445e-05],
          [5.0723e-04],
          [1.2986e-04],
          [4.6869e-04],
          [1.9730e-04],
          [2.1069e-05],
          [1.5968e-05],
          [1.6102e-05],
          [1.6977e-05],
          [1.9066e-05],
          [2.3529e-05],
          [2.2834e-05],
          [2.3231e-05],
          [2.4632e-05],
          [2.3212e-05],
          [2.0344e-05],
          [6.0996e-04],
          [1.4586e-04],
          [2.4973e-05],
          [2.7815e-05],
          [2.9372e-05],
          [3.2788e-05],
          [2.9732e-05],
          [4.2135e-04],
          [4.5528e-05],
          [4.5140e-04],
          [1.7537e-05],
          [1.3691e-05],
          [5.3207e-04],
          [2.7591e-05],
          [2.7468e-04],
          [2.0976e-05],
          [2.3164e-05],
          [1.9487e-05],
          [1.0354e-03],
          [5.0227e-05],
          [4.5522e-04],
          [1.8445e-05],
          [2.2881e-05],
          [2.2720e-05],
          [2.2880e-05],
          [2.6143e-05],
          [2.0938e-05],
          [4.9110e-04],
          [2.0323e-04],
          [1.8857e-05],
          [1.8335e-05],
          [1.8711e-05],
          [1.4689e-05],
          [1.5639e-05],
          [1.7674e-05],
          [1.9076e-05],
          [8.4195e-04],
          [1.1006e-04],
          [1.3902e-05],
          [1.4710e-05],
          [1.4636e-05],
          [1.4942e-05],
          [5.3222e-04],
          [4.8520e-05],
          [2.2842e-05],
          [3.4881e-04],
          [1.5044e-05],
          [2.1648e-05],
          [1.2705e-05],
          [1.4716e-05],
          [1.4447e-05],
          [1.2952e-05],
          [1.2365e-05],
          [1.4106e-05],
          [2.3381e-05],
          [2.0225e-05],
          [1.5124e-05],
          [1.7041e-05],
          [1.5273e-05],
          [1.2630e-05],
          [1.2575e-05],
          [1.2003e-05],
          [1.2048e-05],
          [5.2406e-04],
          [8.9267e-05],
          [1.4704e-05],
          [1.6164e-05],
          [1.3352e-05],
          [1.7953e-05],
          [1.9860e-05],
          [2.2788e-05],
          [1.5737e-05],
          [2.0674e-05],
          [1.9761e-05],
          [1.2748e-05],
          [2.7017e-04],
          [4.2762e-04],
          [1.8610e-05],
          [2.7382e-04],
          [1.1512e-05],
          [2.5841e-04],
          [9.4908e-05],
          [2.6570e-05],
          [3.2581e-05],
          [3.1886e-05],
          [2.7777e-05],
          [3.3099e-05],
          [3.5589e-05],
          [4.1813e-05],
          [3.5617e-05],
          [5.1653e-05],
          [6.0284e-05],
          [9.0319e-05],
          [7.0836e-05],
          [7.2686e-05],
          [4.7329e-05],
          [4.5521e-04],
          [2.6571e-05],
          [2.6999e-05],
          [2.7897e-04],
          [2.0952e-04],
          [4.8738e-05],
          [1.2308e-04],
          [1.4262e-04],
          [3.8891e-05],
          [3.7009e-04],
          [1.1788e-05],
          [1.1221e-05],
          [1.0974e-05],
          [9.6471e-06],
          [1.1555e-05],
          [1.1412e-05],
          [3.6790e-05],
          [1.2069e-05],
          [1.6796e-05],
          [1.3444e-05],
          [1.0920e-03],
          [4.0782e-05],
          [1.6765e-04],
          [4.3177e-05],
          [1.2556e-05],
          [1.2181e-05],
          [1.1991e-05],
          [1.1320e-05],
          [1.1178e-05],
          [1.0532e-05],
          [9.8566e-04],
          [3.1467e-05],
          [1.3257e-04],
          [1.4835e-05],
          [1.5767e-05],
          [1.4953e-05],
          [1.5209e-05],
          [1.5431e-05],
          [1.5599e-05],
          [1.5941e-05],
          [2.0272e-05],
          [1.8949e-05],
          [2.5929e-05],
          [3.0045e-05],
          [3.6270e-05],
          [4.2092e-04],
          [1.3920e-04],
          [2.6305e-05],
          [2.2670e-05],
          [2.7370e-05],
          [1.2655e-05],
          [1.3728e-05],
          [2.2041e-05],
          [2.1870e-05],
          [1.8796e-05],
          [2.1213e-05],
          [1.8621e-05],
          [1.8361e-05],
          [1.4538e-05],
          [1.1711e-05],
          [1.3325e-05],
          [1.5675e-05],
          [1.4320e-05],
          [1.4929e-05],
          [1.5081e-05],
          [1.7891e-05],
          [1.5663e-05],
          [1.4250e-05],
          [1.6294e-05],
          [1.7169e-05],
          [1.6537e-05],
          [1.5782e-05],
          [2.5237e-05],
          [2.3410e-05],
          [2.8173e-05],
          [2.0421e-05],
          [2.1910e-05],
          [1.9600e-05],
          [2.1047e-05],
          [1.7456e-05],
          [1.6282e-05],
          [1.9756e-05],
          [1.8281e-05],
          [1.7070e-05],
          [1.5938e-05],
          [1.7734e-05],
          [1.6922e-05],
          [1.8490e-05],
          [1.8202e-05],
          [2.9695e-04],
          [4.3149e-05],
          [5.8342e-04],
          [2.2725e-05],
          [2.3865e-05],
          [1.8848e-05],
          [2.0347e-05],
          [1.7308e-05],
          [1.5092e-05],
          [1.3533e-05],
          [1.0665e-05],
          [1.0804e-05],
          [1.1365e-05],
          [1.2547e-05],
          [1.3566e-05],
          [1.6330e-05],
          [1.6056e-05],
          [3.5601e-04],
          [1.2451e-04],
          [2.1315e-04],
          [1.1925e-05],
          [1.0630e-05],
          [1.0534e-05],
          [1.4292e-05],
          [1.0459e-03],
          [1.2026e-04],
          [1.0931e-05],
          [1.2129e-05],
          [1.4049e-05],
          [2.1238e-05],
          [2.5789e-05],
          [3.0918e-05],
          [3.1177e-05],
          [2.4602e-05],
          [2.7775e-05],
          [2.2128e-05],
          [2.4663e-05],
          [1.8402e-05],
          [1.3331e-05],
          [1.3230e-05],
          [1.2025e-05],
          [1.2306e-05],
          [1.2415e-05],
          [4.4653e-05],
          [3.1199e-05],
          [3.9908e-05],
          [7.8646e-05],
          [2.3540e-05],
          [2.6584e-05],
          [2.7088e-05],
          [2.8443e-05],
          [2.1887e-05],
          [3.6444e-04],
          [1.1813e-04],
          [2.5751e-05],
          [2.2460e-05],
          [1.8218e-05],
          [1.6604e-05],
          [1.7779e-05],
          [1.7619e-05],
          [2.8946e-05],
          [1.2089e-04],
          [5.4339e-05],
          [6.9173e-04],
          [1.4793e-04],
          [2.5491e-05],
          [1.7118e-05],
          [1.7552e-05],
          [1.8918e-05],
          [1.3540e-05],
          [3.8262e-04],
          [1.2564e-04],
          [1.6339e-05],
          [7.1556e-05],
          [1.2245e-04],
          [2.0669e-05],
          [5.4249e-04],
          [1.9429e-05],
          [3.0307e-04],
          [2.2555e-05],
          [1.5524e-05],
          [1.4303e-05],
          [1.5604e-05],
          [1.3958e-05],
          [7.0391e-05],
          [9.8865e-06]]]])
