# Using CPU
# Loading Embeddings...
# Making Predictions...
torch.Size([1, 1, 442, 337])
tensor([[[[9.6282e-05],
          [2.7516e-05],
          [7.0636e-05],
          [4.0585e-05],
          [1.9562e-05],
          [2.3847e-04],
          [1.4240e-04],
          [3.8232e-05],
          [2.2879e-04],
          [1.3131e-04],
          [3.9673e-05],
          [3.9395e-05],
          [3.0409e-04],
          [1.3943e-04],
          [4.8341e-05],
          [2.5240e-05],
          [3.3141e-05],
          [4.4490e-05],
          [5.1536e-05],
          [4.4298e-05],
          [3.0738e-04],
          [3.4151e-05],
          [8.2443e-05],
          [2.9178e-05],
          [2.8273e-05],
          [3.1763e-05],
          [3.1440e-05],
          [4.0325e-05],
          [4.4581e-05],
          [5.8485e-05],
          [5.6819e-05],
          [5.7968e-05],
          [5.9147e-05],
          [7.4989e-05],
          [6.1756e-05],
          [6.2339e-05],
          [3.5862e-04],
          [5.7274e-05],
          [1.8405e-04],
          [8.8963e-05],
          [1.3245e-04],
          [3.3197e-05],
          [3.5033e-05],
          [4.8362e-05],
          [4.1272e-05],
          [3.8862e-05],
          [3.2540e-05],
          [3.6242e-05],
          [3.0743e-05],
          [1.8398e-04],
          [1.1651e-04],
          [2.4208e-05],
          [2.0332e-05],
          [4.2476e-04],
          [8.0880e-05],
          [3.1962e-05],
          [2.9856e-05],
          [2.7505e-05],
          [3.3792e-05],
          [4.7141e-05],
          [4.3233e-05],
          [3.8446e-05],
          [4.3274e-04],
          [2.0430e-04],
          [3.3738e-05],
          [3.2167e-05],
          [3.0642e-05],
          [3.4018e-05],
          [4.0005e-05],
          [2.7652e-05],
          [2.3501e-05],
          [2.5653e-04],
          [2.4216e-05],
          [2.2788e-05],
          [2.7532e-05],
          [2.4931e-05],
          [1.4851e-04],
          [2.5924e-05],
          [3.1226e-05],
          [2.2532e-05],
          [1.4701e-04],
          [1.1100e-04],
          [2.4718e-05],
          [1.8716e-05],
          [2.0796e-05],
          [1.9950e-05],
          [2.3396e-05],
          [2.7957e-05],
          [2.8669e-05],
          [2.8958e-05],
          [1.9265e-04],
          [5.5884e-05],
          [1.4271e-04],
          [2.6588e-05],
          [2.9493e-05],
          [3.8732e-05],
          [6.2227e-05],
          [7.7011e-05],
          [8.3537e-05],
          [1.0122e-04],
          [9.1333e-05],
          [9.5416e-05],
          [5.4280e-05],
          [3.4776e-05],
          [2.7169e-05],
          [3.1597e-05],
          [2.7477e-05],
          [3.4749e-05],
          [3.4970e-05],
          [3.7309e-05],
          [3.1791e-05],
          [9.5111e-05],
          [1.0878e-04],
          [3.0735e-05],
          [1.8193e-04],
          [3.8768e-05],
          [2.7145e-05],
          [2.3738e-05],
          [3.0450e-05],
          [4.2652e-05],
          [4.0868e-05],
          [2.7095e-05],
          [3.8973e-05],
          [2.7167e-05],
          [3.5218e-05],
          [2.8729e-05],
          [3.5333e-05],
          [3.1192e-05],
          [5.0721e-05],
          [5.3892e-05],
          [1.2217e-04],
          [6.7532e-04],
          [9.3812e-04],
          [2.5648e-04],
          [1.0554e-04],
          [6.8008e-05],
          [4.5195e-05],
          [5.8056e-05],
          [4.7143e-05],
          [5.4033e-05],
          [3.6873e-05],
          [3.9117e-05],
          [2.9093e-05],
          [3.3836e-05],
          [3.7835e-05],
          [4.4678e-05],
          [4.2638e-05],
          [5.1965e-05],
          [6.0341e-05],
          [9.2680e-05],
          [9.2029e-05],
          [1.2129e-04],
          [1.3705e-04],
          [1.9740e-04],
          [1.6845e-04],
          [2.1000e-04],
          [3.4939e-04],
          [1.0310e-04],
          [1.1800e-04],
          [1.0704e-04],
          [3.9035e-05],
          [4.0468e-05],
          [6.4262e-05],
          [7.1906e-05],
          [4.8010e-05],
          [5.7013e-05],
          [6.9839e-05],
          [6.3160e-05],
          [7.9974e-05],
          [5.9347e-05],
          [6.3881e-05],
          [3.5577e-04],
          [1.4442e-04],
          [5.7541e-05],
          [6.0910e-05],
          [4.5347e-05],
          [4.6334e-05],
          [4.8494e-05],
          [3.2508e-04],
          [5.1634e-05],
          [2.7626e-04],
          [3.7809e-05],
          [3.9027e-05],
          [1.4011e-04],
          [2.5242e-05],
          [1.7610e-04],
          [2.9951e-05],
          [3.3441e-05],
          [2.8757e-05],
          [2.2892e-04],
          [3.6177e-05],
          [1.4076e-04],
          [3.9963e-05],
          [4.5962e-05],
          [3.4856e-05],
          [3.4847e-05],
          [3.2665e-05],
          [3.2230e-05],
          [2.4969e-04],
          [1.2515e-04],
          [3.2519e-05],
          [3.5211e-05],
          [3.0263e-05],
          [3.1102e-05],
          [3.0363e-05],
          [3.1334e-05],
          [2.6710e-05],
          [1.6864e-04],
          [7.0867e-05],
          [3.5132e-05],
          [3.3990e-05],
          [3.6498e-05],
          [3.6286e-05],
          [1.7454e-04],
          [3.5891e-05],
          [3.9819e-05],
          [1.5464e-04],
          [3.3879e-05],
          [3.1132e-05],
          [2.8271e-05],
          [2.9929e-05],
          [3.1673e-05],
          [3.1666e-05],
          [3.5346e-05],
          [3.6168e-05],
          [3.5796e-05],
          [4.5202e-05],
          [2.9747e-05],
          [3.4991e-05],
          [4.3431e-05],
          [2.9288e-05],
          [3.3859e-05],
          [3.2338e-05],
          [2.8525e-05],
          [2.9998e-04],
          [7.5033e-05],
          [3.6471e-05],
          [3.6532e-05],
          [3.1673e-05],
          [4.3525e-05],
          [8.8407e-05],
          [6.9938e-05],
          [5.6637e-05],
          [1.3097e-04],
          [7.7982e-05],
          [4.0728e-05],
          [2.5321e-04],
          [1.3207e-04],
          [2.4699e-05],
          [1.8694e-04],
          [2.0811e-05],
          [1.4551e-04],
          [8.9714e-05],
          [2.2985e-05],
          [2.8474e-05],
          [3.0411e-05],
          [2.8782e-05],
          [3.0009e-05],
          [3.0256e-05],
          [3.3985e-05],
          [3.5157e-05],
          [4.9796e-05],
          [5.7117e-05],
          [1.0624e-04],
          [9.1320e-05],
          [7.4834e-05],
          [4.4544e-05],
          [2.1541e-04],
          [2.5504e-05],
          [2.7508e-05],
          [3.4023e-04],
          [1.4013e-04],
          [2.6887e-05],
          [1.3394e-04],
          [1.3215e-04],
          [2.6723e-05],
          [2.2906e-04],
          [1.6365e-05],
          [2.0270e-05],
          [1.7589e-05],
          [1.5426e-05],
          [2.1297e-05],
          [2.4052e-05],
          [4.2334e-05],
          [3.9455e-05],
          [6.4499e-05],
          [3.6686e-05],
          [3.5310e-04],
          [2.3955e-05],
          [9.3476e-05],
          [5.1410e-05],
          [1.8383e-05],
          [1.8611e-05],
          [1.6999e-05],
          [1.7960e-05],
          [2.4557e-05],
          [2.2881e-05],
          [1.8524e-04],
          [2.7763e-05],
          [1.1916e-04],
          [2.5209e-05],
          [2.3796e-05],
          [2.6697e-05],
          [2.6431e-05],
          [2.3318e-05],
          [2.7289e-05],
          [2.3595e-05],
          [3.0180e-05],
          [3.0437e-05],
          [3.9524e-05],
          [4.3523e-05],
          [4.6530e-05],
          [2.4504e-04],
          [1.1779e-04],
          [3.3580e-05],
          [3.0462e-05],
          [2.5750e-05],
          [2.5807e-05],
          [3.8202e-05],
          [4.8062e-05],
          [5.0341e-05],
          [4.3938e-05],
          [3.2352e-05],
          [3.5042e-05],
          [2.4121e-05],
          [1.9174e-05],
          [2.1288e-05],
          [1.8508e-05],
          [2.2261e-05],
          [1.7365e-05],
          [2.2101e-05],
          [2.3945e-05],
          [2.5587e-05],
          [2.3539e-05],
          [4.0684e-05],
          [4.1841e-05],
          [5.3387e-05],
          [5.8702e-05],
          [5.4473e-05],
          [9.8605e-05],
          [1.0359e-04],
          [7.6919e-05],
          [3.4046e-05],
          [3.9470e-05],
          [3.9918e-05],
          [4.1351e-05],
          [2.1514e-05],
          [5.9503e-05],
          [3.4529e-05],
          [3.7064e-05],
          [4.0071e-05],
          [3.6103e-05],
          [3.6428e-05],
          [2.3051e-05],
          [2.7359e-05],
          [3.0257e-05],
          [2.5531e-04],
          [3.7445e-05],
          [1.7218e-04],
          [3.2583e-05],
          [4.4072e-05],
          [3.6776e-05],
          [4.0557e-05],
          [4.1175e-05],
          [4.6268e-05],
          [4.3245e-05],
          [3.8756e-05],
          [3.5374e-05],
          [3.1170e-05],
          [3.0716e-05],
          [3.5075e-05],
          [3.6055e-05],
          [3.6234e-05],
          [3.1591e-04],
          [5.7048e-05],
          [1.4182e-04],
          [2.5729e-05],
          [1.9782e-05],
          [1.8223e-05],
          [2.8059e-05],
          [2.5596e-04],
          [1.0968e-04],
          [3.2107e-05],
          [2.7723e-05],
          [2.5856e-05],
          [3.2215e-05],
          [4.2361e-05],
          [5.2845e-05],
          [7.5112e-05],
          [6.3569e-05],
          [4.3697e-05],
          [4.9104e-05],
          [2.8249e-05],
          [3.0257e-05],
          [1.9957e-05],
          [2.0027e-05],
          [2.6687e-05],
          [2.2867e-05],
          [2.2498e-05],
          [1.2697e-04],
          [5.5093e-05],
          [4.4452e-05],
          [1.0473e-04],
          [2.8832e-05],
          [3.0890e-05],
          [1.8186e-05],
          [1.7111e-05],
          [1.6459e-05],
          [1.5332e-04],
          [8.6407e-05],
          [3.6243e-05],
          [3.4566e-05],
          [3.2921e-05],
          [2.4616e-05],
          [2.7366e-05],
          [2.6785e-05],
          [3.7561e-05],
          [1.2431e-04],
          [1.0232e-04],
          [2.4702e-04],
          [1.2173e-04],
          [2.7029e-05],
          [1.9312e-05],
          [1.3634e-05],
          [1.9495e-05],
          [1.2953e-05],
          [2.3998e-04],
          [9.5710e-05],
          [1.2926e-05],
          [7.0834e-05],
          [2.2517e-04],
          [1.8484e-05],
          [2.0550e-04],
          [1.5668e-05],
          [2.2186e-04],
          [1.4145e-05],
          [1.6950e-05],
          [1.6299e-05],
          [2.0761e-05],
          [1.4313e-05],
          [3.9466e-05],
          [6.4583e-06]]]])
