# Using CPU
# Loading Embeddings...
# Making Predictions...
torch.Size([1, 1, 442, 321])
tensor([[[[1.3159e-04],
          [3.7099e-05],
          [1.4813e-04],
          [2.5014e-05],
          [9.1635e-06],
          [2.2175e-04],
          [1.0868e-03],
          [1.5681e-05],
          [1.4295e-04],
          [1.3236e-03],
          [1.8316e-05],
          [1.6209e-05],
          [2.5448e-04],
          [3.1890e-04],
          [1.1834e-05],
          [1.1539e-05],
          [1.5158e-05],
          [1.4060e-05],
          [1.4541e-05],
          [2.0736e-05],
          [3.3029e-04],
          [2.0511e-05],
          [6.7868e-04],
          [1.3756e-05],
          [1.8230e-05],
          [2.4117e-05],
          [3.6524e-05],
          [6.1034e-05],
          [6.9279e-05],
          [7.8778e-05],
          [7.8685e-05],
          [7.2064e-05],
          [6.9214e-05],
          [7.8490e-05],
          [5.4969e-05],
          [5.0210e-05],
          [2.5775e-04],
          [3.4931e-05],
          [2.6075e-04],
          [6.2695e-05],
          [5.7775e-04],
          [2.3344e-05],
          [2.2250e-05],
          [2.2554e-05],
          [1.5494e-05],
          [1.5544e-05],
          [1.4053e-05],
          [1.1788e-05],
          [1.4469e-05],
          [1.5321e-04],
          [4.2326e-04],
          [1.0456e-05],
          [1.4904e-05],
          [2.5641e-04],
          [6.0638e-04],
          [1.5520e-05],
          [1.4315e-05],
          [1.4560e-05],
          [1.7939e-05],
          [2.1040e-05],
          [2.0901e-05],
          [1.7647e-05],
          [1.7548e-04],
          [4.1790e-04],
          [1.3709e-05],
          [1.4949e-05],
          [1.4655e-05],
          [1.4595e-05],
          [1.6723e-05],
          [1.6821e-05],
          [1.4581e-05],
          [2.4539e-04],
          [1.6694e-05],
          [2.5323e-05],
          [1.2967e-05],
          [1.7741e-05],
          [2.6965e-03],
          [1.4175e-05],
          [1.4313e-05],
          [1.2823e-05],
          [2.5521e-04],
          [1.7132e-04],
          [1.3669e-05],
          [1.5687e-05],
          [1.7762e-05],
          [2.0796e-05],
          [2.1800e-05],
          [2.4411e-05],
          [2.0036e-05],
          [1.7147e-05],
          [2.0557e-04],
          [4.6221e-05],
          [2.5021e-04],
          [1.4960e-05],
          [1.9619e-05],
          [3.1945e-05],
          [3.3920e-05],
          [3.5870e-05],
          [2.9540e-05],
          [2.7181e-05],
          [2.2842e-05],
          [1.9828e-05],
          [1.2915e-05],
          [1.1730e-05],
          [1.2309e-05],
          [1.6689e-05],
          [1.9262e-05],
          [2.2043e-05],
          [2.5559e-05],
          [2.8952e-05],
          [1.7843e-05],
          [7.8315e-05],
          [1.0194e-04],
          [2.1707e-05],
          [3.8250e-04],
          [1.1978e-05],
          [1.1161e-05],
          [1.0015e-05],
          [1.2853e-05],
          [1.3647e-05],
          [1.2903e-05],
          [1.1920e-05],
          [1.8514e-05],
          [1.1610e-05],
          [1.1921e-05],
          [1.2660e-05],
          [1.3436e-05],
          [1.4691e-05],
          [1.2906e-05],
          [1.5517e-05],
          [2.5922e-05],
          [4.3569e-04],
          [3.6282e-04],
          [5.7047e-05],
          [2.1837e-05],
          [2.1111e-05],
          [1.7587e-05],
          [1.6957e-05],
          [1.3640e-05],
          [1.4076e-05],
          [1.3363e-05],
          [1.1589e-05],
          [9.0102e-06],
          [1.0616e-05],
          [1.2122e-05],
          [1.5223e-05],
          [1.7655e-05],
          [2.3098e-05],
          [3.1616e-05],
          [4.6879e-05],
          [4.6696e-05],
          [5.6789e-05],
          [5.0466e-05],
          [6.5666e-05],
          [5.2207e-05],
          [5.0917e-05],
          [1.8230e-04],
          [5.6033e-04],
          [1.5683e-04],
          [1.3080e-03],
          [1.6096e-05],
          [1.6287e-05],
          [2.1127e-05],
          [2.6151e-05],
          [1.6380e-05],
          [1.8991e-05],
          [1.7492e-05],
          [1.9602e-05],
          [2.0706e-05],
          [1.8881e-05],
          [1.7422e-05],
          [2.5115e-04],
          [6.4076e-04],
          [2.0897e-05],
          [2.4612e-05],
          [2.5317e-05],
          [2.8134e-05],
          [2.4551e-05],
          [1.7974e-04],
          [3.5403e-05],
          [3.7821e-04],
          [1.3103e-05],
          [1.8046e-05],
          [1.7567e-04],
          [1.5285e-05],
          [2.6791e-04],
          [1.9229e-05],
          [2.1413e-05],
          [1.9272e-05],
          [2.5933e-04],
          [2.6469e-05],
          [2.4013e-03],
          [1.5647e-05],
          [2.2265e-05],
          [2.1033e-05],
          [2.3378e-05],
          [2.1762e-05],
          [1.9203e-05],
          [1.9053e-04],
          [2.6576e-04],
          [1.7547e-05],
          [1.5928e-05],
          [1.5236e-05],
          [1.2781e-05],
          [1.5712e-05],
          [1.7607e-05],
          [1.8353e-05],
          [1.8339e-04],
          [6.6951e-04],
          [1.5366e-05],
          [1.3245e-05],
          [1.4491e-05],
          [1.3321e-05],
          [2.1466e-04],
          [1.9890e-05],
          [2.2795e-05],
          [1.2717e-03],
          [1.7907e-05],
          [1.2678e-05],
          [1.1791e-05],
          [1.2318e-05],
          [1.3237e-05],
          [1.1417e-05],
          [1.1092e-05],
          [1.1854e-05],
          [1.4139e-05],
          [2.5981e-05],
          [1.8125e-05],
          [1.8093e-05],
          [1.3238e-05],
          [1.2351e-05],
          [1.2510e-05],
          [1.1047e-05],
          [1.0717e-05],
          [2.1583e-04],
          [2.9827e-04],
          [1.5676e-05],
          [1.2699e-05],
          [1.2586e-05],
          [1.7808e-05],
          [2.1630e-05],
          [3.5535e-05],
          [2.3821e-05],
          [3.1960e-05],
          [3.2412e-05],
          [1.5222e-05],
          [2.1082e-04],
          [1.8556e-04],
          [1.8372e-05],
          [3.1589e-04],
          [1.0571e-05],
          [1.4361e-04],
          [3.8387e-04],
          [2.1279e-05],
          [2.4555e-05],
          [2.6080e-05],
          [2.2293e-05],
          [2.6893e-05],
          [2.6048e-05],
          [2.9974e-05],
          [3.0650e-05],
          [2.6893e-05],
          [3.3090e-05],
          [3.7908e-05],
          [3.4048e-05],
          [5.4954e-05],
          [2.6319e-05],
          [1.0900e-04],
          [1.5907e-05],
          [1.7135e-05],
          [5.0938e-04],
          [1.0389e-04],
          [1.5795e-05],
          [3.3451e-04],
          [1.0865e-04],
          [3.4467e-05],
          [3.6371e-04],
          [1.2849e-05],
          [1.0832e-05],
          [1.0661e-05],
          [9.5815e-06],
          [9.7754e-06],
          [9.9508e-06],
          [2.6045e-05],
          [1.3597e-05],
          [1.9439e-05],
          [1.2748e-05],
          [4.6926e-04],
          [3.1091e-05],
          [9.6209e-05],
          [1.6643e-04],
          [1.1501e-05],
          [1.2124e-05],
          [1.2310e-05],
          [1.2119e-05],
          [1.0419e-05],
          [1.0419e-05],
          [3.0976e-04],
          [2.6441e-05],
          [1.2187e-03],
          [1.4595e-05],
          [1.1532e-05],
          [1.2741e-05],
          [1.3894e-05],
          [1.3614e-05],
          [1.3543e-05],
          [1.2754e-05],
          [1.6133e-05],
          [1.5021e-05],
          [1.9655e-05],
          [1.8569e-05],
          [2.1026e-05],
          [2.2083e-04],
          [5.6559e-04],
          [2.0987e-05],
          [1.5685e-05],
          [1.5037e-05],
          [1.2818e-05],
          [1.4339e-05],
          [2.1191e-05],
          [2.7231e-05],
          [2.2093e-05],
          [2.0159e-05],
          [1.6184e-05],
          [1.6756e-05],
          [1.4567e-05],
          [1.6149e-05],
          [1.6517e-05],
          [1.9763e-05],
          [1.7795e-05],
          [1.9971e-05],
          [1.9232e-05],
          [1.9829e-05],
          [1.5991e-05],
          [1.5422e-05],
          [2.2467e-05],
          [2.0771e-05],
          [2.8750e-05],
          [2.2989e-05],
          [3.6205e-05],
          [3.4774e-05],
          [3.5885e-05],
          [2.4827e-05],
          [3.1125e-05],
          [3.7134e-05],
          [5.9619e-05],
          [2.9549e-05],
          [2.4697e-05],
          [4.1863e-05],
          [2.6783e-05],
          [2.6727e-05],
          [2.0804e-05],
          [1.7753e-05],
          [2.1788e-05],
          [1.7499e-05],
          [1.8301e-05],
          [1.9435e-04],
          [3.0336e-05],
          [2.3972e-03],
          [1.8836e-05],
          [1.8448e-05],
          [1.8439e-05],
          [1.6357e-05],
          [2.1159e-05],
          [1.8830e-05],
          [2.1604e-05],
          [1.7939e-05],
          [1.8718e-05],
          [1.7639e-05],
          [2.4833e-05],
          [1.9005e-05],
          [2.0466e-05],
          [1.6572e-05],
          [2.0423e-04],
          [4.4727e-05],
          [1.0760e-03],
          [1.3422e-05],
          [1.0809e-05],
          [8.9541e-06],
          [1.0617e-05],
          [3.2165e-04],
          [7.0703e-04],
          [1.2971e-05],
          [1.4945e-05],
          [2.1727e-05],
          [2.3904e-05],
          [3.3355e-05],
          [3.8681e-05],
          [5.7551e-05],
          [4.0254e-05],
          [4.8918e-05],
          [2.8943e-05],
          [2.6186e-05],
          [2.1014e-05],
          [1.4257e-05],
          [1.4615e-05],
          [1.3319e-05],
          [1.4624e-05],
          [1.6015e-05],
          [1.1002e-04],
          [4.7585e-05],
          [4.8679e-05],
          [1.5251e-04],
          [3.4379e-05],
          [4.4096e-05],
          [2.4518e-05],
          [2.4377e-05],
          [2.0101e-05],
          [1.4409e-04],
          [3.3180e-04],
          [2.4306e-05],
          [2.1032e-05],
          [1.8665e-05],
          [1.7809e-05],
          [1.7707e-05],
          [2.1975e-05],
          [4.1508e-05],
          [9.9099e-05],
          [1.2804e-04],
          [1.5992e-04],
          [6.8572e-04],
          [3.3022e-05],
          [1.5985e-05],
          [1.7035e-05],
          [1.7831e-05],
          [1.3598e-05],
          [2.1299e-04],
          [1.4827e-04],
          [1.4164e-05],
          [5.2200e-05],
          [1.9429e-04],
          [1.7115e-05],
          [3.3786e-04],
          [1.6444e-05],
          [2.0400e-04],
          [1.8940e-05],
          [1.5708e-05],
          [1.4508e-05],
          [1.4702e-05],
          [1.4789e-05],
          [4.3707e-05],
          [5.3654e-06]]]])
