# Using CPU
# Loading Embeddings...
# Making Predictions...
torch.Size([1, 1, 442, 289])
tensor([[[[7.0957e-05],
          [3.4553e-05],
          [1.0660e-04],
          [5.0926e-05],
          [1.1079e-05],
          [2.2002e-04],
          [1.1424e-04],
          [2.8273e-05],
          [1.5489e-04],
          [1.1324e-04],
          [1.6045e-05],
          [1.5219e-05],
          [2.3661e-04],
          [1.7247e-04],
          [4.7829e-05],
          [1.3325e-05],
          [1.4091e-05],
          [1.4468e-05],
          [2.2241e-05],
          [3.2596e-05],
          [2.2906e-04],
          [2.7820e-05],
          [1.2307e-04],
          [1.3606e-05],
          [1.6489e-05],
          [2.2996e-05],
          [3.2110e-05],
          [5.6892e-05],
          [6.7877e-05],
          [8.8760e-05],
          [8.1665e-05],
          [1.0492e-04],
          [8.5960e-05],
          [1.0419e-04],
          [7.7267e-05],
          [6.5788e-05],
          [3.1240e-04],
          [5.1151e-05],
          [1.0055e-04],
          [7.8871e-05],
          [1.0743e-04],
          [2.1457e-05],
          [2.1507e-05],
          [2.3371e-05],
          [1.9001e-05],
          [2.5180e-05],
          [1.9349e-05],
          [2.6187e-05],
          [2.5201e-05],
          [1.8531e-04],
          [1.0912e-04],
          [1.5502e-05],
          [1.2863e-05],
          [2.8427e-04],
          [8.8332e-05],
          [1.4978e-05],
          [1.2903e-05],
          [1.6015e-05],
          [1.7602e-05],
          [2.0635e-05],
          [2.0117e-05],
          [1.8284e-05],
          [2.0945e-04],
          [1.4708e-04],
          [1.4432e-05],
          [1.6158e-05],
          [2.2418e-05],
          [2.3690e-05],
          [2.6175e-05],
          [1.6239e-05],
          [1.3188e-05],
          [3.7328e-04],
          [1.7611e-05],
          [2.1494e-05],
          [1.7188e-05],
          [1.3719e-05],
          [1.7124e-04],
          [1.6683e-05],
          [1.7922e-05],
          [1.4607e-05],
          [1.2905e-04],
          [1.6882e-04],
          [1.1789e-05],
          [1.2224e-05],
          [1.3989e-05],
          [1.7518e-05],
          [1.7415e-05],
          [1.8182e-05],
          [1.8152e-05],
          [1.7985e-05],
          [2.1308e-04],
          [3.1785e-05],
          [1.8371e-04],
          [1.6957e-05],
          [1.4483e-05],
          [1.5501e-05],
          [1.8228e-05],
          [3.1232e-05],
          [2.8913e-05],
          [3.5344e-05],
          [3.4200e-05],
          [3.5045e-05],
          [2.0886e-05],
          [1.7263e-05],
          [1.3203e-05],
          [1.4554e-05],
          [1.5886e-05],
          [2.0289e-05],
          [2.0445e-05],
          [2.2328e-05],
          [1.8290e-05],
          [8.2967e-05],
          [7.9529e-05],
          [2.6807e-05],
          [1.8791e-04],
          [1.3402e-05],
          [1.0997e-05],
          [1.1642e-05],
          [1.2640e-05],
          [1.3606e-05],
          [1.5010e-05],
          [1.3801e-05],
          [1.6918e-05],
          [1.4075e-05],
          [1.7896e-05],
          [1.4274e-05],
          [1.5726e-05],
          [1.4800e-05],
          [1.9415e-05],
          [2.1783e-05],
          [2.0415e-05],
          [3.1933e-04],
          [2.2208e-04],
          [3.6451e-05],
          [2.5156e-05],
          [2.2398e-05],
          [1.9868e-05],
          [2.2022e-05],
          [1.6227e-05],
          [1.5656e-05],
          [1.2656e-05],
          [1.3640e-05],
          [1.1098e-05],
          [1.3461e-05],
          [1.4157e-05],
          [1.7188e-05],
          [1.8478e-05],
          [2.6204e-05],
          [3.4861e-05],
          [5.4355e-05],
          [5.9296e-05],
          [6.1480e-05],
          [6.3444e-05],
          [8.5666e-05],
          [6.5949e-05],
          [5.7305e-05],
          [1.5419e-04],
          [6.6979e-05],
          [1.1213e-04],
          [1.2618e-04],
          [2.5353e-05],
          [2.0782e-05],
          [2.0496e-05],
          [1.9856e-05],
          [2.9193e-05],
          [2.7044e-05],
          [3.1309e-05],
          [2.8390e-05],
          [3.5738e-05],
          [3.7847e-05],
          [2.7177e-05],
          [2.1271e-04],
          [1.2265e-04],
          [2.3624e-05],
          [2.7036e-05],
          [2.8685e-05],
          [3.2031e-05],
          [2.9292e-05],
          [2.2434e-04],
          [3.9619e-05],
          [2.3969e-04],
          [1.9170e-05],
          [2.0491e-05],
          [1.5949e-04],
          [2.1849e-05],
          [3.2718e-04],
          [4.2256e-05],
          [4.5573e-05],
          [3.7619e-05],
          [2.1860e-04],
          [2.5757e-05],
          [1.2968e-04],
          [1.7273e-05],
          [2.0500e-05],
          [2.1957e-05],
          [2.2613e-05],
          [2.4688e-05],
          [2.0101e-05],
          [1.9778e-04],
          [1.4018e-04],
          [1.5482e-05],
          [1.6723e-05],
          [1.7777e-05],
          [2.1588e-05],
          [2.5189e-05],
          [2.6286e-05],
          [2.6091e-05],
          [1.5868e-04],
          [8.6782e-05],
          [1.9129e-05],
          [2.0062e-05],
          [1.9314e-05],
          [1.9001e-05],
          [2.3776e-04],
          [2.5099e-05],
          [1.7562e-05],
          [1.8768e-04],
          [2.0694e-05],
          [1.6479e-05],
          [1.4643e-05],
          [1.4383e-05],
          [1.4105e-05],
          [1.7145e-05],
          [1.3571e-05],
          [1.5279e-05],
          [1.6377e-05],
          [1.9988e-05],
          [1.6209e-05],
          [1.5628e-05],
          [1.1716e-05],
          [1.2846e-05],
          [1.6473e-05],
          [1.4597e-05],
          [1.5784e-05],
          [2.6681e-04],
          [7.3071e-05],
          [1.6171e-05],
          [1.6194e-05],
          [1.7028e-05],
          [3.3004e-05],
          [2.9418e-05],
          [2.6630e-05],
          [2.6276e-05],
          [2.8584e-05],
          [2.4936e-05],
          [1.5394e-05],
          [1.2374e-04],
          [9.2684e-05],
          [2.1135e-05],
          [2.4809e-04],
          [1.0804e-05],
          [1.4606e-04],
          [9.5172e-05],
          [1.7525e-05],
          [2.1764e-05],
          [2.5573e-05],
          [2.5223e-05],
          [3.6275e-05],
          [4.2448e-05],
          [5.5086e-05],
          [4.8813e-05],
          [6.7894e-05],
          [6.6231e-05],
          [9.9566e-05],
          [7.8001e-05],
          [7.8507e-05],
          [5.3123e-05],
          [1.4302e-04],
          [2.4589e-05],
          [2.3549e-05],
          [1.5843e-04],
          [1.6043e-04],
          [3.8586e-05],
          [9.9055e-05],
          [1.9329e-04],
          [5.4707e-05],
          [2.2493e-04],
          [1.1855e-05],
          [1.0171e-05],
          [9.2721e-06],
          [8.6985e-06],
          [9.2193e-06],
          [1.1363e-05],
          [3.9706e-05],
          [1.5890e-05],
          [2.7076e-05],
          [2.5036e-05],
          [1.9098e-04],
          [3.0223e-05],
          [6.7226e-05],
          [5.0754e-05],
          [9.8133e-06],
          [9.1854e-06],
          [1.0289e-05],
          [9.8772e-06],
          [1.0883e-05],
          [1.7615e-05],
          [2.4414e-04],
          [2.8022e-05],
          [1.7375e-04],
          [1.5244e-05],
          [1.5433e-05],
          [1.3101e-05],
          [1.6386e-05],
          [1.1830e-05],
          [1.2167e-05],
          [1.4232e-05],
          [1.7073e-05],
          [1.6987e-05],
          [2.1822e-05],
          [2.8174e-05],
          [2.7799e-05],
          [2.4052e-04],
          [1.1289e-04],
          [2.0450e-05],
          [1.6022e-05],
          [1.9633e-05],
          [1.0366e-05],
          [1.0918e-05],
          [1.3881e-05],
          [1.6354e-05],
          [1.4459e-05],
          [1.5457e-05],
          [1.1896e-05],
          [1.3102e-05],
          [1.0374e-05],
          [1.1893e-05],
          [1.0377e-05],
          [1.3044e-05],
          [1.2797e-05],
          [1.2905e-05],
          [1.2809e-05],
          [1.5389e-05],
          [1.7007e-05],
          [1.7221e-05],
          [2.0274e-05],
          [1.9086e-05],
          [1.8404e-05],
          [1.6851e-05],
          [1.9738e-05],
          [1.8063e-05],
          [3.1672e-05],
          [1.5858e-05],
          [1.8009e-05],
          [2.0186e-05],
          [2.0369e-05],
          [1.6060e-05],
          [1.8806e-05],
          [1.8452e-05],
          [1.6289e-05],
          [1.5337e-05],
          [1.2442e-05],
          [1.4992e-05],
          [1.2582e-05],
          [1.3579e-05],
          [1.4077e-05],
          [1.2989e-04],
          [2.3948e-05],
          [1.0320e-04],
          [1.7424e-05],
          [1.8227e-05],
          [1.6998e-05],
          [1.6699e-05],
          [1.8061e-05],
          [1.8817e-05],
          [1.6936e-05],
          [1.6197e-05],
          [1.5340e-05],
          [1.4820e-05],
          [1.6242e-05],
          [1.3047e-05],
          [1.7690e-05],
          [1.6778e-05],
          [1.9802e-04],
          [7.0179e-05],
          [2.0840e-04],
          [1.2545e-05],
          [1.2790e-05],
          [9.9757e-06],
          [1.2122e-05],
          [2.3880e-04],
          [1.4454e-04],
          [1.3338e-05],
          [1.0577e-05],
          [1.2959e-05],
          [1.7408e-05],
          [2.3293e-05],
          [2.7961e-05],
          [2.8508e-05],
          [2.3752e-05],
          [2.1334e-05],
          [1.7608e-05],
          [1.5636e-05],
          [1.4254e-05],
          [1.1042e-05],
          [9.5415e-06],
          [1.0582e-05],
          [1.2956e-05],
          [1.2471e-05],
          [5.0982e-05],
          [3.6282e-05],
          [4.8566e-05],
          [5.6207e-05],
          [5.6073e-05],
          [4.9016e-05],
          [3.0166e-05],
          [3.0269e-05],
          [2.0827e-05],
          [1.5771e-04],
          [8.2954e-05],
          [2.6994e-05],
          [1.6691e-05],
          [1.5364e-05],
          [1.6690e-05],
          [2.4428e-05],
          [2.4231e-05],
          [2.3638e-05],
          [5.5975e-05],
          [4.2755e-05],
          [9.8865e-05],
          [7.7163e-05],
          [2.3952e-05],
          [2.1353e-05],
          [2.0917e-05],
          [1.7531e-05],
          [1.2814e-05],
          [3.4549e-04],
          [1.2067e-04],
          [1.8563e-05],
          [4.6265e-05],
          [9.3451e-05],
          [1.6552e-05],
          [1.3492e-04],
          [1.8713e-05],
          [2.7817e-04],
          [2.1932e-05],
          [1.3504e-05],
          [1.1043e-05],
          [1.1618e-05],
          [1.0619e-05],
          [1.2125e-05],
          [4.4960e-06]]]])
