# Using CPU
# Loading Embeddings...
# Making Predictions...
torch.Size([1, 1, 442, 254])
tensor([[[[1.4927e-04],
          [3.9620e-05],
          [1.2913e-04],
          [1.1276e-04],
          [7.6399e-06],
          [2.7696e-04],
          [3.6863e-04],
          [3.0592e-05],
          [2.3108e-04],
          [7.1072e-04],
          [1.1411e-05],
          [1.0644e-05],
          [2.7378e-04],
          [2.2831e-04],
          [5.7577e-05],
          [3.0141e-05],
          [8.0305e-05],
          [2.4527e-05],
          [2.7456e-05],
          [3.3274e-05],
          [3.9863e-04],
          [4.1471e-05],
          [1.0087e-03],
          [1.3905e-05],
          [1.6973e-05],
          [1.7470e-05],
          [2.2806e-05],
          [4.6225e-05],
          [5.2352e-05],
          [4.3199e-05],
          [4.4217e-05],
          [4.8885e-05],
          [4.8496e-05],
          [8.1173e-05],
          [3.8400e-05],
          [3.2644e-05],
          [3.3526e-04],
          [2.5477e-05],
          [1.8389e-04],
          [6.6357e-05],
          [6.4233e-04],
          [1.5311e-05],
          [1.5251e-05],
          [1.6599e-05],
          [1.5169e-05],
          [1.4720e-05],
          [1.4186e-05],
          [2.7698e-05],
          [4.8826e-05],
          [1.8354e-04],
          [5.8150e-04],
          [1.6117e-05],
          [1.3720e-05],
          [2.9680e-04],
          [6.2513e-04],
          [1.1975e-05],
          [1.0813e-05],
          [1.6630e-05],
          [1.8385e-05],
          [1.3703e-05],
          [1.4695e-05],
          [1.4004e-05],
          [2.6121e-04],
          [4.3638e-04],
          [1.2313e-05],
          [1.3226e-05],
          [1.3647e-05],
          [1.3225e-05],
          [1.3557e-05],
          [1.2972e-05],
          [1.1972e-05],
          [2.9188e-04],
          [2.4309e-05],
          [1.9096e-05],
          [1.0817e-05],
          [1.6842e-05],
          [2.1877e-03],
          [1.1056e-05],
          [1.0438e-05],
          [9.5809e-06],
          [1.4539e-04],
          [3.3284e-04],
          [1.0855e-05],
          [9.9411e-06],
          [1.1261e-05],
          [1.3434e-05],
          [1.4525e-05],
          [1.6413e-05],
          [1.5201e-05],
          [1.3974e-05],
          [2.9068e-04],
          [4.5230e-05],
          [5.0806e-04],
          [1.2324e-05],
          [1.4323e-05],
          [2.1287e-05],
          [2.1923e-05],
          [2.6035e-05],
          [2.0231e-05],
          [2.2146e-05],
          [1.8512e-05],
          [1.6932e-05],
          [1.1077e-05],
          [9.9187e-06],
          [1.0697e-05],
          [1.2407e-05],
          [1.3141e-05],
          [1.6514e-05],
          [1.7623e-05],
          [1.7958e-05],
          [1.6019e-05],
          [9.6516e-05],
          [1.0546e-04],
          [1.7480e-05],
          [4.8256e-04],
          [1.5707e-05],
          [1.0793e-05],
          [9.3002e-06],
          [1.1425e-05],
          [1.1969e-05],
          [1.2854e-05],
          [1.0861e-05],
          [1.9149e-05],
          [1.0856e-05],
          [1.2409e-05],
          [1.1365e-05],
          [1.1441e-05],
          [1.2908e-05],
          [1.4487e-05],
          [1.5636e-05],
          [1.3597e-05],
          [3.2334e-04],
          [8.1849e-04],
          [2.1341e-05],
          [2.4415e-05],
          [2.9431e-05],
          [2.3895e-05],
          [2.4606e-05],
          [1.8830e-05],
          [1.4882e-05],
          [1.4072e-05],
          [1.2133e-05],
          [1.0091e-05],
          [1.0959e-05],
          [1.2055e-05],
          [1.3730e-05],
          [1.5881e-05],
          [2.0434e-05],
          [2.5042e-05],
          [3.3204e-05],
          [3.2989e-05],
          [3.5488e-05],
          [3.4787e-05],
          [4.1879e-05],
          [3.3503e-05],
          [4.2037e-05],
          [3.2132e-04],
          [4.9048e-04],
          [1.4663e-04],
          [1.3102e-03],
          [1.3859e-05],
          [1.4665e-05],
          [1.4982e-05],
          [1.5169e-05],
          [1.4953e-05],
          [2.3429e-05],
          [1.6796e-05],
          [1.7838e-05],
          [1.8885e-05],
          [2.0829e-05],
          [1.8110e-05],
          [2.7093e-04],
          [7.7532e-04],
          [1.9668e-05],
          [2.1320e-05],
          [2.0162e-05],
          [2.0063e-05],
          [1.8886e-05],
          [1.7305e-04],
          [3.6161e-05],
          [2.0960e-04],
          [1.2157e-05],
          [1.7443e-05],
          [1.3113e-04],
          [1.2659e-05],
          [6.2253e-04],
          [1.4782e-05],
          [1.6007e-05],
          [1.2456e-05],
          [3.0061e-04],
          [3.1662e-05],
          [1.4520e-03],
          [1.5840e-05],
          [1.8614e-05],
          [1.7122e-05],
          [1.7068e-05],
          [1.9442e-05],
          [1.7711e-05],
          [2.1058e-04],
          [5.2312e-04],
          [1.3268e-05],
          [1.3268e-05],
          [1.3080e-05],
          [1.1079e-05],
          [1.3016e-05],
          [1.2225e-05],
          [2.1240e-05],
          [2.3654e-04],
          [8.6783e-04],
          [1.2430e-05],
          [1.2665e-05],
          [1.3893e-05],
          [1.2276e-05],
          [2.1160e-04],
          [2.9882e-05],
          [1.6971e-05],
          [2.1369e-03],
          [1.2589e-05],
          [1.7680e-05],
          [1.4091e-05],
          [1.4809e-05],
          [1.3576e-05],
          [1.2384e-05],
          [1.0629e-05],
          [1.1644e-05],
          [2.3899e-05],
          [1.3895e-05],
          [1.2288e-05],
          [1.2041e-05],
          [1.1759e-05],
          [1.2955e-05],
          [1.3286e-05],
          [1.0249e-05],
          [1.0222e-05],
          [2.0111e-04],
          [4.4973e-04],
          [1.6629e-05],
          [1.2492e-05],
          [1.2147e-05],
          [1.5309e-05],
          [1.4407e-05],
          [1.8832e-05],
          [1.6944e-05],
          [2.3122e-05],
          [1.9112e-05],
          [1.2747e-05],
          [1.8654e-04],
          [1.1292e-04],
          [1.7770e-05],
          [2.9089e-04],
          [1.0619e-05],
          [1.3448e-04],
          [3.5228e-04],
          [1.3895e-05],
          [1.7776e-05],
          [1.9936e-05],
          [1.6775e-05],
          [2.1540e-05],
          [2.6623e-05],
          [2.9313e-05],
          [2.5077e-05],
          [3.5842e-05],
          [3.3407e-05],
          [4.4819e-05],
          [3.5821e-05],
          [3.8552e-05],
          [2.8102e-05],
          [1.5361e-04],
          [1.5209e-05],
          [1.8584e-05],
          [3.9525e-04],
          [1.2954e-04],
          [2.2384e-05],
          [2.6166e-04],
          [1.1662e-04],
          [3.2529e-05],
          [2.0261e-04],
          [1.4514e-05],
          [1.0532e-05],
          [9.4324e-06],
          [8.4323e-06],
          [9.1291e-06],
          [8.6763e-06],
          [2.0899e-05],
          [1.3016e-05],
          [1.5659e-05],
          [1.1842e-05],
          [2.4790e-04],
          [2.6322e-05],
          [6.4291e-05],
          [1.6830e-04],
          [1.0553e-05],
          [9.6084e-06],
          [9.7823e-06],
          [9.2979e-06],
          [9.3567e-06],
          [1.3287e-05],
          [3.0707e-04],
          [2.6791e-05],
          [1.8541e-03],
          [1.2301e-05],
          [1.0235e-05],
          [1.1081e-05],
          [1.1881e-05],
          [1.0845e-05],
          [1.3853e-05],
          [1.1335e-05],
          [1.4873e-05],
          [1.4816e-05],
          [1.6836e-05],
          [2.1604e-05],
          [1.9968e-05],
          [1.9714e-04],
          [8.0146e-04],
          [1.5454e-05],
          [1.5887e-05],
          [4.7910e-05],
          [1.1970e-05],
          [1.1628e-05],
          [1.8097e-05],
          [1.9121e-05],
          [1.6826e-05],
          [1.3918e-05],
          [1.3734e-05],
          [1.4510e-05],
          [1.1165e-05],
          [1.1174e-05],
          [1.0375e-05],
          [1.1719e-05],
          [1.0521e-05],
          [1.0755e-05],
          [1.1312e-05],
          [1.2146e-05],
          [1.2619e-05],
          [1.2614e-05],
          [1.7126e-05],
          [1.7612e-05],
          [2.3144e-05],
          [1.9397e-05],
          [2.8189e-05],
          [3.1639e-05],
          [2.6642e-05],
          [1.7394e-05],
          [2.0453e-05],
          [2.0005e-05],
          [2.2375e-05],
          [1.5400e-05],
          [1.5099e-05],
          [1.7541e-05],
          [2.2630e-05],
          [2.1488e-05],
          [1.5880e-05],
          [1.7278e-05],
          [1.5380e-05],
          [1.3940e-05],
          [1.5744e-05],
          [1.7793e-04],
          [4.2785e-05],
          [1.3431e-03],
          [1.5302e-05],
          [1.5319e-05],
          [1.3949e-05],
          [1.3305e-05],
          [1.4484e-05],
          [1.1568e-05],
          [1.2847e-05],
          [1.1190e-05],
          [1.0273e-05],
          [1.1061e-05],
          [1.0591e-05],
          [1.0728e-05],
          [1.1929e-05],
          [1.1487e-05],
          [2.0351e-04],
          [6.4070e-05],
          [1.6651e-03],
          [1.3534e-05],
          [1.0735e-05],
          [8.6710e-06],
          [1.8801e-05],
          [3.0460e-04],
          [1.1851e-03],
          [1.2088e-05],
          [1.1655e-05],
          [1.1797e-05],
          [1.6655e-05],
          [2.0182e-05],
          [2.8638e-05],
          [4.0917e-05],
          [3.5252e-05],
          [3.2315e-05],
          [2.8335e-05],
          [2.2136e-05],
          [1.3683e-05],
          [1.1560e-05],
          [1.1839e-05],
          [1.0381e-05],
          [1.1968e-05],
          [1.2495e-05],
          [2.3554e-05],
          [3.2015e-05],
          [4.2083e-05],
          [5.8644e-05],
          [3.1335e-05],
          [2.6972e-05],
          [2.5942e-05],
          [2.2602e-05],
          [1.5828e-05],
          [1.9609e-04],
          [4.4148e-04],
          [1.6817e-05],
          [1.5030e-05],
          [1.4568e-05],
          [1.3583e-05],
          [2.0505e-05],
          [2.2251e-05],
          [2.0637e-05],
          [7.1454e-05],
          [4.8392e-05],
          [1.8294e-04],
          [6.5301e-04],
          [1.7986e-05],
          [1.5209e-05],
          [1.8327e-05],
          [1.2918e-05],
          [1.1461e-05],
          [2.5226e-04],
          [1.4095e-04],
          [1.5544e-05],
          [6.0089e-05],
          [5.5360e-04],
          [1.1657e-05],
          [2.1434e-04],
          [2.0727e-05],
          [2.3207e-04],
          [1.5039e-05],
          [9.9430e-06],
          [9.7047e-06],
          [9.7631e-06],
          [1.5776e-05],
          [2.7592e-05],
          [7.9835e-06]]]])
