# Using CPU
# Loading Embeddings...
# Making Predictions...
torch.Size([1, 1, 442, 260])
tensor([[[[1.9912e-04],
          [3.9907e-05],
          [1.8570e-04],
          [2.6235e-05],
          [8.6581e-06],
          [3.3391e-04],
          [3.8140e-04],
          [1.3162e-05],
          [2.9849e-04],
          [4.2817e-04],
          [1.8509e-05],
          [1.6911e-05],
          [3.5523e-04],
          [3.3084e-04],
          [2.9228e-05],
          [1.7807e-05],
          [1.1578e-05],
          [1.1813e-05],
          [1.4473e-05],
          [3.8679e-05],
          [4.3991e-04],
          [2.7483e-05],
          [3.3032e-04],
          [1.9215e-05],
          [1.7733e-05],
          [2.7764e-05],
          [3.8061e-05],
          [6.5691e-05],
          [8.3458e-05],
          [1.0886e-04],
          [1.1252e-04],
          [1.3509e-04],
          [1.2395e-04],
          [1.3524e-04],
          [1.0192e-04],
          [7.9642e-05],
          [6.9198e-04],
          [4.6922e-05],
          [1.9689e-04],
          [1.1799e-04],
          [2.9105e-04],
          [2.2205e-05],
          [2.1144e-05],
          [2.2029e-05],
          [1.5948e-05],
          [1.4996e-05],
          [1.3015e-05],
          [1.1341e-05],
          [1.3093e-05],
          [2.3522e-04],
          [2.1068e-04],
          [1.1446e-05],
          [1.2248e-05],
          [4.4241e-04],
          [2.1460e-04],
          [1.6423e-05],
          [1.4557e-05],
          [1.4353e-05],
          [1.8122e-05],
          [2.0998e-05],
          [2.1639e-05],
          [2.2314e-05],
          [3.8051e-04],
          [2.9253e-04],
          [1.6682e-05],
          [1.6515e-05],
          [1.5372e-05],
          [1.5129e-05],
          [1.4735e-05],
          [1.3374e-05],
          [1.4437e-05],
          [2.4765e-04],
          [2.3180e-05],
          [2.3729e-05],
          [1.3541e-05],
          [1.8135e-05],
          [5.1266e-04],
          [1.3257e-05],
          [1.2899e-05],
          [1.2082e-05],
          [2.1283e-04],
          [2.7470e-04],
          [1.2138e-05],
          [1.3529e-05],
          [1.5719e-05],
          [1.8707e-05],
          [2.0134e-05],
          [2.2686e-05],
          [1.8257e-05],
          [1.6164e-05],
          [3.2254e-04],
          [6.9933e-05],
          [5.0049e-04],
          [1.4347e-05],
          [1.8480e-05],
          [2.3824e-05],
          [2.4819e-05],
          [3.4354e-05],
          [2.3612e-05],
          [2.6080e-05],
          [3.9302e-05],
          [1.8624e-05],
          [1.3611e-05],
          [1.2067e-05],
          [1.3803e-05],
          [1.9518e-05],
          [2.3804e-05],
          [2.6435e-05],
          [2.8836e-05],
          [3.1222e-05],
          [2.1536e-05],
          [1.2107e-04],
          [1.0219e-04],
          [2.5394e-05],
          [2.9391e-04],
          [1.7375e-05],
          [1.5617e-05],
          [1.2753e-05],
          [1.5312e-05],
          [1.8259e-05],
          [1.5324e-05],
          [1.7651e-05],
          [1.4355e-05],
          [1.2391e-05],
          [1.3967e-05],
          [1.3936e-05],
          [1.6290e-05],
          [1.7973e-05],
          [1.7985e-05],
          [2.0317e-05],
          [1.9947e-05],
          [3.7754e-04],
          [3.7203e-04],
          [2.4004e-05],
          [3.1715e-05],
          [2.6982e-05],
          [2.2653e-05],
          [2.2773e-05],
          [1.8132e-05],
          [1.8914e-05],
          [1.5369e-05],
          [1.3772e-05],
          [9.8630e-06],
          [1.1622e-05],
          [1.5229e-05],
          [1.9682e-05],
          [2.3178e-05],
          [3.1874e-05],
          [4.5139e-05],
          [6.6838e-05],
          [6.9826e-05],
          [7.7231e-05],
          [6.9433e-05],
          [8.4525e-05],
          [6.2766e-05],
          [5.5855e-05],
          [3.6351e-04],
          [2.5738e-04],
          [1.7079e-04],
          [3.7924e-04],
          [2.1553e-05],
          [1.7049e-05],
          [1.5862e-05],
          [1.8163e-05],
          [1.7894e-05],
          [2.4300e-05],
          [1.8151e-05],
          [2.0841e-05],
          [2.1812e-05],
          [2.4848e-05],
          [1.9195e-05],
          [3.6456e-04],
          [1.9235e-04],
          [2.8318e-05],
          [3.7096e-05],
          [4.0584e-05],
          [4.5568e-05],
          [3.9489e-05],
          [2.9188e-04],
          [4.4239e-05],
          [3.9791e-04],
          [1.5076e-05],
          [1.9882e-05],
          [1.6649e-04],
          [1.6302e-05],
          [2.8800e-04],
          [1.7008e-05],
          [1.6269e-05],
          [1.7176e-05],
          [3.3300e-04],
          [2.8956e-05],
          [1.0733e-03],
          [1.8292e-05],
          [2.4564e-05],
          [2.5671e-05],
          [2.8786e-05],
          [2.8970e-05],
          [2.7351e-05],
          [2.6505e-04],
          [2.1754e-04],
          [2.0268e-05],
          [1.6505e-05],
          [1.6149e-05],
          [1.2296e-05],
          [1.4284e-05],
          [1.8567e-05],
          [2.3739e-05],
          [2.6925e-04],
          [1.8912e-04],
          [1.7424e-05],
          [1.3850e-05],
          [1.4409e-05],
          [1.2778e-05],
          [2.8098e-04],
          [2.7106e-05],
          [1.9352e-05],
          [4.2183e-04],
          [1.5913e-05],
          [1.4316e-05],
          [1.3685e-05],
          [1.2738e-05],
          [1.4331e-05],
          [1.5376e-05],
          [1.3368e-05],
          [1.3362e-05],
          [3.9353e-05],
          [1.5419e-05],
          [1.4334e-05],
          [1.2120e-05],
          [1.3974e-05],
          [1.1163e-05],
          [1.2212e-05],
          [1.2013e-05],
          [1.2760e-05],
          [2.8025e-04],
          [1.4945e-04],
          [1.5032e-05],
          [1.4607e-05],
          [1.7400e-05],
          [2.3322e-05],
          [2.1961e-05],
          [2.5929e-05],
          [1.6393e-05],
          [2.6639e-05],
          [1.8061e-05],
          [1.2227e-05],
          [1.7607e-04],
          [4.1033e-04],
          [3.4816e-05],
          [4.5641e-04],
          [1.2661e-05],
          [2.1681e-04],
          [2.3048e-04],
          [2.0820e-05],
          [2.2135e-05],
          [2.4345e-05],
          [2.5194e-05],
          [3.4451e-05],
          [3.9583e-05],
          [5.3898e-05],
          [5.5693e-05],
          [9.7901e-05],
          [1.1782e-04],
          [2.0233e-04],
          [1.4153e-04],
          [1.8046e-04],
          [1.0812e-04],
          [5.3696e-04],
          [3.7488e-05],
          [3.1291e-05],
          [2.4355e-04],
          [1.5477e-04],
          [2.3815e-05],
          [1.3049e-04],
          [1.6086e-04],
          [5.5164e-05],
          [3.8234e-04],
          [1.5146e-05],
          [1.2890e-05],
          [1.1609e-05],
          [1.1093e-05],
          [1.0271e-05],
          [1.2131e-05],
          [4.8464e-05],
          [1.2026e-05],
          [1.5233e-05],
          [1.2882e-05],
          [4.1461e-04],
          [5.9233e-05],
          [1.3860e-04],
          [6.7262e-05],
          [1.2639e-05],
          [1.1755e-05],
          [1.0848e-05],
          [1.0662e-05],
          [9.4816e-06],
          [1.0277e-05],
          [3.7532e-04],
          [2.3493e-05],
          [3.6741e-04],
          [1.4652e-05],
          [1.1051e-05],
          [1.2699e-05],
          [1.2111e-05],
          [1.1585e-05],
          [1.1689e-05],
          [1.1948e-05],
          [1.3458e-05],
          [1.3740e-05],
          [2.0124e-05],
          [2.3575e-05],
          [2.9958e-05],
          [3.1295e-04],
          [2.6420e-04],
          [2.1445e-05],
          [1.6980e-05],
          [4.9443e-05],
          [1.0798e-05],
          [1.2920e-05],
          [1.8028e-05],
          [1.8272e-05],
          [1.6691e-05],
          [3.7459e-05],
          [1.7663e-05],
          [1.9494e-05],
          [1.6108e-05],
          [1.4503e-05],
          [1.4225e-05],
          [1.3384e-05],
          [1.5248e-05],
          [1.7160e-05],
          [1.8271e-05],
          [1.9488e-05],
          [1.6051e-05],
          [1.5922e-05],
          [1.7688e-05],
          [1.6471e-05],
          [1.6904e-05],
          [1.7389e-05],
          [2.0999e-05],
          [2.3648e-05],
          [3.0604e-05],
          [2.1444e-05],
          [2.2062e-05],
          [2.6845e-05],
          [2.2987e-05],
          [1.9235e-05],
          [1.5913e-05],
          [1.7995e-05],
          [1.6335e-05],
          [1.4723e-05],
          [1.2393e-05],
          [1.1805e-05],
          [1.2231e-05],
          [1.3923e-05],
          [1.4372e-05],
          [1.7692e-04],
          [3.0870e-05],
          [1.3608e-03],
          [1.4991e-05],
          [1.7492e-05],
          [1.6615e-05],
          [1.4141e-05],
          [1.6991e-05],
          [1.5891e-05],
          [1.6573e-05],
          [1.5003e-05],
          [1.5253e-05],
          [1.4928e-05],
          [1.7146e-05],
          [1.5754e-05],
          [1.3098e-05],
          [1.3143e-05],
          [2.7188e-04],
          [6.9869e-05],
          [3.8878e-04],
          [1.5415e-05],
          [1.0375e-05],
          [1.0798e-05],
          [1.1542e-05],
          [4.0778e-04],
          [2.5775e-04],
          [1.3336e-05],
          [1.4810e-05],
          [1.4023e-05],
          [1.7474e-05],
          [1.9956e-05],
          [2.2155e-05],
          [2.2944e-05],
          [3.2849e-05],
          [1.9098e-05],
          [2.1708e-05],
          [2.3223e-05],
          [2.1336e-05],
          [1.6647e-05],
          [1.8325e-05],
          [1.5303e-05],
          [1.4023e-05],
          [1.4883e-05],
          [3.1632e-05],
          [2.8062e-05],
          [4.1837e-05],
          [4.2972e-05],
          [3.0369e-05],
          [2.6751e-05],
          [2.0950e-05],
          [2.2160e-05],
          [2.0047e-05],
          [2.2727e-04],
          [2.0805e-04],
          [2.2571e-05],
          [1.9884e-05],
          [1.6914e-05],
          [1.5309e-05],
          [1.7701e-05],
          [1.6481e-05],
          [1.8583e-05],
          [8.9099e-05],
          [1.0564e-04],
          [2.0222e-04],
          [2.8313e-04],
          [1.9407e-05],
          [1.5693e-05],
          [1.5742e-05],
          [1.7210e-05],
          [1.3845e-05],
          [2.7017e-04],
          [3.7133e-04],
          [1.6116e-05],
          [5.5254e-05],
          [2.2541e-04],
          [2.0703e-05],
          [5.1742e-04],
          [1.9775e-05],
          [4.7092e-04],
          [2.1509e-05],
          [1.4501e-05],
          [1.1636e-05],
          [1.5686e-05],
          [2.4945e-05],
          [9.0820e-05],
          [6.5297e-06]]]])
