# Using CPU
# Loading Embeddings...
# Making Predictions...
torch.Size([1, 1, 442, 257])
tensor([[[[1.6747e-04],
          [3.6030e-05],
          [9.0262e-05],
          [3.4058e-05],
          [9.5754e-06],
          [3.1519e-04],
          [1.8154e-03],
          [1.1395e-05],
          [2.7393e-04],
          [2.0723e-03],
          [1.3223e-05],
          [1.2500e-05],
          [3.5217e-04],
          [2.6400e-04],
          [1.6804e-05],
          [1.0792e-05],
          [1.0803e-05],
          [1.1879e-05],
          [1.5281e-05],
          [3.3026e-05],
          [5.1532e-04],
          [2.3084e-05],
          [1.1201e-03],
          [1.3651e-05],
          [1.4596e-05],
          [1.8398e-05],
          [2.5518e-05],
          [3.9878e-05],
          [4.2078e-05],
          [4.8367e-05],
          [4.5167e-05],
          [4.8999e-05],
          [4.1069e-05],
          [4.2953e-05],
          [3.4578e-05],
          [3.0653e-05],
          [1.2517e-03],
          [3.8610e-05],
          [3.1851e-04],
          [1.2944e-04],
          [8.5963e-04],
          [1.6505e-05],
          [1.4976e-05],
          [1.4710e-05],
          [1.1073e-05],
          [1.1582e-05],
          [1.1599e-05],
          [1.1967e-05],
          [1.6141e-05],
          [1.9762e-04],
          [6.0965e-04],
          [1.1739e-05],
          [1.2078e-05],
          [4.3635e-04],
          [1.0524e-03],
          [1.1865e-05],
          [1.1661e-05],
          [1.2417e-05],
          [1.2381e-05],
          [1.3653e-05],
          [1.5549e-05],
          [1.2647e-05],
          [4.1746e-04],
          [3.4312e-04],
          [1.1303e-05],
          [1.3414e-05],
          [1.2247e-05],
          [1.2630e-05],
          [1.5593e-05],
          [1.4306e-05],
          [1.4117e-05],
          [2.8986e-04],
          [2.9020e-05],
          [1.9898e-05],
          [1.3373e-05],
          [1.7722e-05],
          [3.6582e-03],
          [1.1765e-05],
          [1.1588e-05],
          [1.0718e-05],
          [3.3316e-04],
          [1.6994e-04],
          [1.2715e-05],
          [1.1035e-05],
          [1.2551e-05],
          [1.4964e-05],
          [1.5253e-05],
          [1.7560e-05],
          [1.5557e-05],
          [1.3938e-05],
          [2.8403e-04],
          [7.0143e-05],
          [2.8380e-04],
          [1.1796e-05],
          [1.8506e-05],
          [2.3513e-05],
          [2.4512e-05],
          [2.8095e-05],
          [2.7546e-05],
          [4.4678e-05],
          [4.7824e-05],
          [4.6071e-05],
          [2.4232e-05],
          [1.3106e-05],
          [1.2391e-05],
          [1.4938e-05],
          [1.6100e-05],
          [1.7796e-05],
          [2.0365e-05],
          [2.1956e-05],
          [1.5374e-05],
          [1.2501e-04],
          [1.7982e-04],
          [1.9295e-05],
          [2.6278e-04],
          [1.2044e-05],
          [1.0424e-05],
          [1.0052e-05],
          [1.2354e-05],
          [1.1502e-05],
          [1.2001e-05],
          [1.1961e-05],
          [1.6187e-05],
          [1.2414e-05],
          [1.4881e-05],
          [1.3270e-05],
          [1.6426e-05],
          [1.7850e-05],
          [1.6491e-05],
          [3.6390e-05],
          [2.2712e-04],
          [4.6629e-04],
          [7.8644e-04],
          [3.6751e-04],
          [8.0935e-05],
          [4.7098e-05],
          [2.2053e-05],
          [1.6413e-05],
          [1.4726e-05],
          [1.3799e-05],
          [1.4563e-05],
          [1.3772e-05],
          [1.2074e-05],
          [1.5256e-05],
          [1.2679e-05],
          [1.4592e-05],
          [1.6241e-05],
          [2.1681e-05],
          [2.7340e-05],
          [3.6333e-05],
          [3.8094e-05],
          [4.0971e-05],
          [3.5967e-05],
          [4.4560e-05],
          [3.4639e-05],
          [3.2800e-05],
          [3.2548e-04],
          [8.0958e-04],
          [1.8243e-04],
          [2.0971e-03],
          [1.4495e-05],
          [3.3527e-05],
          [8.4382e-05],
          [6.0208e-05],
          [1.6473e-05],
          [1.6885e-05],
          [1.5759e-05],
          [1.5451e-05],
          [1.6180e-05],
          [1.5319e-05],
          [1.4392e-05],
          [3.4410e-04],
          [1.1230e-03],
          [1.7221e-05],
          [2.0753e-05],
          [2.4435e-05],
          [2.9702e-05],
          [2.0681e-05],
          [3.2218e-04],
          [5.0641e-05],
          [2.4123e-04],
          [1.6067e-05],
          [2.3238e-05],
          [1.7267e-04],
          [1.4245e-05],
          [2.9220e-04],
          [2.4054e-05],
          [2.8016e-05],
          [1.9403e-05],
          [4.1278e-04],
          [4.3964e-05],
          [4.1185e-03],
          [1.4413e-05],
          [1.8723e-05],
          [1.6864e-05],
          [1.7547e-05],
          [1.6927e-05],
          [1.4397e-05],
          [3.0346e-04],
          [4.1028e-04],
          [1.3445e-05],
          [1.3943e-05],
          [1.2806e-05],
          [1.2493e-05],
          [1.1397e-05],
          [1.1688e-05],
          [1.4418e-05],
          [3.1383e-04],
          [1.2535e-03],
          [1.2209e-05],
          [1.0981e-05],
          [1.0966e-05],
          [1.0730e-05],
          [2.7064e-04],
          [2.5487e-05],
          [1.6985e-05],
          [2.1200e-03],
          [1.2993e-05],
          [1.1292e-05],
          [1.0952e-05],
          [1.3769e-05],
          [1.2595e-05],
          [1.4680e-05],
          [1.4914e-05],
          [1.5237e-05],
          [1.4894e-05],
          [1.5097e-05],
          [1.4666e-05],
          [1.3821e-05],
          [1.3542e-05],
          [1.3885e-05],
          [1.2088e-05],
          [1.1675e-05],
          [1.1301e-05],
          [3.3458e-04],
          [6.6087e-04],
          [1.4650e-05],
          [1.2546e-05],
          [1.0982e-05],
          [1.8148e-05],
          [2.3519e-05],
          [2.1119e-05],
          [2.0947e-05],
          [3.1322e-05],
          [1.8802e-05],
          [1.3308e-05],
          [2.6488e-04],
          [1.7046e-04],
          [2.2524e-05],
          [2.1321e-04],
          [1.2398e-05],
          [2.4092e-04],
          [4.4034e-04],
          [1.3534e-05],
          [1.2743e-05],
          [1.4145e-05],
          [1.2524e-05],
          [1.5527e-05],
          [1.5992e-05],
          [2.1190e-05],
          [2.0384e-05],
          [2.0625e-05],
          [2.3038e-05],
          [2.9926e-05],
          [4.5115e-05],
          [7.4143e-05],
          [4.1390e-05],
          [2.4611e-04],
          [1.9585e-05],
          [2.2194e-05],
          [4.2712e-04],
          [1.8030e-04],
          [2.4562e-05],
          [5.0166e-04],
          [1.7685e-04],
          [4.8689e-05],
          [1.8943e-04],
          [1.2666e-05],
          [1.1252e-05],
          [1.1074e-05],
          [1.0267e-05],
          [1.0480e-05],
          [1.1355e-05],
          [5.0027e-05],
          [1.2245e-05],
          [1.5782e-05],
          [1.2528e-05],
          [4.2954e-04],
          [3.1583e-05],
          [6.4450e-05],
          [2.3552e-04],
          [1.0922e-05],
          [1.0027e-05],
          [1.1403e-05],
          [1.2919e-05],
          [1.2113e-05],
          [1.1047e-05],
          [2.9036e-04],
          [2.0426e-05],
          [2.0616e-03],
          [1.4008e-05],
          [1.2661e-05],
          [1.2074e-05],
          [1.4178e-05],
          [1.3320e-05],
          [1.2711e-05],
          [1.2995e-05],
          [1.3161e-05],
          [1.1398e-05],
          [1.3345e-05],
          [1.2497e-05],
          [1.2550e-05],
          [2.8154e-04],
          [1.0878e-03],
          [1.3502e-05],
          [1.2466e-05],
          [2.7916e-05],
          [1.1386e-05],
          [1.3673e-05],
          [1.8941e-05],
          [1.8934e-05],
          [1.6376e-05],
          [1.6902e-05],
          [1.5208e-05],
          [1.4636e-05],
          [1.1350e-05],
          [1.1327e-05],
          [1.0445e-05],
          [1.0649e-05],
          [1.1067e-05],
          [9.9965e-06],
          [1.1714e-05],
          [1.2597e-05],
          [1.3480e-05],
          [1.4392e-05],
          [1.5969e-05],
          [1.6417e-05],
          [1.8785e-05],
          [1.6588e-05],
          [2.3587e-05],
          [2.4126e-05],
          [3.4266e-05],
          [2.1521e-05],
          [2.4390e-05],
          [3.5741e-05],
          [2.3763e-05],
          [1.7931e-05],
          [2.5961e-05],
          [2.4745e-05],
          [1.9332e-05],
          [1.5615e-05],
          [1.4419e-05],
          [1.4369e-05],
          [1.2961e-05],
          [1.3942e-05],
          [1.4620e-05],
          [3.5438e-04],
          [5.9467e-05],
          [5.1312e-03],
          [1.4043e-05],
          [1.3512e-05],
          [1.2803e-05],
          [1.1532e-05],
          [1.1837e-05],
          [1.1246e-05],
          [1.1972e-05],
          [1.0359e-05],
          [9.4540e-06],
          [1.0511e-05],
          [1.0884e-05],
          [9.7599e-06],
          [1.0688e-05],
          [9.6844e-06],
          [3.3728e-04],
          [6.6899e-05],
          [1.9824e-03],
          [1.0536e-05],
          [1.0703e-05],
          [1.0099e-05],
          [1.4935e-05],
          [3.6673e-04],
          [1.3351e-03],
          [1.2659e-05],
          [1.4861e-05],
          [1.4732e-05],
          [2.3479e-05],
          [2.4126e-05],
          [2.8189e-05],
          [3.4163e-05],
          [3.1082e-05],
          [2.4677e-05],
          [2.0999e-05],
          [1.6219e-05],
          [1.2838e-05],
          [1.3903e-05],
          [1.1752e-05],
          [1.2552e-05],
          [1.2408e-05],
          [1.2334e-05],
          [3.5956e-05],
          [3.1899e-05],
          [3.9644e-05],
          [4.5429e-05],
          [2.9897e-05],
          [2.3225e-05],
          [1.7793e-05],
          [1.7512e-05],
          [1.4751e-05],
          [2.1247e-04],
          [4.9038e-04],
          [1.5777e-05],
          [1.4356e-05],
          [1.4132e-05],
          [1.4385e-05],
          [1.8897e-05],
          [1.9802e-05],
          [2.8706e-05],
          [1.5998e-04],
          [1.9005e-04],
          [2.8482e-04],
          [1.1857e-03],
          [1.9161e-05],
          [1.5015e-05],
          [1.5668e-05],
          [1.7703e-05],
          [1.6271e-05],
          [3.6062e-04],
          [1.4572e-04],
          [1.6437e-05],
          [6.7744e-05],
          [2.3506e-04],
          [1.6069e-05],
          [3.4554e-04],
          [2.1396e-05],
          [3.0504e-04],
          [1.3917e-05],
          [1.2122e-05],
          [1.2596e-05],
          [1.2639e-05],
          [1.3404e-05],
          [8.6060e-05],
          [7.8400e-06]]]])
