# Using CPU
# Loading Embeddings...
# Making Predictions...
torch.Size([1, 1, 442, 294])
tensor([[[[1.9689e-04],
          [5.3771e-05],
          [1.2496e-04],
          [2.6295e-05],
          [9.1129e-06],
          [5.8135e-04],
          [6.7401e-04],
          [1.3632e-05],
          [3.6609e-04],
          [7.4694e-04],
          [1.8022e-05],
          [1.8366e-05],
          [6.3757e-04],
          [2.5821e-04],
          [1.5035e-05],
          [1.2755e-05],
          [1.1471e-05],
          [1.2192e-05],
          [1.4258e-05],
          [1.7329e-05],
          [3.3188e-04],
          [2.8765e-05],
          [4.3702e-04],
          [1.7557e-05],
          [1.9889e-05],
          [2.5451e-05],
          [3.5933e-05],
          [5.6039e-05],
          [6.7616e-05],
          [8.1725e-05],
          [7.8506e-05],
          [7.7589e-05],
          [7.7931e-05],
          [8.7259e-05],
          [6.9472e-05],
          [5.6924e-05],
          [1.4850e-03],
          [5.7351e-05],
          [1.9413e-04],
          [1.4026e-04],
          [2.8314e-04],
          [2.2765e-05],
          [2.2136e-05],
          [2.4084e-05],
          [1.8620e-05],
          [1.7909e-05],
          [1.5224e-05],
          [1.3777e-05],
          [2.2071e-05],
          [4.8532e-04],
          [2.3434e-04],
          [1.2329e-05],
          [1.7485e-05],
          [4.1848e-04],
          [3.5982e-04],
          [1.6973e-05],
          [1.8323e-05],
          [1.7905e-05],
          [2.2445e-05],
          [2.6024e-05],
          [2.6020e-05],
          [2.4218e-05],
          [4.7433e-04],
          [3.1514e-04],
          [1.8756e-05],
          [1.9314e-05],
          [1.6425e-05],
          [1.5330e-05],
          [1.5476e-05],
          [1.4947e-05],
          [1.4560e-05],
          [4.4639e-04],
          [3.4981e-05],
          [3.6275e-05],
          [1.6687e-05],
          [2.1589e-05],
          [1.2270e-03],
          [1.4945e-05],
          [1.4894e-05],
          [1.2921e-05],
          [2.8377e-04],
          [2.2707e-04],
          [1.3267e-05],
          [1.3520e-05],
          [1.5416e-05],
          [1.8441e-05],
          [1.9756e-05],
          [2.2027e-05],
          [1.8114e-05],
          [1.6341e-05],
          [3.8113e-04],
          [6.2082e-05],
          [3.6815e-04],
          [1.1338e-05],
          [1.2972e-05],
          [1.4334e-05],
          [2.2208e-05],
          [3.0049e-05],
          [2.8394e-05],
          [2.7611e-05],
          [2.6214e-05],
          [1.7835e-05],
          [1.3904e-05],
          [1.3975e-05],
          [1.4158e-05],
          [2.0811e-05],
          [2.3510e-05],
          [2.9069e-05],
          [3.0775e-05],
          [2.8551e-05],
          [2.4673e-05],
          [1.1172e-04],
          [2.1329e-04],
          [2.1645e-05],
          [3.2702e-04],
          [1.5704e-05],
          [1.2960e-05],
          [1.1525e-05],
          [1.5306e-05],
          [1.5935e-05],
          [1.5976e-05],
          [1.4189e-05],
          [1.4309e-05],
          [1.3682e-05],
          [1.7496e-05],
          [1.4176e-05],
          [1.5997e-05],
          [1.6024e-05],
          [1.9948e-05],
          [2.0436e-05],
          [2.2428e-05],
          [4.4858e-04],
          [4.9770e-04],
          [2.5984e-05],
          [2.7053e-05],
          [2.6573e-05],
          [2.3216e-05],
          [2.8458e-05],
          [2.2029e-05],
          [1.9775e-05],
          [1.6896e-05],
          [1.5096e-05],
          [1.2185e-05],
          [1.3779e-05],
          [1.4988e-05],
          [1.7940e-05],
          [2.0286e-05],
          [2.6829e-05],
          [3.9376e-05],
          [5.4054e-05],
          [5.8548e-05],
          [7.2683e-05],
          [6.1092e-05],
          [7.7963e-05],
          [5.7685e-05],
          [5.3937e-05],
          [5.2893e-04],
          [3.7398e-04],
          [3.2336e-04],
          [7.4186e-04],
          [2.1491e-05],
          [1.9325e-05],
          [2.0000e-05],
          [2.2584e-05],
          [2.8366e-05],
          [3.0509e-05],
          [3.0930e-05],
          [3.0380e-05],
          [3.6378e-05],
          [3.0680e-05],
          [2.0714e-05],
          [6.4394e-04],
          [3.5228e-04],
          [2.8756e-05],
          [3.4091e-05],
          [4.0473e-05],
          [4.0338e-05],
          [3.7955e-05],
          [4.2169e-04],
          [7.4164e-05],
          [4.0223e-04],
          [2.6015e-05],
          [1.9596e-05],
          [4.4044e-04],
          [1.5290e-05],
          [2.5502e-04],
          [2.0959e-05],
          [2.2399e-05],
          [1.8296e-05],
          [7.3958e-04],
          [5.0405e-05],
          [1.4231e-03],
          [2.2008e-05],
          [2.8827e-05],
          [3.1230e-05],
          [3.0871e-05],
          [3.3883e-05],
          [2.6530e-05],
          [3.1515e-04],
          [2.5342e-04],
          [2.0474e-05],
          [1.5726e-05],
          [1.5978e-05],
          [1.3735e-05],
          [1.7415e-05],
          [1.6321e-05],
          [1.5282e-05],
          [6.5815e-04],
          [4.2603e-04],
          [1.5702e-05],
          [1.4619e-05],
          [1.3755e-05],
          [1.4001e-05],
          [1.1629e-03],
          [3.5597e-05],
          [3.1756e-05],
          [7.7194e-04],
          [1.5224e-05],
          [1.3422e-05],
          [1.2830e-05],
          [1.2025e-05],
          [1.4428e-05],
          [1.3370e-05],
          [1.2738e-05],
          [1.2971e-05],
          [1.4645e-05],
          [1.4831e-05],
          [1.4272e-05],
          [1.3268e-05],
          [1.3460e-05],
          [1.0978e-05],
          [1.2203e-05],
          [1.1835e-05],
          [1.3154e-05],
          [7.8357e-04],
          [2.4146e-04],
          [1.4682e-05],
          [1.6742e-05],
          [1.5483e-05],
          [1.8799e-05],
          [1.7647e-05],
          [2.5529e-05],
          [1.9842e-05],
          [2.5761e-05],
          [2.3863e-05],
          [1.4942e-05],
          [2.7996e-04],
          [1.7625e-04],
          [1.9698e-05],
          [3.0271e-04],
          [1.1269e-05],
          [3.7894e-04],
          [2.1321e-04],
          [1.9444e-05],
          [2.4344e-05],
          [2.5621e-05],
          [2.3084e-05],
          [2.8557e-05],
          [3.0868e-05],
          [4.3097e-05],
          [4.2844e-05],
          [6.5150e-05],
          [7.0113e-05],
          [9.4116e-05],
          [9.7658e-05],
          [1.2004e-04],
          [6.7696e-05],
          [6.4731e-04],
          [5.7924e-05],
          [4.2333e-05],
          [3.6674e-04],
          [1.4697e-04],
          [3.4958e-05],
          [1.5293e-04],
          [2.7443e-04],
          [3.5690e-05],
          [2.5922e-04],
          [1.8802e-05],
          [1.3542e-05],
          [1.2411e-05],
          [9.9661e-06],
          [9.2102e-06],
          [9.7309e-06],
          [2.3950e-05],
          [1.2596e-05],
          [1.9214e-05],
          [1.4702e-05],
          [4.7879e-04],
          [3.8036e-05],
          [1.2277e-04],
          [8.9297e-05],
          [1.2180e-05],
          [1.2382e-05],
          [1.1615e-05],
          [1.1130e-05],
          [1.0660e-05],
          [1.1957e-05],
          [7.1305e-04],
          [3.3642e-05],
          [7.7375e-04],
          [1.2600e-05],
          [1.2597e-05],
          [1.6926e-05],
          [1.5941e-05],
          [1.6840e-05],
          [1.7427e-05],
          [1.6915e-05],
          [2.1511e-05],
          [2.0373e-05],
          [2.5765e-05],
          [2.5025e-05],
          [2.8841e-05],
          [1.0026e-03],
          [3.4913e-04],
          [2.5987e-05],
          [2.1371e-05],
          [1.6210e-05],
          [1.3540e-05],
          [1.4211e-05],
          [2.1820e-05],
          [3.0019e-05],
          [2.3896e-05],
          [2.1838e-05],
          [1.6239e-05],
          [1.4952e-05],
          [1.0782e-05],
          [1.3220e-05],
          [1.5035e-05],
          [1.7237e-05],
          [1.6490e-05],
          [1.6995e-05],
          [1.6453e-05],
          [1.7264e-05],
          [1.3845e-05],
          [1.3790e-05],
          [1.9430e-05],
          [2.3068e-05],
          [2.8896e-05],
          [2.2476e-05],
          [3.9641e-05],
          [3.7227e-05],
          [3.5035e-05],
          [2.2076e-05],
          [2.5991e-05],
          [2.4518e-05],
          [2.4673e-05],
          [1.9626e-05],
          [1.7339e-05],
          [1.7355e-05],
          [2.1196e-05],
          [1.8541e-05],
          [2.2008e-05],
          [1.6018e-05],
          [1.6948e-05],
          [1.6374e-05],
          [1.6901e-05],
          [2.9909e-04],
          [4.4722e-05],
          [1.5838e-03],
          [2.2855e-05],
          [2.3674e-05],
          [1.9595e-05],
          [1.9571e-05],
          [1.7456e-05],
          [1.3963e-05],
          [1.2794e-05],
          [1.1464e-05],
          [1.0629e-05],
          [1.2083e-05],
          [1.4481e-05],
          [1.4424e-05],
          [1.8436e-05],
          [1.6245e-05],
          [3.6998e-04],
          [7.4521e-05],
          [6.7182e-04],
          [1.3647e-05],
          [1.1453e-05],
          [9.0887e-06],
          [1.1886e-05],
          [3.7246e-04],
          [4.6491e-04],
          [1.2678e-05],
          [1.3200e-05],
          [2.1734e-05],
          [2.2695e-05],
          [3.1639e-05],
          [3.9466e-05],
          [4.9327e-05],
          [4.2345e-05],
          [4.0559e-05],
          [2.9646e-05],
          [1.9004e-05],
          [1.3685e-05],
          [9.8288e-06],
          [9.9724e-06],
          [1.0312e-05],
          [1.0768e-05],
          [1.2743e-05],
          [2.2894e-05],
          [3.5855e-05],
          [4.1352e-05],
          [1.1866e-04],
          [3.0008e-05],
          [3.0956e-05],
          [2.3659e-05],
          [2.2967e-05],
          [1.6204e-05],
          [4.6924e-04],
          [2.2642e-04],
          [1.8765e-05],
          [1.9239e-05],
          [1.6974e-05],
          [1.4454e-05],
          [1.8027e-05],
          [1.7649e-05],
          [1.9868e-05],
          [8.2760e-05],
          [7.9171e-05],
          [3.2816e-04],
          [4.4283e-04],
          [2.1557e-05],
          [1.6030e-05],
          [1.6310e-05],
          [1.8573e-05],
          [1.5691e-05],
          [3.6297e-04],
          [1.4184e-04],
          [1.7414e-05],
          [8.2527e-05],
          [2.5096e-04],
          [2.2247e-05],
          [6.0097e-04],
          [2.6380e-05],
          [2.9395e-04],
          [2.2172e-05],
          [1.3774e-05],
          [1.0030e-05],
          [1.0708e-05],
          [9.9211e-06],
          [5.9143e-05],
          [7.4920e-06]]]])
