# Using CPU
# Loading Embeddings...
# Making Predictions...
torch.Size([1, 1, 442, 318])
tensor([[[[9.4445e-05],
          [3.5559e-05],
          [8.1397e-05],
          [3.4772e-05],
          [2.2058e-05],
          [2.7075e-04],
          [2.6980e-04],
          [3.3628e-05],
          [2.0314e-04],
          [2.7423e-04],
          [3.1328e-05],
          [2.4897e-05],
          [3.4683e-04],
          [1.4292e-04],
          [3.6652e-05],
          [2.2165e-05],
          [1.9336e-05],
          [1.2454e-05],
          [1.3309e-05],
          [3.5513e-05],
          [4.7657e-04],
          [2.2007e-05],
          [1.3266e-04],
          [1.7919e-05],
          [2.9064e-05],
          [4.0795e-05],
          [3.7315e-05],
          [4.9756e-05],
          [5.1728e-05],
          [7.0404e-05],
          [6.0090e-05],
          [6.8470e-05],
          [6.1158e-05],
          [6.1956e-05],
          [4.9092e-05],
          [3.8145e-05],
          [1.1345e-03],
          [7.0740e-05],
          [1.1708e-04],
          [1.5785e-04],
          [1.2003e-04],
          [2.9221e-05],
          [2.9133e-05],
          [3.2898e-05],
          [3.5292e-05],
          [3.9247e-05],
          [2.9918e-05],
          [3.5456e-05],
          [2.8121e-05],
          [2.1538e-04],
          [1.1219e-04],
          [3.6473e-05],
          [3.1746e-05],
          [3.0184e-04],
          [1.3689e-04],
          [4.5716e-05],
          [3.2441e-05],
          [3.6975e-05],
          [3.1215e-05],
          [3.7034e-05],
          [4.9051e-05],
          [2.5360e-05],
          [3.3418e-04],
          [1.4844e-04],
          [4.3922e-05],
          [4.0636e-05],
          [5.5150e-05],
          [5.5091e-05],
          [5.6445e-05],
          [5.9154e-05],
          [3.5664e-05],
          [2.3270e-04],
          [2.8982e-05],
          [2.3568e-05],
          [1.9913e-05],
          [1.9765e-05],
          [2.6932e-04],
          [1.9259e-05],
          [2.3530e-05],
          [1.8515e-05],
          [1.6289e-04],
          [1.1609e-04],
          [3.0293e-05],
          [2.7659e-05],
          [2.3854e-05],
          [2.5638e-05],
          [3.5535e-05],
          [3.0298e-05],
          [3.0595e-05],
          [2.6555e-05],
          [2.8934e-04],
          [5.3391e-05],
          [1.6799e-04],
          [3.0944e-05],
          [2.9353e-05],
          [3.1899e-05],
          [3.8129e-05],
          [3.8810e-05],
          [2.3490e-05],
          [2.6594e-05],
          [2.7950e-05],
          [2.4531e-05],
          [2.3895e-05],
          [2.5441e-05],
          [2.9319e-05],
          [4.4088e-05],
          [3.6158e-05],
          [3.7126e-05],
          [3.5716e-05],
          [3.0711e-05],
          [2.7939e-05],
          [7.0018e-05],
          [8.3506e-05],
          [2.4786e-05],
          [1.5091e-04],
          [2.3657e-05],
          [2.5448e-05],
          [2.3406e-05],
          [2.4051e-05],
          [3.1536e-05],
          [3.1602e-05],
          [2.6695e-05],
          [3.7378e-05],
          [4.3971e-05],
          [3.7995e-05],
          [4.8058e-05],
          [5.1960e-05],
          [5.8781e-05],
          [6.1226e-05],
          [8.2022e-05],
          [3.2436e-04],
          [6.7700e-04],
          [1.1011e-03],
          [5.9410e-04],
          [1.7280e-04],
          [7.5937e-05],
          [3.5951e-05],
          [4.6562e-05],
          [3.9451e-05],
          [3.6524e-05],
          [4.7864e-05],
          [4.0419e-05],
          [4.4356e-05],
          [4.4092e-05],
          [5.4559e-05],
          [5.7203e-05],
          [4.4233e-05],
          [4.7359e-05],
          [5.3517e-05],
          [6.1296e-05],
          [5.8541e-05],
          [6.8015e-05],
          [6.1434e-05],
          [6.4900e-05],
          [5.1190e-05],
          [4.2430e-05],
          [2.7442e-04],
          [1.3993e-04],
          [1.4508e-04],
          [2.4604e-04],
          [4.0937e-05],
          [4.0112e-05],
          [9.5358e-05],
          [9.0633e-05],
          [5.5415e-05],
          [5.0940e-05],
          [4.2844e-05],
          [4.7920e-05],
          [4.1163e-05],
          [4.3338e-05],
          [4.0351e-05],
          [3.3683e-04],
          [1.8297e-04],
          [3.8785e-05],
          [3.4715e-05],
          [3.2421e-05],
          [4.9135e-05],
          [3.0098e-05],
          [2.3688e-04],
          [5.6232e-05],
          [1.4012e-04],
          [2.5229e-05],
          [1.8954e-05],
          [1.9561e-04],
          [1.4881e-05],
          [1.5576e-04],
          [1.6856e-05],
          [1.9388e-05],
          [1.6932e-05],
          [3.0746e-04],
          [2.2979e-05],
          [4.9910e-04],
          [2.9819e-05],
          [2.9282e-05],
          [3.4300e-05],
          [3.2171e-05],
          [3.0133e-05],
          [3.1959e-05],
          [2.4321e-04],
          [1.0893e-04],
          [3.0950e-05],
          [2.8153e-05],
          [2.8543e-05],
          [2.4167e-05],
          [3.3128e-05],
          [3.1829e-05],
          [2.9327e-05],
          [2.9657e-04],
          [1.7474e-04],
          [3.0154e-05],
          [3.2883e-05],
          [3.2022e-05],
          [2.1637e-05],
          [2.8988e-04],
          [2.9957e-05],
          [2.9306e-05],
          [1.7757e-04],
          [2.4236e-05],
          [2.3284e-05],
          [2.3955e-05],
          [3.5946e-05],
          [3.9307e-05],
          [4.5007e-05],
          [3.0778e-05],
          [4.3589e-05],
          [5.4101e-05],
          [3.7839e-05],
          [4.7720e-05],
          [5.5896e-05],
          [3.7218e-05],
          [4.1166e-05],
          [4.3692e-05],
          [4.3041e-05],
          [3.0596e-05],
          [3.3525e-04],
          [1.1032e-04],
          [2.9839e-05],
          [3.0414e-05],
          [3.2264e-05],
          [3.0619e-05],
          [3.6541e-05],
          [2.7543e-05],
          [1.9605e-05],
          [4.5121e-05],
          [2.7660e-05],
          [1.8637e-05],
          [1.5843e-04],
          [1.7605e-04],
          [2.0376e-05],
          [1.1587e-04],
          [1.8501e-05],
          [1.9786e-04],
          [7.8798e-05],
          [2.7133e-05],
          [3.3665e-05],
          [3.5476e-05],
          [3.3094e-05],
          [3.6181e-05],
          [3.5195e-05],
          [3.6602e-05],
          [3.5318e-05],
          [4.0994e-05],
          [3.9522e-05],
          [4.2171e-05],
          [6.5004e-05],
          [4.5798e-05],
          [4.9887e-05],
          [1.5991e-04],
          [2.0428e-05],
          [2.3235e-05],
          [2.1408e-04],
          [1.1678e-04],
          [2.4429e-05],
          [8.2690e-05],
          [1.3744e-04],
          [4.8189e-05],
          [1.4139e-04],
          [1.9007e-05],
          [1.9370e-05],
          [1.7096e-05],
          [1.0992e-05],
          [1.0386e-05],
          [1.7364e-05],
          [3.1881e-05],
          [1.0850e-05],
          [1.5296e-05],
          [1.1390e-05],
          [2.4793e-04],
          [2.0297e-05],
          [4.8003e-05],
          [4.9933e-05],
          [1.9071e-05],
          [1.6168e-05],
          [1.9625e-05],
          [1.9219e-05],
          [1.7633e-05],
          [1.5773e-05],
          [3.2772e-04],
          [1.8118e-05],
          [1.9715e-04],
          [2.0204e-05],
          [1.8856e-05],
          [2.4794e-05],
          [2.5977e-05],
          [2.9361e-05],
          [3.2226e-05],
          [4.2052e-05],
          [4.3488e-05],
          [5.3809e-05],
          [4.4984e-05],
          [4.8825e-05],
          [3.9317e-05],
          [3.0152e-04],
          [1.4716e-04],
          [2.6163e-05],
          [2.7510e-05],
          [5.5153e-05],
          [2.0319e-05],
          [1.3407e-05],
          [1.8605e-05],
          [2.4357e-05],
          [2.2184e-05],
          [2.0126e-05],
          [1.3974e-05],
          [1.8157e-05],
          [2.0479e-05],
          [2.3370e-05],
          [2.0074e-05],
          [3.0167e-05],
          [1.7531e-05],
          [2.5126e-05],
          [2.8770e-05],
          [3.2084e-05],
          [3.6085e-05],
          [3.6628e-05],
          [4.2907e-05],
          [3.7795e-05],
          [4.2575e-05],
          [3.9684e-05],
          [3.1702e-05],
          [3.0542e-05],
          [3.4399e-05],
          [3.3442e-05],
          [3.5809e-05],
          [3.5077e-05],
          [3.4204e-05],
          [2.9405e-05],
          [5.1262e-05],
          [3.1821e-05],
          [2.2908e-05],
          [2.2373e-05],
          [2.1581e-05],
          [3.2903e-05],
          [2.4222e-05],
          [2.4502e-05],
          [3.1297e-05],
          [1.4884e-04],
          [2.8241e-05],
          [4.6674e-04],
          [2.2930e-05],
          [3.1299e-05],
          [4.0447e-05],
          [3.3234e-05],
          [3.5507e-05],
          [5.2526e-05],
          [3.9262e-05],
          [2.9406e-05],
          [2.8537e-05],
          [2.8064e-05],
          [2.4786e-05],
          [3.3219e-05],
          [4.4515e-05],
          [2.5433e-05],
          [2.0351e-04],
          [5.7569e-05],
          [2.1942e-04],
          [2.0262e-05],
          [1.9674e-05],
          [1.5302e-05],
          [2.5875e-05],
          [4.3233e-04],
          [1.6589e-04],
          [1.4966e-05],
          [1.8476e-05],
          [3.1525e-05],
          [3.6484e-05],
          [5.7974e-05],
          [7.9389e-05],
          [7.6923e-05],
          [6.3389e-05],
          [5.8156e-05],
          [4.9304e-05],
          [6.9589e-05],
          [3.7150e-05],
          [2.6118e-05],
          [2.4453e-05],
          [2.6883e-05],
          [2.9942e-05],
          [3.5918e-05],
          [1.8196e-04],
          [4.5999e-05],
          [3.8138e-05],
          [9.5119e-05],
          [2.4533e-05],
          [2.7225e-05],
          [2.3778e-05],
          [2.1828e-05],
          [1.5764e-05],
          [2.2788e-04],
          [9.7836e-05],
          [2.6393e-05],
          [3.2214e-05],
          [3.9123e-05],
          [2.4308e-05],
          [3.5415e-05],
          [3.3357e-05],
          [3.1028e-05],
          [6.8999e-05],
          [1.0659e-04],
          [1.9628e-04],
          [1.4253e-04],
          [2.1307e-05],
          [2.1028e-05],
          [1.6095e-05],
          [1.7348e-05],
          [1.7361e-05],
          [2.0415e-04],
          [1.8588e-04],
          [1.7303e-05],
          [5.6053e-05],
          [1.0798e-04],
          [1.6960e-05],
          [1.7550e-04],
          [1.7913e-05],
          [1.5614e-04],
          [2.4257e-05],
          [1.9931e-05],
          [1.8376e-05],
          [2.7680e-05],
          [1.6219e-05],
          [3.0263e-05],
          [5.4748e-06]]]])
