# Using CPU
# Loading Embeddings...
# Making Predictions...
torch.Size([1, 1, 442, 549])
tensor([[[[1.5124e-04],
          [2.7289e-05],
          [1.2287e-04],
          [3.1899e-05],
          [3.3097e-05],
          [2.3763e-04],
          [1.0492e-04],
          [4.9360e-05],
          [1.7578e-04],
          [1.1710e-04],
          [3.9583e-05],
          [2.4821e-05],
          [2.6949e-04],
          [1.5973e-04],
          [3.0354e-05],
          [2.5727e-05],
          [2.6897e-05],
          [2.8433e-05],
          [3.4892e-05],
          [3.4436e-05],
          [1.8971e-04],
          [3.7949e-05],
          [1.1721e-04],
          [2.5063e-05],
          [1.9521e-05],
          [2.1143e-05],
          [1.9505e-05],
          [2.5920e-05],
          [2.8553e-05],
          [3.3391e-05],
          [3.2023e-05],
          [3.4003e-05],
          [3.1810e-05],
          [3.1512e-05],
          [2.9011e-05],
          [2.2754e-05],
          [2.7203e-04],
          [2.2767e-05],
          [1.2281e-04],
          [7.5862e-05],
          [1.4852e-04],
          [1.6082e-05],
          [1.3852e-05],
          [1.3877e-05],
          [1.3725e-05],
          [1.5022e-05],
          [1.5937e-05],
          [1.9357e-05],
          [1.8515e-05],
          [1.4542e-04],
          [1.0731e-04],
          [2.1668e-05],
          [2.4893e-05],
          [2.0802e-04],
          [1.0943e-04],
          [1.9718e-05],
          [1.6779e-05],
          [1.5932e-05],
          [1.6361e-05],
          [1.7470e-05],
          [1.8095e-05],
          [1.7781e-05],
          [2.2545e-04],
          [1.3228e-04],
          [2.2285e-05],
          [2.2434e-05],
          [2.0628e-05],
          [1.9992e-05],
          [2.1624e-05],
          [2.3251e-05],
          [1.6870e-05],
          [1.7737e-04],
          [2.0352e-05],
          [2.0454e-05],
          [1.6257e-05],
          [1.7533e-05],
          [2.2568e-04],
          [1.7079e-05],
          [1.7752e-05],
          [1.6717e-05],
          [2.1678e-04],
          [1.1937e-04],
          [1.9625e-05],
          [1.7390e-05],
          [1.7514e-05],
          [1.9858e-05],
          [2.2058e-05],
          [2.3294e-05],
          [2.9591e-05],
          [3.2998e-05],
          [1.9256e-04],
          [3.9284e-05],
          [1.5607e-04],
          [3.5775e-05],
          [3.2592e-05],
          [3.1201e-05],
          [2.8194e-05],
          [4.6034e-05],
          [3.6283e-05],
          [4.5801e-05],
          [4.7290e-05],
          [4.8703e-05],
          [4.6624e-05],
          [3.8009e-05],
          [3.8778e-05],
          [2.9205e-05],
          [2.2141e-05],
          [2.2396e-05],
          [2.4761e-05],
          [2.3556e-05],
          [2.2795e-05],
          [8.4575e-05],
          [1.1396e-04],
          [3.0896e-05],
          [1.5953e-04],
          [2.2856e-05],
          [1.8353e-05],
          [1.4239e-05],
          [1.8050e-05],
          [2.0320e-05],
          [2.3848e-05],
          [2.3764e-05],
          [2.8181e-05],
          [2.5392e-05],
          [3.1256e-05],
          [3.8129e-05],
          [3.9288e-05],
          [3.8265e-05],
          [3.8191e-05],
          [5.0047e-05],
          [3.8629e-05],
          [2.3811e-04],
          [1.7846e-04],
          [3.7602e-05],
          [3.3451e-05],
          [3.5754e-05],
          [3.1199e-05],
          [3.0673e-05],
          [2.7544e-05],
          [2.5970e-05],
          [2.8592e-05],
          [2.4345e-05],
          [2.5535e-05],
          [2.5807e-05],
          [3.2223e-05],
          [2.8606e-05],
          [2.5309e-05],
          [2.8119e-05],
          [3.2472e-05],
          [5.6551e-05],
          [5.2649e-05],
          [7.4059e-05],
          [7.1329e-05],
          [1.0012e-04],
          [8.4653e-05],
          [9.4549e-05],
          [2.2677e-04],
          [7.1638e-05],
          [1.2076e-04],
          [1.3910e-04],
          [4.2035e-05],
          [2.5734e-05],
          [2.6706e-05],
          [2.5518e-05],
          [2.5871e-05],
          [3.5145e-05],
          [3.1578e-05],
          [3.7416e-05],
          [3.7278e-05],
          [3.7438e-05],
          [3.6809e-05],
          [2.1885e-04],
          [1.0161e-04],
          [3.3508e-05],
          [3.7142e-05],
          [3.0285e-05],
          [2.5856e-05],
          [2.5153e-05],
          [1.3870e-04],
          [4.3791e-05],
          [1.8084e-04],
          [2.6835e-05],
          [2.5751e-05],
          [1.9390e-04],
          [3.4227e-05],
          [2.0178e-04],
          [4.7660e-05],
          [5.4879e-05],
          [4.0221e-05],
          [2.5389e-04],
          [3.4674e-05],
          [9.2848e-05],
          [2.8220e-05],
          [2.5629e-05],
          [2.2118e-05],
          [2.0471e-05],
          [2.1929e-05],
          [2.4284e-05],
          [1.5629e-04],
          [1.0276e-04],
          [2.9447e-05],
          [3.2688e-05],
          [3.1902e-05],
          [2.8916e-05],
          [3.8002e-05],
          [3.0695e-05],
          [3.1470e-05],
          [1.9373e-04],
          [1.0097e-04],
          [2.8180e-05],
          [3.1119e-05],
          [2.9366e-05],
          [2.6733e-05],
          [2.7670e-04],
          [2.6305e-05],
          [2.0004e-05],
          [1.8790e-04],
          [2.1691e-05],
          [2.0799e-05],
          [2.0454e-05],
          [2.1870e-05],
          [2.5972e-05],
          [3.6685e-05],
          [3.1065e-05],
          [2.7702e-05],
          [2.7717e-05],
          [2.3732e-05],
          [1.8515e-05],
          [2.0200e-05],
          [1.8533e-05],
          [1.7483e-05],
          [2.1383e-05],
          [1.9788e-05],
          [2.1159e-05],
          [3.1685e-04],
          [6.3718e-05],
          [1.8985e-05],
          [2.1529e-05],
          [2.5554e-05],
          [2.2425e-05],
          [3.3316e-05],
          [2.4746e-05],
          [1.9006e-05],
          [3.7777e-05],
          [2.7121e-05],
          [1.7006e-05],
          [1.5962e-04],
          [1.0020e-04],
          [2.3533e-05],
          [1.6376e-04],
          [1.4504e-05],
          [1.9283e-04],
          [9.5421e-05],
          [1.7899e-05],
          [2.2806e-05],
          [2.0729e-05],
          [2.0765e-05],
          [2.1103e-05],
          [2.5096e-05],
          [2.4421e-05],
          [2.0423e-05],
          [2.4690e-05],
          [2.3621e-05],
          [3.3986e-05],
          [5.1707e-05],
          [4.9397e-05],
          [3.6178e-05],
          [1.4027e-04],
          [1.7145e-05],
          [1.5864e-05],
          [1.0496e-04],
          [8.4983e-05],
          [2.6853e-05],
          [8.9865e-05],
          [9.9790e-05],
          [4.0697e-05],
          [1.2909e-04],
          [1.4857e-05],
          [1.3747e-05],
          [1.3692e-05],
          [1.4720e-05],
          [1.6760e-05],
          [1.7907e-05],
          [2.1827e-05],
          [2.0416e-05],
          [2.4123e-05],
          [1.8633e-05],
          [2.6001e-04],
          [1.9825e-05],
          [5.6423e-05],
          [3.8510e-05],
          [1.3430e-05],
          [1.3632e-05],
          [1.5448e-05],
          [1.7222e-05],
          [2.0790e-05],
          [2.0062e-05],
          [2.1954e-04],
          [2.6857e-05],
          [1.7253e-04],
          [2.6138e-05],
          [2.7550e-05],
          [2.2249e-05],
          [2.5779e-05],
          [2.0259e-05],
          [1.7832e-05],
          [1.8104e-05],
          [1.6355e-05],
          [1.7291e-05],
          [1.9564e-05],
          [1.9492e-05],
          [2.2448e-05],
          [2.4194e-04],
          [1.1205e-04],
          [1.6904e-05],
          [1.8796e-05],
          [1.6563e-05],
          [1.5708e-05],
          [2.0492e-05],
          [2.3182e-05],
          [2.3952e-05],
          [2.7427e-05],
          [2.5178e-05],
          [2.2831e-05],
          [2.4702e-05],
          [1.5796e-05],
          [1.3933e-05],
          [1.3085e-05],
          [1.6874e-05],
          [1.4543e-05],
          [1.1837e-05],
          [1.2058e-05],
          [1.4212e-05],
          [1.5548e-05],
          [2.2017e-05],
          [2.6143e-05],
          [2.6994e-05],
          [3.3741e-05],
          [3.1171e-05],
          [3.6369e-05],
          [3.0766e-05],
          [3.0702e-05],
          [2.0416e-05],
          [1.9396e-05],
          [2.4296e-05],
          [2.7746e-05],
          [1.3012e-05],
          [3.3422e-05],
          [2.1531e-05],
          [1.5943e-05],
          [1.8514e-05],
          [1.7772e-05],
          [1.8678e-05],
          [1.5391e-05],
          [1.4603e-05],
          [1.8045e-05],
          [1.2799e-04],
          [2.2570e-05],
          [9.6077e-05],
          [1.7147e-05],
          [1.9225e-05],
          [1.6411e-05],
          [1.6373e-05],
          [1.6807e-05],
          [1.6245e-05],
          [1.6290e-05],
          [1.3791e-05],
          [1.3877e-05],
          [1.4280e-05],
          [1.3706e-05],
          [1.2894e-05],
          [1.4317e-05],
          [1.4873e-05],
          [2.0257e-04],
          [6.2192e-05],
          [1.7705e-04],
          [1.3439e-05],
          [1.4152e-05],
          [1.3003e-05],
          [1.4291e-05],
          [2.2526e-04],
          [1.3944e-04],
          [1.4061e-05],
          [1.4144e-05],
          [1.4243e-05],
          [1.7285e-05],
          [1.9820e-05],
          [2.4440e-05],
          [3.3745e-05],
          [2.8713e-05],
          [3.0233e-05],
          [2.9226e-05],
          [2.4051e-05],
          [1.7080e-05],
          [1.4017e-05],
          [1.2833e-05],
          [1.4605e-05],
          [1.4110e-05],
          [1.2360e-05],
          [1.0849e-04],
          [3.1435e-05],
          [2.7031e-05],
          [4.5911e-05],
          [2.1684e-05],
          [2.9778e-05],
          [2.4956e-05],
          [2.2144e-05],
          [1.7301e-05],
          [1.7827e-04],
          [1.2657e-04],
          [1.9263e-05],
          [1.9875e-05],
          [1.8642e-05],
          [1.6814e-05],
          [2.1332e-05],
          [2.3488e-05],
          [2.8113e-05],
          [7.1986e-05],
          [6.7046e-05],
          [1.3371e-04],
          [1.5469e-04],
          [2.7033e-05],
          [2.1840e-05],
          [1.6516e-05],
          [2.2106e-05],
          [1.2824e-05],
          [1.9523e-04],
          [1.0004e-04],
          [1.7577e-05],
          [1.3860e-04],
          [1.0012e-04],
          [1.5398e-05],
          [1.8795e-04],
          [2.0341e-05],
          [1.9183e-04],
          [1.6112e-05],
          [1.2035e-05],
          [1.1694e-05],
          [2.1947e-05],
          [1.1494e-05],
          [2.1807e-05],
          [4.7859e-06]]]])
