# Using CPU
# Loading Embeddings...
# Making Predictions...
torch.Size([1, 1, 442, 260])
tensor([[[[1.4523e-04],
          [3.1530e-05],
          [1.3649e-04],
          [1.0356e-04],
          [8.0198e-06],
          [2.7313e-04],
          [2.2760e-04],
          [3.5670e-05],
          [4.7224e-04],
          [6.4849e-04],
          [1.1769e-05],
          [1.1387e-05],
          [3.6152e-04],
          [1.2400e-04],
          [6.4760e-05],
          [2.0080e-05],
          [6.6819e-05],
          [1.5954e-05],
          [1.8577e-05],
          [2.0342e-05],
          [1.7340e-03],
          [4.0166e-05],
          [8.3976e-04],
          [1.1483e-05],
          [1.1505e-05],
          [1.4654e-05],
          [1.7518e-05],
          [2.6446e-05],
          [2.8941e-05],
          [3.3894e-05],
          [3.0093e-05],
          [3.3653e-05],
          [3.1642e-05],
          [1.0297e-04],
          [2.9543e-05],
          [3.1890e-05],
          [8.9448e-04],
          [4.8097e-05],
          [1.5908e-04],
          [1.6567e-04],
          [4.9811e-04],
          [1.6525e-05],
          [1.5034e-05],
          [1.6910e-05],
          [1.7140e-05],
          [1.3920e-05],
          [1.2160e-05],
          [1.7519e-05],
          [3.2250e-05],
          [2.6701e-04],
          [4.0847e-04],
          [1.1410e-05],
          [1.0278e-05],
          [9.7245e-04],
          [4.9379e-04],
          [9.8432e-06],
          [1.0472e-05],
          [1.9267e-05],
          [1.5010e-05],
          [1.2270e-05],
          [1.1571e-05],
          [1.0345e-05],
          [2.4983e-04],
          [3.4614e-04],
          [1.2237e-05],
          [1.1599e-05],
          [1.3569e-05],
          [1.2909e-05],
          [1.4234e-05],
          [1.4522e-05],
          [1.2054e-05],
          [3.2245e-04],
          [2.5453e-05],
          [1.8391e-05],
          [1.0851e-05],
          [2.0380e-05],
          [1.4985e-03],
          [1.1610e-05],
          [1.1253e-05],
          [1.0186e-05],
          [1.9510e-04],
          [2.3354e-04],
          [1.0887e-05],
          [1.0181e-05],
          [1.0730e-05],
          [1.1769e-05],
          [1.2757e-05],
          [1.4812e-05],
          [1.3922e-05],
          [1.2946e-05],
          [9.2672e-04],
          [4.8253e-05],
          [3.8029e-04],
          [1.2130e-05],
          [1.3585e-05],
          [1.4225e-05],
          [1.7290e-05],
          [2.7969e-05],
          [1.9158e-05],
          [2.1536e-05],
          [1.9299e-05],
          [2.0132e-05],
          [1.9054e-05],
          [2.0720e-05],
          [1.4558e-05],
          [1.2802e-05],
          [1.0417e-05],
          [1.0835e-05],
          [1.2229e-05],
          [1.3465e-05],
          [1.1395e-05],
          [9.8822e-05],
          [1.3888e-04],
          [1.6330e-05],
          [2.9972e-04],
          [1.3788e-05],
          [1.0111e-05],
          [9.7481e-06],
          [1.5569e-05],
          [1.1862e-05],
          [1.4129e-05],
          [1.1194e-05],
          [1.8151e-05],
          [1.1657e-05],
          [1.4200e-05],
          [1.0805e-05],
          [1.1266e-05],
          [1.0865e-05],
          [1.1263e-05],
          [1.2386e-05],
          [1.1277e-05],
          [3.4478e-04],
          [4.2536e-04],
          [2.1613e-05],
          [1.6747e-05],
          [1.5344e-05],
          [1.3421e-05],
          [1.2344e-05],
          [1.1029e-05],
          [1.1443e-05],
          [1.1268e-05],
          [9.9583e-06],
          [9.9580e-06],
          [1.1960e-05],
          [1.0780e-05],
          [1.1455e-05],
          [1.2023e-05],
          [1.4579e-05],
          [1.5747e-05],
          [2.0067e-05],
          [1.9860e-05],
          [1.9301e-05],
          [2.1727e-05],
          [2.8518e-05],
          [2.4309e-05],
          [2.5869e-05],
          [8.1279e-04],
          [3.6098e-04],
          [5.6594e-04],
          [9.9103e-04],
          [1.4256e-05],
          [1.3194e-05],
          [1.2739e-05],
          [1.4681e-05],
          [1.4353e-05],
          [1.9314e-05],
          [1.4999e-05],
          [1.6053e-05],
          [1.7066e-05],
          [1.6162e-05],
          [1.2785e-05],
          [8.5136e-04],
          [6.0278e-04],
          [1.2961e-05],
          [1.2886e-05],
          [1.7382e-05],
          [1.3896e-05],
          [1.2436e-05],
          [2.2277e-04],
          [4.9684e-05],
          [1.8366e-04],
          [1.1740e-05],
          [1.6727e-05],
          [1.3750e-04],
          [1.4504e-05],
          [4.6235e-04],
          [1.6566e-05],
          [1.9380e-05],
          [1.3775e-05],
          [2.2989e-03],
          [9.8609e-05],
          [1.3549e-03],
          [1.2453e-05],
          [1.3278e-05],
          [1.2508e-05],
          [1.1981e-05],
          [1.2993e-05],
          [1.3017e-05],
          [2.4091e-04],
          [4.4233e-04],
          [1.0916e-05],
          [1.0730e-05],
          [1.1831e-05],
          [1.8169e-05],
          [1.3180e-05],
          [1.4355e-05],
          [1.4751e-05],
          [8.4549e-04],
          [7.5285e-04],
          [1.3289e-05],
          [1.1838e-05],
          [1.2350e-05],
          [1.1036e-05],
          [8.5097e-04],
          [3.1001e-05],
          [1.6034e-05],
          [1.5809e-03],
          [1.2285e-05],
          [1.6919e-05],
          [1.1782e-05],
          [1.4286e-05],
          [1.4456e-05],
          [1.4510e-05],
          [1.3182e-05],
          [1.5387e-05],
          [1.8271e-05],
          [1.7353e-05],
          [1.6248e-05],
          [1.6771e-05],
          [1.2888e-05],
          [1.2731e-05],
          [1.4322e-05],
          [1.1126e-05],
          [1.2448e-05],
          [9.4459e-04],
          [4.9187e-04],
          [1.2811e-05],
          [1.4107e-05],
          [1.3339e-05],
          [1.6564e-05],
          [2.6064e-05],
          [1.9868e-05],
          [1.5829e-05],
          [2.4960e-05],
          [2.2312e-05],
          [1.1736e-05],
          [3.0539e-04],
          [1.4372e-04],
          [1.6259e-05],
          [1.8878e-04],
          [1.0764e-05],
          [3.1517e-04],
          [2.5900e-04],
          [1.6431e-05],
          [2.0961e-05],
          [2.1403e-05],
          [1.8918e-05],
          [2.3387e-05],
          [2.4487e-05],
          [2.3901e-05],
          [1.9635e-05],
          [2.0602e-05],
          [1.7834e-05],
          [1.9862e-05],
          [2.7703e-05],
          [2.3390e-05],
          [2.3822e-05],
          [2.0913e-04],
          [2.1553e-05],
          [1.8835e-05],
          [3.8930e-04],
          [2.5973e-04],
          [1.7988e-05],
          [2.4962e-04],
          [1.2795e-04],
          [5.2546e-05],
          [1.5571e-04],
          [1.3103e-05],
          [1.0573e-05],
          [9.3476e-06],
          [9.8355e-06],
          [9.3881e-06],
          [9.3642e-06],
          [2.1723e-05],
          [1.0009e-05],
          [1.2780e-05],
          [9.6693e-06],
          [3.1170e-04],
          [3.0680e-05],
          [6.2177e-05],
          [1.3768e-04],
          [1.0617e-05],
          [9.7163e-06],
          [1.8642e-05],
          [9.0047e-06],
          [1.0031e-05],
          [9.9656e-06],
          [1.3104e-03],
          [2.6789e-05],
          [1.5458e-03],
          [1.2539e-05],
          [1.4064e-05],
          [1.6346e-05],
          [1.7571e-05],
          [1.6086e-05],
          [2.0668e-05],
          [1.6127e-05],
          [2.0799e-05],
          [1.8102e-05],
          [2.0925e-05],
          [2.0583e-05],
          [1.8347e-05],
          [6.3343e-04],
          [6.8474e-04],
          [1.7774e-05],
          [2.0485e-05],
          [1.7903e-05],
          [1.7517e-05],
          [1.7246e-05],
          [1.7360e-05],
          [1.6454e-05],
          [1.6622e-05],
          [1.6716e-05],
          [1.5367e-05],
          [1.6767e-05],
          [1.1577e-05],
          [1.4498e-05],
          [1.3138e-05],
          [1.5782e-05],
          [1.4624e-05],
          [1.6082e-05],
          [1.7424e-05],
          [1.8472e-05],
          [1.5441e-05],
          [1.5627e-05],
          [1.6392e-05],
          [1.7330e-05],
          [2.0950e-05],
          [1.7329e-05],
          [2.0374e-05],
          [2.0686e-05],
          [2.2030e-05],
          [2.0649e-05],
          [2.2518e-05],
          [2.4069e-05],
          [2.0498e-05],
          [1.7666e-05],
          [1.6455e-05],
          [1.5886e-05],
          [1.5801e-05],
          [1.6559e-05],
          [1.2071e-05],
          [1.2894e-05],
          [1.2465e-05],
          [1.3576e-05],
          [1.6389e-05],
          [2.1164e-04],
          [3.4596e-05],
          [1.2481e-03],
          [2.2083e-05],
          [2.0225e-05],
          [1.9520e-05],
          [1.6623e-05],
          [1.6224e-05],
          [1.1057e-05],
          [9.3463e-06],
          [1.0922e-05],
          [1.1091e-05],
          [1.1198e-05],
          [1.2915e-05],
          [1.2733e-05],
          [1.4056e-05],
          [1.4131e-05],
          [4.3354e-04],
          [8.2152e-05],
          [1.2630e-03],
          [1.2589e-05],
          [1.0100e-05],
          [9.6418e-06],
          [9.9726e-06],
          [6.5629e-04],
          [9.8681e-04],
          [1.2564e-05],
          [1.3503e-05],
          [1.4840e-05],
          [2.2370e-05],
          [3.0672e-05],
          [3.9321e-05],
          [3.9935e-05],
          [3.2960e-05],
          [2.6083e-05],
          [1.9082e-05],
          [1.7222e-05],
          [1.1998e-05],
          [1.1543e-05],
          [1.1527e-05],
          [1.0167e-05],
          [1.2166e-05],
          [1.1430e-05],
          [4.7776e-05],
          [2.7141e-05],
          [2.7804e-05],
          [6.0485e-05],
          [2.7509e-05],
          [2.7314e-05],
          [2.3674e-05],
          [2.0709e-05],
          [1.4431e-05],
          [2.6719e-04],
          [2.9431e-04],
          [1.6827e-05],
          [1.4530e-05],
          [1.3149e-05],
          [1.3206e-05],
          [1.9420e-05],
          [1.9462e-05],
          [1.7841e-05],
          [6.5558e-05],
          [6.3174e-05],
          [5.4618e-04],
          [6.3697e-04],
          [2.2572e-05],
          [1.8449e-05],
          [1.7214e-05],
          [1.3690e-05],
          [1.1516e-05],
          [4.3479e-04],
          [1.9750e-04],
          [1.5527e-05],
          [6.9869e-05],
          [3.0181e-04],
          [1.4598e-05],
          [1.9750e-04],
          [2.3426e-05],
          [2.3812e-04],
          [1.7303e-05],
          [9.9964e-06],
          [9.0742e-06],
          [1.4977e-05],
          [4.5850e-05],
          [3.1204e-05],
          [6.0222e-06]]]])
