# Using CPU
# Loading Embeddings...
# Making Predictions...
torch.Size([1, 1, 442, 253])
tensor([[[[1.2340e-04],
          [3.8496e-05],
          [1.0550e-04],
          [1.9433e-05],
          [9.9325e-06],
          [5.7986e-04],
          [2.0166e-04],
          [1.7443e-05],
          [4.0132e-04],
          [2.3226e-04],
          [1.7422e-05],
          [1.4799e-05],
          [3.7679e-04],
          [2.1866e-04],
          [2.4047e-05],
          [1.1752e-05],
          [1.1376e-05],
          [1.1728e-05],
          [1.4744e-05],
          [1.9965e-05],
          [1.0879e-03],
          [2.9020e-05],
          [2.0698e-04],
          [1.5506e-05],
          [1.6855e-05],
          [2.3132e-05],
          [3.3115e-05],
          [5.8733e-05],
          [7.1511e-05],
          [8.4789e-05],
          [8.6829e-05],
          [9.3392e-05],
          [9.2094e-05],
          [1.0109e-04],
          [8.0808e-05],
          [7.5364e-05],
          [1.1889e-03],
          [8.2223e-05],
          [2.2028e-04],
          [1.3893e-04],
          [2.0696e-04],
          [2.6100e-05],
          [2.2118e-05],
          [2.3794e-05],
          [1.6772e-05],
          [1.5712e-05],
          [1.3903e-05],
          [2.8586e-05],
          [3.7648e-05],
          [2.6790e-04],
          [1.7080e-04],
          [2.1067e-05],
          [1.7436e-05],
          [7.0036e-04],
          [1.9794e-04],
          [1.5470e-05],
          [1.5530e-05],
          [1.5309e-05],
          [1.8718e-05],
          [2.3941e-05],
          [2.3978e-05],
          [2.2062e-05],
          [3.8056e-04],
          [1.7832e-04],
          [1.7976e-05],
          [1.8193e-05],
          [1.7881e-05],
          [1.6128e-05],
          [1.5718e-05],
          [1.5404e-05],
          [1.4104e-05],
          [3.6415e-04],
          [2.5498e-05],
          [3.1362e-05],
          [1.3255e-05],
          [1.8035e-05],
          [4.3103e-04],
          [1.5041e-05],
          [1.3920e-05],
          [1.3090e-05],
          [2.2920e-04],
          [1.5563e-04],
          [1.2988e-05],
          [1.3978e-05],
          [1.7614e-05],
          [2.0033e-05],
          [2.1742e-05],
          [2.2301e-05],
          [1.9671e-05],
          [1.7044e-05],
          [6.9294e-04],
          [4.9792e-05],
          [2.4036e-04],
          [1.4694e-05],
          [2.3610e-05],
          [3.3817e-05],
          [4.1392e-05],
          [5.6053e-05],
          [4.4165e-05],
          [3.9238e-05],
          [3.5023e-05],
          [2.2922e-05],
          [1.4390e-05],
          [1.1764e-05],
          [1.2538e-05],
          [1.6677e-05],
          [1.8495e-05],
          [2.4562e-05],
          [2.6331e-05],
          [2.7515e-05],
          [2.3202e-05],
          [1.8230e-04],
          [1.3507e-04],
          [1.6220e-05],
          [2.4342e-04],
          [1.6895e-05],
          [1.4919e-05],
          [1.1875e-05],
          [1.5007e-05],
          [1.6853e-05],
          [1.6940e-05],
          [1.2145e-05],
          [1.3728e-05],
          [1.2308e-05],
          [1.3427e-05],
          [1.3920e-05],
          [1.5411e-05],
          [1.6380e-05],
          [1.9052e-05],
          [2.1686e-05],
          [1.9604e-05],
          [4.2540e-04],
          [3.9842e-04],
          [2.3188e-05],
          [2.5146e-05],
          [2.4604e-05],
          [2.0807e-05],
          [2.2755e-05],
          [1.8738e-05],
          [1.9902e-05],
          [1.5625e-05],
          [1.4496e-05],
          [1.0068e-05],
          [1.1860e-05],
          [1.4013e-05],
          [1.8378e-05],
          [1.9617e-05],
          [2.8576e-05],
          [3.6218e-05],
          [5.6537e-05],
          [5.8013e-05],
          [6.6596e-05],
          [6.3400e-05],
          [8.1438e-05],
          [6.6031e-05],
          [6.3642e-05],
          [5.4286e-04],
          [1.5638e-04],
          [3.4382e-04],
          [2.6395e-04],
          [1.8672e-05],
          [1.7676e-05],
          [1.8867e-05],
          [2.1208e-05],
          [2.1893e-05],
          [3.0680e-05],
          [2.6950e-05],
          [2.6594e-05],
          [2.7535e-05],
          [2.8343e-05],
          [2.4406e-05],
          [4.5488e-04],
          [1.6670e-04],
          [2.9701e-05],
          [3.4949e-05],
          [3.6643e-05],
          [3.8227e-05],
          [3.5566e-05],
          [2.2292e-04],
          [3.6710e-05],
          [2.9560e-04],
          [1.6529e-05],
          [1.3859e-05],
          [2.3234e-04],
          [1.5108e-05],
          [2.3637e-04],
          [1.2781e-05],
          [1.2822e-05],
          [1.1583e-05],
          [7.7694e-04],
          [2.2559e-05],
          [5.9287e-04],
          [2.3746e-05],
          [2.7596e-05],
          [2.8654e-05],
          [2.7748e-05],
          [3.6341e-05],
          [2.7477e-05],
          [2.9754e-04],
          [1.5226e-04],
          [2.2358e-05],
          [1.7527e-05],
          [1.9225e-05],
          [1.4629e-05],
          [1.5819e-05],
          [1.5523e-05],
          [1.5442e-05],
          [6.0863e-04],
          [1.3951e-04],
          [1.5042e-05],
          [1.5191e-05],
          [1.5663e-05],
          [1.5493e-05],
          [4.7669e-04],
          [2.9826e-05],
          [1.9195e-05],
          [3.4168e-04],
          [1.5889e-05],
          [1.5126e-05],
          [1.4992e-05],
          [1.3936e-05],
          [1.8760e-05],
          [1.4592e-05],
          [1.2451e-05],
          [1.4399e-05],
          [1.4702e-05],
          [1.7863e-05],
          [1.7531e-05],
          [1.4446e-05],
          [1.2432e-05],
          [1.1238e-05],
          [1.3025e-05],
          [1.3270e-05],
          [1.3339e-05],
          [4.7614e-04],
          [1.1004e-04],
          [1.8073e-05],
          [2.0303e-05],
          [1.6705e-05],
          [1.6540e-05],
          [1.5274e-05],
          [1.9023e-05],
          [1.5600e-05],
          [2.0163e-05],
          [1.9142e-05],
          [1.2304e-05],
          [3.4742e-04],
          [2.3973e-04],
          [1.6701e-05],
          [1.8013e-04],
          [1.2116e-05],
          [2.4295e-04],
          [1.2780e-04],
          [2.4507e-05],
          [2.8155e-05],
          [3.2937e-05],
          [2.7909e-05],
          [4.2065e-05],
          [5.2372e-05],
          [6.4709e-05],
          [5.8955e-05],
          [9.1114e-05],
          [1.0180e-04],
          [1.4764e-04],
          [1.0635e-04],
          [1.0954e-04],
          [6.3787e-05],
          [2.0526e-04],
          [3.0528e-05],
          [3.0958e-05],
          [1.7252e-04],
          [2.2366e-04],
          [2.3706e-05],
          [1.0615e-04],
          [1.3115e-04],
          [3.3849e-05],
          [2.4592e-04],
          [1.3150e-05],
          [1.0884e-05],
          [9.4980e-06],
          [8.6759e-06],
          [9.5194e-06],
          [9.7448e-06],
          [3.9068e-05],
          [1.2847e-05],
          [1.6177e-05],
          [1.3027e-05],
          [3.2746e-04],
          [2.7989e-05],
          [7.0540e-05],
          [4.5637e-05],
          [1.1677e-05],
          [1.1359e-05],
          [1.1203e-05],
          [1.0478e-05],
          [1.0656e-05],
          [9.8209e-06],
          [7.0215e-04],
          [2.2185e-05],
          [2.7993e-04],
          [1.3670e-05],
          [1.2104e-05],
          [1.4703e-05],
          [1.4710e-05],
          [1.5053e-05],
          [1.5269e-05],
          [1.5535e-05],
          [2.1825e-05],
          [1.9012e-05],
          [2.9192e-05],
          [3.6070e-05],
          [4.5217e-05],
          [3.8275e-04],
          [1.7597e-04],
          [2.7631e-05],
          [2.2080e-05],
          [1.6176e-05],
          [1.2683e-05],
          [1.2482e-05],
          [1.7264e-05],
          [2.4022e-05],
          [1.8878e-05],
          [1.6280e-05],
          [1.5090e-05],
          [1.4892e-05],
          [1.3376e-05],
          [1.1340e-05],
          [1.3450e-05],
          [1.5987e-05],
          [1.3358e-05],
          [1.3713e-05],
          [1.2537e-05],
          [1.5593e-05],
          [1.3852e-05],
          [1.4321e-05],
          [1.7205e-05],
          [1.7685e-05],
          [2.1750e-05],
          [1.7401e-05],
          [2.8656e-05],
          [3.1632e-05],
          [3.4447e-05],
          [2.5561e-05],
          [2.9796e-05],
          [2.3001e-05],
          [2.4904e-05],
          [1.6277e-05],
          [1.8184e-05],
          [1.8564e-05],
          [2.1042e-05],
          [2.0067e-05],
          [1.7904e-05],
          [2.0807e-05],
          [1.9185e-05],
          [1.5534e-05],
          [1.7906e-05],
          [3.8673e-04],
          [3.9714e-05],
          [5.8495e-04],
          [2.3246e-05],
          [2.5476e-05],
          [2.1377e-05],
          [2.0753e-05],
          [1.9700e-05],
          [1.3888e-05],
          [1.0853e-05],
          [1.0506e-05],
          [9.6586e-06],
          [1.0419e-05],
          [1.1246e-05],
          [1.3232e-05],
          [1.8691e-05],
          [1.9179e-05],
          [4.7898e-04],
          [8.9390e-05],
          [4.3061e-04],
          [1.3997e-05],
          [1.2468e-05],
          [9.4067e-06],
          [9.4222e-06],
          [6.9398e-04],
          [2.3172e-04],
          [1.3089e-05],
          [1.1505e-05],
          [1.3807e-05],
          [1.9135e-05],
          [2.2948e-05],
          [2.9301e-05],
          [4.5912e-05],
          [3.8569e-05],
          [3.4189e-05],
          [2.5080e-05],
          [1.9872e-05],
          [1.5398e-05],
          [1.1329e-05],
          [1.1517e-05],
          [1.0611e-05],
          [1.1398e-05],
          [1.2284e-05],
          [1.8419e-05],
          [2.9582e-05],
          [3.6762e-05],
          [3.6212e-05],
          [2.3386e-05],
          [2.5909e-05],
          [2.9433e-05],
          [2.8255e-05],
          [2.0580e-05],
          [2.6580e-04],
          [1.6006e-04],
          [2.2834e-05],
          [2.1114e-05],
          [1.7423e-05],
          [1.5547e-05],
          [1.5315e-05],
          [1.7066e-05],
          [1.5672e-05],
          [1.4006e-04],
          [6.3124e-05],
          [4.4193e-04],
          [2.0822e-04],
          [1.7725e-05],
          [1.6581e-05],
          [1.7275e-05],
          [1.6079e-05],
          [1.4173e-05],
          [3.5165e-04],
          [2.0925e-04],
          [1.4779e-05],
          [6.3456e-05],
          [1.3094e-04],
          [1.6650e-05],
          [4.7845e-04],
          [2.0814e-05],
          [2.6464e-04],
          [2.3018e-05],
          [1.5698e-05],
          [1.4836e-05],
          [1.3484e-05],
          [1.3101e-05],
          [5.3684e-05],
          [6.0311e-06]]]])
