# Using CPU
# Loading Embeddings...
# Making Predictions...
torch.Size([1, 1, 442, 662])
tensor([[[[3.2335e-04],
          [3.1822e-05],
          [9.7045e-05],
          [5.1837e-05],
          [9.3730e-06],
          [2.3517e-04],
          [1.0233e-04],
          [9.7939e-06],
          [1.2322e-04],
          [1.1737e-04],
          [1.0892e-05],
          [1.0074e-05],
          [2.1948e-04],
          [1.3304e-04],
          [1.0628e-05],
          [9.1057e-06],
          [8.6428e-06],
          [9.2323e-06],
          [9.6304e-06],
          [2.3286e-05],
          [2.4293e-04],
          [1.7790e-05],
          [1.2342e-04],
          [1.2097e-05],
          [1.0969e-05],
          [1.3385e-05],
          [1.5326e-05],
          [2.4935e-05],
          [2.8511e-05],
          [3.8474e-05],
          [3.5682e-05],
          [4.2451e-05],
          [3.4379e-05],
          [3.7063e-05],
          [2.8424e-05],
          [2.0140e-05],
          [2.6250e-04],
          [1.9316e-05],
          [9.4799e-05],
          [4.5365e-05],
          [9.4996e-05],
          [1.0732e-05],
          [1.0685e-05],
          [1.1092e-05],
          [9.7543e-06],
          [1.0257e-05],
          [9.7777e-06],
          [1.0657e-05],
          [9.5335e-06],
          [1.4087e-04],
          [1.0919e-04],
          [1.1110e-05],
          [1.3233e-05],
          [2.0860e-04],
          [9.6431e-05],
          [1.0796e-05],
          [1.0976e-05],
          [9.4986e-06],
          [1.0344e-05],
          [1.1488e-05],
          [1.0977e-05],
          [1.0497e-05],
          [2.1776e-04],
          [1.3099e-04],
          [1.0271e-05],
          [1.1103e-05],
          [1.1285e-05],
          [1.2977e-05],
          [1.4161e-05],
          [1.1214e-05],
          [1.0734e-05],
          [1.4161e-04],
          [1.8717e-05],
          [1.6339e-05],
          [8.7342e-06],
          [1.7319e-05],
          [1.8176e-04],
          [1.1286e-05],
          [1.0197e-05],
          [1.0886e-05],
          [1.7119e-04],
          [1.0317e-04],
          [9.7106e-06],
          [9.2749e-06],
          [8.3193e-06],
          [1.0058e-05],
          [9.5571e-06],
          [9.8616e-06],
          [1.0381e-05],
          [1.1448e-05],
          [2.5169e-04],
          [4.1870e-05],
          [1.5652e-04],
          [1.1223e-05],
          [1.0299e-05],
          [1.0861e-05],
          [1.1188e-05],
          [2.0961e-04],
          [1.1542e-05],
          [1.1423e-03],
          [1.6273e-05],
          [1.3817e-05],
          [1.1775e-05],
          [1.2461e-05],
          [1.2293e-05],
          [1.3046e-05],
          [1.3568e-05],
          [1.2653e-05],
          [1.2230e-05],
          [1.2153e-05],
          [1.0350e-05],
          [5.1657e-05],
          [9.3575e-05],
          [1.6529e-05],
          [1.4163e-04],
          [1.1748e-05],
          [9.0638e-06],
          [8.6557e-06],
          [1.1978e-05],
          [1.4232e-05],
          [1.4165e-05],
          [1.4083e-05],
          [1.6089e-05],
          [1.0794e-05],
          [1.2896e-05],
          [1.0440e-05],
          [1.0465e-05],
          [1.0476e-05],
          [1.5025e-05],
          [5.0101e-05],
          [4.5898e-04],
          [4.5698e-03],
          [1.1576e-03],
          [9.9167e-04],
          [2.6176e-04],
          [1.1249e-04],
          [4.8074e-05],
          [2.0659e-05],
          [1.3824e-05],
          [1.2285e-05],
          [1.1108e-05],
          [9.7035e-06],
          [9.5133e-06],
          [9.7088e-06],
          [1.0992e-05],
          [1.1583e-05],
          [1.2642e-05],
          [1.6751e-05],
          [1.8781e-05],
          [2.9346e-05],
          [2.9221e-05],
          [2.9596e-05],
          [2.6229e-05],
          [2.7570e-05],
          [2.8448e-05],
          [2.8899e-05],
          [1.8506e-04],
          [5.9596e-05],
          [1.1980e-04],
          [1.3867e-04],
          [1.6048e-05],
          [6.8045e-05],
          [1.3212e-04],
          [1.2263e-04],
          [2.8590e-05],
          [3.2895e-05],
          [3.2470e-05],
          [1.6277e-05],
          [1.5252e-05],
          [1.4867e-05],
          [1.1689e-05],
          [1.2368e-04],
          [8.9036e-05],
          [1.2596e-05],
          [1.4950e-05],
          [1.6127e-05],
          [1.5456e-05],
          [1.3988e-05],
          [1.3380e-04],
          [2.7313e-05],
          [1.6172e-04],
          [1.0326e-05],
          [1.5212e-05],
          [1.9531e-04],
          [1.5432e-05],
          [1.7950e-04],
          [1.4024e-05],
          [3.7240e-04],
          [1.2501e-05],
          [1.9876e-04],
          [2.9419e-05],
          [1.1021e-04],
          [1.2267e-05],
          [1.3014e-05],
          [1.3712e-05],
          [1.2670e-05],
          [1.2602e-05],
          [1.1946e-05],
          [1.6398e-04],
          [9.4694e-05],
          [1.0364e-05],
          [1.0032e-05],
          [9.4962e-06],
          [9.6457e-06],
          [1.0089e-05],
          [1.0583e-05],
          [1.0233e-05],
          [2.3095e-04],
          [9.5023e-05],
          [1.0888e-05],
          [9.8793e-06],
          [9.7377e-06],
          [9.5027e-06],
          [1.6224e-04],
          [2.7061e-05],
          [1.5489e-05],
          [1.5340e-04],
          [1.2876e-05],
          [1.4558e-05],
          [1.1144e-05],
          [1.7749e-05],
          [1.0887e-05],
          [1.0883e-05],
          [1.0782e-05],
          [9.8989e-06],
          [1.5041e-05],
          [1.3406e-05],
          [1.0402e-05],
          [1.3149e-05],
          [1.1687e-05],
          [1.2072e-05],
          [1.2621e-05],
          [9.8607e-06],
          [1.1252e-05],
          [1.4927e-04],
          [8.3491e-05],
          [1.2308e-05],
          [1.1618e-05],
          [1.1752e-05],
          [1.4040e-05],
          [8.0279e-01],
          [1.6610e-05],
          [1.3610e-05],
          [1.8762e-05],
          [1.9445e-05],
          [1.0476e-05],
          [1.4140e-04],
          [8.0805e-05],
          [1.7337e-05],
          [1.4292e-04],
          [1.0539e-05],
          [1.5650e-04],
          [9.3953e-05],
          [1.2221e-05],
          [1.2429e-05],
          [1.3693e-05],
          [1.3448e-05],
          [1.3914e-05],
          [1.3186e-05],
          [1.5992e-05],
          [1.6413e-05],
          [2.7323e-05],
          [3.4106e-05],
          [5.0206e-05],
          [4.5236e-05],
          [4.6751e-05],
          [3.0244e-05],
          [1.5854e-04],
          [1.6999e-05],
          [1.9578e-05],
          [1.0932e-04],
          [5.6185e-05],
          [2.7919e-05],
          [9.7140e-05],
          [8.2833e-05],
          [2.7822e-05],
          [1.4710e-04],
          [1.2175e-05],
          [8.9351e-06],
          [9.4582e-06],
          [9.2743e-06],
          [1.0091e-05],
          [1.0305e-05],
          [2.1783e-05],
          [9.3973e-06],
          [1.1071e-05],
          [9.2498e-06],
          [2.3814e-04],
          [2.1551e-05],
          [5.9286e-05],
          [4.8430e-05],
          [8.9520e-06],
          [9.0746e-06],
          [9.6378e-06],
          [1.0112e-05],
          [1.0543e-05],
          [9.8983e-06],
          [3.2656e-04],
          [1.8794e-05],
          [1.7503e-04],
          [1.2772e-05],
          [1.0804e-05],
          [1.1791e-05],
          [1.3379e-05],
          [1.0320e-05],
          [1.1674e-05],
          [1.0682e-05],
          [1.0336e-05],
          [1.2305e-05],
          [1.1385e-05],
          [1.1046e-05],
          [1.2694e-05],
          [1.4424e-04],
          [9.3613e-05],
          [1.2491e-05],
          [1.0526e-05],
          [1.0209e-05],
          [1.1111e-05],
          [1.0796e-05],
          [1.0736e-05],
          [1.1507e-05],
          [1.1274e-05],
          [1.3091e-05],
          [1.0335e-05],
          [1.0075e-05],
          [9.7172e-06],
          [1.0555e-05],
          [1.4140e-05],
          [1.3997e-05],
          [1.6086e-05],
          [1.0977e-05],
          [1.1416e-05],
          [1.0151e-05],
          [1.1351e-05],
          [1.1003e-05],
          [1.2700e-05],
          [1.2134e-05],
          [1.2738e-05],
          [1.1780e-05],
          [1.4752e-05],
          [1.5738e-05],
          [1.5254e-05],
          [1.4440e-05],
          [1.6687e-05],
          [1.6399e-05],
          [1.9440e-05],
          [1.5398e-05],
          [2.1559e-05],
          [2.2279e-05],
          [1.3012e-05],
          [1.3769e-05],
          [1.1836e-05],
          [1.2378e-05],
          [1.2722e-05],
          [1.2163e-05],
          [1.2551e-05],
          [1.5462e-04],
          [2.4760e-05],
          [1.3013e-04],
          [1.4034e-05],
          [1.3530e-05],
          [1.3319e-05],
          [1.2821e-05],
          [1.2653e-05],
          [1.1618e-05],
          [1.0286e-05],
          [9.8129e-06],
          [9.0337e-06],
          [1.3110e-05],
          [9.6189e-06],
          [1.0470e-05],
          [1.0706e-05],
          [1.0586e-05],
          [1.6454e-04],
          [5.6834e-05],
          [2.6575e-04],
          [1.3574e-05],
          [9.9886e-06],
          [1.0790e-05],
          [1.1265e-05],
          [3.4678e-04],
          [1.4881e-04],
          [1.1173e-05],
          [1.0749e-05],
          [1.1321e-05],
          [1.2723e-05],
          [1.3084e-05],
          [1.6240e-05],
          [1.8286e-05],
          [1.6091e-05],
          [1.3643e-05],
          [1.1763e-05],
          [1.4947e-05],
          [1.1259e-05],
          [9.3029e-06],
          [9.4326e-06],
          [1.0592e-05],
          [1.0137e-05],
          [1.1031e-05],
          [2.6026e-05],
          [2.4849e-05],
          [3.2078e-05],
          [2.9740e-05],
          [2.1948e-05],
          [2.4520e-05],
          [1.9208e-05],
          [1.7095e-05],
          [1.1117e-05],
          [1.2600e-04],
          [9.7218e-05],
          [1.3289e-05],
          [1.4744e-05],
          [1.7124e-05],
          [1.9425e-05],
          [2.3734e-05],
          [2.1726e-05],
          [2.5394e-05],
          [8.5997e-05],
          [3.4174e-05],
          [2.1696e-04],
          [1.0323e-04],
          [2.2982e-05],
          [1.7501e-05],
          [1.5724e-05],
          [2.1615e-05],
          [1.0653e-05],
          [1.2884e-04],
          [1.0487e-04],
          [1.4521e-05],
          [4.3409e-05],
          [7.9002e-05],
          [1.2290e-05],
          [2.8396e-04],
          [2.0656e-05],
          [1.9691e-04],
          [1.5100e-05],
          [1.1964e-05],
          [9.6534e-06],
          [1.2194e-05],
          [1.1090e-05],
          [1.4948e-05],
          [4.6403e-06]]]])
