# Using CPU
# Loading Embeddings...
# Making Predictions...
torch.Size([1, 1, 442, 125])
tensor([[[[8.2745e-04],
          [4.2227e-05],
          [1.1685e-04],
          [5.5181e-05],
          [2.1214e-05],
          [7.7266e-05],
          [6.0940e-05],
          [3.7645e-05],
          [9.3845e-05],
          [8.0174e-05],
          [3.3710e-05],
          [2.5644e-05],
          [2.4633e-03],
          [6.0844e-04],
          [5.1004e-05],
          [3.5810e-05],
          [6.5701e-05],
          [7.7940e-05],
          [9.9649e-05],
          [1.2154e-04],
          [3.5333e-04],
          [9.1581e-05],
          [7.1011e-05],
          [4.0269e-05],
          [4.2803e-05],
          [3.6443e-05],
          [3.7050e-05],
          [2.9334e-05],
          [2.8708e-05],
          [2.6273e-05],
          [2.4949e-05],
          [2.7264e-05],
          [3.1631e-05],
          [8.0809e-05],
          [1.9773e-05],
          [1.7655e-05],
          [1.1833e-03],
          [4.1640e-05],
          [9.7379e-05],
          [5.4574e-05],
          [1.1054e-04],
          [1.2429e-05],
          [1.3135e-05],
          [1.7255e-05],
          [1.7551e-05],
          [1.9427e-05],
          [2.1381e-05],
          [2.2048e-05],
          [1.9603e-05],
          [2.0653e-03],
          [5.2330e-04],
          [2.3350e-05],
          [1.7120e-05],
          [1.4992e-04],
          [4.2604e-05],
          [1.9134e-05],
          [1.4750e-05],
          [1.4710e-05],
          [1.9430e-05],
          [2.0451e-05],
          [2.7264e-05],
          [2.1088e-05],
          [1.9211e-03],
          [4.8661e-04],
          [3.3515e-05],
          [3.8827e-05],
          [2.3457e-05],
          [2.1314e-05],
          [2.8977e-05],
          [2.9738e-05],
          [2.3804e-05],
          [1.6642e-03],
          [3.1409e-05],
          [4.1079e-05],
          [2.6180e-05],
          [2.2570e-05],
          [7.5222e-05],
          [1.7267e-05],
          [1.6849e-05],
          [1.6020e-05],
          [1.6195e-03],
          [5.4605e-04],
          [2.0137e-05],
          [1.1432e-05],
          [1.6254e-05],
          [1.3054e-05],
          [1.9595e-05],
          [2.0477e-05],
          [2.8034e-05],
          [2.5955e-05],
          [1.1517e-04],
          [1.5958e-04],
          [5.1800e-04],
          [3.6170e-05],
          [4.1781e-05],
          [5.8822e-05],
          [9.0889e-05],
          [1.3036e-04],
          [1.7563e-04],
          [2.1617e-04],
          [4.0875e-04],
          [2.7416e-04],
          [1.8529e-04],
          [8.7905e-05],
          [5.5998e-05],
          [2.9844e-05],
          [2.7446e-05],
          [2.2595e-05],
          [2.4641e-05],
          [2.4027e-05],
          [2.7274e-05],
          [3.3507e-05],
          [7.3465e-04],
          [2.0636e-05],
          [9.1650e-04],
          [1.5637e-05],
          [1.5146e-05],
          [1.1826e-05],
          [1.9719e-05],
          [1.7695e-05],
          [2.1396e-05],
          [2.1280e-05],
          [2.2569e-05],
          [2.2983e-05],
          [2.7084e-05],
          [3.9544e-05],
          [4.6495e-05],
          [5.4132e-05],
          [4.3887e-05],
          [5.1150e-05],
          [3.7231e-05],
          [2.7446e-03],
          [5.7300e-04],
          [5.0330e-05],
          [2.2328e-05],
          [1.8794e-05],
          [2.2321e-05],
          [2.1259e-05],
          [2.2124e-05],
          [2.1651e-05],
          [2.5829e-05],
          [2.0170e-05],
          [2.4173e-05],
          [1.7707e-05],
          [2.5329e-05],
          [1.6314e-05],
          [1.7459e-05],
          [1.3925e-05],
          [1.6500e-05],
          [1.9267e-05],
          [1.8780e-05],
          [2.1159e-05],
          [2.4447e-05],
          [2.4312e-05],
          [2.4213e-05],
          [2.6386e-05],
          [6.5008e-05],
          [2.2966e-05],
          [7.1109e-05],
          [5.9956e-05],
          [1.8181e-05],
          [1.7423e-05],
          [2.1553e-05],
          [2.3519e-05],
          [1.9189e-05],
          [1.7255e-05],
          [1.7774e-05],
          [1.7736e-05],
          [1.9077e-05],
          [2.2483e-05],
          [2.4679e-05],
          [3.4022e-04],
          [1.0833e-04],
          [3.3957e-05],
          [3.0953e-05],
          [3.5172e-05],
          [2.5623e-05],
          [2.1928e-05],
          [1.1881e-03],
          [3.4199e-05],
          [5.7886e-04],
          [2.6633e-05],
          [2.0234e-05],
          [8.7750e-04],
          [2.1182e-05],
          [5.8118e-04],
          [3.2758e-05],
          [3.8896e-05],
          [2.9933e-05],
          [7.5129e-05],
          [2.9329e-05],
          [4.0116e-05],
          [2.5698e-05],
          [3.0785e-05],
          [2.6903e-05],
          [3.2368e-05],
          [2.9141e-05],
          [2.9762e-05],
          [1.7562e-03],
          [2.9939e-04],
          [4.0867e-05],
          [4.1246e-05],
          [3.2183e-05],
          [3.1616e-05],
          [3.6290e-05],
          [3.2958e-05],
          [2.7924e-05],
          [2.4293e-04],
          [9.6135e-05],
          [2.9678e-05],
          [3.0745e-05],
          [3.6915e-05],
          [2.8642e-05],
          [6.9940e-04],
          [6.4056e-05],
          [2.6673e-05],
          [3.5264e-04],
          [1.8582e-05],
          [1.9959e-05],
          [2.1247e-05],
          [2.6941e-05],
          [2.2166e-05],
          [3.5922e-05],
          [2.0728e-05],
          [2.1073e-05],
          [1.4834e-05],
          [1.3139e-05],
          [1.1570e-05],
          [1.4750e-05],
          [1.6037e-05],
          [1.0618e-05],
          [1.2927e-05],
          [1.3230e-05],
          [1.3419e-05],
          [2.1594e-04],
          [6.2551e-05],
          [2.0107e-05],
          [1.9874e-05],
          [2.9897e-05],
          [3.2518e-05],
          [5.8032e-05],
          [7.8504e-05],
          [5.8013e-05],
          [5.2834e-05],
          [6.6967e-05],
          [4.5154e-05],
          [3.5200e-05],
          [4.3371e-04],
          [2.0437e-05],
          [6.5023e-04],
          [1.3393e-05],
          [2.7603e-04],
          [1.4870e-04],
          [1.5342e-05],
          [1.4632e-05],
          [1.9169e-05],
          [2.1441e-05],
          [2.9948e-05],
          [2.9813e-05],
          [2.9880e-05],
          [3.9948e-05],
          [3.9530e-05],
          [8.4302e-05],
          [4.1636e-05],
          [4.7006e-05],
          [5.7613e-05],
          [5.7273e-05],
          [9.7368e-04],
          [5.0640e-05],
          [5.2456e-05],
          [5.5605e-04],
          [3.4592e-05],
          [8.3715e-05],
          [2.4019e-04],
          [2.2555e-04],
          [6.7322e-05],
          [6.8902e-04],
          [2.4938e-05],
          [2.6256e-05],
          [2.1297e-05],
          [2.3062e-05],
          [2.2731e-05],
          [2.7856e-05],
          [5.3190e-05],
          [4.4626e-05],
          [5.0318e-05],
          [2.9564e-05],
          [2.0235e-03],
          [3.3873e-05],
          [3.0797e-04],
          [2.8156e-05],
          [2.0039e-05],
          [1.7740e-05],
          [2.1643e-05],
          [3.1425e-05],
          [3.3956e-05],
          [2.9902e-05],
          [3.5464e-04],
          [2.8603e-05],
          [1.8832e-04],
          [2.6115e-05],
          [3.1773e-05],
          [2.4535e-05],
          [2.5610e-05],
          [2.5525e-05],
          [2.5759e-05],
          [2.0697e-05],
          [1.5154e-05],
          [3.7358e-05],
          [1.4440e-05],
          [1.1192e-05],
          [1.0834e-05],
          [6.1735e-04],
          [1.7805e-04],
          [1.3194e-05],
          [1.5471e-05],
          [1.9402e-05],
          [1.4347e-05],
          [2.1112e-05],
          [3.8368e-05],
          [5.2694e-05],
          [4.5418e-05],
          [4.5448e-05],
          [3.2481e-05],
          [2.7417e-05],
          [1.8510e-05],
          [1.3287e-05],
          [1.7493e-05],
          [1.3423e-05],
          [1.3993e-05],
          [1.4222e-05],
          [1.3323e-05],
          [1.6161e-05],
          [1.9113e-05],
          [2.2325e-05],
          [2.4387e-05],
          [3.0262e-05],
          [3.0465e-05],
          [3.0735e-05],
          [4.7387e-05],
          [3.4542e-05],
          [4.1132e-05],
          [2.5802e-05],
          [2.2775e-05],
          [1.9678e-05],
          [1.4526e-05],
          [1.1098e-05],
          [1.1328e-05],
          [1.0228e-05],
          [1.0381e-05],
          [1.6332e-05],
          [2.0635e-05],
          [2.6104e-05],
          [2.2519e-05],
          [1.9955e-05],
          [1.8461e-05],
          [3.9067e-05],
          [1.4991e-05],
          [2.8904e-05],
          [1.2583e-05],
          [1.3515e-05],
          [1.5142e-05],
          [1.4736e-05],
          [1.3340e-05],
          [2.5473e-05],
          [1.2156e-05],
          [1.0452e-05],
          [9.3827e-06],
          [1.2193e-05],
          [9.6769e-06],
          [1.2477e-05],
          [1.1782e-05],
          [1.2702e-05],
          [6.8439e-05],
          [3.4251e-04],
          [4.5850e-04],
          [1.7364e-05],
          [2.0105e-05],
          [2.0125e-05],
          [2.9768e-05],
          [4.8948e-04],
          [1.7256e-04],
          [3.3286e-05],
          [2.7626e-05],
          [2.0838e-05],
          [1.6996e-05],
          [1.4390e-05],
          [2.1881e-05],
          [2.1446e-05],
          [3.3218e-05],
          [3.5170e-05],
          [1.7922e-05],
          [4.6968e-05],
          [2.3072e-05],
          [1.5071e-05],
          [1.1099e-05],
          [1.3074e-05],
          [1.0088e-05],
          [1.7982e-05],
          [2.1349e-05],
          [3.6110e-05],
          [4.7307e-05],
          [5.0202e-05],
          [4.8501e-05],
          [6.2368e-05],
          [6.3349e-05],
          [4.4718e-05],
          [2.8865e-05],
          [1.1965e-03],
          [2.1321e-04],
          [1.6131e-05],
          [1.7721e-05],
          [1.5825e-05],
          [2.1032e-05],
          [2.3498e-05],
          [2.3470e-05],
          [1.9761e-05],
          [2.0984e-05],
          [2.2164e-05],
          [1.1846e-04],
          [8.2888e-05],
          [2.5990e-05],
          [2.9386e-05],
          [4.0688e-05],
          [3.5403e-05],
          [4.1321e-05],
          [4.0441e-04],
          [1.0563e-04],
          [3.8129e-05],
          [8.8044e-05],
          [1.3607e-04],
          [1.6744e-05],
          [5.1560e-04],
          [1.6862e-05],
          [5.3977e-04],
          [1.8753e-05],
          [2.1794e-05],
          [2.1143e-05],
          [2.5691e-05],
          [3.0892e-05],
          [2.0299e-05],
          [9.5880e-06]]]])
