# Using CPU
# Loading Embeddings...
# Making Predictions...
torch.Size([1, 1, 442, 126])
tensor([[[[5.6276e-04],
          [3.3762e-05],
          [1.0012e-04],
          [4.7003e-05],
          [1.7707e-05],
          [1.5617e-04],
          [6.4385e-05],
          [3.7222e-05],
          [1.3044e-04],
          [4.4468e-05],
          [3.2138e-05],
          [2.2627e-05],
          [1.0833e-03],
          [3.4887e-04],
          [3.1450e-05],
          [2.8162e-05],
          [3.2403e-05],
          [7.6410e-05],
          [1.1132e-04],
          [1.3310e-04],
          [2.2497e-04],
          [1.0711e-04],
          [7.7324e-05],
          [4.0958e-05],
          [4.6544e-05],
          [4.9890e-05],
          [5.7762e-05],
          [5.2042e-05],
          [4.6387e-05],
          [4.3515e-05],
          [3.9835e-05],
          [3.3300e-05],
          [4.9718e-05],
          [4.8765e-05],
          [3.3132e-05],
          [2.4126e-05],
          [7.3450e-04],
          [1.6696e-05],
          [1.9591e-04],
          [9.9130e-05],
          [1.2817e-04],
          [1.5130e-05],
          [1.6278e-05],
          [1.7600e-05],
          [2.1166e-05],
          [2.6493e-05],
          [2.4095e-05],
          [2.5338e-05],
          [2.4651e-05],
          [8.9088e-04],
          [2.9554e-04],
          [2.6008e-05],
          [2.2676e-05],
          [1.0943e-04],
          [3.7734e-05],
          [3.0707e-05],
          [2.4324e-05],
          [2.1488e-05],
          [2.5998e-05],
          [2.7496e-05],
          [3.5005e-05],
          [2.6882e-05],
          [1.8881e-03],
          [4.3508e-04],
          [3.3141e-05],
          [3.5891e-05],
          [2.9813e-05],
          [2.9615e-05],
          [3.6214e-05],
          [3.4783e-05],
          [2.8172e-05],
          [1.2539e-03],
          [3.0259e-05],
          [3.0049e-05],
          [3.1523e-05],
          [2.7812e-05],
          [6.9254e-05],
          [2.5651e-05],
          [2.4246e-05],
          [2.3540e-05],
          [1.1888e-03],
          [3.9554e-04],
          [2.2059e-05],
          [1.5340e-05],
          [2.1249e-05],
          [1.9005e-05],
          [2.1224e-05],
          [2.2140e-05],
          [2.8738e-05],
          [2.7077e-05],
          [1.1276e-04],
          [8.8887e-05],
          [3.5537e-04],
          [3.3978e-05],
          [4.7369e-05],
          [6.9033e-05],
          [8.8920e-05],
          [1.3009e-04],
          [1.9639e-04],
          [2.4290e-04],
          [3.9255e-04],
          [2.5545e-04],
          [1.7627e-04],
          [7.3810e-05],
          [5.0308e-05],
          [3.4103e-05],
          [3.8040e-05],
          [2.9130e-05],
          [3.4063e-05],
          [3.6476e-05],
          [3.2920e-05],
          [3.3301e-05],
          [5.0219e-04],
          [2.4900e-05],
          [6.3909e-04],
          [1.8612e-05],
          [1.6520e-05],
          [1.5756e-05],
          [1.8250e-05],
          [1.9935e-05],
          [2.4540e-05],
          [2.7179e-05],
          [2.8902e-05],
          [2.7356e-05],
          [3.0843e-05],
          [3.9978e-05],
          [4.1523e-05],
          [4.9051e-05],
          [3.9490e-05],
          [4.5607e-05],
          [4.4401e-05],
          [1.9607e-03],
          [4.3462e-04],
          [3.5260e-05],
          [3.0954e-05],
          [3.2137e-05],
          [2.8615e-05],
          [3.0341e-05],
          [2.8749e-05],
          [2.9652e-05],
          [2.8808e-05],
          [2.4045e-05],
          [2.4272e-05],
          [1.9231e-05],
          [2.2275e-05],
          [1.8386e-05],
          [1.8814e-05],
          [1.9733e-05],
          [2.4399e-05],
          [2.8940e-05],
          [3.1568e-05],
          [4.1389e-05],
          [3.1801e-05],
          [4.3753e-05],
          [3.1321e-05],
          [3.0568e-05],
          [5.3084e-05],
          [2.8053e-05],
          [5.9447e-05],
          [5.0075e-05],
          [2.5485e-05],
          [2.7811e-05],
          [2.6960e-05],
          [2.1354e-05],
          [2.7605e-05],
          [2.4464e-05],
          [2.8777e-05],
          [2.7090e-05],
          [2.9100e-05],
          [3.2639e-05],
          [3.4162e-05],
          [4.1582e-04],
          [1.1188e-04],
          [4.7201e-05],
          [4.5272e-05],
          [5.3125e-05],
          [4.3379e-05],
          [3.5002e-05],
          [1.1564e-03],
          [5.2936e-05],
          [6.5463e-04],
          [3.2295e-05],
          [2.4874e-05],
          [7.1665e-04],
          [2.2195e-05],
          [4.2376e-04],
          [3.0115e-05],
          [4.0126e-05],
          [3.0551e-05],
          [7.1700e-05],
          [3.3171e-05],
          [3.2142e-05],
          [3.1321e-05],
          [3.7115e-05],
          [3.3175e-05],
          [4.1863e-05],
          [3.9087e-05],
          [3.9470e-05],
          [1.5122e-03],
          [3.0528e-04],
          [4.5433e-05],
          [4.3532e-05],
          [3.5719e-05],
          [3.4854e-05],
          [3.4227e-05],
          [3.3219e-05],
          [2.8985e-05],
          [1.7240e-04],
          [7.1255e-05],
          [3.2154e-05],
          [3.0557e-05],
          [3.6807e-05],
          [2.7591e-05],
          [6.8548e-04],
          [5.3248e-05],
          [2.2512e-05],
          [2.6544e-04],
          [2.6701e-05],
          [2.4652e-05],
          [2.6644e-05],
          [3.1498e-05],
          [2.4353e-05],
          [3.0178e-05],
          [2.2613e-05],
          [1.7437e-05],
          [1.3535e-05],
          [1.2972e-05],
          [1.1153e-05],
          [1.3908e-05],
          [1.5378e-05],
          [1.0648e-05],
          [1.3138e-05],
          [1.4288e-05],
          [1.4317e-05],
          [1.6538e-04],
          [4.8675e-05],
          [2.3161e-05],
          [1.9783e-05],
          [3.0190e-05],
          [3.7409e-05],
          [5.6325e-05],
          [6.2751e-05],
          [5.5566e-05],
          [5.4526e-05],
          [6.3685e-05],
          [4.3923e-05],
          [3.7544e-05],
          [3.2281e-04],
          [1.6789e-05],
          [6.2488e-04],
          [1.3785e-05],
          [3.8462e-04],
          [1.2922e-04],
          [2.0187e-05],
          [1.7276e-05],
          [2.7689e-05],
          [2.4864e-05],
          [3.6680e-05],
          [3.4812e-05],
          [2.8764e-05],
          [4.7978e-05],
          [3.2036e-05],
          [5.4494e-05],
          [3.4188e-05],
          [5.6262e-05],
          [7.4212e-05],
          [5.3812e-05],
          [8.2382e-04],
          [5.4708e-05],
          [5.6766e-05],
          [4.1720e-04],
          [4.0015e-05],
          [5.8501e-05],
          [1.0217e-04],
          [2.8676e-04],
          [3.8388e-05],
          [5.9979e-04],
          [2.9400e-05],
          [2.7285e-05],
          [2.5010e-05],
          [2.0426e-05],
          [2.2039e-05],
          [2.5859e-05],
          [5.4882e-05],
          [4.4827e-05],
          [5.9451e-05],
          [3.1790e-05],
          [1.8313e-03],
          [2.8651e-05],
          [2.8477e-04],
          [3.2088e-05],
          [1.7734e-05],
          [1.9344e-05],
          [2.3838e-05],
          [3.0807e-05],
          [3.1392e-05],
          [2.8033e-05],
          [2.6844e-04],
          [2.6145e-05],
          [1.2816e-04],
          [2.9072e-05],
          [3.5111e-05],
          [2.8101e-05],
          [3.2626e-05],
          [3.0459e-05],
          [2.6969e-05],
          [2.7225e-05],
          [1.9501e-05],
          [2.9245e-05],
          [1.7390e-05],
          [1.3054e-05],
          [1.0305e-05],
          [4.0722e-04],
          [1.2313e-04],
          [2.0563e-05],
          [1.9009e-05],
          [1.9140e-05],
          [1.8426e-05],
          [2.0110e-05],
          [2.9331e-05],
          [5.3064e-05],
          [5.1114e-05],
          [5.2468e-05],
          [3.7570e-05],
          [2.7394e-05],
          [1.7336e-05],
          [1.3112e-05],
          [2.6619e-05],
          [2.2402e-05],
          [2.6999e-05],
          [2.1716e-05],
          [2.1157e-05],
          [2.4380e-05],
          [2.6448e-05],
          [2.4616e-05],
          [2.7705e-05],
          [3.6616e-05],
          [3.3367e-05],
          [3.2324e-05],
          [5.7044e-05],
          [3.8276e-05],
          [4.9856e-05],
          [2.9612e-05],
          [2.2694e-05],
          [2.1931e-05],
          [1.2047e-05],
          [1.1357e-05],
          [1.5037e-05],
          [1.2339e-05],
          [1.2841e-05],
          [1.9070e-05],
          [2.0932e-05],
          [3.8627e-05],
          [2.8846e-05],
          [2.8331e-05],
          [3.0679e-05],
          [2.9169e-05],
          [2.5688e-05],
          [2.5903e-05],
          [2.1094e-05],
          [2.3163e-05],
          [2.2950e-05],
          [2.3691e-05],
          [1.9041e-05],
          [3.2928e-05],
          [1.5095e-05],
          [1.3755e-05],
          [1.1536e-05],
          [1.3819e-05],
          [1.1853e-05],
          [1.2646e-05],
          [1.5910e-05],
          [1.9524e-05],
          [4.6292e-05],
          [2.1577e-04],
          [3.0176e-04],
          [2.2467e-05],
          [1.9668e-05],
          [1.9045e-05],
          [2.7286e-05],
          [4.1309e-04],
          [2.1334e-04],
          [2.8246e-05],
          [2.4119e-05],
          [1.7198e-05],
          [1.4392e-05],
          [1.2225e-05],
          [1.9460e-05],
          [2.3092e-05],
          [3.2079e-05],
          [3.2912e-05],
          [1.7049e-05],
          [2.7572e-05],
          [2.8756e-05],
          [1.2191e-05],
          [1.0833e-05],
          [2.1625e-05],
          [1.1165e-05],
          [1.6947e-05],
          [2.7154e-05],
          [4.2894e-05],
          [5.4627e-05],
          [6.0808e-05],
          [4.2798e-05],
          [5.3525e-05],
          [4.9993e-05],
          [4.1035e-05],
          [2.7419e-05],
          [7.2878e-04],
          [1.8619e-04],
          [2.8438e-05],
          [2.7302e-05],
          [2.1958e-05],
          [3.0883e-05],
          [3.2706e-05],
          [3.5954e-05],
          [2.7675e-05],
          [2.9828e-05],
          [3.0094e-05],
          [1.0809e-04],
          [6.7025e-05],
          [2.4576e-05],
          [2.9422e-05],
          [3.9982e-05],
          [3.5185e-05],
          [2.9454e-05],
          [4.1459e-04],
          [1.0171e-04],
          [2.7731e-05],
          [6.5679e-05],
          [1.2204e-04],
          [1.5906e-05],
          [3.4054e-04],
          [1.6395e-05],
          [4.3664e-04],
          [2.0793e-05],
          [2.2435e-05],
          [1.8640e-05],
          [2.5953e-05],
          [2.5783e-05],
          [3.7803e-05],
          [1.1022e-05]]]])
