# Using CPU
# Loading Embeddings...
# Making Predictions...
torch.Size([1, 1, 442, 257])
tensor([[[[1.0891e-04],
          [2.6979e-05],
          [7.1691e-05],
          [3.3640e-05],
          [1.6417e-05],
          [3.8054e-04],
          [6.9149e-04],
          [3.5626e-05],
          [2.7734e-04],
          [9.0521e-04],
          [2.6930e-05],
          [2.1400e-05],
          [3.0956e-04],
          [1.8888e-04],
          [2.5153e-05],
          [1.1775e-05],
          [1.0646e-05],
          [1.0575e-05],
          [1.3035e-05],
          [2.2182e-05],
          [6.5693e-04],
          [2.6573e-05],
          [5.3220e-04],
          [1.7527e-05],
          [2.0692e-05],
          [2.6836e-05],
          [2.6311e-05],
          [4.2594e-05],
          [4.7248e-05],
          [5.9871e-05],
          [6.5995e-05],
          [6.3578e-05],
          [5.9251e-05],
          [6.1898e-05],
          [4.2290e-05],
          [3.8405e-05],
          [8.3285e-04],
          [4.9258e-05],
          [1.8133e-04],
          [1.2476e-04],
          [4.2684e-04],
          [2.2854e-05],
          [1.9731e-05],
          [2.0426e-05],
          [2.3488e-05],
          [3.0412e-05],
          [1.8600e-05],
          [2.0082e-05],
          [2.1696e-05],
          [1.9505e-04],
          [3.0869e-04],
          [2.3464e-05],
          [2.3110e-05],
          [5.0214e-04],
          [4.0820e-04],
          [2.3424e-05],
          [2.0627e-05],
          [2.2283e-05],
          [2.6811e-05],
          [2.0003e-05],
          [2.2262e-05],
          [1.8070e-05],
          [3.0877e-04],
          [1.9528e-04],
          [3.2964e-05],
          [2.5475e-05],
          [3.0912e-05],
          [3.2660e-05],
          [3.3786e-05],
          [3.0711e-05],
          [2.4637e-05],
          [3.6340e-04],
          [2.5059e-05],
          [2.3036e-05],
          [2.1145e-05],
          [1.9679e-05],
          [1.7962e-03],
          [2.2161e-05],
          [1.8722e-05],
          [1.8648e-05],
          [1.5643e-04],
          [1.2872e-04],
          [1.8938e-05],
          [1.7147e-05],
          [1.8299e-05],
          [1.6583e-05],
          [1.9589e-05],
          [2.3227e-05],
          [1.8878e-05],
          [1.8858e-05],
          [3.5649e-04],
          [3.5890e-05],
          [2.2259e-04],
          [1.8847e-05],
          [1.6639e-05],
          [1.8271e-05],
          [2.2313e-05],
          [2.9673e-05],
          [2.1731e-05],
          [2.1849e-05],
          [2.1575e-05],
          [2.0060e-05],
          [1.3139e-05],
          [1.0593e-05],
          [1.1396e-05],
          [2.0062e-05],
          [2.0456e-05],
          [1.8967e-05],
          [2.1328e-05],
          [1.9485e-05],
          [1.9220e-05],
          [1.7579e-04],
          [1.0861e-04],
          [2.5416e-05],
          [1.9837e-04],
          [2.0917e-05],
          [1.9346e-05],
          [2.8023e-05],
          [1.5610e-05],
          [1.7739e-05],
          [1.8244e-05],
          [1.8184e-05],
          [2.0225e-05],
          [2.2606e-05],
          [2.2296e-05],
          [2.3855e-05],
          [2.3608e-05],
          [2.8429e-05],
          [2.8173e-05],
          [3.4000e-05],
          [5.0051e-05],
          [3.8708e-04],
          [3.2549e-04],
          [8.9739e-05],
          [3.6905e-05],
          [2.5040e-05],
          [2.3933e-05],
          [2.5275e-05],
          [2.4289e-05],
          [2.1722e-05],
          [2.1245e-05],
          [2.1119e-05],
          [2.1656e-05],
          [2.2081e-05],
          [2.3219e-05],
          [2.5695e-05],
          [2.7743e-05],
          [2.3050e-05],
          [3.0633e-05],
          [3.2295e-05],
          [3.2338e-05],
          [3.5776e-05],
          [3.8353e-05],
          [4.1681e-05],
          [3.5367e-05],
          [3.6238e-05],
          [3.9397e-04],
          [3.6462e-04],
          [1.6884e-04],
          [9.3289e-04],
          [2.5260e-05],
          [2.2623e-05],
          [2.9866e-05],
          [2.6828e-05],
          [2.5664e-05],
          [2.4005e-05],
          [2.3443e-05],
          [2.3666e-05],
          [2.4887e-05],
          [2.1993e-05],
          [2.1697e-05],
          [3.8769e-04],
          [4.0921e-04],
          [2.2213e-05],
          [2.5513e-05],
          [3.0922e-05],
          [2.5092e-05],
          [2.2690e-05],
          [2.8505e-04],
          [3.8922e-05],
          [2.3929e-04],
          [1.7785e-05],
          [2.5794e-05],
          [2.0374e-04],
          [1.6727e-05],
          [2.6201e-04],
          [1.8527e-05],
          [1.9825e-05],
          [1.5934e-05],
          [4.3245e-04],
          [5.0381e-05],
          [1.6489e-03],
          [2.0379e-05],
          [2.3203e-05],
          [2.3810e-05],
          [2.1162e-05],
          [2.2289e-05],
          [2.1796e-05],
          [2.7050e-04],
          [2.2459e-04],
          [2.0158e-05],
          [2.0376e-05],
          [2.1014e-05],
          [1.7921e-05],
          [1.8554e-05],
          [2.1318e-05],
          [2.0445e-05],
          [3.1774e-04],
          [4.9999e-04],
          [1.8383e-05],
          [1.7774e-05],
          [2.0153e-05],
          [1.8602e-05],
          [3.0747e-04],
          [3.7706e-05],
          [2.2936e-05],
          [1.1028e-03],
          [1.9227e-05],
          [1.6845e-05],
          [1.7206e-05],
          [2.0123e-05],
          [2.1285e-05],
          [2.3750e-05],
          [1.3239e-05],
          [1.6672e-05],
          [2.4770e-05],
          [1.9610e-05],
          [1.7882e-05],
          [2.5031e-05],
          [2.3418e-05],
          [2.2676e-05],
          [2.3675e-05],
          [2.1650e-05],
          [1.7486e-05],
          [3.8380e-04],
          [2.6087e-04],
          [2.5467e-05],
          [1.8026e-05],
          [1.3793e-05],
          [2.0077e-05],
          [1.7619e-05],
          [2.1019e-05],
          [1.5268e-05],
          [2.2670e-05],
          [2.7806e-05],
          [1.2517e-05],
          [2.8222e-04],
          [7.2216e-05],
          [2.2556e-05],
          [1.7671e-04],
          [1.4730e-05],
          [2.4897e-04],
          [2.3567e-04],
          [2.0182e-05],
          [2.7354e-05],
          [3.0369e-05],
          [2.7535e-05],
          [3.5997e-05],
          [3.9323e-05],
          [4.5963e-05],
          [3.6351e-05],
          [4.6475e-05],
          [4.7091e-05],
          [5.3988e-05],
          [6.6983e-05],
          [4.1614e-05],
          [5.9449e-05],
          [2.9851e-04],
          [2.6950e-05],
          [2.8967e-05],
          [2.7443e-04],
          [2.5800e-04],
          [3.3342e-05],
          [2.6215e-04],
          [1.9318e-04],
          [3.7689e-05],
          [2.7126e-04],
          [1.4336e-05],
          [1.6106e-05],
          [1.1289e-05],
          [8.8872e-06],
          [9.2032e-06],
          [9.3749e-06],
          [3.1144e-05],
          [1.0642e-05],
          [1.4375e-05],
          [1.1758e-05],
          [2.3866e-04],
          [2.5062e-05],
          [7.3534e-05],
          [1.8470e-04],
          [1.4453e-05],
          [1.3816e-05],
          [1.1541e-05],
          [1.1138e-05],
          [1.1756e-05],
          [1.0730e-05],
          [3.6381e-04],
          [2.2121e-05],
          [1.0079e-03],
          [1.4697e-05],
          [1.6104e-05],
          [1.7887e-05],
          [1.9535e-05],
          [1.8452e-05],
          [1.9680e-05],
          [2.1660e-05],
          [2.2110e-05],
          [2.4780e-05],
          [2.6755e-05],
          [3.3656e-05],
          [3.5065e-05],
          [4.1626e-04],
          [4.5617e-04],
          [2.4004e-05],
          [1.8819e-05],
          [1.4529e-05],
          [1.1802e-05],
          [1.4015e-05],
          [1.7287e-05],
          [1.8662e-05],
          [1.6849e-05],
          [1.6727e-05],
          [1.7944e-05],
          [2.0085e-05],
          [1.5548e-05],
          [1.6583e-05],
          [1.6151e-05],
          [1.9693e-05],
          [1.6481e-05],
          [1.7528e-05],
          [1.7330e-05],
          [1.8745e-05],
          [1.6851e-05],
          [1.5797e-05],
          [1.8875e-05],
          [1.8917e-05],
          [1.9715e-05],
          [1.9923e-05],
          [2.4037e-05],
          [2.5192e-05],
          [2.9083e-05],
          [2.2807e-05],
          [2.6173e-05],
          [3.1350e-05],
          [5.1524e-05],
          [2.1335e-05],
          [2.2228e-05],
          [4.0314e-05],
          [1.9038e-05],
          [2.1163e-05],
          [1.4285e-05],
          [1.5541e-05],
          [1.6837e-05],
          [1.4372e-05],
          [1.6179e-05],
          [3.5816e-04],
          [5.4909e-05],
          [1.8398e-03],
          [2.2068e-05],
          [2.2673e-05],
          [2.1768e-05],
          [1.9243e-05],
          [2.2173e-05],
          [2.0807e-05],
          [2.9320e-05],
          [1.6709e-05],
          [1.8411e-05],
          [1.9004e-05],
          [1.8455e-05],
          [1.7080e-05],
          [2.0697e-05],
          [1.6252e-05],
          [5.0196e-04],
          [9.5003e-05],
          [8.1791e-04],
          [1.6923e-05],
          [1.3139e-05],
          [1.0145e-05],
          [1.2651e-05],
          [4.5598e-04],
          [5.4694e-04],
          [1.2560e-05],
          [1.4059e-05],
          [1.5224e-05],
          [2.2031e-05],
          [2.7664e-05],
          [3.4272e-05],
          [3.3210e-05],
          [2.9435e-05],
          [2.4112e-05],
          [2.5077e-05],
          [2.6941e-05],
          [2.3333e-05],
          [1.6467e-05],
          [1.5771e-05],
          [2.3640e-05],
          [1.4454e-05],
          [1.7660e-05],
          [4.1779e-05],
          [3.4007e-05],
          [3.7320e-05],
          [3.9122e-05],
          [2.8163e-05],
          [3.3636e-05],
          [2.4552e-05],
          [2.3799e-05],
          [1.7010e-05],
          [2.1565e-04],
          [2.7958e-04],
          [2.4015e-05],
          [2.0310e-05],
          [2.3420e-05],
          [1.8328e-05],
          [2.8687e-05],
          [2.4003e-05],
          [4.5101e-05],
          [1.4958e-04],
          [7.8922e-05],
          [2.9700e-04],
          [5.1785e-04],
          [3.0827e-05],
          [1.7122e-05],
          [1.5365e-05],
          [1.9871e-05],
          [1.3656e-05],
          [3.8554e-04],
          [8.3224e-05],
          [1.6392e-05],
          [6.9092e-05],
          [2.5611e-04],
          [1.6304e-05],
          [1.8694e-04],
          [2.4074e-05],
          [2.5872e-04],
          [2.0330e-05],
          [1.5910e-05],
          [1.3797e-05],
          [2.2381e-05],
          [1.2805e-05],
          [5.2194e-05],
          [8.4671e-06]]]])
