# Using CPU
# Loading Embeddings...
# Making Predictions...
torch.Size([1, 1, 442, 285])
tensor([[[[1.5658e-04],
          [7.0372e-05],
          [1.4502e-04],
          [2.7454e-05],
          [9.4242e-06],
          [2.0859e-03],
          [2.5136e-04],
          [1.6103e-05],
          [2.4895e-03],
          [2.8580e-04],
          [2.2412e-05],
          [2.2932e-05],
          [4.5441e-04],
          [2.5524e-04],
          [1.6617e-05],
          [1.4524e-05],
          [1.8998e-05],
          [1.1709e-05],
          [1.2988e-05],
          [1.5763e-05],
          [2.4893e-03],
          [2.7235e-05],
          [2.1123e-04],
          [2.1150e-05],
          [2.3577e-05],
          [3.3616e-05],
          [5.1082e-05],
          [8.1053e-05],
          [8.4836e-05],
          [1.1101e-04],
          [9.9506e-05],
          [1.0555e-04],
          [9.2964e-05],
          [1.0903e-04],
          [8.2373e-05],
          [6.7621e-05],
          [8.4866e-04],
          [6.3178e-05],
          [2.0033e-04],
          [2.5242e-04],
          [3.2733e-04],
          [2.9264e-05],
          [2.9670e-05],
          [3.1660e-05],
          [2.2826e-05],
          [2.2263e-05],
          [1.9713e-05],
          [1.7348e-05],
          [2.1639e-05],
          [4.9738e-04],
          [2.4519e-04],
          [1.4145e-05],
          [1.3487e-05],
          [1.6140e-03],
          [2.1789e-04],
          [1.8123e-05],
          [2.1211e-05],
          [2.1491e-05],
          [2.7752e-05],
          [3.2031e-05],
          [2.8941e-05],
          [2.6752e-05],
          [5.4825e-04],
          [3.1774e-04],
          [1.9307e-05],
          [2.0479e-05],
          [1.8817e-05],
          [1.7888e-05],
          [1.9589e-05],
          [1.8496e-05],
          [1.7536e-05],
          [6.2167e-04],
          [2.6450e-05],
          [7.0075e-05],
          [1.9240e-05],
          [2.0204e-05],
          [5.1297e-04],
          [1.8698e-05],
          [1.9043e-05],
          [1.5408e-05],
          [2.7110e-04],
          [1.9824e-04],
          [1.6422e-05],
          [1.7312e-05],
          [2.0398e-05],
          [2.4363e-05],
          [2.6851e-05],
          [2.9234e-05],
          [2.4727e-05],
          [2.0707e-05],
          [1.4679e-03],
          [5.0324e-05],
          [2.8787e-04],
          [1.1190e-05],
          [1.3708e-05],
          [1.2998e-05],
          [2.0079e-05],
          [2.6576e-05],
          [2.4614e-05],
          [2.5218e-05],
          [2.3132e-05],
          [1.7225e-05],
          [1.2899e-05],
          [1.3669e-05],
          [1.7004e-05],
          [2.3492e-05],
          [2.6082e-05],
          [3.2876e-05],
          [3.7085e-05],
          [3.4280e-05],
          [2.6821e-05],
          [9.4224e-04],
          [1.6062e-04],
          [3.4689e-05],
          [3.4279e-04],
          [1.6526e-05],
          [1.1645e-05],
          [1.1189e-05],
          [1.4900e-05],
          [1.6781e-05],
          [1.6927e-05],
          [1.5449e-05],
          [1.6432e-05],
          [1.3451e-05],
          [1.4213e-05],
          [1.4915e-05],
          [1.5528e-05],
          [1.5598e-05],
          [2.2124e-05],
          [1.8019e-05],
          [2.1629e-05],
          [5.0349e-04],
          [5.5023e-04],
          [2.8112e-05],
          [3.0400e-05],
          [2.3160e-05],
          [1.9590e-05],
          [1.6697e-05],
          [1.5096e-05],
          [1.6273e-05],
          [1.5331e-05],
          [1.2702e-05],
          [1.1197e-05],
          [1.2668e-05],
          [1.6099e-05],
          [1.8592e-05],
          [2.1638e-05],
          [2.5400e-05],
          [4.0613e-05],
          [5.6470e-05],
          [6.4205e-05],
          [6.9389e-05],
          [6.9576e-05],
          [6.9743e-05],
          [6.0945e-05],
          [5.5948e-05],
          [3.3338e-03],
          [1.2986e-04],
          [9.7111e-04],
          [2.9417e-04],
          [1.9037e-05],
          [1.9900e-05],
          [1.8889e-05],
          [2.2325e-05],
          [2.0248e-05],
          [2.6579e-05],
          [2.2374e-05],
          [2.5921e-05],
          [2.6371e-05],
          [2.7944e-05],
          [2.5154e-05],
          [2.1225e-03],
          [3.1334e-04],
          [2.4193e-05],
          [3.1057e-05],
          [6.8387e-05],
          [3.6022e-05],
          [3.6255e-05],
          [4.8823e-04],
          [4.2327e-05],
          [4.7199e-04],
          [4.0135e-05],
          [2.4371e-05],
          [4.4818e-04],
          [1.9588e-05],
          [2.5683e-04],
          [1.6285e-05],
          [1.8004e-05],
          [1.4772e-05],
          [2.6428e-03],
          [3.4105e-05],
          [4.1728e-04],
          [2.4763e-05],
          [3.4557e-05],
          [3.5435e-05],
          [3.4652e-05],
          [3.5128e-05],
          [3.0243e-05],
          [5.1802e-04],
          [2.9965e-04],
          [2.1196e-05],
          [1.6778e-05],
          [1.7382e-05],
          [1.5104e-05],
          [1.7820e-05],
          [1.5737e-05],
          [1.5056e-05],
          [1.3549e-03],
          [2.0687e-04],
          [1.7266e-05],
          [1.6866e-05],
          [1.6665e-05],
          [1.7334e-05],
          [1.2249e-03],
          [4.2409e-05],
          [3.1262e-05],
          [5.1245e-04],
          [1.7465e-05],
          [1.5301e-05],
          [1.4101e-05],
          [1.3605e-05],
          [1.6451e-05],
          [1.3205e-05],
          [1.2273e-05],
          [1.3961e-05],
          [1.5434e-05],
          [2.1287e-05],
          [1.9979e-05],
          [1.9208e-05],
          [1.1642e-05],
          [1.1477e-05],
          [1.2776e-05],
          [1.2903e-05],
          [1.5399e-05],
          [2.4612e-03],
          [1.5144e-04],
          [1.4496e-05],
          [1.8652e-05],
          [1.4962e-05],
          [1.7213e-05],
          [1.7073e-05],
          [2.3707e-05],
          [1.7932e-05],
          [2.3098e-05],
          [3.0254e-05],
          [1.4049e-05],
          [2.1907e-03],
          [2.0164e-04],
          [2.7916e-05],
          [2.5936e-04],
          [1.3653e-05],
          [9.5003e-04],
          [1.8417e-04],
          [2.2762e-05],
          [2.9202e-05],
          [3.1340e-05],
          [3.4130e-05],
          [3.5458e-05],
          [3.6159e-05],
          [4.3558e-05],
          [3.8562e-05],
          [4.9347e-05],
          [5.1253e-05],
          [5.5410e-05],
          [5.3952e-04],
          [6.7347e-05],
          [7.0272e-05],
          [3.1797e-04],
          [2.5153e-05],
          [2.7204e-05],
          [3.7146e-04],
          [4.7848e-04],
          [2.2156e-05],
          [1.4286e-04],
          [2.1752e-04],
          [3.3322e-05],
          [2.7754e-04],
          [1.4952e-05],
          [1.2812e-05],
          [1.2420e-05],
          [1.0861e-05],
          [1.0368e-05],
          [9.8375e-06],
          [2.0900e-05],
          [1.1786e-05],
          [1.7159e-05],
          [1.3707e-05],
          [5.1978e-04],
          [3.2482e-05],
          [1.2273e-04],
          [1.0852e-04],
          [1.2953e-05],
          [1.3137e-05],
          [1.3266e-05],
          [1.2531e-05],
          [1.2292e-05],
          [1.0569e-05],
          [1.6704e-03],
          [3.4878e-05],
          [3.0938e-04],
          [1.3624e-05],
          [1.2669e-05],
          [1.6059e-05],
          [1.3402e-05],
          [1.4508e-05],
          [1.4144e-05],
          [1.5132e-05],
          [1.8260e-05],
          [1.7154e-05],
          [2.1702e-05],
          [2.7222e-05],
          [2.4816e-05],
          [1.4866e-03],
          [2.3373e-04],
          [1.9498e-05],
          [1.7510e-05],
          [1.5522e-05],
          [1.1624e-05],
          [1.3914e-05],
          [1.7212e-05],
          [2.2158e-05],
          [1.8080e-05],
          [2.0925e-05],
          [1.3484e-05],
          [1.4422e-05],
          [1.0904e-05],
          [1.3254e-05],
          [1.4144e-05],
          [1.5597e-05],
          [1.5026e-05],
          [1.5083e-05],
          [1.5207e-05],
          [1.7022e-05],
          [1.5860e-05],
          [1.5077e-05],
          [1.6649e-05],
          [1.8474e-05],
          [2.1652e-05],
          [1.7544e-05],
          [2.8672e-05],
          [2.6477e-05],
          [2.6829e-05],
          [2.8071e-05],
          [3.2075e-05],
          [3.9381e-05],
          [3.5278e-05],
          [3.2735e-05],
          [2.7605e-05],
          [3.0997e-05],
          [2.9516e-05],
          [2.6896e-05],
          [1.9050e-05],
          [1.4954e-05],
          [2.0229e-05],
          [1.8446e-05],
          [1.8301e-05],
          [2.2796e-03],
          [5.4348e-05],
          [4.8406e-04],
          [2.0570e-05],
          [2.1835e-05],
          [1.8745e-05],
          [1.8421e-05],
          [1.8716e-05],
          [1.5724e-05],
          [1.3041e-05],
          [1.1565e-05],
          [1.3844e-05],
          [1.1886e-05],
          [1.3674e-05],
          [1.4280e-05],
          [1.8790e-05],
          [1.7012e-05],
          [2.0557e-03],
          [1.7007e-04],
          [5.5484e-04],
          [1.4813e-05],
          [1.2615e-05],
          [9.2114e-06],
          [1.0917e-05],
          [9.2633e-04],
          [2.5050e-04],
          [1.3365e-05],
          [1.3550e-05],
          [1.8591e-05],
          [2.2757e-05],
          [2.7987e-05],
          [3.1314e-05],
          [3.4494e-05],
          [2.6219e-05],
          [2.4212e-05],
          [1.7721e-05],
          [1.4128e-05],
          [1.2034e-05],
          [9.8952e-06],
          [1.0272e-05],
          [1.0676e-05],
          [1.2423e-05],
          [1.2811e-05],
          [4.7729e-05],
          [3.3755e-05],
          [3.7555e-05],
          [1.7879e-04],
          [2.4784e-05],
          [3.7674e-05],
          [2.3521e-05],
          [2.5592e-05],
          [2.0119e-05],
          [4.4811e-04],
          [2.4022e-04],
          [2.3614e-05],
          [2.4517e-05],
          [2.2184e-05],
          [1.8574e-05],
          [1.9291e-05],
          [1.7277e-05],
          [2.5862e-05],
          [2.7184e-04],
          [4.1722e-05],
          [3.8420e-04],
          [1.6759e-04],
          [2.8285e-05],
          [1.5835e-05],
          [1.7700e-05],
          [2.5375e-05],
          [1.7338e-05],
          [7.4926e-04],
          [9.4095e-05],
          [1.3482e-05],
          [6.4212e-05],
          [2.1966e-04],
          [2.3370e-05],
          [2.5109e-04],
          [1.9363e-05],
          [3.4632e-04],
          [2.1567e-05],
          [1.7160e-05],
          [1.3010e-05],
          [1.3726e-05],
          [1.3317e-05],
          [4.6382e-04],
          [9.9730e-06]]]])
