# Using CPU
# Loading Embeddings...
# Making Predictions...
torch.Size([1, 1, 442, 294])
tensor([[[[2.1392e-04],
          [5.8753e-05],
          [1.2116e-04],
          [3.4975e-05],
          [9.2737e-06],
          [1.8666e-04],
          [8.3426e-04],
          [1.4104e-05],
          [1.8057e-04],
          [8.8289e-04],
          [1.8456e-05],
          [1.8394e-05],
          [7.4570e-04],
          [3.4682e-04],
          [3.8228e-05],
          [1.1422e-05],
          [1.4066e-05],
          [1.7016e-05],
          [2.4157e-05],
          [2.3568e-05],
          [2.8214e-04],
          [2.4243e-05],
          [4.1698e-04],
          [1.5972e-05],
          [1.7472e-05],
          [2.7918e-05],
          [3.9414e-05],
          [7.1128e-05],
          [9.2047e-05],
          [1.2288e-04],
          [1.1909e-04],
          [1.4549e-04],
          [1.3151e-04],
          [1.4884e-04],
          [1.1810e-04],
          [8.2694e-05],
          [7.3995e-04],
          [5.3151e-05],
          [1.8776e-04],
          [9.5489e-05],
          [3.3797e-04],
          [2.4456e-05],
          [2.5451e-05],
          [2.9814e-05],
          [2.0269e-05],
          [1.9540e-05],
          [1.4123e-05],
          [1.3457e-05],
          [1.5872e-05],
          [2.9347e-04],
          [3.0258e-04],
          [1.1793e-05],
          [1.3734e-05],
          [3.2018e-04],
          [4.1032e-04],
          [1.7257e-05],
          [1.8651e-05],
          [1.7929e-05],
          [2.2528e-05],
          [2.9374e-05],
          [3.1375e-05],
          [2.9125e-05],
          [4.0453e-04],
          [4.7932e-04],
          [2.0564e-05],
          [2.0836e-05],
          [1.7746e-05],
          [1.4958e-05],
          [1.6822e-05],
          [1.4559e-05],
          [1.5128e-05],
          [3.9223e-04],
          [3.0335e-05],
          [3.9251e-05],
          [1.7009e-05],
          [1.8799e-05],
          [1.4226e-03],
          [1.4239e-05],
          [1.6968e-05],
          [1.2227e-05],
          [3.9721e-04],
          [1.9952e-04],
          [1.2122e-05],
          [1.3127e-05],
          [1.5009e-05],
          [1.7742e-05],
          [1.8790e-05],
          [2.0562e-05],
          [1.8154e-05],
          [1.6255e-05],
          [2.1196e-04],
          [7.4588e-05],
          [2.8834e-04],
          [1.5028e-05],
          [2.1902e-05],
          [3.5453e-05],
          [3.5943e-05],
          [5.4865e-05],
          [4.9030e-05],
          [5.5024e-05],
          [5.0360e-05],
          [3.5231e-05],
          [2.0102e-05],
          [1.6046e-05],
          [1.3830e-05],
          [1.9381e-05],
          [2.3137e-05],
          [3.0104e-05],
          [3.1814e-05],
          [3.3784e-05],
          [2.6626e-05],
          [1.2037e-04],
          [2.1158e-04],
          [1.7687e-05],
          [4.1486e-04],
          [2.0808e-05],
          [1.7738e-05],
          [1.3652e-05],
          [1.7431e-05],
          [2.1074e-05],
          [1.9037e-05],
          [1.2942e-05],
          [1.6460e-05],
          [1.1736e-05],
          [1.4380e-05],
          [1.4863e-05],
          [1.7431e-05],
          [1.7961e-05],
          [2.4083e-05],
          [2.6665e-05],
          [2.6658e-05],
          [8.6420e-04],
          [3.7912e-04],
          [3.2967e-05],
          [3.9085e-05],
          [4.0080e-05],
          [3.3265e-05],
          [3.7214e-05],
          [2.7296e-05],
          [2.9242e-05],
          [2.1709e-05],
          [2.0359e-05],
          [1.2466e-05],
          [1.4459e-05],
          [1.8133e-05],
          [2.7610e-05],
          [2.9854e-05],
          [4.8844e-05],
          [6.3488e-05],
          [1.1720e-04],
          [1.1979e-04],
          [1.4156e-04],
          [1.2206e-04],
          [1.5693e-04],
          [1.0903e-04],
          [8.9375e-05],
          [2.7113e-04],
          [3.9699e-04],
          [1.3227e-04],
          [7.4867e-04],
          [5.4977e-05],
          [1.7324e-05],
          [1.6886e-05],
          [2.0414e-05],
          [2.3854e-05],
          [3.0191e-05],
          [2.9154e-05],
          [2.8286e-05],
          [3.0334e-05],
          [3.0730e-05],
          [2.8428e-05],
          [2.4608e-04],
          [4.8345e-04],
          [4.5420e-05],
          [5.9922e-05],
          [6.6791e-05],
          [7.1134e-05],
          [5.9983e-05],
          [2.9546e-04],
          [5.2847e-05],
          [5.3513e-04],
          [1.8508e-05],
          [1.7589e-05],
          [5.2330e-04],
          [2.0941e-05],
          [2.9449e-04],
          [2.0267e-05],
          [2.1738e-05],
          [1.7710e-05],
          [3.5275e-04],
          [3.5995e-05],
          [1.4021e-03],
          [2.3880e-05],
          [3.2266e-05],
          [3.3806e-05],
          [3.4102e-05],
          [3.9875e-05],
          [2.9821e-05],
          [2.8040e-04],
          [2.2373e-04],
          [2.1679e-05],
          [1.7894e-05],
          [1.6352e-05],
          [2.0929e-05],
          [1.3528e-05],
          [1.2701e-05],
          [4.0344e-05],
          [2.1207e-04],
          [4.8787e-04],
          [1.2114e-05],
          [1.3053e-05],
          [1.4316e-05],
          [1.4945e-05],
          [2.7805e-04],
          [3.4942e-05],
          [2.9467e-05],
          [7.4524e-04],
          [1.5316e-05],
          [1.5437e-05],
          [1.5320e-05],
          [1.7138e-05],
          [1.3223e-05],
          [1.1727e-05],
          [1.1157e-05],
          [1.1515e-05],
          [1.6881e-05],
          [1.4155e-05],
          [1.1398e-05],
          [1.2154e-05],
          [9.5713e-06],
          [9.8680e-06],
          [1.0873e-05],
          [1.1134e-05],
          [1.1940e-05],
          [2.2512e-04],
          [2.3060e-04],
          [1.4521e-05],
          [1.6168e-05],
          [1.1763e-05],
          [2.2303e-05],
          [2.0734e-05],
          [2.9798e-05],
          [2.5020e-05],
          [3.2176e-05],
          [3.2514e-05],
          [1.8212e-05],
          [3.4692e-04],
          [2.6612e-04],
          [2.2501e-05],
          [3.5410e-04],
          [1.1892e-05],
          [2.1113e-04],
          [1.9734e-04],
          [1.7581e-05],
          [2.1232e-05],
          [2.4353e-05],
          [2.5632e-05],
          [3.7951e-05],
          [4.5249e-05],
          [7.0935e-05],
          [7.5898e-05],
          [1.3687e-04],
          [1.8844e-04],
          [3.1369e-04],
          [2.7524e-04],
          [2.9215e-04],
          [1.7925e-04],
          [2.7792e-04],
          [7.0672e-05],
          [6.5701e-05],
          [4.0292e-04],
          [1.6577e-04],
          [3.0533e-05],
          [2.6357e-04],
          [2.2293e-04],
          [3.8296e-05],
          [4.0306e-04],
          [1.6443e-05],
          [1.3229e-05],
          [1.0572e-05],
          [9.4806e-06],
          [1.1293e-05],
          [1.2862e-05],
          [3.0079e-05],
          [2.2733e-05],
          [3.0038e-05],
          [2.0829e-05],
          [8.1264e-04],
          [4.4634e-05],
          [9.8216e-05],
          [9.7125e-05],
          [1.1583e-05],
          [1.0486e-05],
          [1.9768e-05],
          [9.7827e-06],
          [1.0343e-05],
          [1.0186e-05],
          [3.7428e-04],
          [2.9832e-05],
          [8.0680e-04],
          [1.4404e-05],
          [1.0471e-05],
          [1.2416e-05],
          [1.2420e-05],
          [1.2363e-05],
          [1.2213e-05],
          [1.1769e-05],
          [1.3653e-05],
          [1.4991e-05],
          [2.2415e-05],
          [2.9817e-05],
          [3.7045e-05],
          [2.8785e-04],
          [4.3522e-04],
          [1.9555e-05],
          [1.5593e-05],
          [1.1824e-04],
          [1.0406e-05],
          [1.2368e-05],
          [2.1425e-05],
          [2.3943e-05],
          [2.0275e-05],
          [1.5741e-05],
          [1.4171e-05],
          [1.3313e-05],
          [1.0904e-05],
          [1.0511e-05],
          [1.0056e-05],
          [1.0949e-05],
          [1.1288e-05],
          [1.1029e-05],
          [1.1219e-05],
          [1.2511e-05],
          [1.0974e-05],
          [1.6753e-05],
          [1.8501e-05],
          [2.0811e-05],
          [2.5531e-05],
          [2.3628e-05],
          [3.6390e-05],
          [3.9036e-05],
          [3.6122e-05],
          [2.0584e-05],
          [2.3106e-05],
          [2.0830e-05],
          [2.0773e-05],
          [1.4501e-05],
          [1.6682e-05],
          [1.7526e-05],
          [2.0064e-05],
          [2.0909e-05],
          [1.9694e-05],
          [1.7365e-05],
          [1.7244e-05],
          [1.4321e-05],
          [1.4106e-05],
          [3.7883e-04],
          [3.8825e-05],
          [1.4506e-03],
          [1.5348e-05],
          [1.7549e-05],
          [4.0976e-05],
          [1.5425e-05],
          [1.4653e-05],
          [1.3732e-05],
          [1.2485e-05],
          [1.1504e-05],
          [1.0065e-05],
          [1.0088e-05],
          [1.0016e-05],
          [1.0705e-05],
          [1.4204e-05],
          [1.4788e-05],
          [3.3380e-04],
          [1.0071e-04],
          [7.6932e-04],
          [1.3117e-05],
          [1.0784e-05],
          [1.0291e-05],
          [1.1718e-05],
          [5.3943e-04],
          [5.2633e-04],
          [1.7333e-05],
          [1.4572e-05],
          [1.3663e-05],
          [1.9620e-05],
          [2.4643e-05],
          [3.2752e-05],
          [4.9904e-05],
          [9.7923e-05],
          [3.4887e-05],
          [2.7681e-05],
          [1.9364e-05],
          [1.2877e-05],
          [1.2620e-05],
          [9.7044e-06],
          [1.0520e-05],
          [2.2800e-05],
          [1.4222e-05],
          [3.2511e-05],
          [5.4119e-05],
          [6.8029e-05],
          [8.1649e-05],
          [5.1537e-05],
          [3.7541e-05],
          [2.2297e-05],
          [2.1887e-05],
          [1.9349e-05],
          [3.5384e-04],
          [2.3845e-04],
          [2.0924e-05],
          [1.7832e-05],
          [1.6279e-05],
          [1.3854e-05],
          [1.4958e-05],
          [1.5294e-05],
          [1.6322e-05],
          [1.4268e-04],
          [8.9631e-05],
          [2.2818e-04],
          [3.9096e-04],
          [1.7406e-05],
          [1.6388e-05],
          [1.8600e-05],
          [1.6137e-05],
          [1.5812e-05],
          [3.1486e-04],
          [1.7175e-04],
          [1.6307e-05],
          [1.0731e-04],
          [1.4561e-04],
          [1.7484e-05],
          [5.1459e-04],
          [1.7523e-05],
          [3.0457e-04],
          [1.7209e-05],
          [1.4510e-05],
          [1.2088e-05],
          [1.2929e-05],
          [1.3014e-05],
          [1.2208e-04],
          [6.9192e-06]]]])
