# Using CPU
# Loading Embeddings...
# Making Predictions...
torch.Size([1, 1, 442, 260])
tensor([[[[3.2897e-04],
          [4.1932e-05],
          [8.5097e-05],
          [2.2012e-05],
          [9.3333e-06],
          [4.9425e-04],
          [9.2306e-04],
          [1.4131e-05],
          [3.6895e-04],
          [9.5056e-04],
          [1.9200e-05],
          [1.7776e-05],
          [8.3172e-04],
          [2.5573e-04],
          [2.5887e-05],
          [1.1603e-05],
          [1.2076e-05],
          [1.2519e-05],
          [1.4878e-05],
          [1.3835e-05],
          [6.8408e-04],
          [2.4136e-05],
          [4.4567e-04],
          [1.4588e-05],
          [1.8200e-05],
          [2.3603e-05],
          [3.0296e-05],
          [4.3645e-05],
          [5.0030e-05],
          [6.5157e-05],
          [6.1604e-05],
          [7.0762e-05],
          [6.5286e-05],
          [6.5023e-05],
          [6.0457e-05],
          [4.8696e-05],
          [1.5120e-03],
          [4.8504e-05],
          [1.7589e-04],
          [1.8532e-04],
          [3.2729e-04],
          [1.8603e-05],
          [1.8876e-05],
          [2.0779e-05],
          [1.6780e-05],
          [1.5501e-05],
          [1.3496e-05],
          [1.2732e-05],
          [1.5428e-05],
          [8.8573e-04],
          [2.6072e-04],
          [1.2370e-05],
          [1.1128e-05],
          [4.9340e-04],
          [4.8057e-04],
          [1.5569e-05],
          [1.6438e-05],
          [1.6193e-05],
          [1.8727e-05],
          [2.4005e-05],
          [2.5157e-05],
          [2.5487e-05],
          [9.5367e-04],
          [3.9104e-04],
          [2.0471e-05],
          [1.8502e-05],
          [1.6182e-05],
          [1.6416e-05],
          [1.7129e-05],
          [1.5120e-05],
          [1.5669e-05],
          [6.2600e-04],
          [3.0278e-05],
          [3.9453e-05],
          [1.7157e-05],
          [2.4031e-05],
          [1.4756e-03],
          [1.7093e-05],
          [1.4170e-05],
          [1.2912e-05],
          [7.7510e-04],
          [2.0605e-04],
          [1.2756e-05],
          [1.2806e-05],
          [1.4603e-05],
          [1.7756e-05],
          [1.8148e-05],
          [2.0217e-05],
          [1.8400e-05],
          [1.7061e-05],
          [4.4973e-04],
          [1.0049e-04],
          [2.3796e-04],
          [1.7374e-05],
          [2.1323e-05],
          [3.9059e-05],
          [3.8705e-05],
          [5.2582e-05],
          [4.3828e-05],
          [4.2521e-05],
          [3.8077e-05],
          [2.0927e-05],
          [1.5379e-05],
          [1.2271e-05],
          [1.5068e-05],
          [2.0209e-05],
          [2.3772e-05],
          [2.8447e-05],
          [2.8993e-05],
          [2.9847e-05],
          [2.7551e-05],
          [1.5083e-04],
          [3.6334e-04],
          [3.5354e-05],
          [3.7093e-04],
          [2.0737e-05],
          [1.7404e-05],
          [1.2846e-05],
          [1.5590e-05],
          [1.8028e-05],
          [1.7574e-05],
          [1.4104e-05],
          [1.5425e-05],
          [1.2495e-05],
          [1.5523e-05],
          [1.5945e-05],
          [1.9464e-05],
          [1.9654e-05],
          [2.5511e-05],
          [2.5303e-05],
          [2.5428e-05],
          [5.9022e-04],
          [2.5924e-04],
          [2.5390e-05],
          [3.1179e-05],
          [2.7974e-05],
          [2.2556e-05],
          [2.2945e-05],
          [1.9680e-05],
          [2.2418e-05],
          [1.8653e-05],
          [1.8131e-05],
          [1.2908e-05],
          [1.5297e-05],
          [1.8143e-05],
          [2.4685e-05],
          [2.6123e-05],
          [3.5191e-05],
          [4.0770e-05],
          [5.3849e-05],
          [5.0674e-05],
          [4.6692e-05],
          [4.6602e-05],
          [4.3868e-05],
          [4.0123e-05],
          [3.5817e-05],
          [3.9985e-04],
          [4.8777e-04],
          [1.8403e-04],
          [9.5440e-04],
          [3.6426e-05],
          [1.4515e-05],
          [1.4841e-05],
          [1.6134e-05],
          [1.7320e-05],
          [2.2700e-05],
          [2.0369e-05],
          [2.1687e-05],
          [2.2478e-05],
          [2.7787e-05],
          [2.4981e-05],
          [4.7186e-04],
          [4.6582e-04],
          [3.1548e-05],
          [4.4666e-05],
          [5.3899e-05],
          [4.0784e-05],
          [3.9657e-05],
          [6.8356e-04],
          [5.6945e-05],
          [6.0295e-04],
          [1.9558e-05],
          [1.5365e-05],
          [1.1222e-03],
          [2.7506e-05],
          [3.2737e-04],
          [1.8744e-05],
          [2.0250e-05],
          [1.9665e-05],
          [5.5336e-04],
          [2.3527e-05],
          [2.0381e-03],
          [2.0693e-05],
          [2.5565e-05],
          [2.7261e-05],
          [2.7892e-05],
          [3.3390e-05],
          [3.0621e-05],
          [4.5244e-04],
          [1.7823e-04],
          [2.5747e-05],
          [2.1729e-05],
          [1.8998e-05],
          [1.5048e-05],
          [1.6241e-05],
          [1.7485e-05],
          [3.6024e-05],
          [3.3968e-04],
          [5.4956e-04],
          [1.8825e-05],
          [1.5670e-05],
          [1.5681e-05],
          [1.6236e-05],
          [4.4965e-04],
          [4.4179e-05],
          [2.3527e-05],
          [8.5330e-04],
          [1.6150e-05],
          [1.7377e-05],
          [1.5763e-05],
          [1.5011e-05],
          [1.5244e-05],
          [1.6782e-05],
          [1.4997e-05],
          [1.3614e-05],
          [2.4280e-05],
          [1.5363e-05],
          [1.5216e-05],
          [1.1754e-05],
          [1.5841e-05],
          [1.1532e-05],
          [1.2502e-05],
          [1.1291e-05],
          [1.2961e-05],
          [3.9016e-04],
          [2.6045e-04],
          [1.3879e-05],
          [1.6951e-05],
          [1.6367e-05],
          [2.4378e-05],
          [2.8520e-05],
          [2.5537e-05],
          [1.8921e-05],
          [2.8670e-05],
          [1.9220e-05],
          [1.3819e-05],
          [3.0240e-04],
          [3.8487e-04],
          [4.1436e-05],
          [3.3895e-04],
          [1.2695e-05],
          [2.3324e-04],
          [1.7955e-04],
          [1.8020e-05],
          [2.0999e-05],
          [2.3286e-05],
          [2.3632e-05],
          [3.0250e-05],
          [3.4084e-05],
          [4.5589e-05],
          [5.3132e-05],
          [9.4886e-05],
          [1.0304e-04],
          [1.3697e-04],
          [1.5647e-04],
          [1.7862e-04],
          [1.4229e-04],
          [5.6518e-04],
          [5.0808e-05],
          [4.8915e-05],
          [3.5861e-04],
          [2.4900e-04],
          [3.8469e-05],
          [2.7892e-04],
          [2.1629e-04],
          [6.4318e-05],
          [4.2884e-04],
          [1.6368e-05],
          [1.2853e-05],
          [1.1982e-05],
          [1.0690e-05],
          [1.0450e-05],
          [1.2423e-05],
          [2.3483e-05],
          [1.4527e-05],
          [2.0198e-05],
          [1.8529e-05],
          [2.3427e-03],
          [5.6326e-05],
          [2.6638e-04],
          [9.5866e-05],
          [1.2178e-05],
          [1.1138e-05],
          [1.1572e-05],
          [1.0994e-05],
          [1.0721e-05],
          [1.0874e-05],
          [4.5199e-04],
          [2.4609e-05],
          [1.0440e-03],
          [1.3608e-05],
          [1.1567e-05],
          [1.2993e-05],
          [1.2935e-05],
          [1.2707e-05],
          [1.3441e-05],
          [1.3160e-05],
          [1.6103e-05],
          [1.4177e-05],
          [1.9221e-05],
          [2.5060e-05],
          [2.4903e-05],
          [4.4400e-04],
          [4.7578e-04],
          [2.0769e-05],
          [1.6738e-05],
          [1.3662e-05],
          [1.1640e-05],
          [1.6473e-05],
          [2.4141e-05],
          [2.5050e-05],
          [2.1943e-05],
          [4.1104e-05],
          [2.2680e-05],
          [2.4028e-05],
          [1.7501e-05],
          [1.3130e-05],
          [1.3539e-05],
          [1.4139e-05],
          [1.7173e-05],
          [2.0249e-05],
          [2.4491e-05],
          [2.3241e-05],
          [2.6720e-05],
          [2.2013e-05],
          [2.5532e-05],
          [2.5603e-05],
          [2.5484e-05],
          [2.6104e-05],
          [3.4445e-05],
          [4.0197e-05],
          [3.7382e-05],
          [3.7199e-05],
          [3.9805e-05],
          [3.9985e-05],
          [3.8880e-05],
          [3.4554e-05],
          [2.9026e-05],
          [3.1853e-05],
          [3.2614e-05],
          [2.9524e-05],
          [2.0731e-05],
          [1.8103e-05],
          [1.6945e-05],
          [1.5673e-05],
          [1.7275e-05],
          [2.0298e-04],
          [3.9790e-05],
          [2.4120e-03],
          [1.6962e-05],
          [2.0039e-05],
          [2.2319e-05],
          [1.7886e-05],
          [2.0175e-05],
          [1.9560e-05],
          [2.0293e-05],
          [1.6228e-05],
          [1.4601e-05],
          [1.3194e-05],
          [1.6714e-05],
          [1.5173e-05],
          [1.4177e-05],
          [1.4812e-05],
          [3.4031e-04],
          [1.6557e-04],
          [8.5004e-04],
          [1.3848e-05],
          [1.1844e-05],
          [1.2383e-05],
          [1.4079e-05],
          [3.9669e-04],
          [5.9980e-04],
          [1.7376e-05],
          [1.5426e-05],
          [1.3069e-05],
          [1.4591e-05],
          [1.6824e-05],
          [2.1927e-05],
          [3.0972e-05],
          [3.0028e-05],
          [2.8662e-05],
          [2.5628e-05],
          [2.7668e-05],
          [2.2371e-05],
          [1.6454e-05],
          [1.5117e-05],
          [1.7305e-05],
          [1.8685e-05],
          [1.7969e-05],
          [5.7800e-05],
          [3.7053e-05],
          [4.6600e-05],
          [4.8285e-05],
          [3.3411e-05],
          [3.2277e-05],
          [2.3246e-05],
          [2.3154e-05],
          [1.9693e-05],
          [3.4084e-04],
          [1.9205e-04],
          [1.8500e-05],
          [1.7420e-05],
          [1.4717e-05],
          [1.3513e-05],
          [2.1437e-05],
          [2.0249e-05],
          [2.8337e-05],
          [9.5202e-05],
          [1.1056e-04],
          [2.7065e-04],
          [6.2354e-04],
          [2.7863e-05],
          [2.0838e-05],
          [1.6751e-05],
          [1.8531e-05],
          [1.6473e-05],
          [3.5809e-04],
          [1.4247e-04],
          [2.3780e-05],
          [8.7610e-05],
          [9.5895e-05],
          [2.1116e-05],
          [7.3754e-04],
          [2.5939e-05],
          [4.5173e-04],
          [1.8479e-05],
          [1.3400e-05],
          [1.1295e-05],
          [1.2414e-05],
          [1.4798e-05],
          [5.6323e-05],
          [7.4328e-06]]]])
