# Using CPU
# Loading Embeddings...
# Making Predictions...
torch.Size([1, 1, 442, 257])
tensor([[[[1.6105e-04],
          [1.3585e-04],
          [1.9761e-04],
          [6.8253e-05],
          [9.3740e-06],
          [3.7445e-04],
          [4.2400e-04],
          [3.2687e-05],
          [2.7099e-04],
          [9.7850e-04],
          [1.1725e-05],
          [1.1360e-05],
          [4.3614e-04],
          [2.1554e-04],
          [7.3358e-05],
          [2.6590e-05],
          [9.3234e-05],
          [1.8901e-05],
          [2.1313e-05],
          [1.9368e-05],
          [4.8544e-04],
          [4.0137e-05],
          [1.7714e-03],
          [1.2741e-05],
          [1.3953e-05],
          [1.7629e-05],
          [2.0427e-05],
          [2.8569e-05],
          [2.8872e-05],
          [3.2160e-05],
          [3.0004e-05],
          [3.5693e-05],
          [2.4635e-05],
          [5.6364e-05],
          [2.1951e-05],
          [2.3613e-05],
          [4.9031e-04],
          [6.2939e-05],
          [2.2211e-04],
          [6.8738e-05],
          [9.7324e-04],
          [2.0457e-05],
          [1.7906e-05],
          [1.8261e-05],
          [1.4039e-05],
          [1.3961e-05],
          [1.2886e-05],
          [3.2558e-05],
          [4.8848e-05],
          [2.0631e-04],
          [7.3005e-04],
          [1.6668e-05],
          [1.5531e-05],
          [4.1908e-04],
          [1.0246e-03],
          [1.2489e-05],
          [1.2033e-05],
          [1.5145e-05],
          [1.5920e-05],
          [1.4683e-05],
          [1.4302e-05],
          [1.3219e-05],
          [2.9916e-04],
          [4.9738e-04],
          [1.3732e-05],
          [1.4990e-05],
          [1.7047e-05],
          [1.6037e-05],
          [1.7086e-05],
          [1.6550e-05],
          [1.4595e-05],
          [2.9969e-04],
          [3.0415e-05],
          [5.4888e-05],
          [1.1412e-05],
          [2.6317e-05],
          [4.2782e-03],
          [1.2982e-05],
          [1.3948e-05],
          [1.2752e-05],
          [4.6144e-04],
          [3.8282e-04],
          [1.3844e-05],
          [1.2570e-05],
          [1.3370e-05],
          [1.4306e-05],
          [1.4875e-05],
          [1.5771e-05],
          [1.4224e-05],
          [1.3681e-05],
          [2.9919e-04],
          [6.2294e-05],
          [5.5037e-04],
          [1.3526e-05],
          [1.9710e-05],
          [1.9046e-05],
          [2.1724e-05],
          [2.6169e-05],
          [2.5782e-05],
          [2.6245e-05],
          [2.6387e-05],
          [1.9327e-05],
          [1.2804e-05],
          [1.2025e-05],
          [1.1673e-05],
          [1.3029e-05],
          [1.3366e-05],
          [1.5624e-05],
          [1.6067e-05],
          [1.6994e-05],
          [1.5606e-05],
          [1.3362e-04],
          [1.7171e-04],
          [2.6121e-05],
          [4.5963e-04],
          [1.7782e-05],
          [1.2321e-05],
          [1.1944e-05],
          [1.0885e-05],
          [1.0867e-05],
          [1.1860e-05],
          [1.0573e-05],
          [2.3185e-05],
          [1.1021e-05],
          [1.3197e-05],
          [1.1556e-05],
          [1.1792e-05],
          [1.1053e-05],
          [1.2925e-05],
          [1.4135e-05],
          [1.5346e-05],
          [3.5790e-04],
          [7.8282e-04],
          [2.3061e-05],
          [1.7269e-05],
          [1.5472e-05],
          [1.3357e-05],
          [1.4377e-05],
          [1.2798e-05],
          [1.2888e-05],
          [1.2892e-05],
          [1.0717e-05],
          [9.2761e-06],
          [1.1976e-05],
          [1.1369e-05],
          [1.1893e-05],
          [1.4343e-05],
          [1.6757e-05],
          [1.8979e-05],
          [2.8290e-05],
          [2.5521e-05],
          [3.0503e-05],
          [2.9436e-05],
          [3.6140e-05],
          [3.0771e-05],
          [3.5207e-05],
          [7.4189e-04],
          [7.3191e-04],
          [2.4929e-04],
          [2.6286e-03],
          [1.5930e-05],
          [1.6885e-05],
          [1.6825e-05],
          [1.9728e-05],
          [1.7450e-05],
          [2.5934e-05],
          [1.7124e-05],
          [1.8590e-05],
          [1.9987e-05],
          [2.0732e-05],
          [1.6482e-05],
          [3.2339e-04],
          [1.0084e-03],
          [1.5761e-05],
          [1.5539e-05],
          [2.2367e-05],
          [1.8014e-05],
          [1.6416e-05],
          [2.8229e-04],
          [4.6546e-05],
          [5.4440e-04],
          [1.6433e-05],
          [2.4465e-05],
          [4.2217e-04],
          [1.4930e-05],
          [9.1589e-04],
          [1.4620e-05],
          [1.5913e-05],
          [1.3485e-05],
          [8.2376e-04],
          [8.7102e-05],
          [3.3428e-03],
          [1.7243e-05],
          [1.8183e-05],
          [1.8314e-05],
          [1.8944e-05],
          [2.1958e-05],
          [1.9582e-05],
          [2.3805e-04],
          [6.2295e-04],
          [1.4115e-05],
          [1.3824e-05],
          [1.5484e-05],
          [1.3803e-05],
          [1.8951e-05],
          [1.7535e-05],
          [1.7198e-05],
          [2.7044e-04],
          [1.7618e-03],
          [1.6999e-05],
          [1.5267e-05],
          [1.3847e-05],
          [1.2695e-05],
          [2.2686e-04],
          [2.9179e-05],
          [2.4440e-05],
          [3.5980e-03],
          [1.5916e-05],
          [1.7985e-05],
          [1.5103e-05],
          [1.6830e-05],
          [2.0004e-05],
          [1.6966e-05],
          [1.5886e-05],
          [1.6220e-05],
          [1.8515e-05],
          [1.9230e-05],
          [1.7591e-05],
          [1.5613e-05],
          [1.4109e-05],
          [1.4281e-05],
          [1.4284e-05],
          [1.2815e-05],
          [1.3541e-05],
          [3.3293e-04],
          [8.5999e-04],
          [1.6057e-05],
          [1.7887e-05],
          [1.7961e-05],
          [2.1225e-05],
          [2.6459e-05],
          [2.5417e-05],
          [1.5370e-05],
          [2.0212e-05],
          [2.1150e-05],
          [1.3850e-05],
          [3.1466e-04],
          [1.3482e-04],
          [2.7998e-05],
          [3.2795e-04],
          [1.2959e-05],
          [1.5815e-04],
          [5.1240e-04],
          [2.3131e-05],
          [2.8648e-05],
          [3.1785e-05],
          [2.8958e-05],
          [3.6837e-05],
          [4.0353e-05],
          [4.2236e-05],
          [3.3594e-05],
          [3.9971e-05],
          [4.1494e-05],
          [3.2407e-05],
          [3.4087e-05],
          [2.9718e-05],
          [3.5838e-05],
          [3.4572e-04],
          [3.4661e-05],
          [2.5332e-05],
          [4.8403e-04],
          [2.7012e-04],
          [3.9551e-05],
          [3.4514e-04],
          [1.6186e-04],
          [4.1308e-05],
          [2.8846e-04],
          [1.8989e-05],
          [1.3068e-05],
          [9.6634e-06],
          [9.3542e-06],
          [1.0726e-05],
          [1.1455e-05],
          [2.2078e-05],
          [1.3460e-05],
          [1.6412e-05],
          [1.1760e-05],
          [6.5225e-04],
          [2.6633e-05],
          [1.0178e-04],
          [2.9969e-04],
          [1.0712e-05],
          [9.2540e-06],
          [1.0310e-05],
          [1.0245e-05],
          [1.0858e-05],
          [1.2448e-05],
          [2.7336e-04],
          [2.9823e-05],
          [4.0318e-03],
          [1.4638e-05],
          [1.6196e-05],
          [1.9328e-05],
          [2.0258e-05],
          [2.0312e-05],
          [2.2462e-05],
          [2.0273e-05],
          [2.6272e-05],
          [2.3737e-05],
          [2.8142e-05],
          [3.2451e-05],
          [3.0660e-05],
          [2.4309e-04],
          [1.5851e-03],
          [2.7652e-05],
          [2.2744e-05],
          [2.4185e-05],
          [2.1030e-05],
          [1.6915e-05],
          [1.6431e-05],
          [1.6895e-05],
          [1.6166e-05],
          [2.6568e-05],
          [1.5244e-05],
          [1.6466e-05],
          [1.3545e-05],
          [1.5751e-05],
          [1.4897e-05],
          [1.7688e-05],
          [1.6471e-05],
          [1.8753e-05],
          [1.8389e-05],
          [2.0498e-05],
          [1.9353e-05],
          [1.7048e-05],
          [1.8720e-05],
          [1.7934e-05],
          [2.0568e-05],
          [1.8193e-05],
          [2.2371e-05],
          [2.6324e-05],
          [2.9173e-05],
          [2.2969e-05],
          [2.6998e-05],
          [3.2351e-05],
          [2.8958e-05],
          [2.4448e-05],
          [1.9484e-05],
          [2.1996e-05],
          [2.3056e-05],
          [1.9805e-05],
          [1.3311e-05],
          [1.3689e-05],
          [1.6151e-05],
          [1.5747e-05],
          [1.8559e-05],
          [2.8359e-04],
          [4.8299e-05],
          [3.8152e-03],
          [2.5476e-05],
          [2.3313e-05],
          [2.2984e-05],
          [2.0136e-05],
          [1.7035e-05],
          [1.1602e-05],
          [1.0161e-05],
          [9.9013e-06],
          [1.0240e-05],
          [1.0909e-05],
          [1.3235e-05],
          [1.4222e-05],
          [1.9135e-05],
          [1.7724e-05],
          [3.7697e-04],
          [8.4999e-05],
          [3.1954e-03],
          [1.5420e-05],
          [1.2080e-05],
          [1.1862e-05],
          [1.7664e-05],
          [3.0556e-04],
          [2.3222e-03],
          [1.3296e-05],
          [1.3927e-05],
          [1.5673e-05],
          [2.7244e-05],
          [3.7975e-05],
          [4.8798e-05],
          [5.1003e-05],
          [3.9892e-05],
          [2.6405e-05],
          [2.4816e-05],
          [2.1706e-05],
          [1.3437e-05],
          [1.1168e-05],
          [1.2659e-05],
          [1.1559e-05],
          [1.2292e-05],
          [1.2877e-05],
          [3.8933e-05],
          [3.2878e-05],
          [3.8307e-05],
          [4.0870e-05],
          [3.1793e-05],
          [2.9639e-05],
          [3.0017e-05],
          [2.5337e-05],
          [1.6585e-05],
          [1.5669e-04],
          [5.8395e-04],
          [1.8461e-05],
          [1.8765e-05],
          [1.5698e-05],
          [1.6291e-05],
          [2.2864e-05],
          [2.5309e-05],
          [2.1618e-05],
          [1.0678e-04],
          [6.9123e-05],
          [1.8603e-04],
          [1.5814e-03],
          [2.4759e-05],
          [2.2974e-05],
          [2.0150e-05],
          [1.6416e-05],
          [1.3010e-05],
          [2.3932e-04],
          [1.5530e-04],
          [1.8687e-05],
          [9.6980e-05],
          [5.2596e-04],
          [1.4268e-05],
          [2.7340e-04],
          [3.1844e-05],
          [3.3831e-04],
          [1.9301e-05],
          [1.3013e-05],
          [1.1534e-05],
          [1.2287e-05],
          [1.3913e-05],
          [6.0264e-05],
          [7.5806e-06]]]])
