# Using CPU
# Loading Embeddings...
# Making Predictions...
torch.Size([1, 1, 442, 260])
tensor([[[[2.7041e-04],
          [4.0239e-05],
          [8.3196e-05],
          [1.9556e-05],
          [9.2275e-06],
          [4.6922e-04],
          [5.1338e-04],
          [1.3950e-05],
          [3.0716e-04],
          [5.2278e-04],
          [1.8712e-05],
          [1.7286e-05],
          [5.9440e-04],
          [2.2012e-04],
          [1.3953e-05],
          [1.1448e-05],
          [1.1458e-05],
          [1.1953e-05],
          [1.4176e-05],
          [1.6567e-05],
          [5.5881e-04],
          [2.1918e-05],
          [2.8700e-04],
          [1.4457e-05],
          [1.7803e-05],
          [2.2184e-05],
          [2.7585e-05],
          [4.4626e-05],
          [5.3798e-05],
          [6.6858e-05],
          [7.1791e-05],
          [8.2203e-05],
          [7.5213e-05],
          [7.3374e-05],
          [5.7614e-05],
          [4.7765e-05],
          [1.5829e-03],
          [5.5595e-05],
          [1.2706e-04],
          [1.8212e-04],
          [2.1082e-04],
          [1.8822e-05],
          [1.7767e-05],
          [1.9848e-05],
          [1.6051e-05],
          [1.4775e-05],
          [1.3030e-05],
          [1.2348e-05],
          [1.4476e-05],
          [7.1932e-04],
          [1.5832e-04],
          [1.2268e-05],
          [1.1238e-05],
          [4.9411e-04],
          [2.9666e-04],
          [1.5362e-05],
          [1.6036e-05],
          [1.5545e-05],
          [1.7769e-05],
          [2.2822e-05],
          [2.3611e-05],
          [2.3751e-05],
          [7.1262e-04],
          [2.3457e-04],
          [1.9773e-05],
          [1.7637e-05],
          [1.6265e-05],
          [1.6548e-05],
          [1.7013e-05],
          [1.4795e-05],
          [1.5339e-05],
          [4.5167e-04],
          [3.1893e-05],
          [3.3091e-05],
          [1.7705e-05],
          [2.7007e-05],
          [7.4055e-04],
          [1.7498e-05],
          [1.4451e-05],
          [1.3752e-05],
          [5.8202e-04],
          [2.1250e-04],
          [1.3078e-05],
          [1.2603e-05],
          [1.4214e-05],
          [1.7041e-05],
          [1.7378e-05],
          [1.9355e-05],
          [1.7841e-05],
          [1.6586e-05],
          [4.2374e-04],
          [1.0232e-04],
          [1.8271e-04],
          [1.6103e-05],
          [2.0237e-05],
          [3.5542e-05],
          [3.5927e-05],
          [4.6140e-05],
          [3.6350e-05],
          [3.4953e-05],
          [2.9199e-05],
          [1.7974e-05],
          [1.2723e-05],
          [1.1703e-05],
          [1.4345e-05],
          [1.8866e-05],
          [2.2318e-05],
          [2.6521e-05],
          [2.6976e-05],
          [2.7719e-05],
          [2.6402e-05],
          [1.3141e-04],
          [2.7453e-04],
          [3.3967e-05],
          [2.8003e-04],
          [1.9861e-05],
          [1.6534e-05],
          [1.2396e-05],
          [1.5043e-05],
          [1.7493e-05],
          [1.7225e-05],
          [1.3992e-05],
          [1.5135e-05],
          [1.2916e-05],
          [1.5337e-05],
          [1.5911e-05],
          [1.9427e-05],
          [1.9500e-05],
          [2.5118e-05],
          [2.4980e-05],
          [2.5334e-05],
          [4.7032e-04],
          [2.4141e-04],
          [2.3883e-05],
          [2.9111e-05],
          [2.5342e-05],
          [2.0593e-05],
          [2.0740e-05],
          [1.8244e-05],
          [2.1020e-05],
          [1.7806e-05],
          [1.7294e-05],
          [1.2621e-05],
          [1.5141e-05],
          [1.7802e-05],
          [2.3917e-05],
          [2.5088e-05],
          [3.2995e-05],
          [3.7701e-05],
          [4.8027e-05],
          [4.5976e-05],
          [4.3560e-05],
          [4.3893e-05],
          [4.1442e-05],
          [3.7994e-05],
          [3.4308e-05],
          [3.5635e-04],
          [2.8265e-04],
          [1.8369e-04],
          [5.5693e-04],
          [3.9599e-05],
          [1.4043e-05],
          [1.4275e-05],
          [1.5479e-05],
          [1.6699e-05],
          [2.1765e-05],
          [1.8932e-05],
          [2.0425e-05],
          [2.0891e-05],
          [2.6225e-05],
          [2.3596e-05],
          [4.2960e-04],
          [3.3681e-04],
          [2.9883e-05],
          [4.2015e-05],
          [5.1481e-05],
          [3.7340e-05],
          [3.7063e-05],
          [4.8718e-04],
          [5.9676e-05],
          [4.0389e-04],
          [1.9264e-05],
          [1.5244e-05],
          [8.3448e-04],
          [2.5690e-05],
          [2.3183e-04],
          [1.9802e-05],
          [2.1241e-05],
          [2.0498e-05],
          [4.5256e-04],
          [2.3170e-05],
          [1.1135e-03],
          [1.8996e-05],
          [2.3211e-05],
          [2.4733e-05],
          [2.5419e-05],
          [3.0806e-05],
          [2.8835e-05],
          [4.3357e-04],
          [1.7894e-04],
          [2.5207e-05],
          [2.1453e-05],
          [1.8689e-05],
          [1.4990e-05],
          [1.6423e-05],
          [1.8331e-05],
          [3.5102e-05],
          [3.2793e-04],
          [3.3270e-04],
          [1.9811e-05],
          [1.5541e-05],
          [1.5512e-05],
          [1.6053e-05],
          [4.1745e-04],
          [4.1597e-05],
          [2.2905e-05],
          [4.9893e-04],
          [1.6836e-05],
          [1.6407e-05],
          [1.5522e-05],
          [1.6440e-05],
          [1.5380e-05],
          [1.7767e-05],
          [1.6643e-05],
          [1.5635e-05],
          [2.5488e-05],
          [1.7644e-05],
          [1.7032e-05],
          [1.4203e-05],
          [1.8721e-05],
          [1.2655e-05],
          [1.3405e-05],
          [1.2272e-05],
          [1.4047e-05],
          [4.1833e-04],
          [1.9265e-04],
          [1.4412e-05],
          [1.6335e-05],
          [1.8406e-05],
          [2.8337e-05],
          [2.5694e-05],
          [3.0467e-05],
          [2.1826e-05],
          [2.7889e-05],
          [2.3031e-05],
          [1.5834e-05],
          [2.6087e-04],
          [3.0922e-04],
          [4.5972e-05],
          [3.2278e-04],
          [1.2761e-05],
          [2.4502e-04],
          [1.1248e-04],
          [1.9615e-05],
          [2.0372e-05],
          [2.2171e-05],
          [2.2583e-05],
          [2.8515e-05],
          [3.1766e-05],
          [4.0880e-05],
          [4.9114e-05],
          [8.7583e-05],
          [9.3602e-05],
          [1.1974e-04],
          [1.4861e-04],
          [1.6640e-04],
          [1.3337e-04],
          [6.2787e-04],
          [4.9724e-05],
          [4.8399e-05],
          [2.6899e-04],
          [2.3307e-04],
          [2.6716e-05],
          [1.5735e-04],
          [2.0629e-04],
          [5.6775e-05],
          [3.3266e-04],
          [1.6075e-05],
          [1.2569e-05],
          [1.1884e-05],
          [1.1205e-05],
          [1.0911e-05],
          [1.2756e-05],
          [3.7217e-05],
          [1.6304e-05],
          [2.4179e-05],
          [2.0517e-05],
          [1.9076e-03],
          [5.1726e-05],
          [1.6008e-04],
          [5.9917e-05],
          [1.2785e-05],
          [1.0974e-05],
          [1.1527e-05],
          [1.0813e-05],
          [1.0416e-05],
          [1.1714e-05],
          [4.4710e-04],
          [2.4509e-05],
          [5.5076e-04],
          [1.4629e-05],
          [1.1554e-05],
          [1.2739e-05],
          [1.2197e-05],
          [1.2395e-05],
          [1.2442e-05],
          [1.2928e-05],
          [1.4291e-05],
          [1.4792e-05],
          [1.8146e-05],
          [2.3700e-05],
          [2.3105e-05],
          [5.0863e-04],
          [3.0575e-04],
          [1.9694e-05],
          [1.6176e-05],
          [1.3706e-05],
          [1.2549e-05],
          [1.8143e-05],
          [2.8892e-05],
          [3.0077e-05],
          [2.6322e-05],
          [6.3507e-05],
          [2.7097e-05],
          [2.8620e-05],
          [1.9811e-05],
          [1.4088e-05],
          [1.3561e-05],
          [1.4767e-05],
          [1.8141e-05],
          [2.1892e-05],
          [2.6992e-05],
          [2.4963e-05],
          [2.9233e-05],
          [2.5157e-05],
          [3.0811e-05],
          [3.0735e-05],
          [3.1670e-05],
          [3.2251e-05],
          [4.4978e-05],
          [5.2717e-05],
          [4.8867e-05],
          [4.8190e-05],
          [5.1958e-05],
          [5.3600e-05],
          [5.0745e-05],
          [4.3512e-05],
          [3.6143e-05],
          [3.9904e-05],
          [3.9063e-05],
          [3.5603e-05],
          [2.4234e-05],
          [1.9595e-05],
          [1.9280e-05],
          [1.5903e-05],
          [2.0022e-05],
          [1.8679e-04],
          [3.1600e-05],
          [1.2106e-03],
          [1.8288e-05],
          [2.1955e-05],
          [2.5098e-05],
          [1.9280e-05],
          [2.0812e-05],
          [2.0790e-05],
          [2.0745e-05],
          [1.6161e-05],
          [1.5180e-05],
          [1.3602e-05],
          [1.8073e-05],
          [1.6744e-05],
          [1.6741e-05],
          [1.5220e-05],
          [3.1057e-04],
          [1.5565e-04],
          [4.5706e-04],
          [1.4466e-05],
          [1.2636e-05],
          [1.3829e-05],
          [1.5239e-05],
          [3.9352e-04],
          [3.7061e-04],
          [2.0224e-05],
          [1.7765e-05],
          [1.5059e-05],
          [1.4533e-05],
          [1.6104e-05],
          [2.1593e-05],
          [2.9109e-05],
          [2.7207e-05],
          [2.4924e-05],
          [2.6489e-05],
          [2.9858e-05],
          [2.4201e-05],
          [1.6831e-05],
          [1.6518e-05],
          [1.8197e-05],
          [2.0033e-05],
          [1.8850e-05],
          [6.6282e-05],
          [4.5659e-05],
          [5.8217e-05],
          [8.3011e-05],
          [3.0516e-05],
          [3.5341e-05],
          [2.2672e-05],
          [2.2732e-05],
          [1.9173e-05],
          [2.7224e-04],
          [1.3832e-04],
          [1.7927e-05],
          [1.6846e-05],
          [1.4134e-05],
          [1.3137e-05],
          [1.6148e-05],
          [2.1970e-05],
          [3.1534e-05],
          [7.7668e-05],
          [6.5976e-05],
          [2.6515e-04],
          [3.2373e-04],
          [3.1498e-05],
          [2.0124e-05],
          [1.8478e-05],
          [2.0444e-05],
          [1.6245e-05],
          [3.1003e-04],
          [2.3473e-04],
          [3.1964e-05],
          [1.1951e-04],
          [1.1125e-04],
          [2.1158e-05],
          [5.5827e-04],
          [2.8453e-05],
          [5.0212e-04],
          [1.9873e-05],
          [1.3112e-05],
          [1.1052e-05],
          [1.3074e-05],
          [1.8267e-05],
          [5.1186e-05],
          [5.4615e-06]]]])
