# Using CPU
# Loading Embeddings...
# Making Predictions...
torch.Size([1, 1, 442, 258])
tensor([[[[1.3973e-04],
          [3.4773e-05],
          [7.3193e-05],
          [4.3338e-05],
          [1.8122e-05],
          [1.2946e-04],
          [4.9908e-04],
          [3.4777e-05],
          [1.0066e-04],
          [7.5715e-04],
          [2.9727e-05],
          [3.0702e-05],
          [2.0195e-04],
          [2.4133e-04],
          [3.1458e-05],
          [1.5610e-05],
          [2.1077e-05],
          [1.3319e-05],
          [1.5375e-05],
          [2.2678e-05],
          [2.1139e-04],
          [2.3027e-05],
          [4.5731e-04],
          [1.9074e-05],
          [3.1065e-05],
          [3.9362e-05],
          [3.8761e-05],
          [6.2584e-05],
          [7.5265e-05],
          [9.4203e-05],
          [9.8497e-05],
          [1.2582e-04],
          [1.1720e-04],
          [1.3223e-04],
          [1.0394e-04],
          [8.0113e-05],
          [3.3605e-04],
          [5.3521e-05],
          [2.1813e-04],
          [5.2449e-05],
          [4.5411e-04],
          [3.3624e-05],
          [2.8720e-05],
          [2.9494e-05],
          [2.9472e-05],
          [4.1435e-05],
          [2.5106e-05],
          [2.7098e-05],
          [2.6300e-05],
          [1.2823e-04],
          [3.5628e-04],
          [3.2115e-05],
          [2.9365e-05],
          [1.2824e-04],
          [4.8669e-04],
          [3.3300e-05],
          [3.1147e-05],
          [2.8514e-05],
          [3.8004e-05],
          [3.1231e-05],
          [3.2424e-05],
          [3.0175e-05],
          [2.1354e-04],
          [2.4959e-04],
          [4.2364e-05],
          [4.0339e-05],
          [3.5051e-05],
          [3.5604e-05],
          [4.2964e-05],
          [3.3589e-05],
          [2.7841e-05],
          [1.6444e-04],
          [3.1386e-05],
          [2.8633e-05],
          [3.6473e-05],
          [3.4987e-05],
          [1.2185e-03],
          [3.4027e-05],
          [2.5477e-05],
          [2.2619e-05],
          [1.5115e-04],
          [1.7312e-04],
          [2.3912e-05],
          [2.3571e-05],
          [2.2707e-05],
          [2.1819e-05],
          [2.5544e-05],
          [2.8144e-05],
          [2.6106e-05],
          [2.5207e-05],
          [1.2379e-04],
          [4.6510e-05],
          [2.8618e-04],
          [2.2873e-05],
          [2.1461e-05],
          [2.1293e-05],
          [2.6910e-05],
          [2.9644e-05],
          [2.9084e-05],
          [3.3476e-05],
          [3.1152e-05],
          [2.5826e-05],
          [1.8400e-05],
          [1.6517e-05],
          [1.5703e-05],
          [2.9944e-05],
          [2.6937e-05],
          [2.9764e-05],
          [3.0396e-05],
          [2.9226e-05],
          [2.5467e-05],
          [6.1998e-05],
          [8.5184e-05],
          [2.6582e-05],
          [3.2609e-04],
          [2.5239e-05],
          [2.6685e-05],
          [3.2964e-05],
          [2.2188e-05],
          [2.4629e-05],
          [2.4568e-05],
          [2.3127e-05],
          [2.5205e-05],
          [2.6753e-05],
          [3.1015e-05],
          [2.7474e-05],
          [3.0322e-05],
          [3.5512e-05],
          [3.8034e-05],
          [4.7151e-05],
          [4.7750e-05],
          [2.3142e-04],
          [5.0480e-04],
          [1.0524e-04],
          [4.5509e-05],
          [4.5531e-05],
          [3.7387e-05],
          [4.3703e-05],
          [3.7975e-05],
          [3.2440e-05],
          [2.8026e-05],
          [2.9504e-05],
          [2.6374e-05],
          [2.7339e-05],
          [2.7669e-05],
          [3.2574e-05],
          [3.2867e-05],
          [4.3582e-05],
          [4.6020e-05],
          [7.4330e-05],
          [6.2436e-05],
          [8.0249e-05],
          [7.6070e-05],
          [9.3052e-05],
          [7.7197e-05],
          [6.6079e-05],
          [1.9731e-04],
          [2.9717e-04],
          [7.6351e-05],
          [7.7476e-04],
          [2.8957e-05],
          [3.2647e-05],
          [3.3245e-05],
          [3.4894e-05],
          [3.5963e-05],
          [3.6222e-05],
          [3.6254e-05],
          [3.4066e-05],
          [3.8244e-05],
          [3.2311e-05],
          [2.9641e-05],
          [1.5995e-04],
          [4.8577e-04],
          [4.1727e-05],
          [4.0700e-05],
          [3.8606e-05],
          [4.6620e-05],
          [3.4852e-05],
          [1.4551e-04],
          [3.5303e-05],
          [3.2484e-04],
          [2.7593e-05],
          [2.8081e-05],
          [1.4072e-04],
          [2.7322e-05],
          [2.6819e-04],
          [1.9908e-05],
          [2.0925e-05],
          [1.8973e-05],
          [1.3852e-04],
          [4.1093e-05],
          [1.2760e-03],
          [3.1156e-05],
          [3.7156e-05],
          [3.0811e-05],
          [3.3972e-05],
          [3.4409e-05],
          [2.9180e-05],
          [1.6580e-04],
          [2.7860e-04],
          [2.6139e-05],
          [3.0462e-05],
          [3.2268e-05],
          [2.4308e-05],
          [2.4438e-05],
          [2.7997e-05],
          [4.5535e-05],
          [1.0561e-04],
          [3.4687e-04],
          [2.4770e-05],
          [2.4180e-05],
          [2.6808e-05],
          [2.6924e-05],
          [1.2364e-04],
          [2.8371e-05],
          [3.2447e-05],
          [1.3230e-03],
          [2.8025e-05],
          [2.5006e-05],
          [2.4921e-05],
          [2.7680e-05],
          [3.1457e-05],
          [2.9754e-05],
          [2.2165e-05],
          [2.0901e-05],
          [4.8752e-05],
          [2.5506e-05],
          [1.9729e-05],
          [2.6050e-05],
          [2.9590e-05],
          [2.4438e-05],
          [2.8540e-05],
          [2.4961e-05],
          [2.0251e-05],
          [1.2072e-04],
          [2.7054e-04],
          [3.4390e-05],
          [2.4611e-05],
          [1.5187e-05],
          [2.9556e-05],
          [3.3252e-05],
          [2.3846e-05],
          [2.0288e-05],
          [2.8983e-05],
          [2.9292e-05],
          [1.4816e-05],
          [1.5230e-04],
          [9.0739e-05],
          [2.3870e-05],
          [2.1512e-04],
          [2.0723e-05],
          [9.0254e-05],
          [2.1294e-04],
          [2.7475e-05],
          [2.7757e-05],
          [3.1786e-05],
          [2.7945e-05],
          [3.7032e-05],
          [4.2726e-05],
          [5.2527e-05],
          [4.6819e-05],
          [6.6292e-05],
          [7.4318e-05],
          [1.0388e-04],
          [8.0495e-05],
          [8.4008e-05],
          [5.5411e-05],
          [1.5293e-04],
          [3.0105e-05],
          [2.9907e-05],
          [2.0931e-04],
          [6.0992e-05],
          [2.9687e-05],
          [1.7082e-04],
          [1.3275e-04],
          [3.1443e-05],
          [2.9582e-04],
          [1.9030e-05],
          [2.3917e-05],
          [1.8244e-05],
          [1.0497e-05],
          [9.5180e-06],
          [9.8087e-06],
          [1.9335e-05],
          [1.2738e-05],
          [1.7420e-05],
          [1.3996e-05],
          [3.0326e-04],
          [2.7089e-05],
          [1.3908e-04],
          [1.3544e-04],
          [1.8887e-05],
          [2.0846e-05],
          [1.7552e-05],
          [1.6002e-05],
          [2.1429e-05],
          [1.5647e-05],
          [1.4406e-04],
          [2.2427e-05],
          [8.7263e-04],
          [2.2196e-05],
          [2.0968e-05],
          [2.4002e-05],
          [2.3924e-05],
          [2.3108e-05],
          [2.4067e-05],
          [2.5665e-05],
          [2.8575e-05],
          [3.1290e-05],
          [3.7452e-05],
          [3.8478e-05],
          [3.9463e-05],
          [1.3974e-04],
          [4.7951e-04],
          [2.4293e-05],
          [2.0564e-05],
          [3.2437e-05],
          [1.0935e-05],
          [1.3175e-05],
          [2.4767e-05],
          [4.0052e-05],
          [3.4421e-05],
          [2.5858e-05],
          [2.0082e-05],
          [1.8347e-05],
          [1.3013e-05],
          [1.4402e-05],
          [1.8731e-05],
          [2.4219e-05],
          [1.5533e-05],
          [1.6722e-05],
          [1.8869e-05],
          [2.5147e-05],
          [1.8770e-05],
          [2.5750e-05],
          [2.2726e-05],
          [2.9614e-05],
          [2.5313e-05],
          [2.1063e-05],
          [3.7270e-05],
          [3.4517e-05],
          [3.4258e-05],
          [1.7403e-05],
          [1.9384e-05],
          [2.3152e-05],
          [2.4522e-05],
          [1.7452e-05],
          [4.2117e-05],
          [2.1208e-05],
          [1.6886e-05],
          [1.7572e-05],
          [1.7857e-05],
          [2.0679e-05],
          [1.4810e-05],
          [2.9283e-05],
          [1.9802e-05],
          [1.9481e-04],
          [4.1219e-05],
          [1.4116e-03],
          [2.4063e-05],
          [3.3234e-05],
          [2.5198e-05],
          [2.9009e-05],
          [3.0813e-05],
          [2.6169e-05],
          [3.3622e-05],
          [3.2872e-05],
          [2.4520e-05],
          [2.7285e-05],
          [2.6191e-05],
          [2.0426e-05],
          [2.5282e-05],
          [2.1613e-05],
          [1.5628e-04],
          [6.0879e-05],
          [1.0775e-03],
          [2.2426e-05],
          [2.0553e-05],
          [1.3812e-05],
          [1.3938e-05],
          [2.5278e-04],
          [6.1841e-04],
          [1.4790e-05],
          [1.3257e-05],
          [1.3427e-05],
          [1.6815e-05],
          [2.7764e-05],
          [5.5655e-05],
          [1.0479e-04],
          [9.6275e-05],
          [7.8649e-05],
          [4.7367e-05],
          [3.4077e-05],
          [1.9238e-05],
          [1.9631e-05],
          [2.3767e-05],
          [3.1051e-05],
          [2.0909e-05],
          [2.0162e-05],
          [2.1312e-04],
          [3.8193e-05],
          [3.4148e-05],
          [3.9953e-05],
          [2.0441e-05],
          [3.4750e-05],
          [2.5321e-05],
          [2.5241e-05],
          [1.9637e-05],
          [9.1717e-05],
          [3.3976e-04],
          [3.1103e-05],
          [3.1266e-05],
          [3.5531e-05],
          [2.5143e-05],
          [5.0646e-05],
          [3.9450e-05],
          [3.4223e-05],
          [4.5921e-05],
          [1.3252e-04],
          [7.7346e-05],
          [4.3847e-04],
          [2.7394e-05],
          [2.8160e-05],
          [1.5149e-05],
          [2.1332e-05],
          [1.4904e-05],
          [1.4235e-04],
          [6.4414e-05],
          [1.6749e-05],
          [6.7613e-05],
          [3.1464e-04],
          [1.6923e-05],
          [1.6932e-04],
          [1.4712e-05],
          [3.6605e-04],
          [1.8630e-05],
          [2.0716e-05],
          [1.8653e-05],
          [3.2682e-05],
          [4.0351e-05],
          [3.5976e-05],
          [6.6388e-06]]]])
