# Using CPU
# Loading Embeddings...
# Making Predictions...
torch.Size([1, 1, 442, 254])
tensor([[[[1.3914e-04],
          [4.5088e-05],
          [8.5289e-05],
          [5.7655e-05],
          [5.1213e-05],
          [4.0320e-04],
          [2.4177e-04],
          [7.4757e-05],
          [2.3531e-04],
          [3.8786e-04],
          [6.1851e-05],
          [5.7173e-05],
          [3.8094e-04],
          [2.3912e-04],
          [1.0731e-04],
          [6.5376e-05],
          [6.2486e-05],
          [5.7459e-05],
          [7.1360e-05],
          [1.1687e-04],
          [1.2770e-03],
          [6.7905e-05],
          [1.8941e-04],
          [5.5785e-05],
          [7.7730e-05],
          [6.7789e-05],
          [6.4066e-05],
          [6.6822e-05],
          [8.8630e-05],
          [1.0716e-04],
          [1.1269e-04],
          [1.1894e-04],
          [1.2003e-04],
          [1.2013e-04],
          [9.3647e-05],
          [8.1496e-05],
          [1.6106e-03],
          [1.2073e-04],
          [1.3272e-04],
          [1.0432e-04],
          [1.7995e-04],
          [5.2005e-05],
          [6.1221e-05],
          [5.9220e-05],
          [6.0322e-05],
          [5.7560e-05],
          [5.7657e-05],
          [6.3303e-05],
          [6.1467e-05],
          [2.4339e-04],
          [1.6306e-04],
          [6.6141e-05],
          [7.8626e-05],
          [6.0672e-04],
          [1.9206e-04],
          [8.7194e-05],
          [6.5248e-05],
          [6.4768e-05],
          [6.2119e-05],
          [7.1502e-05],
          [7.1167e-05],
          [4.6945e-05],
          [2.8420e-04],
          [1.5869e-04],
          [7.5768e-05],
          [1.0168e-04],
          [1.1642e-04],
          [1.0283e-04],
          [1.1428e-04],
          [9.9770e-05],
          [7.1931e-05],
          [2.9925e-04],
          [4.8734e-05],
          [5.8751e-05],
          [4.6060e-05],
          [5.2626e-05],
          [3.6104e-04],
          [5.8862e-05],
          [6.9318e-05],
          [5.5658e-05],
          [2.6346e-04],
          [1.4535e-04],
          [6.1355e-05],
          [5.3757e-05],
          [5.3487e-05],
          [5.4353e-05],
          [6.0763e-05],
          [5.5801e-05],
          [6.5635e-05],
          [5.8742e-05],
          [5.9240e-04],
          [9.5783e-05],
          [2.3301e-04],
          [5.9288e-05],
          [6.8445e-05],
          [7.6441e-05],
          [7.9516e-05],
          [9.0211e-05],
          [7.3873e-05],
          [8.6438e-05],
          [1.5892e-04],
          [9.0750e-05],
          [8.2487e-05],
          [8.4222e-05],
          [6.1963e-05],
          [6.2984e-05],
          [5.1641e-05],
          [5.2919e-05],
          [5.1851e-05],
          [4.1800e-05],
          [4.6827e-05],
          [8.8536e-05],
          [1.4869e-04],
          [5.6808e-05],
          [1.8417e-04],
          [3.6085e-05],
          [3.9896e-05],
          [4.6833e-05],
          [4.4983e-05],
          [5.5362e-05],
          [5.0640e-05],
          [5.7853e-05],
          [5.8356e-05],
          [7.5528e-05],
          [6.7711e-05],
          [8.4903e-05],
          [7.5267e-05],
          [9.9818e-05],
          [1.0114e-04],
          [1.2364e-04],
          [8.9754e-05],
          [4.5948e-04],
          [3.4446e-04],
          [1.2076e-04],
          [9.1053e-05],
          [8.8083e-05],
          [7.3622e-05],
          [8.5233e-05],
          [7.5903e-05],
          [6.0218e-05],
          [7.5776e-05],
          [7.1004e-05],
          [6.9765e-05],
          [6.5063e-05],
          [6.1985e-05],
          [5.3949e-05],
          [4.6811e-05],
          [4.7068e-05],
          [5.6074e-05],
          [6.5280e-05],
          [6.4249e-05],
          [6.5977e-05],
          [7.2534e-05],
          [8.3534e-05],
          [7.3079e-05],
          [6.6517e-05],
          [2.2442e-04],
          [2.4605e-04],
          [2.5154e-04],
          [4.4921e-04],
          [7.2780e-05],
          [8.1808e-05],
          [9.9475e-05],
          [1.1193e-04],
          [1.0208e-04],
          [1.0496e-04],
          [9.2019e-05],
          [8.8824e-05],
          [7.4805e-05],
          [6.3780e-05],
          [5.8167e-05],
          [3.3728e-04],
          [1.5393e-04],
          [5.1563e-05],
          [4.4357e-05],
          [4.5632e-05],
          [4.2724e-05],
          [5.2028e-05],
          [2.0018e-04],
          [8.1758e-05],
          [1.6058e-04],
          [5.6340e-05],
          [4.4957e-05],
          [2.6321e-04],
          [5.7361e-05],
          [2.1178e-04],
          [6.0909e-05],
          [7.1262e-05],
          [6.4210e-05],
          [5.1632e-04],
          [7.1593e-05],
          [9.1327e-04],
          [6.8399e-05],
          [5.6129e-05],
          [5.1734e-05],
          [4.8905e-05],
          [5.4012e-05],
          [4.7973e-05],
          [2.2885e-04],
          [1.3778e-04],
          [4.8700e-05],
          [4.7756e-05],
          [5.0479e-05],
          [5.3982e-05],
          [7.2869e-05],
          [6.8183e-05],
          [7.0762e-05],
          [4.9846e-04],
          [1.6170e-04],
          [7.0162e-05],
          [6.8789e-05],
          [6.0320e-05],
          [4.8812e-05],
          [3.0067e-04],
          [4.2217e-05],
          [6.0687e-05],
          [3.1063e-04],
          [4.9005e-05],
          [5.4401e-05],
          [5.8907e-05],
          [8.5848e-05],
          [9.7763e-05],
          [9.0501e-05],
          [8.3651e-05],
          [7.4737e-05],
          [9.4625e-05],
          [7.4117e-05],
          [7.0507e-05],
          [9.7338e-05],
          [7.4981e-05],
          [7.2017e-05],
          [8.4584e-05],
          [6.9190e-05],
          [4.9021e-05],
          [3.5501e-04],
          [1.0256e-04],
          [5.3987e-05],
          [6.0620e-05],
          [7.5898e-05],
          [6.5607e-05],
          [8.1113e-05],
          [5.1756e-05],
          [4.6351e-05],
          [9.1044e-05],
          [3.7752e-05],
          [4.0604e-05],
          [2.3867e-04],
          [7.8682e-04],
          [5.7059e-05],
          [1.6615e-04],
          [4.7496e-05],
          [1.9653e-04],
          [1.0367e-04],
          [5.0558e-05],
          [6.8181e-05],
          [5.8889e-05],
          [5.1434e-05],
          [5.3587e-05],
          [5.7273e-05],
          [4.3014e-05],
          [4.3428e-05],
          [4.6875e-05],
          [4.8500e-05],
          [5.6823e-05],
          [3.9651e-05],
          [4.6751e-05],
          [3.6629e-05],
          [2.1822e-04],
          [1.8506e-05],
          [1.9909e-05],
          [1.1847e-04],
          [1.4250e-04],
          [2.9588e-05],
          [1.3774e-04],
          [1.2732e-04],
          [6.0302e-05],
          [1.5812e-04],
          [3.1072e-05],
          [4.3536e-05],
          [4.1721e-05],
          [3.7137e-05],
          [4.2161e-05],
          [4.7273e-05],
          [7.6134e-05],
          [5.1286e-05],
          [5.7691e-05],
          [4.1003e-05],
          [4.1577e-04],
          [5.9465e-05],
          [9.5827e-05],
          [5.1840e-05],
          [4.9417e-05],
          [3.9063e-05],
          [4.2236e-05],
          [4.7789e-05],
          [5.9813e-05],
          [5.2297e-05],
          [5.2602e-04],
          [5.4393e-05],
          [2.5434e-04],
          [4.3878e-05],
          [4.9881e-05],
          [4.7969e-05],
          [5.3439e-05],
          [5.6636e-05],
          [7.2292e-05],
          [7.0192e-05],
          [7.5572e-05],
          [8.4357e-05],
          [7.3780e-05],
          [6.5712e-05],
          [6.2570e-05],
          [2.2882e-04],
          [1.4018e-04],
          [4.8809e-05],
          [5.0912e-05],
          [4.0353e-05],
          [5.1150e-05],
          [4.4847e-05],
          [4.5781e-05],
          [4.5656e-05],
          [4.1126e-05],
          [3.2404e-05],
          [3.8727e-05],
          [3.4957e-05],
          [3.5717e-05],
          [3.3852e-05],
          [3.4395e-05],
          [3.7277e-05],
          [2.4925e-05],
          [4.0471e-05],
          [4.7742e-05],
          [5.5091e-05],
          [7.0452e-05],
          [8.7006e-05],
          [9.6140e-05],
          [8.8180e-05],
          [9.9321e-05],
          [9.1612e-05],
          [9.0677e-05],
          [8.4913e-05],
          [7.1423e-05],
          [6.1790e-05],
          [6.3899e-05],
          [5.0691e-05],
          [3.9745e-05],
          [4.5044e-05],
          [6.7122e-05],
          [3.6850e-05],
          [3.9982e-05],
          [4.4543e-05],
          [3.1961e-05],
          [3.9258e-05],
          [3.9356e-05],
          [5.1384e-05],
          [6.2508e-05],
          [2.0816e-04],
          [5.2468e-05],
          [1.7575e-03],
          [4.8713e-05],
          [5.9606e-05],
          [6.1179e-05],
          [5.8223e-05],
          [5.8790e-05],
          [6.9940e-05],
          [6.8076e-05],
          [5.0080e-05],
          [4.9529e-05],
          [4.5053e-05],
          [5.1200e-05],
          [4.9179e-05],
          [5.7127e-05],
          [4.7865e-05],
          [2.3011e-04],
          [7.3228e-05],
          [3.6215e-04],
          [4.2696e-05],
          [3.5127e-05],
          [2.9549e-05],
          [2.8463e-05],
          [7.8267e-04],
          [2.2459e-04],
          [3.9362e-05],
          [4.5265e-05],
          [7.7210e-05],
          [1.1907e-04],
          [8.8893e-05],
          [1.4883e-04],
          [1.2079e-04],
          [1.0790e-04],
          [8.5387e-05],
          [7.0747e-05],
          [6.4116e-05],
          [4.6751e-05],
          [5.4922e-05],
          [5.6059e-05],
          [5.7027e-05],
          [6.1835e-05],
          [4.1353e-05],
          [6.6499e-05],
          [3.7325e-05],
          [4.4745e-05],
          [8.7627e-05],
          [2.6236e-05],
          [2.6673e-05],
          [2.8054e-05],
          [2.7573e-05],
          [2.3220e-05],
          [2.6832e-04],
          [1.5423e-04],
          [4.7007e-05],
          [6.2852e-05],
          [8.2036e-05],
          [5.4562e-05],
          [5.3342e-05],
          [4.3628e-05],
          [4.2075e-05],
          [7.7897e-05],
          [1.0644e-04],
          [4.4676e-04],
          [3.3903e-04],
          [2.3708e-05],
          [1.9118e-05],
          [1.8649e-05],
          [1.5809e-05],
          [2.2286e-05],
          [2.8923e-04],
          [3.3972e-04],
          [2.6663e-05],
          [1.0181e-04],
          [1.1823e-04],
          [1.7899e-05],
          [3.0324e-04],
          [3.9206e-05],
          [3.5460e-04],
          [3.4215e-05],
          [2.9984e-05],
          [2.8186e-05],
          [3.7129e-05],
          [2.3419e-05],
          [4.0805e-05],
          [9.9001e-06]]]])
