# Using CPU
# Loading Embeddings...
# Making Predictions...
torch.Size([1, 1, 442, 285])
tensor([[[[1.5726e-04],
          [2.8297e-05],
          [1.6825e-04],
          [2.4098e-05],
          [1.0925e-05],
          [2.1314e-04],
          [4.6706e-04],
          [1.4052e-05],
          [1.3699e-04],
          [4.6177e-04],
          [2.0949e-05],
          [2.0097e-05],
          [4.6703e-04],
          [3.1672e-04],
          [1.3807e-05],
          [1.2464e-05],
          [1.0937e-05],
          [9.4887e-06],
          [1.1372e-05],
          [1.9550e-05],
          [3.2478e-04],
          [2.2083e-05],
          [2.7714e-04],
          [1.4053e-05],
          [2.2487e-05],
          [3.3254e-05],
          [4.6012e-05],
          [8.2319e-05],
          [8.9548e-05],
          [1.3326e-04],
          [1.1005e-04],
          [1.3535e-04],
          [1.0860e-04],
          [1.2308e-04],
          [9.4653e-05],
          [7.3699e-05],
          [6.3490e-04],
          [4.8415e-05],
          [2.2126e-04],
          [1.0045e-04],
          [2.9805e-04],
          [2.9223e-05],
          [2.8268e-05],
          [3.0997e-05],
          [2.1915e-05],
          [2.0007e-05],
          [1.5529e-05],
          [1.4069e-05],
          [2.2898e-05],
          [6.6186e-04],
          [3.0125e-04],
          [1.3307e-05],
          [1.4692e-05],
          [3.4116e-04],
          [2.3142e-04],
          [2.0076e-05],
          [2.1909e-05],
          [2.0328e-05],
          [2.5111e-05],
          [3.1934e-05],
          [3.2163e-05],
          [3.2225e-05],
          [5.8348e-04],
          [4.2144e-04],
          [2.2497e-05],
          [2.2537e-05],
          [1.9962e-05],
          [1.7260e-05],
          [1.9279e-05],
          [1.7475e-05],
          [1.8150e-05],
          [4.2595e-04],
          [2.2356e-05],
          [4.7362e-05],
          [2.0097e-05],
          [1.9950e-05],
          [7.9527e-04],
          [1.5930e-05],
          [1.5772e-05],
          [1.2815e-05],
          [4.0353e-04],
          [2.1453e-04],
          [1.3266e-05],
          [1.5099e-05],
          [1.7818e-05],
          [2.2524e-05],
          [2.3607e-05],
          [2.5087e-05],
          [2.0374e-05],
          [1.8220e-05],
          [3.2556e-04],
          [4.0335e-05],
          [3.7642e-04],
          [1.1624e-05],
          [1.1003e-05],
          [1.0867e-05],
          [1.0236e-05],
          [1.5206e-05],
          [1.1539e-05],
          [1.5275e-05],
          [2.6955e-05],
          [1.4405e-05],
          [1.2142e-05],
          [1.2568e-05],
          [1.6538e-05],
          [2.5755e-05],
          [3.1332e-05],
          [3.9233e-05],
          [4.0686e-05],
          [4.2149e-05],
          [3.4250e-05],
          [8.1083e-05],
          [1.9256e-04],
          [1.9226e-05],
          [4.1934e-04],
          [2.4111e-05],
          [1.7701e-05],
          [1.1813e-05],
          [1.6083e-05],
          [1.9174e-05],
          [1.8756e-05],
          [1.4227e-05],
          [1.7054e-05],
          [1.3618e-05],
          [1.7391e-05],
          [1.6475e-05],
          [2.0094e-05],
          [2.0161e-05],
          [2.7835e-05],
          [2.5874e-05],
          [2.8156e-05],
          [4.1073e-04],
          [4.5537e-04],
          [3.2513e-05],
          [4.3823e-05],
          [3.2798e-05],
          [2.8670e-05],
          [2.2950e-05],
          [1.8900e-05],
          [2.1328e-05],
          [1.8503e-05],
          [1.7944e-05],
          [1.3301e-05],
          [1.5980e-05],
          [2.0136e-05],
          [3.0102e-05],
          [3.2838e-05],
          [5.0711e-05],
          [6.4401e-05],
          [1.1006e-04],
          [1.0917e-04],
          [1.0168e-04],
          [1.1139e-04],
          [8.6582e-05],
          [7.7139e-05],
          [6.6910e-05],
          [2.7916e-04],
          [2.2776e-04],
          [2.9137e-04],
          [4.4532e-04],
          [2.0829e-05],
          [2.0521e-05],
          [1.9402e-05],
          [2.2783e-05],
          [2.3752e-05],
          [3.4640e-05],
          [2.5135e-05],
          [2.6956e-05],
          [2.9317e-05],
          [3.1314e-05],
          [2.4595e-05],
          [6.0537e-04],
          [3.3011e-04],
          [3.6312e-05],
          [5.3633e-05],
          [5.7766e-05],
          [6.1820e-05],
          [5.6282e-05],
          [3.9820e-04],
          [3.2615e-05],
          [4.0448e-04],
          [2.1816e-05],
          [1.6675e-05],
          [5.8137e-04],
          [2.1813e-05],
          [3.0685e-04],
          [1.7730e-05],
          [1.9387e-05],
          [1.8094e-05],
          [3.7437e-04],
          [2.4328e-05],
          [6.5197e-04],
          [2.7351e-05],
          [3.7070e-05],
          [4.0017e-05],
          [4.0120e-05],
          [4.2789e-05],
          [4.0596e-05],
          [4.1561e-04],
          [2.9155e-04],
          [2.3960e-05],
          [2.0335e-05],
          [1.8256e-05],
          [1.4787e-05],
          [1.9313e-05],
          [1.9894e-05],
          [2.3690e-05],
          [9.1368e-04],
          [2.6785e-04],
          [2.0736e-05],
          [1.4899e-05],
          [1.5410e-05],
          [1.6277e-05],
          [9.3562e-04],
          [4.7619e-05],
          [2.3743e-05],
          [4.9493e-04],
          [1.6927e-05],
          [1.6078e-05],
          [1.5264e-05],
          [1.3012e-05],
          [1.6416e-05],
          [1.5540e-05],
          [1.5329e-05],
          [1.3534e-05],
          [1.9241e-05],
          [1.9970e-05],
          [2.0668e-05],
          [1.6103e-05],
          [1.3446e-05],
          [1.2916e-05],
          [1.3844e-05],
          [1.4067e-05],
          [1.5998e-05],
          [5.5888e-04],
          [1.8446e-04],
          [1.4777e-05],
          [1.8003e-05],
          [1.7863e-05],
          [2.2222e-05],
          [1.9019e-05],
          [1.9694e-05],
          [1.3614e-05],
          [1.8379e-05],
          [1.7351e-05],
          [1.0663e-05],
          [1.6195e-04],
          [1.4465e-04],
          [1.7151e-05],
          [3.2998e-04],
          [1.2409e-05],
          [2.7737e-04],
          [2.6798e-04],
          [2.0748e-05],
          [2.5063e-05],
          [3.0836e-05],
          [3.1313e-05],
          [4.2845e-05],
          [5.0385e-05],
          [7.6550e-05],
          [7.8811e-05],
          [1.2641e-04],
          [1.5098e-04],
          [1.7281e-04],
          [1.5280e-04],
          [1.9436e-04],
          [1.0668e-04],
          [2.0815e-04],
          [4.8830e-05],
          [4.0444e-05],
          [3.4755e-04],
          [8.1344e-05],
          [4.1684e-05],
          [1.8121e-04],
          [3.9007e-04],
          [3.0064e-05],
          [3.0651e-04],
          [1.5212e-05],
          [1.2620e-05],
          [1.1954e-05],
          [1.0010e-05],
          [9.6512e-06],
          [9.7374e-06],
          [2.6871e-05],
          [9.7231e-06],
          [1.2693e-05],
          [1.3285e-05],
          [8.6055e-04],
          [4.2521e-05],
          [1.5482e-04],
          [6.7661e-05],
          [1.1184e-05],
          [1.1657e-05],
          [1.1256e-05],
          [1.0855e-05],
          [1.0091e-05],
          [1.2321e-05],
          [8.6285e-04],
          [3.8853e-05],
          [5.4092e-04],
          [1.7945e-05],
          [1.4182e-05],
          [1.4378e-05],
          [1.3278e-05],
          [1.2727e-05],
          [1.2895e-05],
          [1.3629e-05],
          [1.7109e-05],
          [1.6861e-05],
          [2.3363e-05],
          [3.3490e-05],
          [3.2922e-05],
          [1.1869e-03],
          [2.6875e-04],
          [2.5382e-05],
          [2.0521e-05],
          [1.5577e-05],
          [1.1704e-05],
          [1.4122e-05],
          [1.6625e-05],
          [1.7118e-05],
          [1.5328e-05],
          [1.7742e-05],
          [1.5567e-05],
          [1.8416e-05],
          [1.4363e-05],
          [1.4331e-05],
          [1.5100e-05],
          [2.0925e-05],
          [2.1489e-05],
          [2.1196e-05],
          [2.1084e-05],
          [2.3894e-05],
          [2.0765e-05],
          [1.8284e-05],
          [2.0591e-05],
          [2.0320e-05],
          [1.9803e-05],
          [2.1565e-05],
          [2.0748e-05],
          [2.2497e-05],
          [2.5093e-05],
          [2.3054e-05],
          [2.3075e-05],
          [3.0481e-05],
          [2.7884e-05],
          [2.5456e-05],
          [2.0414e-05],
          [2.2511e-05],
          [2.0744e-05],
          [1.8820e-05],
          [1.2209e-05],
          [1.1546e-05],
          [1.3591e-05],
          [1.6770e-05],
          [1.6212e-05],
          [1.6594e-04],
          [3.4427e-05],
          [6.5743e-04],
          [1.8420e-05],
          [1.9974e-05],
          [2.0457e-05],
          [1.7458e-05],
          [1.9547e-05],
          [1.8647e-05],
          [1.8295e-05],
          [1.7737e-05],
          [1.5688e-05],
          [1.5477e-05],
          [2.2935e-05],
          [1.9948e-05],
          [2.5941e-05],
          [1.9993e-05],
          [2.2476e-04],
          [1.8966e-04],
          [6.1057e-04],
          [1.2930e-05],
          [1.2303e-05],
          [9.8160e-06],
          [1.3422e-05],
          [5.0835e-04],
          [4.0786e-04],
          [1.5762e-05],
          [1.2843e-05],
          [1.3383e-05],
          [1.5272e-05],
          [1.9563e-05],
          [2.2274e-05],
          [2.3051e-05],
          [2.0689e-05],
          [2.1754e-05],
          [1.8466e-05],
          [2.1438e-05],
          [1.9924e-05],
          [1.5180e-05],
          [1.6138e-05],
          [1.7391e-05],
          [1.6450e-05],
          [1.5508e-05],
          [2.9770e-05],
          [3.3748e-05],
          [5.0536e-05],
          [4.8361e-05],
          [3.6868e-05],
          [3.5851e-05],
          [2.3717e-05],
          [2.3823e-05],
          [2.0573e-05],
          [7.0932e-04],
          [2.0553e-04],
          [2.4184e-05],
          [2.2193e-05],
          [1.9248e-05],
          [1.7975e-05],
          [2.4011e-05],
          [2.6446e-05],
          [2.2978e-05],
          [5.9493e-05],
          [5.7447e-05],
          [3.3507e-04],
          [2.4395e-04],
          [2.0647e-05],
          [1.7684e-05],
          [1.7658e-05],
          [1.6573e-05],
          [1.6220e-05],
          [3.7981e-04],
          [6.9959e-05],
          [1.2227e-05],
          [7.8217e-05],
          [2.1447e-04],
          [2.2909e-05],
          [2.9403e-04],
          [1.7737e-05],
          [3.7006e-04],
          [2.0166e-05],
          [1.5243e-05],
          [1.1572e-05],
          [1.1680e-05],
          [1.1406e-05],
          [1.8693e-05],
          [4.6557e-06]]]])
