# Using CPU
# Loading Embeddings...
# Making Predictions...
torch.Size([1, 1, 442, 253])
tensor([[[[1.7052e-04],
          [4.2611e-05],
          [8.3013e-05],
          [2.2528e-05],
          [8.8382e-06],
          [1.1982e-04],
          [1.6166e-04],
          [1.8142e-05],
          [9.8019e-05],
          [2.4509e-04],
          [2.1861e-05],
          [1.9347e-05],
          [4.7468e-04],
          [2.1328e-04],
          [3.8643e-05],
          [1.3284e-05],
          [1.0839e-05],
          [1.2357e-05],
          [1.6128e-05],
          [2.6923e-05],
          [2.0202e-04],
          [2.1666e-05],
          [1.9714e-04],
          [1.5873e-05],
          [1.9959e-05],
          [2.7367e-05],
          [4.4685e-05],
          [8.6233e-05],
          [1.1442e-04],
          [1.4938e-04],
          [1.6153e-04],
          [1.9998e-04],
          [1.9562e-04],
          [2.1025e-04],
          [1.5863e-04],
          [1.1711e-04],
          [3.7952e-04],
          [6.9920e-05],
          [1.4278e-04],
          [5.3870e-05],
          [2.1353e-04],
          [3.1443e-05],
          [3.3285e-05],
          [3.5826e-05],
          [2.3726e-05],
          [2.1408e-05],
          [1.5041e-05],
          [1.2928e-05],
          [1.3956e-05],
          [1.9779e-04],
          [1.9392e-04],
          [1.1975e-05],
          [1.3400e-05],
          [1.7939e-04],
          [2.2732e-04],
          [1.2255e-05],
          [1.3432e-05],
          [1.4166e-05],
          [1.9798e-05],
          [2.2177e-05],
          [2.2285e-05],
          [1.7676e-05],
          [2.9161e-04],
          [2.8183e-04],
          [1.4163e-05],
          [1.4251e-05],
          [1.4071e-05],
          [1.4965e-05],
          [1.8305e-05],
          [1.4520e-05],
          [1.3557e-05],
          [2.6658e-04],
          [2.2454e-05],
          [2.1858e-05],
          [1.3613e-05],
          [1.8548e-05],
          [4.3998e-04],
          [1.3014e-05],
          [1.3792e-05],
          [1.2022e-05],
          [2.6393e-04],
          [1.4729e-04],
          [1.3911e-05],
          [1.7221e-05],
          [2.0089e-05],
          [2.3983e-05],
          [2.6346e-05],
          [2.8212e-05],
          [2.3018e-05],
          [1.8061e-05],
          [1.1511e-04],
          [5.1320e-05],
          [2.4088e-04],
          [1.2188e-05],
          [1.7433e-05],
          [2.5094e-05],
          [2.7373e-05],
          [3.6534e-05],
          [3.1819e-05],
          [3.1580e-05],
          [2.7520e-05],
          [2.1924e-05],
          [1.6248e-05],
          [1.2237e-05],
          [1.3090e-05],
          [1.6987e-05],
          [1.7669e-05],
          [2.1406e-05],
          [2.2889e-05],
          [2.3525e-05],
          [1.7889e-05],
          [5.5432e-05],
          [1.3031e-04],
          [2.2777e-05],
          [2.1233e-04],
          [1.2919e-05],
          [1.0763e-05],
          [1.0707e-05],
          [1.3315e-05],
          [1.4701e-05],
          [1.5236e-05],
          [1.1237e-05],
          [1.8923e-05],
          [1.0570e-05],
          [1.1637e-05],
          [1.2314e-05],
          [1.3062e-05],
          [1.2808e-05],
          [1.4056e-05],
          [1.5373e-05],
          [2.2069e-05],
          [7.1068e-04],
          [3.5017e-04],
          [2.1011e-05],
          [1.9468e-05],
          [1.8058e-05],
          [1.5523e-05],
          [1.6417e-05],
          [1.3533e-05],
          [1.3683e-05],
          [1.2379e-05],
          [1.1377e-05],
          [9.2985e-06],
          [1.1149e-05],
          [1.1254e-05],
          [1.3847e-05],
          [1.5629e-05],
          [2.0316e-05],
          [2.7653e-05],
          [3.6581e-05],
          [4.9048e-05],
          [6.6765e-05],
          [8.4495e-05],
          [9.8259e-05],
          [1.0427e-04],
          [7.4187e-05],
          [1.5197e-04],
          [1.0740e-04],
          [9.7919e-05],
          [2.5471e-04],
          [1.5550e-05],
          [1.4317e-05],
          [1.4056e-05],
          [1.8658e-05],
          [1.5099e-05],
          [1.6694e-05],
          [1.6109e-05],
          [1.6552e-05],
          [1.7413e-05],
          [1.6766e-05],
          [1.4615e-05],
          [1.9021e-04],
          [1.9467e-04],
          [1.9462e-05],
          [2.3177e-05],
          [2.4231e-05],
          [2.4381e-05],
          [2.3769e-05],
          [1.9086e-04],
          [3.9488e-05],
          [3.7460e-04],
          [1.2052e-05],
          [1.5838e-05],
          [1.9568e-04],
          [1.5490e-05],
          [1.9390e-04],
          [2.5437e-05],
          [2.7980e-05],
          [2.3379e-05],
          [1.2842e-04],
          [3.2911e-05],
          [3.6141e-04],
          [1.5093e-05],
          [1.8923e-05],
          [1.8490e-05],
          [1.8713e-05],
          [2.0190e-05],
          [1.7922e-05],
          [2.6089e-04],
          [1.8901e-04],
          [1.7245e-05],
          [1.4981e-05],
          [1.6210e-05],
          [1.5942e-05],
          [2.4121e-05],
          [2.3098e-05],
          [2.3398e-05],
          [1.5250e-04],
          [1.2591e-04],
          [2.0381e-05],
          [1.5516e-05],
          [1.3386e-05],
          [1.3676e-05],
          [1.7520e-04],
          [2.7135e-05],
          [1.6069e-05],
          [3.4315e-04],
          [1.2611e-05],
          [1.6657e-05],
          [1.4018e-05],
          [1.4455e-05],
          [1.7707e-05],
          [2.2173e-05],
          [1.5941e-05],
          [1.4565e-05],
          [1.9420e-05],
          [1.8794e-05],
          [1.8885e-05],
          [1.2941e-05],
          [1.0914e-05],
          [1.1754e-05],
          [1.0802e-05],
          [1.0934e-05],
          [1.1197e-05],
          [1.5005e-04],
          [1.0856e-04],
          [1.1583e-05],
          [1.3153e-05],
          [1.4584e-05],
          [1.7848e-05],
          [1.8915e-05],
          [1.9971e-05],
          [1.5987e-05],
          [1.9815e-05],
          [2.4038e-05],
          [1.1814e-05],
          [1.0055e-04],
          [2.3720e-04],
          [1.7520e-05],
          [2.3833e-04],
          [1.0605e-05],
          [1.2341e-04],
          [1.2016e-04],
          [2.8814e-05],
          [3.6790e-05],
          [3.6618e-05],
          [3.0340e-05],
          [3.0587e-05],
          [2.6937e-05],
          [2.6410e-05],
          [2.5283e-05],
          [3.3238e-05],
          [3.7711e-05],
          [5.8895e-05],
          [4.9692e-05],
          [5.5015e-05],
          [3.3242e-05],
          [1.8665e-04],
          [1.7580e-05],
          [1.9142e-05],
          [2.6945e-04],
          [6.3187e-05],
          [2.1024e-05],
          [1.1092e-04],
          [1.1091e-04],
          [3.8305e-05],
          [2.8246e-04],
          [1.4905e-05],
          [1.0902e-05],
          [1.0128e-05],
          [9.5579e-06],
          [8.8108e-06],
          [9.1663e-06],
          [2.3619e-05],
          [1.1456e-05],
          [1.4865e-05],
          [1.3874e-05],
          [5.1329e-04],
          [2.7436e-05],
          [8.1563e-05],
          [5.7149e-05],
          [1.2732e-05],
          [1.1739e-05],
          [1.2097e-05],
          [1.1516e-05],
          [1.1130e-05],
          [1.2581e-05],
          [2.1316e-04],
          [1.6656e-05],
          [2.4033e-04],
          [1.6226e-05],
          [1.5696e-05],
          [1.2610e-05],
          [1.3880e-05],
          [1.3288e-05],
          [1.3289e-05],
          [1.2662e-05],
          [1.5543e-05],
          [1.5345e-05],
          [1.8495e-05],
          [2.0061e-05],
          [2.6725e-05],
          [2.0444e-04],
          [1.6101e-04],
          [2.2450e-05],
          [1.9554e-05],
          [2.7831e-05],
          [1.2424e-05],
          [1.9592e-05],
          [2.5030e-05],
          [2.6596e-05],
          [2.3083e-05],
          [2.4589e-05],
          [2.4866e-05],
          [2.1132e-05],
          [1.6509e-05],
          [1.1655e-05],
          [1.2653e-05],
          [1.3526e-05],
          [1.4754e-05],
          [1.5996e-05],
          [1.9786e-05],
          [2.1635e-05],
          [2.0212e-05],
          [1.6077e-05],
          [1.9587e-05],
          [2.2348e-05],
          [2.2521e-05],
          [2.4141e-05],
          [2.8180e-05],
          [2.9347e-05],
          [3.8041e-05],
          [2.6431e-05],
          [2.3404e-05],
          [2.2719e-05],
          [3.9009e-05],
          [2.0842e-05],
          [2.5256e-05],
          [3.2996e-05],
          [1.6694e-05],
          [1.8528e-05],
          [1.8323e-05],
          [1.5876e-05],
          [1.3997e-05],
          [1.6237e-05],
          [1.5754e-05],
          [1.3314e-04],
          [3.8293e-05],
          [5.5358e-04],
          [1.6503e-05],
          [1.6702e-05],
          [1.4588e-05],
          [1.4732e-05],
          [1.5910e-05],
          [1.4733e-05],
          [1.5714e-05],
          [1.2807e-05],
          [1.2585e-05],
          [1.1477e-05],
          [1.5822e-05],
          [1.1868e-05],
          [1.5229e-05],
          [1.2269e-05],
          [1.0902e-04],
          [7.1282e-05],
          [4.1736e-04],
          [1.2270e-05],
          [1.0021e-05],
          [8.7537e-06],
          [1.0727e-05],
          [2.6166e-04],
          [1.9262e-04],
          [1.2429e-05],
          [1.2573e-05],
          [1.7261e-05],
          [2.8373e-05],
          [3.5345e-05],
          [4.4018e-05],
          [4.4495e-05],
          [3.4351e-05],
          [3.8648e-05],
          [3.4429e-05],
          [3.4847e-05],
          [2.4129e-05],
          [1.7382e-05],
          [1.4531e-05],
          [1.4392e-05],
          [1.3407e-05],
          [1.2279e-05],
          [4.6272e-05],
          [2.9550e-05],
          [3.6847e-05],
          [3.4678e-05],
          [2.6295e-05],
          [2.8968e-05],
          [2.7197e-05],
          [2.8216e-05],
          [2.1950e-05],
          [1.9753e-04],
          [1.6851e-04],
          [2.6661e-05],
          [2.4745e-05],
          [2.1605e-05],
          [1.8411e-05],
          [1.9314e-05],
          [2.2636e-05],
          [2.6372e-05],
          [6.6446e-05],
          [5.8725e-05],
          [1.2365e-04],
          [1.9906e-04],
          [2.4514e-05],
          [1.6188e-05],
          [1.7765e-05],
          [1.9841e-05],
          [1.3932e-05],
          [2.0044e-04],
          [1.2101e-04],
          [1.3735e-05],
          [5.7314e-05],
          [1.3996e-04],
          [1.6564e-05],
          [4.0499e-04],
          [1.9003e-05],
          [3.2747e-04],
          [2.2346e-05],
          [1.7608e-05],
          [1.4058e-05],
          [1.4503e-05],
          [1.3697e-05],
          [3.4532e-05],
          [8.0952e-06]]]])
