# Using CPU
# Loading Embeddings...
# Making Predictions...
torch.Size([1, 1, 442, 256])
tensor([[[[1.5039e-04],
          [5.0869e-05],
          [1.0015e-04],
          [2.2431e-05],
          [1.0251e-05],
          [4.0676e-04],
          [1.6036e-04],
          [1.8015e-05],
          [2.9594e-04],
          [2.1775e-04],
          [1.8535e-05],
          [1.8557e-05],
          [5.5278e-04],
          [2.9844e-04],
          [3.3966e-05],
          [1.3145e-05],
          [1.2363e-05],
          [1.2296e-05],
          [1.4810e-05],
          [2.5722e-05],
          [6.0170e-04],
          [2.2198e-05],
          [1.7400e-04],
          [1.6286e-05],
          [2.1526e-05],
          [2.9072e-05],
          [3.9904e-05],
          [6.8311e-05],
          [8.0986e-05],
          [1.0158e-04],
          [8.6929e-05],
          [8.2853e-05],
          [7.9097e-05],
          [9.3605e-05],
          [8.1108e-05],
          [6.6007e-05],
          [1.5635e-03],
          [6.9550e-05],
          [1.8229e-04],
          [1.7402e-04],
          [2.0416e-04],
          [2.6284e-05],
          [2.6185e-05],
          [2.8308e-05],
          [1.9887e-05],
          [1.9055e-05],
          [1.5496e-05],
          [1.3550e-05],
          [1.2792e-05],
          [3.0609e-04],
          [1.6355e-04],
          [1.4846e-05],
          [1.1353e-05],
          [4.9142e-04],
          [1.9706e-04],
          [1.6975e-05],
          [1.6727e-05],
          [1.7336e-05],
          [2.0817e-05],
          [2.4629e-05],
          [2.6775e-05],
          [2.1746e-05],
          [3.8247e-04],
          [2.1698e-04],
          [1.9565e-05],
          [1.7401e-05],
          [2.2404e-05],
          [2.4270e-05],
          [2.1223e-05],
          [2.7356e-05],
          [1.5413e-05],
          [3.7030e-04],
          [3.0753e-05],
          [4.8009e-05],
          [1.5294e-05],
          [2.2139e-05],
          [3.7462e-04],
          [1.5706e-05],
          [1.4853e-05],
          [1.3984e-05],
          [3.3337e-04],
          [1.7460e-04],
          [1.6722e-05],
          [1.4557e-05],
          [1.6691e-05],
          [2.0544e-05],
          [2.1346e-05],
          [2.4305e-05],
          [2.0428e-05],
          [1.7780e-05],
          [4.9112e-04],
          [3.6755e-05],
          [2.6814e-04],
          [1.4474e-05],
          [2.7839e-05],
          [3.3168e-05],
          [4.3048e-05],
          [5.4357e-05],
          [3.8754e-05],
          [3.7531e-05],
          [3.1146e-05],
          [2.9405e-05],
          [1.8287e-05],
          [1.7015e-05],
          [2.1220e-05],
          [2.1862e-05],
          [2.3989e-05],
          [2.8912e-05],
          [3.0836e-05],
          [3.1913e-05],
          [2.4607e-05],
          [8.5404e-05],
          [1.4530e-04],
          [2.0172e-05],
          [2.1673e-04],
          [1.5410e-05],
          [1.3155e-05],
          [1.6392e-05],
          [1.3799e-05],
          [1.5096e-05],
          [1.5304e-05],
          [1.2965e-05],
          [1.5511e-05],
          [1.7770e-05],
          [1.4859e-05],
          [1.6583e-05],
          [1.9417e-05],
          [2.2049e-05],
          [2.1699e-05],
          [3.1767e-05],
          [2.0188e-05],
          [5.0600e-04],
          [5.2098e-04],
          [2.3063e-05],
          [2.7325e-05],
          [2.2420e-05],
          [1.7757e-05],
          [1.8590e-05],
          [1.6995e-05],
          [1.6426e-05],
          [1.7172e-05],
          [1.3146e-05],
          [1.3169e-05],
          [1.2958e-05],
          [1.6863e-05],
          [2.1394e-05],
          [2.3500e-05],
          [3.2003e-05],
          [4.4365e-05],
          [6.3905e-05],
          [6.7345e-05],
          [6.4333e-05],
          [6.2717e-05],
          [6.6944e-05],
          [6.2296e-05],
          [5.3218e-05],
          [3.1772e-04],
          [9.2646e-05],
          [2.5365e-04],
          [2.2940e-04],
          [1.9508e-05],
          [1.7415e-05],
          [1.9869e-05],
          [1.8373e-05],
          [1.9878e-05],
          [2.2398e-05],
          [1.9909e-05],
          [2.1996e-05],
          [2.2457e-05],
          [2.1938e-05],
          [1.9644e-05],
          [5.6293e-04],
          [1.5696e-04],
          [2.3765e-05],
          [3.1660e-05],
          [3.2814e-05],
          [3.5111e-05],
          [3.3716e-05],
          [2.9598e-04],
          [5.1438e-05],
          [2.6182e-04],
          [1.7007e-05],
          [1.4447e-05],
          [3.4576e-04],
          [1.7066e-05],
          [2.0295e-04],
          [2.5071e-05],
          [2.6527e-05],
          [1.8879e-05],
          [4.5366e-04],
          [2.6331e-05],
          [3.6501e-04],
          [2.0540e-05],
          [2.7908e-05],
          [2.7561e-05],
          [2.8344e-05],
          [2.7889e-05],
          [2.3581e-05],
          [4.3265e-04],
          [1.7386e-04],
          [2.0519e-05],
          [1.7582e-05],
          [1.7418e-05],
          [1.4484e-05],
          [1.9975e-05],
          [2.2433e-05],
          [2.1805e-05],
          [3.1986e-04],
          [1.1967e-04],
          [2.0757e-05],
          [1.5996e-05],
          [1.4492e-05],
          [1.4998e-05],
          [4.0306e-04],
          [4.4688e-05],
          [2.2735e-05],
          [3.1176e-04],
          [1.5714e-05],
          [1.4605e-05],
          [1.4026e-05],
          [1.5377e-05],
          [1.6631e-05],
          [2.0055e-05],
          [1.5117e-05],
          [1.9544e-05],
          [3.3111e-05],
          [2.2968e-05],
          [1.9838e-05],
          [2.7067e-05],
          [2.4374e-05],
          [1.7968e-05],
          [1.7500e-05],
          [1.7074e-05],
          [1.4215e-05],
          [3.1776e-04],
          [9.3162e-05],
          [2.0716e-05],
          [1.5074e-05],
          [2.1047e-05],
          [2.2005e-05],
          [2.4680e-05],
          [2.3233e-05],
          [1.7950e-05],
          [3.6921e-05],
          [2.5777e-05],
          [1.3792e-05],
          [1.9942e-04],
          [1.0870e-04],
          [2.1988e-05],
          [2.5428e-04],
          [1.1412e-05],
          [2.9075e-04],
          [1.3000e-04],
          [2.2482e-05],
          [2.4422e-05],
          [2.8948e-05],
          [2.7990e-05],
          [3.3054e-05],
          [3.7059e-05],
          [4.4869e-05],
          [4.1642e-05],
          [4.6067e-05],
          [4.7934e-05],
          [6.3735e-05],
          [5.7606e-05],
          [6.0126e-05],
          [3.7932e-05],
          [2.8220e-04],
          [2.7214e-05],
          [3.0437e-05],
          [1.7669e-04],
          [1.1304e-04],
          [2.3765e-05],
          [1.0030e-04],
          [1.2431e-04],
          [3.9597e-05],
          [2.3961e-04],
          [1.4681e-05],
          [1.1440e-05],
          [1.0487e-05],
          [1.0103e-05],
          [9.4877e-06],
          [1.0050e-05],
          [5.0969e-05],
          [1.4040e-05],
          [1.7695e-05],
          [1.3786e-05],
          [3.8367e-04],
          [1.8883e-05],
          [9.7157e-05],
          [4.7771e-05],
          [1.1533e-05],
          [1.0579e-05],
          [1.1065e-05],
          [1.2211e-05],
          [1.2917e-05],
          [1.2251e-05],
          [4.2058e-04],
          [2.5011e-05],
          [2.1178e-04],
          [1.8606e-05],
          [1.4469e-05],
          [1.3630e-05],
          [1.3985e-05],
          [1.3985e-05],
          [1.3849e-05],
          [1.7642e-05],
          [1.7538e-05],
          [2.3006e-05],
          [1.9561e-05],
          [2.1801e-05],
          [2.6045e-05],
          [4.5931e-04],
          [1.4668e-04],
          [2.2717e-05],
          [1.8693e-05],
          [1.6072e-05],
          [1.2151e-05],
          [1.5344e-05],
          [1.7936e-05],
          [1.9611e-05],
          [1.8748e-05],
          [1.9996e-05],
          [1.7598e-05],
          [1.7142e-05],
          [1.3110e-05],
          [1.3483e-05],
          [1.2915e-05],
          [1.6274e-05],
          [1.3965e-05],
          [1.3535e-05],
          [1.5259e-05],
          [1.5554e-05],
          [1.7750e-05],
          [1.9175e-05],
          [1.9043e-05],
          [2.3981e-05],
          [2.2667e-05],
          [2.0839e-05],
          [2.4043e-05],
          [2.4733e-05],
          [2.5311e-05],
          [2.3748e-05],
          [2.3133e-05],
          [2.2528e-05],
          [3.9929e-05],
          [2.3480e-05],
          [3.0003e-05],
          [3.7151e-05],
          [1.7603e-05],
          [2.0850e-05],
          [1.8111e-05],
          [1.9702e-05],
          [1.3985e-05],
          [1.6311e-05],
          [1.6147e-05],
          [4.0346e-04],
          [3.9150e-05],
          [4.9372e-04],
          [1.8162e-05],
          [1.8298e-05],
          [1.6124e-05],
          [1.6243e-05],
          [1.5679e-05],
          [2.1683e-05],
          [2.1687e-05],
          [1.3405e-05],
          [1.3158e-05],
          [1.6825e-05],
          [1.4553e-05],
          [1.3371e-05],
          [1.8963e-05],
          [1.3764e-05],
          [2.7659e-04],
          [5.6174e-05],
          [3.4940e-04],
          [1.5137e-05],
          [1.0925e-05],
          [9.8209e-06],
          [1.2107e-05],
          [4.7308e-04],
          [2.0386e-04],
          [1.2019e-05],
          [1.3961e-05],
          [1.8730e-05],
          [2.1843e-05],
          [2.8982e-05],
          [3.8689e-05],
          [4.4129e-05],
          [4.1710e-05],
          [3.0114e-05],
          [2.3153e-05],
          [3.0109e-05],
          [1.7020e-05],
          [1.3602e-05],
          [1.3520e-05],
          [2.1713e-05],
          [1.6039e-05],
          [1.7558e-05],
          [7.5177e-05],
          [3.7022e-05],
          [4.2245e-05],
          [5.4772e-05],
          [3.1425e-05],
          [2.6533e-05],
          [2.3958e-05],
          [2.3548e-05],
          [2.0471e-05],
          [2.4486e-04],
          [1.5092e-04],
          [2.2257e-05],
          [2.0668e-05],
          [1.9776e-05],
          [1.6548e-05],
          [2.1866e-05],
          [2.4155e-05],
          [4.3267e-05],
          [1.5354e-04],
          [5.1012e-05],
          [2.2199e-04],
          [1.9188e-04],
          [3.2778e-05],
          [2.4365e-05],
          [1.7728e-05],
          [2.1680e-05],
          [1.6175e-05],
          [3.7756e-04],
          [1.7020e-04],
          [1.9834e-05],
          [6.6878e-05],
          [1.2770e-04],
          [1.9314e-05],
          [3.5700e-04],
          [2.7697e-05],
          [3.1784e-04],
          [2.3354e-05],
          [1.4810e-05],
          [1.2246e-05],
          [1.6711e-05],
          [1.3410e-05],
          [8.7564e-05],
          [8.6332e-06]]]])
