# Using CPU
# Loading Embeddings...
# Making Predictions...
torch.Size([1, 1, 442, 272])
tensor([[[[1.3411e-04],
          [1.5210e-04],
          [1.5080e-04],
          [6.3594e-05],
          [8.9919e-06],
          [2.7809e-04],
          [2.4195e-03],
          [2.5081e-05],
          [7.1869e-04],
          [3.2024e-03],
          [1.3799e-05],
          [1.2448e-05],
          [3.7103e-04],
          [3.2680e-04],
          [6.7658e-05],
          [3.2152e-05],
          [1.1260e-04],
          [2.5686e-05],
          [2.7903e-05],
          [1.3916e-05],
          [3.5547e-04],
          [3.0471e-05],
          [2.0931e-03],
          [1.3028e-05],
          [1.3074e-05],
          [1.8266e-05],
          [2.4545e-05],
          [4.3191e-05],
          [4.9061e-05],
          [6.1024e-05],
          [6.0538e-05],
          [7.3093e-05],
          [7.1302e-05],
          [8.3758e-05],
          [5.9532e-05],
          [5.4090e-05],
          [7.8023e-04],
          [1.0498e-04],
          [3.5268e-04],
          [6.8480e-05],
          [1.0417e-03],
          [1.7737e-05],
          [1.6948e-05],
          [1.5650e-05],
          [1.1463e-05],
          [1.1979e-05],
          [1.2631e-05],
          [3.0579e-05],
          [5.6307e-05],
          [2.9734e-04],
          [7.9010e-04],
          [1.8489e-05],
          [1.3547e-05],
          [3.8358e-04],
          [1.2868e-03],
          [1.1154e-05],
          [1.0427e-05],
          [1.4096e-05],
          [1.2524e-05],
          [1.3085e-05],
          [1.1765e-05],
          [1.3389e-05],
          [3.2799e-04],
          [4.9474e-04],
          [1.1401e-05],
          [1.2375e-05],
          [1.3021e-05],
          [1.3220e-05],
          [1.2848e-05],
          [1.1799e-05],
          [1.0690e-05],
          [5.8242e-04],
          [2.8516e-05],
          [5.9669e-05],
          [1.7421e-05],
          [2.9598e-05],
          [4.5750e-03],
          [1.2343e-05],
          [1.0368e-05],
          [1.1347e-05],
          [5.4610e-04],
          [2.4514e-04],
          [1.2765e-05],
          [1.1112e-05],
          [1.2019e-05],
          [1.4054e-05],
          [1.3210e-05],
          [1.5142e-05],
          [1.3494e-05],
          [1.2129e-05],
          [2.0924e-04],
          [4.0411e-05],
          [3.5070e-04],
          [1.3291e-05],
          [1.4752e-05],
          [1.4311e-05],
          [1.6340e-05],
          [2.0139e-05],
          [1.8934e-05],
          [2.2173e-05],
          [2.6727e-05],
          [1.8568e-05],
          [1.3773e-05],
          [1.4463e-05],
          [1.1224e-05],
          [1.1322e-05],
          [1.0812e-05],
          [1.3279e-05],
          [1.4408e-05],
          [1.4399e-05],
          [1.1906e-05],
          [2.4408e-04],
          [1.2611e-04],
          [2.3236e-05],
          [4.3614e-04],
          [1.5123e-05],
          [1.0911e-05],
          [1.0151e-05],
          [1.0647e-05],
          [9.7611e-06],
          [1.0440e-05],
          [9.7777e-06],
          [1.9701e-05],
          [1.0696e-05],
          [1.2225e-05],
          [1.0649e-05],
          [1.0828e-05],
          [1.0932e-05],
          [1.2308e-05],
          [1.4602e-05],
          [1.8296e-05],
          [7.0817e-04],
          [6.5875e-04],
          [3.7798e-05],
          [2.0521e-05],
          [1.8150e-05],
          [1.6666e-05],
          [1.7345e-05],
          [1.3239e-05],
          [1.2133e-05],
          [1.2283e-05],
          [1.1237e-05],
          [9.9761e-06],
          [1.1762e-05],
          [1.1850e-05],
          [1.2534e-05],
          [1.2559e-05],
          [1.6746e-05],
          [1.9286e-05],
          [2.8239e-05],
          [2.8119e-05],
          [2.9609e-05],
          [2.8546e-05],
          [3.6284e-05],
          [3.7345e-05],
          [2.9788e-05],
          [8.4083e-04],
          [9.0320e-04],
          [1.7592e-04],
          [2.8857e-03],
          [1.4198e-05],
          [1.2374e-05],
          [1.3417e-05],
          [1.7482e-05],
          [1.4901e-05],
          [1.8294e-05],
          [1.6727e-05],
          [1.4943e-05],
          [1.4905e-05],
          [1.4853e-05],
          [1.2880e-05],
          [2.4670e-04],
          [1.4759e-03],
          [1.3023e-05],
          [1.4774e-05],
          [4.3327e-05],
          [3.6128e-05],
          [1.4259e-05],
          [3.4683e-04],
          [6.2424e-05],
          [5.9802e-04],
          [2.8639e-05],
          [2.4870e-05],
          [4.3730e-04],
          [1.6199e-05],
          [5.1927e-04],
          [1.2922e-05],
          [1.3216e-05],
          [1.1062e-05],
          [4.5934e-04],
          [6.7730e-05],
          [5.8696e-03],
          [1.1680e-05],
          [1.3098e-05],
          [1.3146e-05],
          [1.3020e-05],
          [1.7223e-05],
          [1.3971e-05],
          [4.2250e-04],
          [6.3132e-04],
          [1.2782e-05],
          [1.2137e-05],
          [1.4552e-05],
          [1.2443e-05],
          [1.3841e-05],
          [1.4979e-05],
          [1.6239e-05],
          [2.1003e-04],
          [1.9816e-03],
          [1.4198e-05],
          [1.1570e-05],
          [1.4893e-05],
          [1.2205e-05],
          [5.3139e-04],
          [3.4898e-05],
          [2.3283e-05],
          [3.6769e-03],
          [1.5546e-05],
          [1.5611e-05],
          [1.3240e-05],
          [1.6812e-05],
          [1.7340e-05],
          [1.8318e-05],
          [1.3994e-05],
          [1.6983e-05],
          [1.8661e-05],
          [1.8878e-05],
          [1.6274e-05],
          [1.5800e-05],
          [1.3273e-05],
          [1.3266e-05],
          [1.4200e-05],
          [1.4347e-05],
          [1.1712e-05],
          [3.0116e-04],
          [8.9108e-04],
          [1.5378e-05],
          [1.7596e-05],
          [1.7205e-05],
          [1.8096e-05],
          [1.6548e-05],
          [1.8667e-05],
          [1.6442e-05],
          [2.0338e-05],
          [2.1794e-05],
          [1.3511e-05],
          [7.7517e-04],
          [1.0916e-04],
          [2.3500e-05],
          [3.1627e-04],
          [1.2906e-05],
          [2.5925e-04],
          [5.3345e-04],
          [1.9690e-05],
          [2.8937e-05],
          [3.2475e-05],
          [2.5095e-05],
          [3.5363e-05],
          [4.0402e-05],
          [4.4424e-05],
          [3.4159e-05],
          [3.3347e-05],
          [2.7015e-05],
          [2.8505e-05],
          [1.0767e-04],
          [6.4131e-05],
          [4.1563e-05],
          [1.9878e-04],
          [3.4978e-05],
          [2.6063e-05],
          [4.7801e-04],
          [3.8061e-04],
          [2.6147e-05],
          [3.9468e-04],
          [1.6886e-04],
          [5.1349e-05],
          [3.6518e-04],
          [1.3015e-05],
          [1.1455e-05],
          [9.3777e-06],
          [9.0765e-06],
          [1.0469e-05],
          [1.0518e-05],
          [1.7313e-05],
          [1.1383e-05],
          [1.4527e-05],
          [1.1611e-05],
          [4.4975e-04],
          [2.8984e-05],
          [1.2851e-04],
          [3.5072e-04],
          [9.9548e-06],
          [9.8261e-06],
          [9.0742e-06],
          [9.3106e-06],
          [9.6884e-06],
          [1.0073e-05],
          [3.9819e-04],
          [2.4463e-05],
          [3.8164e-03],
          [1.2540e-05],
          [1.3300e-05],
          [1.7191e-05],
          [1.9478e-05],
          [1.8246e-05],
          [2.2645e-05],
          [1.9213e-05],
          [2.4375e-05],
          [2.2182e-05],
          [2.8739e-05],
          [2.9650e-05],
          [2.9739e-05],
          [2.5356e-04],
          [1.8466e-03],
          [2.2077e-05],
          [2.5076e-05],
          [1.8766e-05],
          [1.6670e-05],
          [1.4121e-05],
          [1.6784e-05],
          [2.2253e-05],
          [1.7804e-05],
          [1.4562e-05],
          [1.2998e-05],
          [1.4479e-05],
          [1.1634e-05],
          [1.4649e-05],
          [1.5884e-05],
          [1.6858e-05],
          [1.5084e-05],
          [1.5936e-05],
          [1.5787e-05],
          [1.6638e-05],
          [1.2790e-05],
          [1.3588e-05],
          [1.4710e-05],
          [1.5984e-05],
          [2.0823e-05],
          [1.7139e-05],
          [2.7315e-05],
          [2.3963e-05],
          [2.3845e-05],
          [1.9123e-05],
          [1.9607e-05],
          [2.3939e-05],
          [2.2409e-05],
          [1.6313e-05],
          [1.5616e-05],
          [1.4253e-05],
          [1.4147e-05],
          [1.2453e-05],
          [1.3302e-05],
          [1.1921e-05],
          [1.3239e-05],
          [1.6187e-05],
          [1.9506e-05],
          [1.2292e-03],
          [8.6256e-05],
          [7.6998e-03],
          [2.6160e-05],
          [2.4859e-05],
          [2.3300e-05],
          [1.9364e-05],
          [2.1309e-05],
          [1.4585e-05],
          [1.6775e-05],
          [1.1883e-05],
          [1.1903e-05],
          [1.1294e-05],
          [1.4184e-05],
          [1.4779e-05],
          [1.7743e-05],
          [1.6696e-05],
          [7.9499e-04],
          [7.2693e-05],
          [3.4533e-03],
          [1.3091e-05],
          [1.1573e-05],
          [9.6396e-06],
          [1.0912e-05],
          [4.3827e-04],
          [2.7032e-03],
          [1.4002e-05],
          [1.1414e-05],
          [1.3989e-05],
          [1.8085e-05],
          [2.1880e-05],
          [2.3388e-05],
          [2.4062e-05],
          [2.4147e-05],
          [2.3215e-05],
          [2.0003e-05],
          [1.7195e-05],
          [1.2041e-05],
          [1.1531e-05],
          [1.1824e-05],
          [1.1032e-05],
          [1.1347e-05],
          [1.0953e-05],
          [2.2130e-05],
          [2.6020e-05],
          [2.9516e-05],
          [5.8322e-05],
          [2.8858e-05],
          [3.1842e-05],
          [2.4166e-05],
          [1.9879e-05],
          [1.5205e-05],
          [3.5991e-04],
          [6.6816e-04],
          [1.6503e-05],
          [1.4431e-05],
          [1.3816e-05],
          [1.4628e-05],
          [1.6889e-05],
          [1.6796e-05],
          [1.6601e-05],
          [1.8739e-04],
          [1.3142e-04],
          [1.3533e-04],
          [1.5846e-03],
          [2.4075e-05],
          [1.9940e-05],
          [1.8986e-05],
          [1.4247e-05],
          [1.1249e-05],
          [2.3381e-04],
          [1.8247e-04],
          [2.0577e-05],
          [1.1920e-04],
          [3.7287e-04],
          [1.6046e-05],
          [2.6489e-04],
          [3.5082e-05],
          [4.8547e-04],
          [2.4969e-05],
          [1.3045e-05],
          [1.0365e-05],
          [1.1477e-05],
          [1.1262e-05],
          [5.1944e-05],
          [6.7696e-06]]]])
