# Using CPU
# Loading Embeddings...
# Making Predictions...
torch.Size([1, 1, 442, 285])
tensor([[[[1.3279e-04],
          [3.4196e-05],
          [1.3513e-04],
          [2.0812e-05],
          [1.2331e-05],
          [4.3284e-04],
          [4.6030e-04],
          [1.5117e-05],
          [2.6009e-04],
          [5.0365e-04],
          [1.9188e-05],
          [1.9617e-05],
          [5.0753e-04],
          [2.3748e-04],
          [1.7244e-05],
          [1.2495e-05],
          [1.0913e-05],
          [9.1598e-06],
          [1.1929e-05],
          [1.3235e-05],
          [4.1479e-04],
          [2.3781e-05],
          [2.9474e-04],
          [1.6024e-05],
          [2.1804e-05],
          [3.2172e-05],
          [4.7587e-05],
          [8.2024e-05],
          [9.3988e-05],
          [1.3090e-04],
          [1.2053e-04],
          [1.4438e-04],
          [1.3631e-04],
          [1.4390e-04],
          [1.0665e-04],
          [8.3624e-05],
          [2.1449e-03],
          [1.0591e-04],
          [1.9784e-04],
          [1.6357e-04],
          [2.2769e-04],
          [2.8312e-05],
          [2.5950e-05],
          [2.7180e-05],
          [1.8689e-05],
          [1.8191e-05],
          [1.5172e-05],
          [1.2741e-05],
          [1.8647e-05],
          [7.6498e-04],
          [2.6901e-04],
          [1.1412e-05],
          [1.5990e-05],
          [4.2643e-04],
          [2.5059e-04],
          [1.6715e-05],
          [1.7901e-05],
          [1.8019e-05],
          [2.2161e-05],
          [2.6826e-05],
          [2.5885e-05],
          [2.5225e-05],
          [5.6148e-04],
          [3.0204e-04],
          [2.0489e-05],
          [2.1521e-05],
          [1.8781e-05],
          [1.6964e-05],
          [1.7340e-05],
          [1.5341e-05],
          [1.6077e-05],
          [4.2280e-04],
          [3.4765e-05],
          [2.6976e-05],
          [1.7097e-05],
          [2.2980e-05],
          [9.0921e-04],
          [1.6470e-05],
          [1.5058e-05],
          [1.3376e-05],
          [3.7557e-04],
          [1.4800e-04],
          [1.4485e-05],
          [1.5193e-05],
          [1.7762e-05],
          [2.1345e-05],
          [2.2758e-05],
          [2.5446e-05],
          [2.0293e-05],
          [1.7372e-05],
          [5.6577e-04],
          [6.2190e-05],
          [2.5959e-04],
          [1.1902e-05],
          [1.1604e-05],
          [1.1161e-05],
          [1.3170e-05],
          [1.5690e-05],
          [1.2602e-05],
          [1.6531e-05],
          [1.6198e-05],
          [1.4348e-05],
          [1.2421e-05],
          [1.2215e-05],
          [1.5220e-05],
          [2.3222e-05],
          [2.7876e-05],
          [3.4480e-05],
          [3.6751e-05],
          [3.7424e-05],
          [2.8700e-05],
          [8.3346e-05],
          [1.5792e-04],
          [2.1812e-05],
          [3.0964e-04],
          [2.0972e-05],
          [1.6422e-05],
          [1.3027e-05],
          [1.7670e-05],
          [1.8235e-05],
          [1.8267e-05],
          [1.3825e-05],
          [1.5366e-05],
          [1.2982e-05],
          [1.5717e-05],
          [1.5043e-05],
          [1.7725e-05],
          [1.7730e-05],
          [2.1038e-05],
          [2.4431e-05],
          [2.3094e-05],
          [3.6994e-04],
          [3.0915e-04],
          [2.8545e-05],
          [3.3187e-05],
          [3.0835e-05],
          [2.4208e-05],
          [2.4814e-05],
          [1.9473e-05],
          [2.0605e-05],
          [1.6770e-05],
          [1.5753e-05],
          [1.1577e-05],
          [1.3249e-05],
          [1.7416e-05],
          [2.4672e-05],
          [2.7449e-05],
          [3.9836e-05],
          [5.6335e-05],
          [8.5446e-05],
          [9.3587e-05],
          [9.7572e-05],
          [8.9257e-05],
          [1.0265e-04],
          [8.0180e-05],
          [7.1556e-05],
          [4.4382e-04],
          [2.4743e-04],
          [4.4690e-04],
          [5.0492e-04],
          [1.9239e-05],
          [1.8657e-05],
          [1.7161e-05],
          [1.9489e-05],
          [2.0704e-05],
          [2.3950e-05],
          [2.3099e-05],
          [2.4448e-05],
          [2.6428e-05],
          [2.5962e-05],
          [2.2607e-05],
          [6.2862e-04],
          [2.9060e-04],
          [3.4666e-05],
          [4.4477e-05],
          [4.9114e-05],
          [5.1898e-05],
          [4.6683e-05],
          [4.1910e-04],
          [9.4435e-05],
          [3.4435e-04],
          [1.7831e-05],
          [1.4659e-05],
          [6.1397e-04],
          [2.5583e-05],
          [2.1088e-04],
          [2.1663e-05],
          [2.3230e-05],
          [2.0074e-05],
          [8.8588e-04],
          [2.8426e-05],
          [6.9474e-04],
          [2.2548e-05],
          [3.0447e-05],
          [3.2922e-05],
          [3.2878e-05],
          [3.6738e-05],
          [2.8138e-05],
          [4.0301e-04],
          [2.0618e-04],
          [2.3612e-05],
          [1.9277e-05],
          [1.9002e-05],
          [1.4544e-05],
          [1.9882e-05],
          [2.1202e-05],
          [2.6069e-05],
          [1.3178e-03],
          [2.7242e-04],
          [2.4500e-05],
          [1.6515e-05],
          [1.4622e-05],
          [1.5371e-05],
          [1.3671e-03],
          [4.9671e-05],
          [2.3901e-05],
          [5.3325e-04],
          [1.6763e-05],
          [1.6140e-05],
          [1.5026e-05],
          [1.3266e-05],
          [1.5364e-05],
          [1.6010e-05],
          [1.5620e-05],
          [1.3604e-05],
          [1.7795e-05],
          [1.9680e-05],
          [1.9292e-05],
          [1.5121e-05],
          [1.2503e-05],
          [1.2098e-05],
          [1.3961e-05],
          [1.3759e-05],
          [1.7626e-05],
          [1.0201e-03],
          [1.4181e-04],
          [1.6655e-05],
          [1.6918e-05],
          [1.8363e-05],
          [2.4395e-05],
          [2.0727e-05],
          [2.0554e-05],
          [1.5040e-05],
          [2.2636e-05],
          [1.7646e-05],
          [1.0920e-05],
          [1.6628e-04],
          [1.0977e-04],
          [3.1107e-05],
          [2.5828e-04],
          [1.2462e-05],
          [4.0386e-04],
          [1.7864e-04],
          [2.5609e-05],
          [3.0272e-05],
          [3.0770e-05],
          [2.7487e-05],
          [3.4191e-05],
          [3.8028e-05],
          [5.7004e-05],
          [5.7975e-05],
          [8.2686e-05],
          [9.7350e-05],
          [1.3835e-04],
          [1.3398e-04],
          [1.4375e-04],
          [8.1661e-05],
          [7.8313e-04],
          [5.3883e-05],
          [4.4781e-05],
          [2.9633e-04],
          [1.1676e-04],
          [3.4490e-05],
          [1.3479e-04],
          [4.3525e-04],
          [5.4163e-05],
          [2.6612e-04],
          [1.7130e-05],
          [1.3070e-05],
          [1.1854e-05],
          [9.9428e-06],
          [9.6002e-06],
          [9.7252e-06],
          [2.2204e-05],
          [1.0358e-05],
          [1.3964e-05],
          [1.4267e-05],
          [7.9445e-04],
          [3.3668e-05],
          [9.1041e-05],
          [7.4422e-05],
          [1.2472e-05],
          [1.2363e-05],
          [1.1968e-05],
          [1.1289e-05],
          [1.0607e-05],
          [1.2499e-05],
          [1.2581e-03],
          [3.3575e-05],
          [5.9334e-04],
          [1.7490e-05],
          [1.3840e-05],
          [1.3697e-05],
          [1.3296e-05],
          [1.2918e-05],
          [1.3054e-05],
          [1.3844e-05],
          [1.7726e-05],
          [1.6455e-05],
          [2.3600e-05],
          [2.6514e-05],
          [3.2453e-05],
          [1.2118e-03],
          [2.5807e-04],
          [2.3742e-05],
          [1.9420e-05],
          [1.4802e-05],
          [1.1149e-05],
          [1.3133e-05],
          [1.8025e-05],
          [1.6689e-05],
          [1.4673e-05],
          [1.8260e-05],
          [1.5310e-05],
          [1.8597e-05],
          [1.3617e-05],
          [1.5100e-05],
          [1.6172e-05],
          [2.0690e-05],
          [2.1981e-05],
          [2.1832e-05],
          [2.2030e-05],
          [2.5170e-05],
          [2.1864e-05],
          [1.9765e-05],
          [2.1641e-05],
          [2.1636e-05],
          [2.0431e-05],
          [2.2874e-05],
          [2.3160e-05],
          [2.5764e-05],
          [2.4254e-05],
          [2.5291e-05],
          [2.3739e-05],
          [3.0964e-05],
          [2.9650e-05],
          [2.5678e-05],
          [2.1459e-05],
          [2.5851e-05],
          [2.1788e-05],
          [1.9752e-05],
          [1.2710e-05],
          [1.2657e-05],
          [1.3777e-05],
          [1.6620e-05],
          [1.5444e-05],
          [1.7981e-04],
          [4.1068e-05],
          [6.9623e-04],
          [1.8271e-05],
          [1.9563e-05],
          [1.8938e-05],
          [1.6363e-05],
          [1.8817e-05],
          [1.8733e-05],
          [1.7759e-05],
          [1.7854e-05],
          [1.6310e-05],
          [1.6918e-05],
          [2.3996e-05],
          [2.0652e-05],
          [2.6523e-05],
          [2.0740e-05],
          [3.9992e-04],
          [1.4982e-04],
          [5.3729e-04],
          [1.2661e-05],
          [1.1314e-05],
          [9.8290e-06],
          [1.1731e-05],
          [7.0014e-04],
          [3.9019e-04],
          [1.4000e-05],
          [1.1572e-05],
          [1.3660e-05],
          [1.7874e-05],
          [2.0910e-05],
          [2.4331e-05],
          [3.5860e-05],
          [3.0689e-05],
          [2.9117e-05],
          [2.5497e-05],
          [2.2470e-05],
          [2.1205e-05],
          [1.5609e-05],
          [1.7463e-05],
          [1.8568e-05],
          [1.6066e-05],
          [1.6117e-05],
          [2.8911e-05],
          [3.8822e-05],
          [5.1053e-05],
          [9.2836e-05],
          [3.4242e-05],
          [3.3869e-05],
          [2.2097e-05],
          [2.3634e-05],
          [2.0510e-05],
          [6.2837e-04],
          [1.7686e-04],
          [2.4176e-05],
          [2.3149e-05],
          [1.9494e-05],
          [1.5834e-05],
          [2.1779e-05],
          [2.4112e-05],
          [2.0681e-05],
          [8.0192e-05],
          [6.2417e-05],
          [4.8668e-04],
          [2.5970e-04],
          [2.1764e-05],
          [1.7192e-05],
          [1.7923e-05],
          [1.7018e-05],
          [1.4634e-05],
          [4.3730e-04],
          [1.2270e-04],
          [3.1277e-05],
          [9.5526e-05],
          [1.4780e-04],
          [2.1777e-05],
          [2.5521e-04],
          [3.1866e-05],
          [2.9830e-04],
          [2.5133e-05],
          [1.4983e-05],
          [1.2253e-05],
          [1.2130e-05],
          [1.1300e-05],
          [2.1367e-05],
          [5.5061e-06]]]])
