# Using CPU
# Loading Embeddings...
# Making Predictions...
torch.Size([1, 1, 442, 255])
tensor([[[[1.6074e-04],
          [3.7213e-05],
          [1.3471e-04],
          [3.7145e-05],
          [9.1268e-06],
          [5.9051e-04],
          [6.4986e-04],
          [1.5735e-05],
          [3.6138e-04],
          [7.4523e-04],
          [1.9194e-05],
          [1.9146e-05],
          [5.0637e-04],
          [2.4517e-04],
          [3.4569e-05],
          [1.4034e-05],
          [1.5012e-05],
          [1.4061e-05],
          [1.9708e-05],
          [2.6374e-05],
          [1.4561e-03],
          [3.2743e-05],
          [3.2057e-04],
          [1.5821e-05],
          [1.9237e-05],
          [2.6505e-05],
          [3.5690e-05],
          [5.7074e-05],
          [6.0475e-05],
          [7.2689e-05],
          [6.1323e-05],
          [6.3095e-05],
          [5.5547e-05],
          [6.1675e-05],
          [5.0844e-05],
          [4.5633e-05],
          [7.9696e-04],
          [6.8130e-05],
          [1.7297e-04],
          [7.7244e-05],
          [2.7181e-04],
          [2.7580e-05],
          [2.5803e-05],
          [2.4494e-05],
          [1.7646e-05],
          [1.6439e-05],
          [1.4934e-05],
          [2.0749e-05],
          [3.1377e-05],
          [1.0114e-03],
          [2.1493e-04],
          [2.3925e-05],
          [1.3708e-05],
          [8.7560e-04],
          [3.7499e-04],
          [1.5707e-05],
          [1.4169e-05],
          [1.4774e-05],
          [1.9349e-05],
          [2.0727e-05],
          [1.7605e-05],
          [1.5267e-05],
          [6.4416e-04],
          [2.2462e-04],
          [1.3813e-05],
          [1.4443e-05],
          [1.4732e-05],
          [1.5501e-05],
          [2.0927e-05],
          [1.6334e-05],
          [1.5680e-05],
          [3.7378e-04],
          [3.0074e-05],
          [3.2347e-05],
          [1.2791e-05],
          [1.9533e-05],
          [9.2500e-04],
          [1.6154e-05],
          [1.6148e-05],
          [1.5373e-05],
          [2.5331e-04],
          [1.9914e-04],
          [1.6695e-05],
          [1.6976e-05],
          [1.9489e-05],
          [2.2975e-05],
          [2.3383e-05],
          [2.6481e-05],
          [2.2775e-05],
          [1.9431e-05],
          [8.1623e-04],
          [1.0767e-04],
          [3.1166e-04],
          [1.3127e-05],
          [1.7853e-05],
          [3.0078e-05],
          [3.4536e-05],
          [5.2110e-05],
          [3.9728e-05],
          [4.6364e-05],
          [3.7703e-05],
          [2.7179e-05],
          [1.7965e-05],
          [1.4603e-05],
          [1.3212e-05],
          [1.6759e-05],
          [1.7480e-05],
          [2.0759e-05],
          [2.3010e-05],
          [2.5250e-05],
          [1.8545e-05],
          [1.0864e-04],
          [3.0105e-04],
          [2.0398e-05],
          [2.6880e-04],
          [1.5783e-05],
          [9.9844e-06],
          [1.1828e-05],
          [1.0620e-05],
          [1.0995e-05],
          [1.1939e-05],
          [1.2078e-05],
          [1.7145e-05],
          [1.1807e-05],
          [1.4400e-05],
          [1.1671e-05],
          [1.3776e-05],
          [1.4380e-05],
          [1.5481e-05],
          [1.9050e-05],
          [5.6740e-05],
          [9.6817e-04],
          [3.5432e-04],
          [8.0434e-05],
          [2.8419e-05],
          [2.0623e-05],
          [1.4811e-05],
          [1.5710e-05],
          [1.3082e-05],
          [1.3135e-05],
          [1.2197e-05],
          [1.4359e-05],
          [1.1192e-05],
          [1.3433e-05],
          [1.1156e-05],
          [1.2375e-05],
          [1.3297e-05],
          [1.6133e-05],
          [2.0402e-05],
          [2.9629e-05],
          [3.1852e-05],
          [2.9942e-05],
          [3.4867e-05],
          [3.5673e-05],
          [3.5935e-05],
          [3.4057e-05],
          [3.4863e-04],
          [3.7988e-04],
          [3.6400e-04],
          [7.2335e-04],
          [1.6478e-05],
          [1.7436e-05],
          [3.3284e-05],
          [2.5852e-05],
          [1.4903e-05],
          [1.5347e-05],
          [1.5729e-05],
          [1.5829e-05],
          [1.6598e-05],
          [1.5790e-05],
          [1.4378e-05],
          [4.8769e-04],
          [4.0685e-04],
          [1.7840e-05],
          [1.8227e-05],
          [1.7867e-05],
          [2.6975e-05],
          [1.7205e-05],
          [3.4705e-04],
          [5.5967e-05],
          [2.5466e-04],
          [1.4638e-05],
          [1.5321e-05],
          [3.3600e-04],
          [1.3909e-05],
          [3.1813e-04],
          [2.0599e-05],
          [2.2408e-05],
          [1.7437e-05],
          [8.4379e-04],
          [2.9111e-05],
          [1.7440e-03],
          [1.6714e-05],
          [2.2927e-05],
          [2.1552e-05],
          [2.1357e-05],
          [1.8558e-05],
          [1.8178e-05],
          [5.2040e-04],
          [2.0229e-04],
          [1.5918e-05],
          [1.5079e-05],
          [1.4390e-05],
          [1.4162e-05],
          [1.3503e-05],
          [1.4040e-05],
          [1.3835e-05],
          [6.6678e-04],
          [4.4147e-04],
          [1.3988e-05],
          [1.3721e-05],
          [1.4414e-05],
          [1.5063e-05],
          [4.5649e-04],
          [4.2612e-05],
          [2.1461e-05],
          [4.4684e-04],
          [1.3439e-05],
          [1.4707e-05],
          [1.1976e-05],
          [1.6578e-05],
          [1.4104e-05],
          [1.4030e-05],
          [1.3909e-05],
          [1.4559e-05],
          [2.3394e-05],
          [1.8465e-05],
          [1.4331e-05],
          [2.0105e-05],
          [2.2854e-05],
          [1.3110e-05],
          [1.4071e-05],
          [1.0582e-05],
          [1.1265e-05],
          [4.7718e-04],
          [2.5710e-04],
          [1.1981e-05],
          [1.2644e-05],
          [1.4043e-05],
          [1.9591e-05],
          [1.9798e-05],
          [2.3174e-05],
          [1.8082e-05],
          [2.8496e-05],
          [2.5426e-05],
          [1.4246e-05],
          [2.7984e-04],
          [8.0656e-04],
          [1.8440e-05],
          [2.6767e-04],
          [1.2263e-05],
          [2.4094e-04],
          [1.4429e-04],
          [2.1972e-05],
          [2.3810e-05],
          [2.2729e-05],
          [1.9328e-05],
          [2.2339e-05],
          [1.8294e-05],
          [1.9812e-05],
          [1.6607e-05],
          [2.0186e-05],
          [2.1668e-05],
          [2.8291e-05],
          [2.9609e-05],
          [5.9454e-05],
          [3.0342e-05],
          [7.2109e-04],
          [2.0040e-05],
          [2.3754e-05],
          [2.1936e-04],
          [2.0187e-04],
          [4.7804e-05],
          [1.3467e-04],
          [1.1551e-04],
          [9.9178e-05],
          [1.8881e-04],
          [1.2952e-05],
          [1.1091e-05],
          [1.2073e-05],
          [9.8924e-06],
          [1.1622e-05],
          [1.2265e-05],
          [3.3773e-05],
          [1.5486e-05],
          [2.0690e-05],
          [1.6739e-05],
          [4.5507e-04],
          [3.0223e-05],
          [9.7739e-05],
          [9.5702e-05],
          [1.2127e-05],
          [1.2556e-05],
          [1.2288e-05],
          [1.1382e-05],
          [1.3046e-05],
          [1.1419e-05],
          [8.7473e-04],
          [2.3827e-05],
          [5.9424e-04],
          [1.2881e-05],
          [1.2862e-05],
          [1.3415e-05],
          [1.3635e-05],
          [1.3866e-05],
          [1.4435e-05],
          [1.3455e-05],
          [1.7425e-05],
          [1.7364e-05],
          [2.0651e-05],
          [1.9785e-05],
          [2.2658e-05],
          [3.0970e-04],
          [3.4302e-04],
          [1.8523e-05],
          [1.6958e-05],
          [1.8706e-05],
          [1.2528e-05],
          [1.3714e-05],
          [1.5824e-05],
          [1.7415e-05],
          [1.4485e-05],
          [1.5474e-05],
          [1.3476e-05],
          [1.2678e-05],
          [1.0487e-05],
          [1.0789e-05],
          [1.1550e-05],
          [1.3375e-05],
          [1.2589e-05],
          [1.3267e-05],
          [1.4742e-05],
          [1.6701e-05],
          [1.5010e-05],
          [1.6566e-05],
          [1.7493e-05],
          [1.7709e-05],
          [1.9068e-05],
          [1.7385e-05],
          [2.6017e-05],
          [2.5149e-05],
          [2.4665e-05],
          [2.2738e-05],
          [1.9761e-05],
          [2.8226e-05],
          [2.2453e-05],
          [1.8743e-05],
          [2.5879e-05],
          [1.9535e-05],
          [1.7737e-05],
          [1.6552e-05],
          [1.6460e-05],
          [1.5202e-05],
          [1.5206e-05],
          [1.6530e-05],
          [1.6862e-05],
          [2.8077e-04],
          [3.0279e-05],
          [2.3199e-03],
          [1.9230e-05],
          [1.9474e-05],
          [1.6161e-05],
          [1.7120e-05],
          [1.4701e-05],
          [1.3457e-05],
          [1.4667e-05],
          [1.0617e-05],
          [9.8780e-06],
          [1.0695e-05],
          [1.1332e-05],
          [1.1708e-05],
          [1.2790e-05],
          [1.3067e-05],
          [3.3535e-04],
          [9.7613e-05],
          [5.1658e-04],
          [1.1992e-05],
          [1.0387e-05],
          [9.0766e-06],
          [1.0398e-05],
          [9.2374e-04],
          [4.2426e-04],
          [1.5269e-05],
          [1.3374e-05],
          [1.8453e-05],
          [2.3240e-05],
          [3.0573e-05],
          [3.5899e-05],
          [3.7458e-05],
          [3.2578e-05],
          [2.2630e-05],
          [1.9578e-05],
          [2.2149e-05],
          [1.2724e-05],
          [1.1144e-05],
          [1.2087e-05],
          [1.2965e-05],
          [1.1483e-05],
          [1.2389e-05],
          [5.7923e-05],
          [4.1210e-05],
          [4.8854e-05],
          [8.3076e-05],
          [3.3465e-05],
          [3.0205e-05],
          [2.5154e-05],
          [2.4528e-05],
          [1.9171e-05],
          [3.5967e-04],
          [2.0217e-04],
          [2.1886e-05],
          [2.0783e-05],
          [1.9326e-05],
          [1.6835e-05],
          [1.8677e-05],
          [1.9990e-05],
          [2.0885e-05],
          [9.0995e-05],
          [1.3606e-04],
          [6.4236e-04],
          [3.9406e-04],
          [2.0794e-05],
          [1.6806e-05],
          [1.8256e-05],
          [1.8351e-05],
          [1.4353e-05],
          [3.6907e-04],
          [8.9646e-04],
          [2.0169e-05],
          [7.8563e-05],
          [1.8092e-04],
          [2.3017e-05],
          [2.8118e-04],
          [2.5716e-05],
          [2.5757e-04],
          [3.4424e-05],
          [1.9674e-05],
          [1.4722e-05],
          [1.5996e-05],
          [1.3042e-05],
          [5.2815e-05],
          [9.2246e-06]]]])
