# Using CPU
# Loading Embeddings...
# Making Predictions...
torch.Size([1, 1, 442, 260])
tensor([[[[1.6298e-04],
          [3.3758e-05],
          [1.0629e-04],
          [2.6008e-05],
          [1.1085e-05],
          [5.5731e-04],
          [1.1310e-03],
          [1.2741e-05],
          [3.4803e-04],
          [1.0960e-03],
          [1.6662e-05],
          [1.5145e-05],
          [6.5979e-04],
          [2.2134e-04],
          [1.6438e-05],
          [1.8511e-05],
          [1.2291e-05],
          [1.3841e-05],
          [1.7002e-05],
          [2.0512e-05],
          [1.4347e-03],
          [3.1389e-05],
          [6.1158e-04],
          [1.6489e-05],
          [1.8652e-05],
          [2.6943e-05],
          [3.8548e-05],
          [6.5835e-05],
          [7.4134e-05],
          [9.3866e-05],
          [9.7042e-05],
          [1.1365e-04],
          [9.4924e-05],
          [9.5769e-05],
          [6.7766e-05],
          [5.1864e-05],
          [7.8413e-04],
          [9.2561e-05],
          [2.7762e-04],
          [1.0317e-04],
          [5.0098e-04],
          [2.3377e-05],
          [2.2907e-05],
          [2.4065e-05],
          [1.8111e-05],
          [1.7953e-05],
          [1.4615e-05],
          [1.5231e-05],
          [1.8652e-05],
          [3.4013e-04],
          [3.1996e-04],
          [1.1759e-05],
          [1.1507e-05],
          [8.1886e-04],
          [6.2979e-04],
          [1.5014e-05],
          [1.6330e-05],
          [1.5008e-05],
          [1.7493e-05],
          [2.1262e-05],
          [2.0634e-05],
          [2.0326e-05],
          [6.4378e-04],
          [2.4548e-04],
          [1.6164e-05],
          [1.6524e-05],
          [1.6249e-05],
          [1.7718e-05],
          [1.8515e-05],
          [1.4898e-05],
          [1.5217e-05],
          [6.3101e-04],
          [3.6492e-05],
          [2.8478e-05],
          [1.4828e-05],
          [1.9068e-05],
          [2.2730e-03],
          [1.3785e-05],
          [1.3261e-05],
          [1.4553e-05],
          [3.3524e-04],
          [1.4796e-04],
          [1.3353e-05],
          [1.3467e-05],
          [1.5166e-05],
          [1.7991e-05],
          [1.9375e-05],
          [2.0906e-05],
          [1.6859e-05],
          [1.4778e-05],
          [6.2628e-04],
          [4.8195e-05],
          [2.8017e-04],
          [1.2017e-05],
          [1.5170e-05],
          [2.4961e-05],
          [2.5097e-05],
          [3.9452e-05],
          [3.4618e-05],
          [4.0722e-05],
          [4.3745e-05],
          [2.7142e-05],
          [1.8334e-05],
          [1.3464e-05],
          [1.3748e-05],
          [1.9110e-05],
          [2.2404e-05],
          [2.6623e-05],
          [2.6455e-05],
          [2.7688e-05],
          [2.2586e-05],
          [2.0038e-04],
          [2.3207e-04],
          [2.1719e-05],
          [2.7592e-04],
          [1.6129e-05],
          [1.3935e-05],
          [1.2441e-05],
          [1.4871e-05],
          [1.5736e-05],
          [1.6816e-05],
          [1.3016e-05],
          [1.2985e-05],
          [1.1595e-05],
          [1.3199e-05],
          [1.2840e-05],
          [1.4717e-05],
          [1.4361e-05],
          [1.9126e-05],
          [1.7691e-05],
          [1.9582e-05],
          [5.0596e-04],
          [3.0144e-04],
          [2.1290e-05],
          [2.7307e-05],
          [2.5360e-05],
          [2.3301e-05],
          [2.4728e-05],
          [1.9246e-05],
          [1.9493e-05],
          [1.6542e-05],
          [1.4938e-05],
          [1.0743e-05],
          [1.1837e-05],
          [1.4602e-05],
          [2.0223e-05],
          [2.1908e-05],
          [3.2566e-05],
          [3.9235e-05],
          [6.1111e-05],
          [5.9743e-05],
          [5.2641e-05],
          [5.3149e-05],
          [7.1642e-05],
          [5.3097e-05],
          [4.8876e-05],
          [4.5391e-04],
          [5.1283e-04],
          [2.6753e-04],
          [1.0593e-03],
          [1.6569e-05],
          [1.5706e-05],
          [1.6510e-05],
          [1.8735e-05],
          [1.8023e-05],
          [2.4452e-05],
          [1.9984e-05],
          [2.1091e-05],
          [2.0939e-05],
          [2.0526e-05],
          [1.9810e-05],
          [5.2920e-04],
          [6.6597e-04],
          [2.3524e-05],
          [2.9458e-05],
          [3.2045e-05],
          [3.4463e-05],
          [3.2889e-05],
          [4.3722e-04],
          [1.0233e-04],
          [3.3145e-04],
          [1.5780e-05],
          [1.9035e-05],
          [3.3736e-04],
          [2.0743e-05],
          [2.5925e-04],
          [2.2904e-05],
          [2.4983e-05],
          [2.4436e-05],
          [8.8704e-04],
          [2.2437e-05],
          [2.6504e-03],
          [1.9490e-05],
          [2.4829e-05],
          [2.6744e-05],
          [2.5873e-05],
          [2.6552e-05],
          [2.3036e-05],
          [3.8570e-04],
          [2.0319e-04],
          [1.7956e-05],
          [1.5184e-05],
          [1.6961e-05],
          [1.8628e-05],
          [2.6227e-05],
          [3.1881e-05],
          [3.1308e-05],
          [5.4046e-04],
          [6.1913e-04],
          [2.5538e-05],
          [1.9950e-05],
          [1.7400e-05],
          [1.3238e-05],
          [4.1748e-04],
          [3.5412e-05],
          [1.9788e-05],
          [1.2073e-03],
          [1.7815e-05],
          [1.5804e-05],
          [1.5056e-05],
          [1.5029e-05],
          [1.7942e-05],
          [1.9941e-05],
          [1.7136e-05],
          [1.6629e-05],
          [2.2056e-05],
          [1.8341e-05],
          [1.7873e-05],
          [1.3676e-05],
          [1.0528e-05],
          [1.1181e-05],
          [1.5124e-05],
          [1.4724e-05],
          [1.4143e-05],
          [5.1845e-04],
          [3.2012e-04],
          [1.9376e-05],
          [1.8660e-05],
          [1.8819e-05],
          [2.9666e-05],
          [2.5155e-05],
          [2.8653e-05],
          [2.4154e-05],
          [3.2518e-05],
          [2.8747e-05],
          [1.5571e-05],
          [6.2247e-04],
          [1.8189e-04],
          [1.9748e-05],
          [2.5419e-04],
          [1.2222e-05],
          [3.0074e-04],
          [2.2789e-04],
          [1.9295e-05],
          [2.0791e-05],
          [2.5388e-05],
          [2.2235e-05],
          [3.0212e-05],
          [3.8337e-05],
          [4.7041e-05],
          [4.4952e-05],
          [6.2334e-05],
          [6.8067e-05],
          [8.3601e-05],
          [6.6707e-05],
          [7.6625e-05],
          [4.7738e-05],
          [3.4919e-04],
          [2.6280e-05],
          [2.3355e-05],
          [3.1758e-04],
          [2.9215e-04],
          [2.8657e-05],
          [4.2867e-04],
          [3.1582e-04],
          [6.9379e-05],
          [2.6092e-04],
          [1.3241e-05],
          [1.1928e-05],
          [1.1328e-05],
          [9.1782e-06],
          [9.9474e-06],
          [1.0634e-05],
          [1.7799e-05],
          [1.5409e-05],
          [2.3549e-05],
          [1.5859e-05],
          [6.4661e-04],
          [4.7122e-05],
          [1.1325e-04],
          [1.4245e-04],
          [1.2114e-05],
          [1.1394e-05],
          [1.0907e-05],
          [1.1164e-05],
          [1.1777e-05],
          [1.4125e-05],
          [6.1850e-04],
          [2.2688e-05],
          [1.1741e-03],
          [1.4909e-05],
          [1.1222e-05],
          [1.4176e-05],
          [1.3418e-05],
          [1.3441e-05],
          [1.3932e-05],
          [1.4457e-05],
          [1.7202e-05],
          [1.8084e-05],
          [2.0575e-05],
          [2.3833e-05],
          [3.1094e-05],
          [3.5489e-04],
          [5.2881e-04],
          [2.0179e-05],
          [1.7189e-05],
          [1.4692e-05],
          [1.1379e-05],
          [1.4942e-05],
          [2.2225e-05],
          [2.4256e-05],
          [2.2220e-05],
          [2.2680e-05],
          [2.4384e-05],
          [2.6830e-05],
          [1.8630e-05],
          [1.9452e-05],
          [2.1381e-05],
          [1.9879e-05],
          [2.1006e-05],
          [2.4961e-05],
          [2.5093e-05],
          [2.4053e-05],
          [2.2051e-05],
          [2.1149e-05],
          [2.3202e-05],
          [2.3225e-05],
          [2.8073e-05],
          [2.4066e-05],
          [3.7274e-05],
          [3.4042e-05],
          [3.9022e-05],
          [2.6105e-05],
          [2.6294e-05],
          [2.8313e-05],
          [2.9489e-05],
          [2.1196e-05],
          [1.8246e-05],
          [2.0076e-05],
          [2.0920e-05],
          [2.1424e-05],
          [2.1667e-05],
          [1.8277e-05],
          [1.6300e-05],
          [1.6122e-05],
          [1.5841e-05],
          [5.2859e-04],
          [3.7541e-05],
          [3.0157e-03],
          [1.8467e-05],
          [2.2427e-05],
          [2.1544e-05],
          [1.9027e-05],
          [2.4518e-05],
          [2.2208e-05],
          [2.1478e-05],
          [1.8813e-05],
          [1.9821e-05],
          [1.9449e-05],
          [2.2060e-05],
          [1.9805e-05],
          [1.5897e-05],
          [1.5619e-05],
          [6.5579e-04],
          [9.8477e-05],
          [1.0504e-03],
          [1.2308e-05],
          [1.2246e-05],
          [1.1307e-05],
          [1.2422e-05],
          [9.4399e-04],
          [6.6713e-04],
          [1.1883e-05],
          [1.4064e-05],
          [1.4704e-05],
          [1.9527e-05],
          [2.1780e-05],
          [2.5808e-05],
          [3.0528e-05],
          [2.9861e-05],
          [2.6268e-05],
          [3.0048e-05],
          [3.4188e-05],
          [2.8227e-05],
          [1.8407e-05],
          [1.9972e-05],
          [1.8632e-05],
          [1.7476e-05],
          [1.4221e-05],
          [3.2698e-05],
          [4.4284e-05],
          [5.1664e-05],
          [4.7794e-05],
          [3.5155e-05],
          [2.9503e-05],
          [2.1213e-05],
          [2.0952e-05],
          [1.7026e-05],
          [2.4101e-04],
          [2.5192e-04],
          [2.1098e-05],
          [1.8742e-05],
          [1.6195e-05],
          [1.4153e-05],
          [1.5011e-05],
          [1.5619e-05],
          [1.6579e-05],
          [1.7920e-04],
          [1.3953e-04],
          [4.6354e-04],
          [6.3802e-04],
          [2.1102e-05],
          [1.3915e-05],
          [1.5109e-05],
          [1.4437e-05],
          [1.4067e-05],
          [3.2795e-04],
          [1.8812e-04],
          [1.9908e-05],
          [1.0433e-04],
          [1.6158e-04],
          [1.8198e-05],
          [3.2393e-04],
          [3.5033e-05],
          [3.0027e-04],
          [2.8138e-05],
          [1.4927e-05],
          [1.1553e-05],
          [1.2169e-05],
          [1.1854e-05],
          [1.1090e-04],
          [7.1567e-06]]]])
