# Using CPU
# Loading Embeddings...
# Making Predictions...
torch.Size([1, 1, 442, 260])
tensor([[[[9.7231e-05],
          [7.2072e-05],
          [9.7858e-05],
          [3.3767e-05],
          [1.6322e-05],
          [2.9221e-04],
          [1.1844e-03],
          [2.5337e-05],
          [3.1723e-04],
          [1.5355e-03],
          [1.9043e-05],
          [1.8794e-05],
          [2.6256e-04],
          [2.9864e-04],
          [5.2677e-05],
          [2.8974e-05],
          [3.0813e-05],
          [3.4978e-05],
          [3.5907e-05],
          [2.8987e-05],
          [3.3927e-04],
          [3.0043e-05],
          [8.5785e-04],
          [2.1710e-05],
          [2.0190e-05],
          [2.3855e-05],
          [3.0795e-05],
          [4.9869e-05],
          [5.5660e-05],
          [7.1921e-05],
          [6.6563e-05],
          [8.8684e-05],
          [7.0119e-05],
          [7.8653e-05],
          [6.1925e-05],
          [5.8975e-05],
          [1.0401e-03],
          [7.8840e-05],
          [2.4244e-04],
          [1.3262e-04],
          [7.0719e-04],
          [2.2052e-05],
          [2.0537e-05],
          [2.2872e-05],
          [1.8951e-05],
          [2.4216e-05],
          [2.1203e-05],
          [2.6255e-05],
          [2.5277e-05],
          [1.5401e-04],
          [5.1568e-04],
          [2.3659e-05],
          [2.6191e-05],
          [4.4881e-04],
          [7.5367e-04],
          [2.3522e-05],
          [1.9351e-05],
          [1.7909e-05],
          [2.1515e-05],
          [2.3038e-05],
          [2.3005e-05],
          [1.9961e-05],
          [2.1409e-04],
          [3.1742e-04],
          [2.9764e-05],
          [4.0936e-05],
          [4.1755e-05],
          [4.4799e-05],
          [5.2187e-05],
          [2.7402e-05],
          [2.5485e-05],
          [2.5829e-04],
          [2.6444e-05],
          [3.6172e-05],
          [1.8500e-05],
          [1.9847e-05],
          [2.5116e-03],
          [2.9036e-05],
          [2.7675e-05],
          [2.2184e-05],
          [1.6380e-04],
          [1.6034e-04],
          [1.6589e-05],
          [1.7830e-05],
          [1.7346e-05],
          [1.9934e-05],
          [1.9012e-05],
          [2.2521e-05],
          [2.3550e-05],
          [2.2104e-05],
          [2.3417e-04],
          [5.0743e-05],
          [2.5597e-04],
          [2.4535e-05],
          [2.3936e-05],
          [2.9537e-05],
          [3.6196e-05],
          [4.1944e-05],
          [4.0262e-05],
          [4.6115e-05],
          [4.3625e-05],
          [4.5124e-05],
          [3.5959e-05],
          [3.3658e-05],
          [2.4733e-05],
          [2.1850e-05],
          [2.1482e-05],
          [2.5612e-05],
          [2.6548e-05],
          [2.8166e-05],
          [2.3799e-05],
          [2.8435e-04],
          [1.0007e-04],
          [2.1308e-05],
          [2.6682e-04],
          [1.4709e-05],
          [1.6105e-05],
          [1.8166e-05],
          [2.1026e-05],
          [2.1854e-05],
          [2.0638e-05],
          [2.4147e-05],
          [2.1690e-05],
          [2.3050e-05],
          [2.5032e-05],
          [2.4349e-05],
          [2.8731e-05],
          [3.1240e-05],
          [5.8634e-05],
          [1.1589e-04],
          [4.2043e-04],
          [1.0569e-03],
          [1.9972e-03],
          [1.3021e-03],
          [3.6079e-04],
          [1.1797e-04],
          [5.5956e-05],
          [3.8437e-05],
          [2.8229e-05],
          [2.6929e-05],
          [2.2264e-05],
          [2.1959e-05],
          [2.2710e-05],
          [2.5223e-05],
          [2.3428e-05],
          [2.2146e-05],
          [2.3297e-05],
          [3.2633e-05],
          [4.0606e-05],
          [5.6811e-05],
          [5.6701e-05],
          [5.2482e-05],
          [4.2368e-05],
          [5.2945e-05],
          [4.5273e-05],
          [4.1045e-05],
          [5.9702e-04],
          [6.1359e-04],
          [1.8322e-04],
          [1.7440e-03],
          [3.6729e-05],
          [8.7027e-05],
          [1.0050e-04],
          [1.4999e-04],
          [8.4943e-05],
          [6.9923e-05],
          [7.4711e-05],
          [4.4466e-05],
          [3.5162e-05],
          [2.5150e-05],
          [2.1814e-05],
          [3.4782e-04],
          [8.4562e-04],
          [2.5569e-05],
          [3.0644e-05],
          [4.2961e-05],
          [3.8433e-05],
          [3.4275e-05],
          [1.9554e-04],
          [3.8482e-05],
          [3.2162e-04],
          [2.3595e-05],
          [3.1003e-05],
          [1.8105e-04],
          [1.8700e-05],
          [3.7445e-04],
          [2.8105e-05],
          [3.1011e-05],
          [2.7828e-05],
          [5.0900e-04],
          [5.4941e-05],
          [2.8147e-03],
          [2.1567e-05],
          [2.5839e-05],
          [2.7079e-05],
          [2.7441e-05],
          [3.2746e-05],
          [2.4065e-05],
          [2.3426e-04],
          [3.6741e-04],
          [2.1510e-05],
          [2.4212e-05],
          [3.0904e-05],
          [2.5351e-05],
          [2.9547e-05],
          [3.1871e-05],
          [2.9882e-05],
          [2.4020e-04],
          [8.4730e-04],
          [2.6188e-05],
          [2.1231e-05],
          [1.7397e-05],
          [1.8793e-05],
          [2.2264e-04],
          [3.3546e-05],
          [2.0661e-05],
          [1.9188e-03],
          [2.5276e-05],
          [2.8157e-05],
          [2.9205e-05],
          [3.4329e-05],
          [3.5826e-05],
          [4.2098e-05],
          [3.8415e-05],
          [3.8074e-05],
          [3.9944e-05],
          [3.7734e-05],
          [4.0309e-05],
          [3.6983e-05],
          [3.0521e-05],
          [2.9228e-05],
          [3.5240e-05],
          [2.5204e-05],
          [2.3026e-05],
          [3.3472e-04],
          [4.8627e-04],
          [2.0199e-05],
          [2.6603e-05],
          [2.8451e-05],
          [3.1129e-05],
          [2.9580e-05],
          [2.6993e-05],
          [2.1954e-05],
          [3.9539e-05],
          [2.9337e-05],
          [1.7881e-05],
          [6.8813e-04],
          [1.0846e-04],
          [1.9048e-05],
          [2.6507e-04],
          [1.4777e-05],
          [1.7378e-04],
          [3.4999e-04],
          [1.9121e-05],
          [2.4885e-05],
          [3.1184e-05],
          [3.0256e-05],
          [4.2981e-05],
          [5.6009e-05],
          [7.5864e-05],
          [7.4523e-05],
          [9.6030e-05],
          [1.0419e-04],
          [1.4243e-04],
          [1.1147e-04],
          [1.0327e-04],
          [7.7868e-05],
          [3.0668e-04],
          [3.3534e-05],
          [3.0502e-05],
          [2.8960e-04],
          [3.3489e-04],
          [2.3298e-05],
          [2.3277e-04],
          [1.5412e-04],
          [3.7800e-05],
          [3.0945e-04],
          [1.6196e-05],
          [1.4672e-05],
          [1.4073e-05],
          [1.9058e-05],
          [2.4808e-05],
          [2.6146e-05],
          [2.8500e-05],
          [2.9593e-05],
          [2.9992e-05],
          [2.2869e-05],
          [2.4532e-04],
          [2.1563e-05],
          [6.5734e-05],
          [3.2414e-04],
          [1.5704e-05],
          [1.7182e-05],
          [1.7118e-05],
          [1.8790e-05],
          [1.9699e-05],
          [2.1800e-05],
          [3.0608e-04],
          [2.4936e-05],
          [1.8045e-03],
          [2.3552e-05],
          [2.3228e-05],
          [2.4558e-05],
          [2.4576e-05],
          [2.3498e-05],
          [2.4349e-05],
          [2.4440e-05],
          [2.8820e-05],
          [3.0412e-05],
          [2.8257e-05],
          [2.9374e-05],
          [3.4982e-05],
          [2.3119e-04],
          [8.3433e-04],
          [2.4011e-05],
          [2.9594e-05],
          [2.1851e-05],
          [2.3533e-05],
          [2.6650e-05],
          [3.5709e-05],
          [3.1930e-05],
          [2.7711e-05],
          [2.3174e-05],
          [2.7548e-05],
          [2.5268e-05],
          [1.9037e-05],
          [1.6851e-05],
          [1.5794e-05],
          [1.6596e-05],
          [1.4344e-05],
          [1.8876e-05],
          [2.2412e-05],
          [2.6016e-05],
          [2.5044e-05],
          [3.8180e-05],
          [4.0126e-05],
          [3.8699e-05],
          [3.9107e-05],
          [3.7177e-05],
          [4.0153e-05],
          [3.8532e-05],
          [3.4474e-05],
          [2.6010e-05],
          [2.2875e-05],
          [2.7352e-05],
          [4.7097e-05],
          [1.9862e-05],
          [3.0888e-05],
          [3.2148e-05],
          [1.8345e-05],
          [2.1890e-05],
          [1.6166e-05],
          [1.6790e-05],
          [1.9901e-05],
          [2.1023e-05],
          [2.2426e-05],
          [8.4530e-04],
          [6.2072e-05],
          [3.8001e-03],
          [2.2350e-05],
          [2.4770e-05],
          [2.4132e-05],
          [2.5333e-05],
          [2.3599e-05],
          [2.5291e-05],
          [2.5033e-05],
          [1.6189e-05],
          [1.6292e-05],
          [1.8334e-05],
          [1.9058e-05],
          [1.8253e-05],
          [1.8642e-05],
          [1.6573e-05],
          [6.2632e-04],
          [7.2046e-05],
          [1.7526e-03],
          [1.7837e-05],
          [1.8017e-05],
          [1.6950e-05],
          [1.8474e-05],
          [2.5966e-04],
          [1.1326e-03],
          [2.1699e-05],
          [2.5684e-05],
          [3.5781e-05],
          [4.4053e-05],
          [5.7089e-05],
          [7.8778e-05],
          [8.3624e-05],
          [7.7663e-05],
          [5.6225e-05],
          [4.7374e-05],
          [3.4161e-05],
          [2.4589e-05],
          [1.8356e-05],
          [1.5658e-05],
          [2.3685e-05],
          [2.3585e-05],
          [2.2631e-05],
          [2.0828e-04],
          [3.4839e-05],
          [2.8997e-05],
          [1.2163e-04],
          [3.1767e-05],
          [3.8322e-05],
          [2.8197e-05],
          [2.4632e-05],
          [1.8099e-05],
          [2.0106e-04],
          [4.4152e-04],
          [2.1280e-05],
          [2.3572e-05],
          [2.5802e-05],
          [2.1472e-05],
          [2.6199e-05],
          [2.6749e-05],
          [4.8362e-05],
          [1.6557e-04],
          [1.1567e-04],
          [1.6321e-04],
          [8.8351e-04],
          [3.3306e-05],
          [2.0696e-05],
          [1.5601e-05],
          [1.7333e-05],
          [1.5364e-05],
          [2.4153e-04],
          [1.4883e-04],
          [2.0230e-05],
          [4.7865e-05],
          [3.6209e-04],
          [1.6758e-05],
          [1.6917e-04],
          [2.6367e-05],
          [2.7390e-04],
          [1.9198e-05],
          [1.3720e-05],
          [1.3237e-05],
          [2.4065e-05],
          [1.3939e-05],
          [2.0897e-04],
          [1.0697e-05]]]])
