# Using CPU
# Loading Embeddings...
# Making Predictions...
torch.Size([1, 1, 442, 297])
tensor([[[[1.7142e-04],
          [3.9826e-05],
          [1.2876e-04],
          [1.9438e-05],
          [1.0949e-05],
          [2.5012e-04],
          [3.6263e-04],
          [1.4921e-05],
          [2.2362e-04],
          [3.6090e-04],
          [2.0840e-05],
          [1.8020e-05],
          [8.8526e-04],
          [2.1485e-04],
          [1.6940e-05],
          [1.5204e-05],
          [1.2190e-05],
          [1.0691e-05],
          [1.2348e-05],
          [1.4081e-05],
          [2.8927e-04],
          [2.6506e-05],
          [2.2386e-04],
          [1.4776e-05],
          [1.9297e-05],
          [2.8168e-05],
          [4.1509e-05],
          [7.1467e-05],
          [9.9190e-05],
          [1.3780e-04],
          [1.3067e-04],
          [1.5807e-04],
          [1.4839e-04],
          [1.5973e-04],
          [1.3012e-04],
          [9.1782e-05],
          [6.2018e-04],
          [6.5256e-05],
          [1.8513e-04],
          [9.9553e-05],
          [1.7457e-04],
          [2.4868e-05],
          [2.3172e-05],
          [2.4224e-05],
          [1.7497e-05],
          [1.6640e-05],
          [1.5122e-05],
          [2.5179e-05],
          [2.9538e-05],
          [2.5871e-04],
          [1.7287e-04],
          [2.3681e-05],
          [1.8592e-05],
          [2.6228e-04],
          [1.7806e-04],
          [1.7080e-05],
          [1.7403e-05],
          [1.6499e-05],
          [1.9696e-05],
          [2.4213e-05],
          [2.4813e-05],
          [2.4098e-05],
          [3.7556e-04],
          [2.2140e-04],
          [1.9803e-05],
          [2.0126e-05],
          [1.7998e-05],
          [1.6651e-05],
          [1.6299e-05],
          [1.4191e-05],
          [1.4854e-05],
          [4.2780e-04],
          [2.2326e-05],
          [3.5553e-05],
          [1.7755e-05],
          [2.3588e-05],
          [6.8409e-04],
          [1.4782e-05],
          [1.3799e-05],
          [1.3128e-05],
          [2.8735e-04],
          [1.6694e-04],
          [1.2040e-05],
          [1.3150e-05],
          [1.5493e-05],
          [1.9183e-05],
          [2.0012e-05],
          [2.1767e-05],
          [1.8123e-05],
          [1.6274e-05],
          [2.8026e-04],
          [4.3948e-05],
          [2.8550e-04],
          [1.2144e-05],
          [1.1007e-05],
          [1.0694e-05],
          [1.1202e-05],
          [1.6538e-05],
          [1.3263e-05],
          [1.4813e-05],
          [1.4927e-05],
          [1.3232e-05],
          [1.1444e-05],
          [1.3881e-05],
          [1.4227e-05],
          [2.0320e-05],
          [2.2779e-05],
          [2.8253e-05],
          [2.9153e-05],
          [3.1210e-05],
          [2.5922e-05],
          [1.1051e-04],
          [1.6480e-04],
          [2.2864e-05],
          [3.2497e-04],
          [1.9440e-05],
          [1.7094e-05],
          [1.3784e-05],
          [1.7652e-05],
          [1.8869e-05],
          [1.8428e-05],
          [1.3494e-05],
          [1.4871e-05],
          [1.2148e-05],
          [1.5391e-05],
          [1.4088e-05],
          [1.7326e-05],
          [1.8007e-05],
          [2.2147e-05],
          [2.4533e-05],
          [5.2085e-05],
          [3.8590e-04],
          [2.4569e-04],
          [9.6537e-05],
          [3.4807e-05],
          [3.2688e-05],
          [2.7511e-05],
          [2.8691e-05],
          [2.2271e-05],
          [2.3710e-05],
          [1.8289e-05],
          [1.7327e-05],
          [1.1987e-05],
          [1.3686e-05],
          [1.7121e-05],
          [2.4084e-05],
          [2.7126e-05],
          [3.8703e-05],
          [4.8569e-05],
          [7.8135e-05],
          [8.2840e-05],
          [9.1382e-05],
          [9.2258e-05],
          [1.1641e-04],
          [9.8658e-05],
          [7.4598e-05],
          [5.0748e-04],
          [1.8238e-04],
          [1.9425e-04],
          [3.2904e-04],
          [2.0804e-05],
          [1.8152e-05],
          [2.6815e-05],
          [3.1162e-05],
          [2.1800e-05],
          [2.9190e-05],
          [2.9388e-05],
          [2.8602e-05],
          [3.1065e-05],
          [3.2590e-05],
          [2.9240e-05],
          [3.6805e-04],
          [2.1293e-04],
          [3.5904e-05],
          [4.5208e-05],
          [4.8727e-05],
          [5.0540e-05],
          [4.5757e-05],
          [4.0158e-04],
          [4.1694e-05],
          [2.9894e-04],
          [3.3758e-05],
          [1.6021e-05],
          [3.2846e-04],
          [1.8142e-05],
          [2.9072e-04],
          [1.6016e-05],
          [1.6964e-05],
          [1.6491e-05],
          [2.3016e-04],
          [4.6052e-05],
          [4.7813e-04],
          [2.2744e-05],
          [2.8701e-05],
          [3.0082e-05],
          [2.9951e-05],
          [3.4448e-05],
          [2.7040e-05],
          [2.7681e-04],
          [1.8396e-04],
          [2.2026e-05],
          [1.8878e-05],
          [1.7701e-05],
          [1.5806e-05],
          [1.9479e-05],
          [1.7844e-05],
          [1.6901e-05],
          [2.7030e-04],
          [2.0979e-04],
          [1.9422e-05],
          [1.9245e-05],
          [1.6451e-05],
          [1.5208e-05],
          [3.9071e-04],
          [3.3267e-05],
          [2.9130e-05],
          [3.7202e-04],
          [1.8849e-05],
          [1.6047e-05],
          [1.6142e-05],
          [1.3918e-05],
          [1.6398e-05],
          [1.4512e-05],
          [1.2604e-05],
          [1.2551e-05],
          [1.6860e-05],
          [1.7495e-05],
          [1.6489e-05],
          [1.2863e-05],
          [1.1170e-05],
          [1.4365e-05],
          [1.5034e-05],
          [1.5710e-05],
          [1.6872e-05],
          [3.1890e-04],
          [1.3132e-04],
          [2.0001e-05],
          [1.8151e-05],
          [1.9811e-05],
          [2.0268e-05],
          [1.5408e-05],
          [1.7641e-05],
          [1.3087e-05],
          [1.8527e-05],
          [2.3834e-05],
          [1.0706e-05],
          [2.0379e-04],
          [1.4988e-04],
          [2.8408e-05],
          [2.4685e-04],
          [1.0541e-05],
          [2.1663e-04],
          [1.3878e-04],
          [1.7403e-05],
          [1.9556e-05],
          [2.2567e-05],
          [2.2960e-05],
          [3.1617e-05],
          [3.3659e-05],
          [4.9250e-05],
          [5.0351e-05],
          [8.3340e-05],
          [1.0031e-04],
          [1.5524e-04],
          [1.6255e-04],
          [1.5561e-04],
          [9.4284e-05],
          [1.9646e-04],
          [4.0795e-05],
          [3.9639e-05],
          [2.3969e-04],
          [1.9306e-04],
          [2.4296e-05],
          [1.4595e-04],
          [3.7640e-04],
          [3.7592e-05],
          [3.2391e-04],
          [1.4385e-05],
          [1.3151e-05],
          [1.1365e-05],
          [1.0019e-05],
          [1.0323e-05],
          [1.0435e-05],
          [2.1067e-05],
          [1.0104e-05],
          [1.0906e-05],
          [1.0918e-05],
          [5.2418e-04],
          [5.2349e-05],
          [1.3690e-04],
          [6.6073e-05],
          [1.1485e-05],
          [1.1704e-05],
          [1.0972e-05],
          [1.0668e-05],
          [9.9989e-06],
          [1.0412e-05],
          [2.7513e-04],
          [2.9960e-05],
          [3.6015e-04],
          [1.3238e-05],
          [1.3118e-05],
          [1.2440e-05],
          [1.2735e-05],
          [1.2826e-05],
          [1.3574e-05],
          [1.4183e-05],
          [1.8384e-05],
          [1.7975e-05],
          [2.1317e-05],
          [2.3563e-05],
          [2.8643e-05],
          [4.4161e-04],
          [1.9058e-04],
          [2.0961e-05],
          [1.7611e-05],
          [1.3873e-05],
          [1.1556e-05],
          [1.2123e-05],
          [1.3585e-05],
          [1.4897e-05],
          [1.3822e-05],
          [1.3640e-05],
          [1.2262e-05],
          [1.4154e-05],
          [1.0760e-05],
          [1.3058e-05],
          [1.3136e-05],
          [1.8819e-05],
          [1.6356e-05],
          [1.7823e-05],
          [1.6858e-05],
          [2.0685e-05],
          [1.9107e-05],
          [1.5790e-05],
          [1.5131e-05],
          [1.5860e-05],
          [1.5703e-05],
          [1.6048e-05],
          [1.7620e-05],
          [1.7453e-05],
          [1.7840e-05],
          [1.6482e-05],
          [2.0567e-05],
          [1.9105e-05],
          [2.0407e-05],
          [1.5705e-05],
          [1.4896e-05],
          [2.3679e-05],
          [1.2788e-05],
          [1.2594e-05],
          [1.0485e-05],
          [1.2756e-05],
          [1.7263e-05],
          [1.5142e-05],
          [1.5176e-05],
          [2.3264e-04],
          [4.2298e-05],
          [4.7153e-04],
          [1.9269e-05],
          [1.9910e-05],
          [1.9547e-05],
          [1.7473e-05],
          [2.1185e-05],
          [1.8505e-05],
          [2.1605e-05],
          [1.8955e-05],
          [1.7478e-05],
          [1.5914e-05],
          [2.0522e-05],
          [1.9992e-05],
          [2.8044e-05],
          [2.5965e-05],
          [2.8910e-04],
          [8.5059e-05],
          [3.6968e-04],
          [2.7672e-05],
          [1.3747e-05],
          [1.2175e-05],
          [1.2414e-05],
          [2.8655e-04],
          [2.6088e-04],
          [1.1731e-05],
          [1.1121e-05],
          [1.4735e-05],
          [1.7804e-05],
          [2.1582e-05],
          [2.5263e-05],
          [3.1748e-05],
          [2.4390e-05],
          [2.6541e-05],
          [1.7069e-05],
          [1.8086e-05],
          [1.7603e-05],
          [1.3181e-05],
          [1.2804e-05],
          [1.4608e-05],
          [1.5094e-05],
          [1.2668e-05],
          [5.4471e-05],
          [3.3379e-05],
          [3.4187e-05],
          [1.3841e-04],
          [2.7816e-05],
          [3.2524e-05],
          [2.6934e-05],
          [2.7668e-05],
          [1.8489e-05],
          [1.9393e-04],
          [1.1795e-04],
          [2.2896e-05],
          [2.0556e-05],
          [1.8107e-05],
          [1.5089e-05],
          [1.6593e-05],
          [1.7064e-05],
          [2.6391e-05],
          [7.5909e-05],
          [6.0199e-05],
          [1.5480e-04],
          [1.7827e-04],
          [3.1773e-05],
          [1.7331e-05],
          [1.7244e-05],
          [2.4814e-05],
          [1.3783e-05],
          [4.3907e-04],
          [1.0428e-04],
          [1.7358e-05],
          [1.0148e-04],
          [1.3703e-04],
          [2.2516e-05],
          [3.0677e-04],
          [2.1733e-05],
          [3.1397e-04],
          [1.7076e-05],
          [1.3027e-05],
          [1.0483e-05],
          [1.0739e-05],
          [1.0272e-05],
          [4.9325e-05],
          [7.3536e-06]]]])
