# Using CPU
# Loading Embeddings...
# Making Predictions...
torch.Size([1, 1, 442, 261])
tensor([[[[1.0294e-04],
          [3.7929e-05],
          [9.9933e-05],
          [3.6780e-05],
          [9.3649e-06],
          [3.6305e-04],
          [1.5543e-03],
          [1.7069e-05],
          [2.0149e-04],
          [1.7114e-03],
          [2.0222e-05],
          [1.8008e-05],
          [4.0772e-04],
          [2.5992e-04],
          [1.5539e-05],
          [1.3125e-05],
          [1.1605e-05],
          [1.1667e-05],
          [1.4772e-05],
          [2.1706e-05],
          [6.0337e-04],
          [2.6188e-05],
          [8.7524e-04],
          [1.5617e-05],
          [1.7738e-05],
          [2.2465e-05],
          [3.2561e-05],
          [5.6622e-05],
          [6.8802e-05],
          [8.7354e-05],
          [9.7907e-05],
          [1.3033e-04],
          [1.2756e-04],
          [1.3887e-04],
          [1.0903e-04],
          [1.0005e-04],
          [2.0706e-03],
          [1.1351e-04],
          [2.8492e-04],
          [1.5664e-04],
          [7.2427e-04],
          [2.8654e-05],
          [2.6613e-05],
          [2.8079e-05],
          [1.8491e-05],
          [1.7480e-05],
          [1.4154e-05],
          [1.6423e-05],
          [1.8813e-05],
          [2.1626e-04],
          [5.3679e-04],
          [1.4268e-05],
          [1.3993e-05],
          [4.0566e-04],
          [8.7208e-04],
          [1.5470e-05],
          [1.5601e-05],
          [1.5724e-05],
          [1.7977e-05],
          [2.2591e-05],
          [2.2696e-05],
          [2.0222e-05],
          [3.6668e-04],
          [3.1442e-04],
          [1.9401e-05],
          [1.6553e-05],
          [1.8124e-05],
          [1.6197e-05],
          [1.8067e-05],
          [1.8846e-05],
          [1.4922e-05],
          [2.8655e-04],
          [2.9816e-05],
          [3.7255e-05],
          [1.4468e-05],
          [1.9912e-05],
          [3.1512e-03],
          [1.3652e-05],
          [1.3237e-05],
          [1.2123e-05],
          [2.8975e-04],
          [1.7616e-04],
          [1.4155e-05],
          [1.4565e-05],
          [1.6075e-05],
          [1.8656e-05],
          [1.8927e-05],
          [2.0519e-05],
          [1.9785e-05],
          [1.7691e-05],
          [4.4470e-04],
          [4.0564e-05],
          [2.5934e-04],
          [1.2933e-05],
          [1.1774e-05],
          [1.5938e-05],
          [1.6296e-05],
          [2.4611e-05],
          [1.9743e-05],
          [2.5187e-05],
          [2.2295e-05],
          [1.8985e-05],
          [1.5276e-05],
          [1.4019e-05],
          [1.3849e-05],
          [1.6845e-05],
          [1.8412e-05],
          [2.2062e-05],
          [2.0657e-05],
          [2.3447e-05],
          [2.0364e-05],
          [9.8040e-05],
          [1.1659e-04],
          [2.0934e-05],
          [2.4531e-04],
          [1.5913e-05],
          [1.4031e-05],
          [1.4790e-05],
          [1.5028e-05],
          [1.7185e-05],
          [1.7373e-05],
          [1.3446e-05],
          [1.7717e-05],
          [1.2169e-05],
          [1.4791e-05],
          [1.4160e-05],
          [1.7614e-05],
          [1.7559e-05],
          [1.8694e-05],
          [2.1455e-05],
          [3.5610e-05],
          [3.6791e-04],
          [4.6332e-04],
          [4.7355e-05],
          [2.2225e-05],
          [2.2562e-05],
          [1.7813e-05],
          [1.7376e-05],
          [1.6140e-05],
          [1.8516e-05],
          [1.4695e-05],
          [1.3311e-05],
          [1.1859e-05],
          [1.2695e-05],
          [1.4475e-05],
          [1.8313e-05],
          [1.9518e-05],
          [2.4624e-05],
          [3.0949e-05],
          [4.3790e-05],
          [4.5107e-05],
          [5.6952e-05],
          [6.5044e-05],
          [7.7842e-05],
          [7.6615e-05],
          [6.4022e-05],
          [1.8647e-04],
          [7.2162e-04],
          [2.4926e-04],
          [1.6538e-03],
          [1.6438e-05],
          [1.4880e-05],
          [2.7103e-05],
          [2.0550e-05],
          [1.6384e-05],
          [1.7585e-05],
          [1.9323e-05],
          [1.9432e-05],
          [1.9736e-05],
          [2.0693e-05],
          [2.0856e-05],
          [2.8247e-04],
          [9.4099e-04],
          [2.6392e-05],
          [2.9650e-05],
          [3.1191e-05],
          [3.4509e-05],
          [2.8399e-05],
          [2.1085e-04],
          [6.4681e-05],
          [2.5926e-04],
          [1.6948e-05],
          [3.0596e-05],
          [2.4573e-04],
          [1.3826e-05],
          [3.0438e-04],
          [2.0210e-05],
          [2.1792e-05],
          [1.8170e-05],
          [3.1286e-04],
          [3.8984e-05],
          [3.1909e-03],
          [1.6013e-05],
          [2.0648e-05],
          [2.1267e-05],
          [2.0303e-05],
          [2.3248e-05],
          [1.9852e-05],
          [2.4611e-04],
          [3.9727e-04],
          [2.0692e-05],
          [1.9633e-05],
          [1.7157e-05],
          [1.4414e-05],
          [1.7495e-05],
          [1.9840e-05],
          [2.0664e-05],
          [3.6355e-04],
          [9.8318e-04],
          [1.4640e-05],
          [1.3738e-05],
          [1.5424e-05],
          [1.5139e-05],
          [2.5727e-04],
          [4.0222e-05],
          [1.9098e-05],
          [1.6873e-03],
          [1.3608e-05],
          [1.2921e-05],
          [1.1942e-05],
          [1.5093e-05],
          [1.6435e-05],
          [1.6018e-05],
          [1.5867e-05],
          [1.6151e-05],
          [1.8424e-05],
          [1.6622e-05],
          [1.7570e-05],
          [1.6380e-05],
          [1.8807e-05],
          [1.5058e-05],
          [1.5730e-05],
          [1.2775e-05],
          [1.1921e-05],
          [2.9398e-04],
          [4.6779e-04],
          [1.6797e-05],
          [1.5654e-05],
          [1.3322e-05],
          [2.1189e-05],
          [2.8694e-05],
          [2.7575e-05],
          [2.0530e-05],
          [4.5182e-05],
          [2.8661e-05],
          [1.1689e-05],
          [2.2806e-04],
          [1.0041e-04],
          [2.3318e-05],
          [2.2803e-04],
          [1.1726e-05],
          [1.8644e-04],
          [3.9091e-04],
          [2.2950e-05],
          [2.6246e-05],
          [2.6490e-05],
          [2.5764e-05],
          [3.0366e-05],
          [3.0077e-05],
          [3.4473e-05],
          [3.5791e-05],
          [4.9748e-05],
          [5.5241e-05],
          [6.5257e-05],
          [7.6424e-05],
          [9.2687e-05],
          [5.7094e-05],
          [4.5972e-04],
          [3.7206e-05],
          [2.9281e-05],
          [3.4981e-04],
          [1.5909e-04],
          [2.7300e-05],
          [3.6357e-04],
          [1.1990e-04],
          [4.0143e-05],
          [1.9705e-04],
          [1.3922e-05],
          [1.3429e-05],
          [1.1740e-05],
          [9.2798e-06],
          [9.8105e-06],
          [9.6692e-06],
          [2.8416e-05],
          [1.0702e-05],
          [1.2435e-05],
          [1.2725e-05],
          [3.8171e-04],
          [3.0457e-05],
          [6.0512e-05],
          [2.6769e-04],
          [1.3028e-05],
          [1.1888e-05],
          [1.2284e-05],
          [1.1379e-05],
          [1.0399e-05],
          [1.1021e-05],
          [4.4468e-04],
          [2.0281e-05],
          [1.7482e-03],
          [1.3851e-05],
          [1.2230e-05],
          [1.2432e-05],
          [1.3316e-05],
          [1.3178e-05],
          [1.5612e-05],
          [1.3849e-05],
          [1.8999e-05],
          [1.7494e-05],
          [2.1539e-05],
          [2.3147e-05],
          [2.5625e-05],
          [2.4988e-04],
          [9.3931e-04],
          [1.9798e-05],
          [1.6835e-05],
          [2.1732e-05],
          [1.1152e-05],
          [1.4805e-05],
          [2.2043e-05],
          [2.3209e-05],
          [1.9937e-05],
          [2.1878e-05],
          [2.1004e-05],
          [1.8103e-05],
          [1.4616e-05],
          [1.1740e-05],
          [1.1580e-05],
          [1.2402e-05],
          [1.1546e-05],
          [1.2376e-05],
          [1.4009e-05],
          [1.6200e-05],
          [1.6467e-05],
          [1.7348e-05],
          [1.9038e-05],
          [1.8946e-05],
          [1.9214e-05],
          [1.8825e-05],
          [2.1684e-05],
          [2.5838e-05],
          [2.5392e-05],
          [2.2518e-05],
          [2.3985e-05],
          [2.9236e-05],
          [2.8297e-05],
          [1.8566e-05],
          [3.6937e-05],
          [3.0950e-05],
          [1.9539e-05],
          [1.7660e-05],
          [1.5051e-05],
          [2.0274e-05],
          [1.3286e-05],
          [1.6669e-05],
          [1.6604e-05],
          [2.7967e-04],
          [3.9688e-05],
          [4.0388e-03],
          [1.9667e-05],
          [1.7594e-05],
          [1.6699e-05],
          [1.5930e-05],
          [1.7164e-05],
          [1.3360e-05],
          [1.2010e-05],
          [1.1934e-05],
          [1.1403e-05],
          [1.1614e-05],
          [1.1177e-05],
          [1.1794e-05],
          [1.6337e-05],
          [1.4771e-05],
          [1.7666e-04],
          [7.9272e-05],
          [1.5468e-03],
          [1.5945e-05],
          [1.3766e-05],
          [1.1267e-05],
          [1.1122e-05],
          [4.4279e-04],
          [1.1475e-03],
          [1.3941e-05],
          [1.6188e-05],
          [1.8816e-05],
          [2.4349e-05],
          [3.0621e-05],
          [3.6852e-05],
          [3.8193e-05],
          [3.3491e-05],
          [2.5813e-05],
          [2.3177e-05],
          [2.4803e-05],
          [1.5820e-05],
          [1.2085e-05],
          [1.0561e-05],
          [1.1974e-05],
          [1.2662e-05],
          [1.3734e-05],
          [1.3103e-04],
          [3.3263e-05],
          [3.6688e-05],
          [1.2215e-04],
          [3.2131e-05],
          [3.5484e-05],
          [2.4612e-05],
          [2.6324e-05],
          [1.9064e-05],
          [2.6840e-04],
          [4.1165e-04],
          [2.4891e-05],
          [2.0409e-05],
          [2.0179e-05],
          [1.7234e-05],
          [2.4486e-05],
          [2.3298e-05],
          [3.8171e-05],
          [7.4220e-05],
          [1.7060e-04],
          [2.6433e-04],
          [9.0464e-04],
          [3.0160e-05],
          [1.9836e-05],
          [1.5820e-05],
          [1.8137e-05],
          [1.5902e-05],
          [2.5987e-04],
          [1.1228e-04],
          [2.0324e-05],
          [9.3060e-05],
          [2.5816e-04],
          [1.9949e-05],
          [2.0964e-04],
          [3.4055e-05],
          [4.0915e-04],
          [2.8303e-05],
          [1.7526e-05],
          [1.3622e-05],
          [1.8219e-05],
          [1.2749e-05],
          [8.2412e-05],
          [6.9719e-06]]]])
