# Using CPU
# Loading Embeddings...
# Making Predictions...
torch.Size([1, 1, 442, 135])
tensor([[[[6.7964e-05],
          [2.4419e-05],
          [5.8135e-05],
          [4.6261e-05],
          [3.8588e-05],
          [4.3594e-05],
          [6.2976e-05],
          [5.6625e-05],
          [5.9732e-05],
          [4.2261e-05],
          [3.9144e-05],
          [2.6437e-05],
          [1.2263e-04],
          [8.3122e-05],
          [3.3235e-05],
          [2.6523e-05],
          [3.0799e-05],
          [3.3727e-05],
          [4.7706e-05],
          [6.6364e-05],
          [6.6021e-05],
          [3.4720e-05],
          [4.7527e-05],
          [3.2591e-05],
          [3.8763e-05],
          [3.7788e-05],
          [3.9548e-05],
          [4.6478e-05],
          [5.1415e-05],
          [5.7873e-05],
          [4.9291e-05],
          [4.4832e-05],
          [4.3532e-05],
          [3.4583e-05],
          [2.9891e-05],
          [2.8252e-05],
          [2.3365e-04],
          [3.0353e-05],
          [8.6127e-05],
          [3.5276e-05],
          [6.5654e-05],
          [2.9179e-05],
          [2.8196e-05],
          [2.7635e-05],
          [2.3876e-05],
          [2.4134e-05],
          [2.1874e-05],
          [1.7819e-05],
          [1.9259e-05],
          [6.5170e-05],
          [5.4055e-05],
          [2.3764e-05],
          [2.1510e-05],
          [4.6907e-05],
          [3.5185e-05],
          [2.4621e-05],
          [1.7931e-05],
          [1.9163e-05],
          [2.2067e-05],
          [2.3461e-05],
          [2.4962e-05],
          [2.3656e-05],
          [1.4855e-04],
          [9.6144e-05],
          [2.5300e-05],
          [2.6892e-05],
          [2.4548e-05],
          [2.4666e-05],
          [2.2628e-05],
          [2.9688e-05],
          [2.5557e-05],
          [1.0255e-04],
          [2.0639e-05],
          [2.2851e-05],
          [2.0433e-05],
          [2.0705e-05],
          [5.9758e-05],
          [2.3639e-05],
          [2.6033e-05],
          [2.4005e-05],
          [1.1728e-04],
          [7.8047e-05],
          [2.9714e-05],
          [2.3596e-05],
          [2.5490e-05],
          [2.0904e-05],
          [2.5268e-05],
          [2.4919e-05],
          [3.5792e-05],
          [3.6828e-05],
          [5.9765e-05],
          [4.7657e-05],
          [8.1618e-05],
          [4.0361e-05],
          [2.7754e-05],
          [2.8895e-05],
          [2.9091e-05],
          [6.3520e-05],
          [8.5711e-05],
          [9.1022e-05],
          [9.7167e-05],
          [7.6002e-05],
          [4.6539e-05],
          [3.6122e-05],
          [3.2359e-05],
          [3.0825e-05],
          [2.9297e-05],
          [2.8118e-05],
          [2.3841e-05],
          [2.5948e-05],
          [2.6414e-05],
          [2.6199e-05],
          [7.6031e-05],
          [2.2703e-05],
          [1.2505e-04],
          [2.0408e-05],
          [2.1203e-05],
          [1.8970e-05],
          [2.0788e-05],
          [2.3908e-05],
          [2.7913e-05],
          [2.7310e-05],
          [2.8408e-05],
          [2.5528e-05],
          [3.3067e-05],
          [5.2001e-05],
          [5.8628e-05],
          [5.0685e-05],
          [4.2727e-05],
          [7.0378e-05],
          [4.5333e-05],
          [1.3749e-04],
          [1.0408e-04],
          [3.0388e-05],
          [3.2811e-05],
          [3.1555e-05],
          [3.3136e-05],
          [3.1521e-05],
          [3.0400e-05],
          [2.7561e-05],
          [3.0137e-05],
          [2.3397e-05],
          [2.3843e-05],
          [2.6589e-05],
          [3.3615e-05],
          [2.8763e-05],
          [2.8531e-05],
          [2.9290e-05],
          [3.3197e-05],
          [4.7426e-05],
          [4.0265e-05],
          [4.8784e-05],
          [3.9959e-05],
          [4.8951e-05],
          [4.5546e-05],
          [4.8367e-05],
          [6.0911e-05],
          [3.9737e-05],
          [4.5834e-05],
          [5.5186e-05],
          [3.3993e-05],
          [3.4604e-05],
          [3.2031e-05],
          [3.0969e-05],
          [3.0318e-05],
          [2.7938e-05],
          [3.0663e-05],
          [3.0071e-05],
          [2.8684e-05],
          [3.5230e-05],
          [3.4517e-05],
          [1.1244e-04],
          [7.0661e-05],
          [4.0147e-05],
          [3.6044e-05],
          [2.9953e-05],
          [2.5952e-05],
          [2.4058e-05],
          [1.4274e-04],
          [3.4488e-05],
          [1.6118e-04],
          [2.8727e-05],
          [2.7996e-05],
          [7.9203e-05],
          [3.2794e-05],
          [8.1992e-05],
          [4.2499e-05],
          [4.7631e-05],
          [3.6551e-05],
          [5.6885e-05],
          [3.1517e-05],
          [3.2618e-05],
          [3.3393e-05],
          [3.5204e-05],
          [2.9764e-05],
          [3.2834e-05],
          [3.0630e-05],
          [2.6798e-05],
          [1.1100e-04],
          [7.9863e-05],
          [4.8947e-05],
          [4.7314e-05],
          [3.2344e-05],
          [3.2682e-05],
          [3.5691e-05],
          [2.9909e-05],
          [2.7502e-05],
          [6.0196e-05],
          [4.7182e-05],
          [2.7266e-05],
          [3.3614e-05],
          [3.3146e-05],
          [2.9336e-05],
          [9.3782e-05],
          [2.2894e-05],
          [2.3688e-05],
          [1.0893e-04],
          [1.7266e-05],
          [1.6945e-05],
          [1.6673e-05],
          [1.9143e-05],
          [2.3948e-05],
          [2.9062e-05],
          [2.7149e-05],
          [2.1652e-05],
          [3.1942e-05],
          [2.2885e-05],
          [2.0592e-05],
          [2.0846e-05],
          [1.8529e-05],
          [2.0677e-05],
          [1.7829e-05],
          [1.7455e-05],
          [1.7342e-05],
          [6.4181e-05],
          [3.8234e-05],
          [1.7590e-05],
          [1.9185e-05],
          [2.1354e-05],
          [3.9153e-05],
          [4.2355e-05],
          [6.1857e-05],
          [4.0180e-05],
          [5.3764e-05],
          [4.3027e-05],
          [2.5308e-05],
          [3.0105e-05],
          [1.0026e-04],
          [2.1636e-05],
          [9.4410e-05],
          [2.1997e-05],
          [5.4060e-05],
          [4.4455e-05],
          [2.2642e-05],
          [2.3835e-05],
          [2.4719e-05],
          [2.0417e-05],
          [2.9407e-05],
          [3.1588e-05],
          [4.1857e-05],
          [4.3505e-05],
          [4.4600e-05],
          [5.2762e-05],
          [6.5882e-05],
          [4.6968e-05],
          [6.8973e-05],
          [4.2954e-05],
          [1.7605e-04],
          [2.1133e-05],
          [2.5151e-05],
          [1.3118e-04],
          [2.4429e-05],
          [2.2207e-05],
          [4.2441e-05],
          [8.2658e-05],
          [3.8521e-05],
          [1.4839e-04],
          [2.2277e-05],
          [2.1420e-05],
          [2.0096e-05],
          [2.1100e-05],
          [2.0620e-05],
          [2.3596e-05],
          [3.3058e-05],
          [2.7564e-05],
          [6.4557e-05],
          [4.3276e-05],
          [4.1614e-04],
          [1.9425e-05],
          [5.5230e-05],
          [2.6551e-05],
          [1.9902e-05],
          [1.7941e-05],
          [1.9449e-05],
          [2.2071e-05],
          [2.4591e-05],
          [2.3372e-05],
          [6.8314e-05],
          [3.3173e-05],
          [6.3368e-05],
          [2.5342e-05],
          [2.9770e-05],
          [2.1315e-05],
          [2.4958e-05],
          [1.6960e-05],
          [1.8194e-05],
          [1.6508e-05],
          [1.6825e-05],
          [1.8605e-05],
          [1.6271e-05],
          [1.7939e-05],
          [1.8384e-05],
          [1.1530e-04],
          [6.6705e-05],
          [1.7091e-05],
          [1.5084e-05],
          [1.5362e-05],
          [1.7348e-05],
          [1.5547e-05],
          [1.8837e-05],
          [1.5759e-05],
          [1.6461e-05],
          [1.9078e-05],
          [1.7775e-05],
          [1.4590e-05],
          [1.4147e-05],
          [1.2280e-05],
          [3.2081e-05],
          [2.6319e-05],
          [2.2044e-05],
          [1.6245e-05],
          [1.6419e-05],
          [1.4206e-05],
          [1.7402e-05],
          [1.7490e-05],
          [1.9338e-05],
          [2.2351e-05],
          [1.8672e-05],
          [2.1012e-05],
          [2.3252e-05],
          [2.2508e-05],
          [1.9797e-05],
          [2.0424e-05],
          [1.8749e-05],
          [1.8323e-05],
          [2.0695e-05],
          [2.4607e-05],
          [2.8962e-05],
          [3.0961e-05],
          [2.7070e-05],
          [2.4539e-05],
          [2.4934e-05],
          [1.9980e-05],
          [1.4394e-05],
          [1.6477e-05],
          [1.4609e-05],
          [2.3484e-05],
          [1.6430e-05],
          [2.6969e-05],
          [1.5224e-05],
          [1.5441e-05],
          [1.2634e-05],
          [1.2163e-05],
          [1.3442e-05],
          [1.4566e-05],
          [1.3070e-05],
          [1.2719e-05],
          [1.2824e-05],
          [1.3262e-05],
          [1.6567e-05],
          [1.4836e-05],
          [1.8417e-05],
          [1.5488e-05],
          [2.9077e-05],
          [3.6681e-05],
          [7.6715e-05],
          [1.3873e-05],
          [1.4909e-05],
          [1.5991e-05],
          [1.5679e-05],
          [8.0744e-05],
          [4.0493e-05],
          [1.8110e-05],
          [1.3258e-05],
          [1.4843e-05],
          [1.5036e-05],
          [1.3647e-05],
          [1.9213e-05],
          [1.8675e-05],
          [2.0410e-05],
          [1.9078e-05],
          [1.8671e-05],
          [1.8672e-05],
          [1.5039e-05],
          [1.2347e-05],
          [1.3778e-05],
          [1.7753e-05],
          [1.3361e-05],
          [1.6910e-05],
          [5.5689e-05],
          [8.6989e-05],
          [1.3693e-04],
          [1.3745e-04],
          [1.1168e-04],
          [7.0631e-05],
          [5.3392e-05],
          [4.7328e-05],
          [3.3683e-05],
          [6.9771e-05],
          [5.4391e-05],
          [3.1744e-05],
          [2.9462e-05],
          [3.0293e-05],
          [2.8153e-05],
          [3.4416e-05],
          [3.1655e-05],
          [3.2755e-05],
          [3.7621e-05],
          [4.2271e-05],
          [4.7933e-05],
          [4.9543e-05],
          [4.9645e-05],
          [4.8695e-05],
          [5.4215e-05],
          [4.5315e-05],
          [3.5792e-05],
          [1.0749e-04],
          [1.2458e-04],
          [1.9552e-05],
          [4.8629e-05],
          [7.3837e-05],
          [3.1227e-05],
          [9.2189e-05],
          [2.6409e-05],
          [1.5087e-04],
          [2.4518e-05],
          [2.2812e-05],
          [1.9584e-05],
          [2.2035e-05],
          [2.0903e-05],
          [5.2992e-06],
          [4.5356e-06]]]])
