# Using CPU
# Loading Embeddings...
# Making Predictions...
torch.Size([1, 1, 442, 469])
tensor([[[[3.9849e-04],
          [3.1896e-05],
          [1.4502e-04],
          [2.0124e-05],
          [1.4288e-05],
          [7.2515e-04],
          [1.6344e-04],
          [2.5468e-05],
          [3.7628e-04],
          [1.1603e-04],
          [2.1641e-05],
          [1.3265e-05],
          [1.2943e-03],
          [5.1240e-04],
          [1.6893e-05],
          [1.6403e-05],
          [2.4694e-05],
          [2.4319e-05],
          [3.8259e-05],
          [3.9416e-05],
          [1.0637e-03],
          [4.6911e-05],
          [1.6259e-04],
          [1.8774e-05],
          [2.0195e-05],
          [2.9893e-05],
          [4.1261e-05],
          [6.9805e-05],
          [8.9127e-05],
          [1.1610e-04],
          [1.1334e-04],
          [1.3294e-04],
          [1.2038e-04],
          [1.2885e-04],
          [9.8561e-05],
          [7.4393e-05],
          [1.0754e-03],
          [4.7470e-05],
          [3.2676e-04],
          [1.3812e-04],
          [2.4905e-04],
          [1.8293e-05],
          [1.8619e-05],
          [1.9559e-05],
          [1.5005e-05],
          [1.7233e-05],
          [1.2447e-05],
          [1.2512e-05],
          [1.1108e-05],
          [7.4320e-04],
          [2.3242e-04],
          [1.2493e-05],
          [1.1624e-05],
          [5.8535e-04],
          [9.7283e-05],
          [1.5758e-05],
          [1.6784e-05],
          [1.5249e-05],
          [1.8392e-05],
          [2.3048e-05],
          [2.3772e-05],
          [2.2588e-05],
          [4.9028e-04],
          [4.3062e-04],
          [2.0396e-05],
          [1.8659e-05],
          [1.5255e-05],
          [1.4021e-05],
          [1.6355e-05],
          [1.7226e-05],
          [1.4145e-05],
          [9.5506e-04],
          [2.7994e-05],
          [2.6439e-05],
          [1.6025e-05],
          [2.9535e-05],
          [1.7010e-04],
          [1.3351e-05],
          [1.4557e-05],
          [1.3511e-05],
          [1.2329e-03],
          [3.5924e-04],
          [1.7819e-05],
          [1.4687e-05],
          [1.7323e-05],
          [1.4576e-05],
          [2.0672e-05],
          [2.1971e-05],
          [3.0113e-05],
          [2.5525e-05],
          [6.9712e-04],
          [1.8733e-04],
          [7.7105e-04],
          [2.3859e-05],
          [2.9105e-05],
          [3.7185e-05],
          [4.4755e-05],
          [4.9521e-05],
          [4.8103e-05],
          [5.7369e-05],
          [1.1059e-04],
          [9.7679e-05],
          [5.3808e-05],
          [3.5601e-05],
          [2.5442e-05],
          [2.5455e-05],
          [2.7558e-05],
          [3.3286e-05],
          [3.2299e-05],
          [3.2594e-05],
          [2.6601e-05],
          [1.1901e-04],
          [3.5158e-04],
          [3.5463e-05],
          [5.4655e-04],
          [2.1237e-05],
          [1.8115e-05],
          [1.4305e-05],
          [1.6768e-05],
          [1.9637e-05],
          [1.9134e-05],
          [1.4910e-05],
          [2.3629e-05],
          [1.4731e-05],
          [1.9834e-05],
          [1.8366e-05],
          [2.0891e-05],
          [2.1010e-05],
          [2.5147e-05],
          [3.1209e-05],
          [2.8659e-05],
          [1.0470e-03],
          [5.3266e-04],
          [2.6151e-05],
          [3.1671e-05],
          [2.9339e-05],
          [2.7934e-05],
          [2.9348e-05],
          [2.4904e-05],
          [2.4665e-05],
          [2.3587e-05],
          [2.0241e-05],
          [1.4066e-05],
          [1.6533e-05],
          [1.9975e-05],
          [2.7836e-05],
          [2.7783e-05],
          [4.3481e-05],
          [5.7739e-05],
          [1.0274e-04],
          [1.0750e-04],
          [1.2338e-04],
          [1.0457e-04],
          [1.3057e-04],
          [9.5679e-05],
          [7.8243e-05],
          [3.5265e-04],
          [5.8883e-05],
          [3.2017e-04],
          [1.5842e-04],
          [3.1009e-05],
          [1.9577e-05],
          [1.7729e-05],
          [2.0685e-05],
          [2.1226e-05],
          [2.7437e-05],
          [2.4755e-05],
          [2.4386e-05],
          [2.5877e-05],
          [3.0653e-05],
          [2.4993e-05],
          [4.0080e-04],
          [2.1620e-04],
          [3.5039e-05],
          [4.7558e-05],
          [5.4291e-05],
          [5.5114e-05],
          [4.8530e-05],
          [5.6273e-04],
          [7.0163e-05],
          [6.8361e-04],
          [2.0103e-05],
          [1.5114e-05],
          [1.3019e-03],
          [2.8941e-05],
          [5.6984e-04],
          [3.2538e-05],
          [3.8445e-05],
          [3.2345e-05],
          [1.3148e-03],
          [3.0507e-05],
          [1.4279e-04],
          [2.2863e-05],
          [2.9848e-05],
          [3.1151e-05],
          [3.1288e-05],
          [3.7640e-05],
          [2.8316e-05],
          [9.5735e-04],
          [4.0213e-04],
          [2.6770e-05],
          [2.2522e-05],
          [1.9928e-05],
          [1.6106e-05],
          [1.7523e-05],
          [1.4327e-05],
          [2.0903e-05],
          [6.4873e-04],
          [1.3628e-04],
          [1.3676e-05],
          [1.4636e-05],
          [1.5290e-05],
          [1.5191e-05],
          [6.8452e-04],
          [3.4335e-05],
          [2.4380e-05],
          [5.0113e-04],
          [1.4910e-05],
          [1.7684e-05],
          [2.8229e-05],
          [3.0076e-05],
          [1.4599e-05],
          [1.6150e-05],
          [1.7082e-05],
          [3.6777e-05],
          [7.9617e-05],
          [1.5331e-05],
          [1.5839e-05],
          [1.5888e-05],
          [1.8038e-05],
          [1.5766e-05],
          [1.5765e-05],
          [1.4762e-05],
          [1.5716e-05],
          [5.6359e-04],
          [8.6044e-05],
          [1.6110e-05],
          [1.6010e-05],
          [1.7646e-05],
          [2.6444e-05],
          [3.4595e-05],
          [3.4968e-05],
          [2.9996e-05],
          [4.1313e-05],
          [4.4670e-05],
          [3.0568e-05],
          [6.3867e-04],
          [2.8435e-04],
          [3.3473e-05],
          [5.1293e-04],
          [1.0517e-05],
          [4.9098e-04],
          [2.3386e-04],
          [1.8229e-05],
          [2.2379e-05],
          [2.3129e-05],
          [2.5349e-05],
          [3.2425e-05],
          [3.7691e-05],
          [6.0276e-05],
          [6.6861e-05],
          [1.2081e-04],
          [1.5043e-04],
          [2.5642e-04],
          [2.2222e-04],
          [2.3320e-04],
          [1.4335e-04],
          [4.2643e-04],
          [5.3625e-05],
          [4.7603e-05],
          [7.1175e-04],
          [1.0252e-04],
          [6.8474e-05],
          [2.0979e-04],
          [1.8163e-04],
          [6.4744e-05],
          [5.6815e-04],
          [1.3836e-05],
          [1.3686e-05],
          [1.2394e-05],
          [1.3281e-05],
          [2.4055e-05],
          [2.1179e-05],
          [2.5656e-05],
          [2.3670e-05],
          [2.7362e-05],
          [1.9832e-05],
          [4.2438e-03],
          [4.1198e-05],
          [2.1233e-04],
          [3.5186e-05],
          [1.1334e-05],
          [1.2141e-05],
          [1.0700e-05],
          [1.1288e-05],
          [1.4943e-05],
          [1.6161e-05],
          [1.3152e-03],
          [3.1265e-05],
          [2.8482e-04],
          [1.9859e-05],
          [1.6989e-05],
          [1.4157e-05],
          [1.5612e-05],
          [1.5334e-05],
          [1.6666e-05],
          [1.5621e-05],
          [1.4225e-05],
          [1.4828e-05],
          [1.9795e-05],
          [2.3995e-05],
          [3.1380e-05],
          [4.0033e-04],
          [1.9721e-04],
          [1.9359e-05],
          [1.6677e-05],
          [1.9439e-05],
          [1.3847e-05],
          [1.6552e-05],
          [2.3456e-05],
          [2.8194e-05],
          [2.9861e-05],
          [3.0123e-05],
          [2.6395e-05],
          [2.4064e-05],
          [1.5807e-05],
          [1.1661e-05],
          [1.7490e-05],
          [1.4070e-05],
          [1.5824e-05],
          [1.2001e-05],
          [1.2921e-05],
          [1.9792e-05],
          [1.6007e-05],
          [1.8458e-05],
          [2.4018e-05],
          [2.2552e-05],
          [2.9235e-05],
          [2.5977e-05],
          [3.8944e-05],
          [3.3090e-05],
          [3.1317e-05],
          [2.3036e-05],
          [2.3970e-05],
          [2.9268e-05],
          [3.0898e-05],
          [2.2410e-05],
          [2.1640e-05],
          [2.0174e-05],
          [2.2454e-05],
          [1.9806e-05],
          [2.3462e-05],
          [2.0248e-05],
          [2.0063e-05],
          [2.4690e-05],
          [2.3372e-05],
          [2.3898e-04],
          [2.2035e-05],
          [1.9069e-04],
          [2.1082e-05],
          [2.0470e-05],
          [1.8471e-05],
          [2.1770e-05],
          [1.6584e-05],
          [1.6081e-05],
          [1.6972e-05],
          [1.4627e-05],
          [1.4017e-05],
          [1.5611e-05],
          [1.2879e-05],
          [1.3188e-05],
          [1.6761e-05],
          [1.6278e-05],
          [3.9642e-04],
          [1.5602e-04],
          [3.2463e-04],
          [1.2207e-05],
          [1.5107e-05],
          [1.3672e-05],
          [3.4098e-05],
          [1.2761e-03],
          [2.7826e-04],
          [2.3959e-05],
          [2.6565e-05],
          [2.0854e-05],
          [2.3523e-05],
          [2.2527e-05],
          [1.9416e-05],
          [1.9034e-05],
          [1.9075e-05],
          [1.8418e-05],
          [1.8730e-05],
          [1.7748e-05],
          [1.5014e-05],
          [1.5821e-05],
          [1.5057e-05],
          [1.6209e-05],
          [1.5469e-05],
          [1.5179e-05],
          [5.9885e-05],
          [4.6649e-05],
          [6.1604e-05],
          [9.1884e-05],
          [7.4039e-05],
          [1.2945e-04],
          [1.4116e-04],
          [9.8674e-05],
          [5.8263e-05],
          [9.7096e-04],
          [4.0693e-04],
          [3.3525e-05],
          [2.4981e-05],
          [2.3057e-05],
          [2.6789e-05],
          [2.1680e-05],
          [2.1821e-05],
          [2.0711e-05],
          [9.4532e-05],
          [5.7465e-05],
          [5.8795e-04],
          [1.6631e-04],
          [2.9717e-05],
          [2.5966e-05],
          [3.2932e-05],
          [2.2750e-05],
          [1.8862e-05],
          [5.8882e-04],
          [3.4175e-04],
          [2.3422e-05],
          [2.4075e-04],
          [1.7221e-04],
          [1.8399e-05],
          [7.7903e-04],
          [3.4644e-05],
          [7.8871e-04],
          [1.7216e-05],
          [1.8010e-05],
          [1.7805e-05],
          [2.0966e-05],
          [2.9274e-05],
          [5.7508e-05],
          [7.8296e-06]]]])
