# Using CPU
# Loading Embeddings...
# Making Predictions...
torch.Size([1, 1, 442, 287])
tensor([[[[8.1562e-04],
          [1.4378e-04],
          [1.9457e-04],
          [4.5726e-05],
          [1.0802e-05],
          [2.8418e-04],
          [8.9168e-04],
          [3.2892e-05],
          [3.3592e-04],
          [1.4946e-03],
          [1.2717e-05],
          [1.2315e-05],
          [6.0181e-04],
          [2.5354e-04],
          [4.7354e-05],
          [2.2340e-05],
          [3.9878e-05],
          [1.5013e-05],
          [1.8268e-05],
          [2.4411e-05],
          [3.1081e-04],
          [3.8598e-05],
          [1.9489e-03],
          [1.3846e-05],
          [1.2814e-05],
          [1.6225e-05],
          [2.2168e-05],
          [3.6795e-05],
          [4.1774e-05],
          [5.2131e-05],
          [5.0213e-05],
          [5.9354e-05],
          [5.7346e-05],
          [6.3166e-05],
          [4.8677e-05],
          [4.2404e-05],
          [6.7391e-04],
          [4.8161e-05],
          [2.5581e-04],
          [1.0053e-04],
          [1.4573e-03],
          [1.7520e-05],
          [1.7106e-05],
          [1.8542e-05],
          [1.3599e-05],
          [1.4524e-05],
          [1.2138e-05],
          [2.2871e-05],
          [4.0113e-05],
          [2.4993e-04],
          [9.6025e-04],
          [1.5625e-05],
          [1.4259e-05],
          [3.0210e-04],
          [1.3824e-03],
          [1.1178e-05],
          [1.0278e-05],
          [1.6143e-05],
          [1.6601e-05],
          [1.2779e-05],
          [1.1631e-05],
          [1.1715e-05],
          [4.0981e-04],
          [6.7878e-04],
          [1.1854e-05],
          [1.2794e-05],
          [1.4686e-05],
          [1.4541e-05],
          [1.4499e-05],
          [1.3457e-05],
          [1.1838e-05],
          [4.8515e-04],
          [2.7459e-05],
          [7.4747e-05],
          [1.2616e-05],
          [2.4667e-05],
          [5.3571e-03],
          [1.1845e-05],
          [1.1487e-05],
          [1.1039e-05],
          [4.8473e-04],
          [3.9372e-04],
          [1.2527e-05],
          [1.1269e-05],
          [1.1612e-05],
          [1.3388e-05],
          [1.4253e-05],
          [1.6335e-05],
          [1.5177e-05],
          [1.4105e-05],
          [2.7872e-04],
          [5.1859e-05],
          [5.6319e-04],
          [1.1502e-05],
          [1.4849e-05],
          [1.7789e-05],
          [2.2752e-05],
          [2.7528e-05],
          [2.6635e-05],
          [2.9253e-05],
          [2.8257e-05],
          [2.2366e-05],
          [1.5712e-05],
          [1.1413e-05],
          [1.0887e-05],
          [1.1588e-05],
          [1.1801e-05],
          [1.2954e-05],
          [1.3960e-05],
          [1.4091e-05],
          [1.1956e-05],
          [1.0300e-04],
          [1.6302e-04],
          [1.9419e-05],
          [4.8079e-04],
          [1.3871e-05],
          [1.0007e-05],
          [1.0263e-05],
          [1.0787e-05],
          [1.0617e-05],
          [1.2205e-05],
          [1.0210e-05],
          [1.7754e-05],
          [1.0905e-05],
          [1.2300e-05],
          [1.0628e-05],
          [1.0679e-05],
          [1.0820e-05],
          [1.0876e-05],
          [1.2654e-05],
          [1.2719e-05],
          [6.9239e-04],
          [8.7226e-04],
          [1.9511e-05],
          [1.6695e-05],
          [1.5051e-05],
          [1.3522e-05],
          [1.4739e-05],
          [1.2506e-05],
          [1.3065e-05],
          [1.1351e-05],
          [1.1572e-05],
          [9.9378e-06],
          [1.0261e-05],
          [1.1234e-05],
          [1.2165e-05],
          [1.2065e-05],
          [1.4072e-05],
          [1.7194e-05],
          [2.3397e-05],
          [2.4052e-05],
          [2.7960e-05],
          [2.8296e-05],
          [3.8056e-05],
          [3.2976e-05],
          [3.4252e-05],
          [4.3449e-04],
          [8.2049e-04],
          [1.4838e-04],
          [3.1296e-03],
          [1.4553e-05],
          [1.2662e-05],
          [1.2881e-05],
          [1.3313e-05],
          [1.4382e-05],
          [1.8844e-05],
          [1.5738e-05],
          [1.6267e-05],
          [1.7723e-05],
          [1.9157e-05],
          [1.3603e-05],
          [2.7938e-04],
          [1.4804e-03],
          [1.3577e-05],
          [1.4101e-05],
          [2.6053e-05],
          [2.6332e-05],
          [1.4309e-05],
          [3.2421e-04],
          [3.0465e-05],
          [2.0434e-04],
          [1.8144e-05],
          [2.2847e-05],
          [4.2330e-04],
          [1.3577e-05],
          [8.9128e-04],
          [1.4558e-05],
          [1.6243e-05],
          [1.2656e-05],
          [3.1828e-04],
          [4.4208e-05],
          [4.6173e-03],
          [1.2129e-05],
          [1.4738e-05],
          [1.2505e-05],
          [1.3266e-05],
          [1.3678e-05],
          [1.2561e-05],
          [3.8682e-04],
          [7.7976e-04],
          [1.1685e-05],
          [1.2624e-05],
          [1.2532e-05],
          [1.0799e-05],
          [1.2813e-05],
          [1.3453e-05],
          [1.3335e-05],
          [2.0488e-04],
          [2.1213e-03],
          [1.2026e-05],
          [1.2135e-05],
          [1.3014e-05],
          [1.2116e-05],
          [2.3601e-04],
          [2.8024e-05],
          [1.8460e-05],
          [4.1788e-03],
          [1.3008e-05],
          [1.5835e-05],
          [1.2059e-05],
          [1.5191e-05],
          [1.1237e-05],
          [1.0314e-05],
          [9.6226e-06],
          [1.0659e-05],
          [1.4597e-05],
          [1.2535e-05],
          [1.0207e-05],
          [1.4144e-05],
          [1.2165e-05],
          [1.1054e-05],
          [1.2126e-05],
          [9.7022e-06],
          [1.1338e-05],
          [2.0977e-04],
          [1.0057e-03],
          [1.4224e-05],
          [1.2262e-05],
          [1.1435e-05],
          [1.5052e-05],
          [2.0883e-05],
          [2.0091e-05],
          [1.5710e-05],
          [1.9959e-05],
          [2.1057e-05],
          [1.3926e-05],
          [3.2080e-04],
          [1.7889e-04],
          [1.7328e-05],
          [3.2251e-04],
          [1.0324e-05],
          [1.8414e-04],
          [6.4282e-04],
          [1.5951e-05],
          [1.7105e-05],
          [1.7700e-05],
          [1.5511e-05],
          [1.8364e-05],
          [1.9550e-05],
          [2.0555e-05],
          [1.7787e-05],
          [1.8533e-05],
          [1.7590e-05],
          [2.1749e-05],
          [4.5677e-05],
          [4.2115e-05],
          [2.9068e-05],
          [2.2677e-04],
          [1.7140e-05],
          [1.9107e-05],
          [5.6825e-04],
          [2.5601e-04],
          [1.9712e-05],
          [4.6890e-04],
          [1.7291e-04],
          [2.7833e-05],
          [1.8553e-04],
          [1.2014e-05],
          [1.1745e-05],
          [1.0014e-05],
          [8.9718e-06],
          [9.9768e-06],
          [1.0124e-05],
          [2.9530e-05],
          [1.3179e-05],
          [1.6063e-05],
          [1.0504e-05],
          [4.8513e-04],
          [2.8813e-05],
          [9.5564e-05],
          [2.9588e-04],
          [9.3535e-06],
          [9.9266e-06],
          [9.6791e-06],
          [9.2797e-06],
          [9.5237e-06],
          [9.8999e-06],
          [3.0254e-04],
          [2.5842e-05],
          [4.7882e-03],
          [1.2060e-05],
          [1.0420e-05],
          [1.1480e-05],
          [1.1623e-05],
          [1.1096e-05],
          [1.2369e-05],
          [1.1087e-05],
          [1.3904e-05],
          [1.4319e-05],
          [1.5751e-05],
          [1.6263e-05],
          [1.6761e-05],
          [2.2577e-04],
          [2.0671e-03],
          [1.4129e-05],
          [1.2673e-05],
          [1.2056e-05],
          [1.0942e-05],
          [1.0817e-05],
          [1.5709e-05],
          [1.8948e-05],
          [1.6189e-05],
          [1.8189e-05],
          [1.4201e-05],
          [1.4583e-05],
          [1.1076e-05],
          [1.1302e-05],
          [1.0607e-05],
          [1.2309e-05],
          [1.1763e-05],
          [1.1191e-05],
          [1.1423e-05],
          [1.3068e-05],
          [1.3217e-05],
          [1.2060e-05],
          [1.5266e-05],
          [1.4602e-05],
          [1.7864e-05],
          [1.5391e-05],
          [2.3189e-05],
          [2.2907e-05],
          [2.4363e-05],
          [1.5339e-05],
          [1.6704e-05],
          [1.4900e-05],
          [1.5134e-05],
          [1.3391e-05],
          [1.3581e-05],
          [1.7032e-05],
          [1.2052e-05],
          [1.2153e-05],
          [1.1295e-05],
          [1.2002e-05],
          [1.1298e-05],
          [1.2926e-05],
          [1.2610e-05],
          [4.3042e-04],
          [5.5509e-05],
          [5.0629e-03],
          [1.5118e-05],
          [1.5682e-05],
          [1.3731e-05],
          [1.4218e-05],
          [1.4761e-05],
          [1.3589e-05],
          [1.3518e-05],
          [1.2180e-05],
          [1.0749e-05],
          [1.1040e-05],
          [1.0740e-05],
          [1.0286e-05],
          [1.2379e-05],
          [1.1099e-05],
          [3.6090e-04],
          [7.7932e-05],
          [3.6304e-03],
          [1.2265e-05],
          [1.0027e-05],
          [9.1139e-06],
          [1.1636e-05],
          [2.5462e-04],
          [3.2917e-03],
          [1.1892e-05],
          [1.1096e-05],
          [1.2447e-05],
          [1.8854e-05],
          [2.6919e-05],
          [3.2693e-05],
          [4.4030e-05],
          [3.5489e-05],
          [2.9326e-05],
          [2.1039e-05],
          [1.5850e-05],
          [1.1668e-05],
          [1.1130e-05],
          [1.0700e-05],
          [1.0865e-05],
          [1.1471e-05],
          [1.1253e-05],
          [3.4506e-05],
          [2.1581e-05],
          [2.5999e-05],
          [3.2414e-05],
          [2.0317e-05],
          [2.1481e-05],
          [2.0232e-05],
          [1.9877e-05],
          [1.6079e-05],
          [2.1768e-04],
          [7.3220e-04],
          [2.0013e-05],
          [1.7896e-05],
          [1.5629e-05],
          [1.4885e-05],
          [1.4803e-05],
          [1.5457e-05],
          [1.5247e-05],
          [9.0798e-05],
          [8.3683e-05],
          [1.5223e-04],
          [1.6253e-03],
          [1.7440e-05],
          [1.3566e-05],
          [1.4702e-05],
          [1.4404e-05],
          [1.0233e-05],
          [2.6398e-04],
          [7.9713e-05],
          [1.3446e-05],
          [8.4973e-05],
          [5.6747e-04],
          [1.5282e-05],
          [2.8281e-04],
          [1.7086e-05],
          [2.7276e-04],
          [1.8268e-05],
          [1.2381e-05],
          [9.7950e-06],
          [1.0832e-05],
          [1.1202e-05],
          [2.7009e-05],
          [1.0326e-05]]]])
