# Using CPU
# Loading Embeddings...
# Making Predictions...
torch.Size([1, 1, 442, 277])
tensor([[[[2.9856e-04],
          [5.0161e-05],
          [1.1344e-04],
          [4.9218e-05],
          [3.0210e-05],
          [6.0356e-04],
          [1.5978e-04],
          [3.2144e-05],
          [3.1260e-04],
          [1.6258e-04],
          [2.1790e-05],
          [1.8620e-05],
          [5.1785e-04],
          [1.9363e-04],
          [4.6733e-05],
          [6.0056e-05],
          [1.2458e-04],
          [1.8380e-04],
          [2.9284e-04],
          [2.6982e-04],
          [5.9436e-04],
          [1.0060e-04],
          [1.8709e-04],
          [2.8566e-05],
          [2.8924e-05],
          [2.7129e-05],
          [2.6639e-05],
          [4.5733e-05],
          [5.8989e-05],
          [7.8785e-05],
          [7.8542e-05],
          [8.8914e-05],
          [7.7243e-05],
          [8.1490e-05],
          [6.1338e-05],
          [4.3265e-05],
          [1.5085e-03],
          [4.1072e-05],
          [1.5841e-04],
          [7.3422e-05],
          [9.8386e-05],
          [1.8070e-05],
          [1.7958e-05],
          [1.8882e-05],
          [1.5455e-05],
          [1.5576e-05],
          [1.6997e-05],
          [2.1877e-05],
          [2.0282e-05],
          [3.3053e-04],
          [8.9880e-05],
          [2.5417e-05],
          [1.9013e-05],
          [1.8889e-04],
          [6.1055e-05],
          [2.3389e-05],
          [1.5526e-05],
          [1.4628e-05],
          [1.6768e-05],
          [1.8498e-05],
          [2.3849e-05],
          [1.8207e-05],
          [6.8606e-04],
          [2.1892e-04],
          [2.5190e-05],
          [2.5001e-05],
          [2.4738e-05],
          [2.4331e-05],
          [2.6194e-05],
          [2.4293e-05],
          [1.7988e-05],
          [2.9916e-04],
          [3.2237e-05],
          [2.3833e-05],
          [1.5288e-05],
          [2.0441e-05],
          [1.0130e-04],
          [1.8030e-05],
          [1.9436e-05],
          [1.6854e-05],
          [4.2944e-04],
          [1.6035e-04],
          [2.1794e-05],
          [1.6079e-05],
          [1.6127e-05],
          [1.6468e-05],
          [2.0040e-05],
          [1.8276e-05],
          [2.8499e-05],
          [3.4228e-05],
          [3.5988e-04],
          [7.0738e-05],
          [3.0493e-04],
          [5.7881e-05],
          [4.9176e-05],
          [5.8085e-05],
          [6.4477e-05],
          [1.7861e-04],
          [1.8820e-04],
          [3.4639e-04],
          [4.7530e-04],
          [5.5680e-04],
          [2.6186e-04],
          [1.3613e-04],
          [7.9673e-05],
          [2.8502e-05],
          [2.5424e-05],
          [2.8163e-05],
          [3.0480e-05],
          [2.5540e-05],
          [2.2570e-05],
          [8.9883e-05],
          [2.2095e-04],
          [2.9864e-05],
          [2.3159e-04],
          [1.8898e-05],
          [1.6320e-05],
          [1.4625e-05],
          [2.1171e-05],
          [2.2293e-05],
          [2.4969e-05],
          [2.6225e-05],
          [2.3081e-05],
          [2.0517e-05],
          [2.3106e-05],
          [3.1239e-05],
          [2.8074e-05],
          [2.7818e-05],
          [2.8156e-05],
          [3.3284e-05],
          [3.0824e-05],
          [6.1621e-04],
          [1.9474e-04],
          [4.1788e-05],
          [3.1600e-05],
          [2.7496e-05],
          [2.4116e-05],
          [2.1372e-05],
          [1.9448e-05],
          [1.9873e-05],
          [2.5020e-05],
          [1.8247e-05],
          [2.0463e-05],
          [2.1380e-05],
          [3.0078e-05],
          [2.8213e-05],
          [2.4785e-05],
          [2.5543e-05],
          [3.2658e-05],
          [5.6903e-05],
          [6.4079e-05],
          [7.4343e-05],
          [6.9572e-05],
          [9.0233e-05],
          [6.7273e-05],
          [5.6156e-05],
          [2.3256e-04],
          [6.1179e-05],
          [1.3651e-04],
          [9.3623e-05],
          [3.2128e-05],
          [3.1102e-05],
          [2.9156e-05],
          [2.4494e-05],
          [2.5009e-05],
          [2.7493e-05],
          [2.9811e-05],
          [3.1575e-05],
          [3.2456e-05],
          [3.5527e-05],
          [4.4257e-05],
          [3.7257e-04],
          [1.0106e-04],
          [3.0125e-05],
          [3.3155e-05],
          [3.2726e-05],
          [3.4797e-05],
          [3.0924e-05],
          [5.5560e-04],
          [6.8601e-05],
          [3.4863e-04],
          [2.1531e-05],
          [1.7841e-05],
          [4.1100e-04],
          [2.9318e-05],
          [3.8054e-04],
          [1.4177e-04],
          [2.0533e-04],
          [1.2995e-04],
          [4.5254e-04],
          [5.0884e-05],
          [1.0126e-04],
          [2.7734e-05],
          [2.7220e-05],
          [2.5458e-05],
          [2.7922e-05],
          [3.2462e-05],
          [2.9830e-05],
          [4.8454e-04],
          [1.7523e-04],
          [3.2117e-05],
          [2.8347e-05],
          [2.7548e-05],
          [2.5067e-05],
          [3.2049e-05],
          [2.9829e-05],
          [3.2674e-05],
          [2.0756e-04],
          [8.5160e-05],
          [2.6308e-05],
          [2.2960e-05],
          [2.1447e-05],
          [1.9885e-05],
          [2.7117e-04],
          [4.5006e-05],
          [2.8133e-05],
          [1.4200e-04],
          [2.0257e-05],
          [1.9445e-05],
          [2.1213e-05],
          [2.4519e-05],
          [3.0121e-05],
          [3.0692e-05],
          [3.0311e-05],
          [2.6993e-05],
          [2.5103e-05],
          [2.1082e-05],
          [2.2965e-05],
          [2.4845e-05],
          [2.2998e-05],
          [2.0609e-05],
          [2.1462e-05],
          [2.5113e-05],
          [2.1364e-05],
          [2.5853e-04],
          [7.1290e-05],
          [2.0104e-05],
          [1.8381e-05],
          [2.5299e-05],
          [3.2795e-05],
          [6.5613e-05],
          [7.8753e-05],
          [1.0833e-04],
          [1.3883e-04],
          [1.8534e-04],
          [7.7730e-05],
          [2.2816e-04],
          [1.7893e-04],
          [2.8608e-05],
          [2.1721e-04],
          [2.2138e-05],
          [1.9760e-04],
          [9.0298e-05],
          [3.4144e-05],
          [5.2879e-05],
          [5.0132e-05],
          [4.3040e-05],
          [5.1053e-05],
          [6.4701e-05],
          [6.6334e-05],
          [6.1304e-05],
          [8.0654e-05],
          [1.0907e-04],
          [1.7331e-04],
          [1.5459e-04],
          [1.5964e-04],
          [9.8000e-05],
          [1.9999e-03],
          [6.9471e-05],
          [5.3248e-05],
          [3.6416e-04],
          [1.9222e-04],
          [4.9979e-05],
          [8.3724e-05],
          [1.5508e-04],
          [4.9150e-05],
          [2.7918e-04],
          [1.3979e-05],
          [1.4491e-05],
          [1.3451e-05],
          [1.5242e-05],
          [2.0263e-05],
          [2.5117e-05],
          [8.7541e-05],
          [6.9234e-05],
          [1.0151e-04],
          [6.0250e-05],
          [6.2138e-04],
          [3.5500e-05],
          [9.6185e-05],
          [5.3207e-05],
          [1.5918e-05],
          [1.3235e-05],
          [1.3188e-05],
          [2.4082e-05],
          [3.0532e-05],
          [4.6907e-05],
          [3.6254e-04],
          [5.1894e-05],
          [1.6158e-04],
          [3.0368e-05],
          [2.4531e-05],
          [2.6850e-05],
          [2.7605e-05],
          [2.4619e-05],
          [2.7924e-05],
          [2.5013e-05],
          [2.7562e-05],
          [2.4444e-05],
          [3.2976e-05],
          [3.4024e-05],
          [3.8054e-05],
          [2.5544e-04],
          [9.4535e-05],
          [2.4896e-05],
          [2.3593e-05],
          [1.9371e-05],
          [1.8797e-05],
          [1.9859e-05],
          [3.2714e-05],
          [3.3643e-05],
          [3.2376e-05],
          [3.2445e-05],
          [2.6695e-05],
          [2.2722e-05],
          [1.5000e-05],
          [1.3243e-05],
          [1.9093e-05],
          [2.5002e-05],
          [2.0617e-05],
          [1.7110e-05],
          [1.6124e-05],
          [1.8042e-05],
          [1.6401e-05],
          [2.6899e-05],
          [2.7374e-05],
          [3.9057e-05],
          [3.0511e-05],
          [3.3047e-05],
          [8.0063e-05],
          [8.7618e-05],
          [5.7184e-05],
          [2.8748e-05],
          [3.3211e-05],
          [2.9735e-05],
          [3.8167e-05],
          [2.4162e-05],
          [2.9501e-05],
          [3.1133e-05],
          [3.7269e-05],
          [3.9017e-05],
          [5.5216e-05],
          [2.1820e-05],
          [1.7966e-05],
          [1.9734e-05],
          [2.0787e-05],
          [9.5824e-05],
          [2.2361e-05],
          [1.0208e-04],
          [1.9529e-05],
          [2.1804e-05],
          [2.0612e-05],
          [1.8715e-05],
          [2.1983e-05],
          [2.0092e-05],
          [2.1811e-05],
          [1.7072e-05],
          [2.0193e-05],
          [1.7960e-05],
          [1.9890e-05],
          [1.9857e-05],
          [2.1006e-05],
          [2.0596e-05],
          [1.6275e-04],
          [7.5865e-05],
          [1.4755e-04],
          [1.5192e-05],
          [1.7535e-05],
          [1.8839e-05],
          [3.5572e-05],
          [3.2343e-04],
          [1.4698e-04],
          [2.1835e-05],
          [2.1527e-05],
          [1.8602e-05],
          [2.0343e-05],
          [2.3056e-05],
          [3.1519e-05],
          [4.5871e-05],
          [4.3558e-05],
          [4.0962e-05],
          [3.0499e-05],
          [2.9615e-05],
          [2.2821e-05],
          [1.9144e-05],
          [1.8078e-05],
          [1.7189e-05],
          [1.8960e-05],
          [2.5092e-05],
          [6.3296e-05],
          [2.3279e-04],
          [4.2970e-04],
          [4.1504e-04],
          [2.6434e-04],
          [1.5648e-04],
          [6.6549e-05],
          [4.7993e-05],
          [3.1456e-05],
          [2.6664e-04],
          [9.7113e-05],
          [3.4980e-05],
          [2.6495e-05],
          [3.1687e-05],
          [2.4086e-05],
          [2.9843e-05],
          [2.5189e-05],
          [3.7032e-05],
          [9.0622e-05],
          [6.5117e-05],
          [2.8265e-04],
          [1.3815e-04],
          [1.0409e-04],
          [7.8464e-05],
          [1.0405e-04],
          [4.9189e-05],
          [4.5905e-05],
          [5.6366e-04],
          [1.5682e-04],
          [1.7813e-05],
          [8.4243e-05],
          [1.4079e-04],
          [1.3539e-05],
          [2.2981e-04],
          [2.2723e-05],
          [2.9453e-04],
          [1.6854e-05],
          [1.6923e-05],
          [1.5944e-05],
          [2.1867e-05],
          [2.2427e-05],
          [9.1410e-06],
          [7.9272e-06]]]])
