# Using CPU
# Loading Embeddings...
# Making Predictions...
torch.Size([1, 1, 442, 520])
tensor([[[[2.1536e-03],
          [7.5943e-05],
          [1.4035e-04],
          [1.7098e-05],
          [1.2289e-05],
          [2.4318e-04],
          [1.0796e-04],
          [2.1486e-05],
          [1.5342e-04],
          [9.9962e-05],
          [1.8615e-05],
          [1.4457e-05],
          [9.9562e-04],
          [3.8658e-04],
          [2.0400e-05],
          [1.7298e-05],
          [2.9713e-05],
          [2.2379e-05],
          [3.4249e-05],
          [3.9581e-05],
          [3.1761e-04],
          [3.6589e-05],
          [2.0237e-04],
          [1.9435e-05],
          [2.5090e-05],
          [2.0403e-05],
          [2.6056e-05],
          [4.1167e-05],
          [5.2625e-05],
          [6.5372e-05],
          [6.5624e-05],
          [7.2976e-05],
          [6.7008e-05],
          [6.7905e-05],
          [5.4732e-05],
          [4.1204e-05],
          [8.3030e-04],
          [6.1514e-05],
          [1.7688e-04],
          [7.7763e-05],
          [1.5044e-04],
          [1.6655e-05],
          [1.4433e-05],
          [1.5931e-05],
          [1.2317e-05],
          [1.2475e-05],
          [1.1906e-05],
          [1.1536e-05],
          [1.0751e-05],
          [5.3017e-04],
          [1.5350e-04],
          [1.2166e-05],
          [1.2971e-05],
          [1.8651e-04],
          [9.2047e-05],
          [1.4747e-05],
          [1.3493e-05],
          [1.3391e-05],
          [1.5485e-05],
          [1.7271e-05],
          [1.7910e-05],
          [1.7906e-05],
          [4.9862e-04],
          [2.4395e-04],
          [1.5598e-05],
          [1.4811e-05],
          [1.4950e-05],
          [1.6322e-05],
          [1.9464e-05],
          [2.1067e-05],
          [1.7141e-05],
          [7.9425e-04],
          [2.8305e-05],
          [2.5860e-05],
          [1.3287e-05],
          [3.0160e-05],
          [1.7744e-04],
          [1.5128e-05],
          [1.8067e-05],
          [1.7398e-05],
          [1.5160e-03],
          [3.4427e-04],
          [2.2564e-05],
          [1.7127e-05],
          [2.0980e-05],
          [1.8470e-05],
          [2.6421e-05],
          [2.8322e-05],
          [3.5710e-05],
          [2.9040e-05],
          [2.2418e-04],
          [9.6488e-05],
          [4.0234e-04],
          [2.4456e-05],
          [2.3399e-05],
          [2.5869e-05],
          [2.5557e-05],
          [4.0082e-05],
          [2.9540e-05],
          [4.5711e-05],
          [6.1639e-05],
          [5.8243e-05],
          [3.7299e-05],
          [3.2187e-05],
          [2.6722e-05],
          [2.0553e-05],
          [1.9067e-05],
          [2.4172e-05],
          [2.3765e-05],
          [2.4157e-05],
          [2.0159e-05],
          [5.9436e-05],
          [3.7551e-04],
          [2.1322e-05],
          [4.1572e-04],
          [1.9284e-05],
          [1.4074e-05],
          [1.1977e-05],
          [1.3625e-05],
          [1.4980e-05],
          [1.4439e-05],
          [1.2554e-05],
          [1.9649e-05],
          [1.2258e-05],
          [1.2733e-05],
          [1.4110e-05],
          [1.3070e-05],
          [1.4472e-05],
          [1.5504e-05],
          [1.6940e-05],
          [1.8189e-05],
          [1.2585e-03],
          [3.2928e-04],
          [2.4033e-05],
          [2.5010e-05],
          [2.5801e-05],
          [2.3085e-05],
          [2.3937e-05],
          [1.8589e-05],
          [1.9648e-05],
          [1.5769e-05],
          [1.4403e-05],
          [1.2221e-05],
          [1.1762e-05],
          [1.3805e-05],
          [1.7602e-05],
          [1.8813e-05],
          [2.7227e-05],
          [3.3913e-05],
          [5.7848e-05],
          [6.0156e-05],
          [7.2107e-05],
          [6.2150e-05],
          [7.7345e-05],
          [5.7101e-05],
          [5.2891e-05],
          [1.3104e-04],
          [9.9244e-05],
          [1.1871e-04],
          [1.3910e-04],
          [4.1203e-05],
          [1.8122e-05],
          [1.6114e-05],
          [1.7730e-05],
          [1.7715e-05],
          [1.9136e-05],
          [1.8392e-05],
          [1.8308e-05],
          [1.9343e-05],
          [1.9397e-05],
          [1.8323e-05],
          [2.8481e-04],
          [1.8701e-04],
          [2.5334e-05],
          [3.1360e-05],
          [3.2353e-05],
          [4.0770e-05],
          [3.3176e-05],
          [4.4557e-04],
          [5.0711e-05],
          [3.6406e-04],
          [1.3478e-05],
          [1.7581e-05],
          [6.8459e-04],
          [2.3092e-05],
          [4.7418e-04],
          [3.8101e-05],
          [4.8679e-05],
          [3.6343e-05],
          [2.6413e-04],
          [2.8713e-05],
          [8.2391e-05],
          [2.0234e-05],
          [2.1625e-05],
          [2.3162e-05],
          [2.3211e-05],
          [2.5321e-05],
          [2.1006e-05],
          [5.5245e-04],
          [2.1403e-04],
          [1.6558e-05],
          [1.3113e-05],
          [1.5207e-05],
          [1.4029e-05],
          [1.9944e-05],
          [1.3965e-05],
          [3.3610e-05],
          [1.9583e-04],
          [1.3230e-04],
          [1.2402e-05],
          [1.4775e-05],
          [1.1926e-05],
          [1.2069e-05],
          [5.0453e-04],
          [2.8496e-05],
          [2.2727e-05],
          [3.1247e-04],
          [1.5409e-05],
          [1.7579e-05],
          [1.3986e-05],
          [1.6446e-05],
          [1.4593e-05],
          [1.4786e-05],
          [1.5055e-05],
          [1.5583e-05],
          [5.5506e-05],
          [1.4034e-05],
          [1.4343e-05],
          [1.9962e-05],
          [1.7357e-05],
          [1.2038e-05],
          [1.2821e-05],
          [1.1713e-05],
          [1.2951e-05],
          [2.9555e-04],
          [1.2068e-04],
          [1.5064e-05],
          [1.3864e-05],
          [1.6934e-05],
          [2.6972e-05],
          [3.9646e-05],
          [3.7566e-05],
          [2.8619e-05],
          [4.0631e-05],
          [3.8243e-05],
          [2.2743e-05],
          [1.4175e-04],
          [8.3980e-04],
          [2.2710e-05],
          [3.1231e-04],
          [1.1347e-05],
          [2.8063e-04],
          [1.5607e-04],
          [1.3774e-05],
          [1.6702e-05],
          [1.8047e-05],
          [2.0913e-05],
          [2.3779e-05],
          [2.9602e-05],
          [4.2408e-05],
          [4.6243e-05],
          [7.2784e-05],
          [9.3569e-05],
          [1.5758e-04],
          [1.4578e-04],
          [1.9398e-04],
          [8.6327e-05],
          [4.3474e-04],
          [5.9781e-05],
          [5.7923e-05],
          [3.4590e-04],
          [1.0107e-04],
          [4.3712e-05],
          [1.3602e-04],
          [2.0755e-04],
          [4.6921e-05],
          [3.0378e-04],
          [1.6483e-05],
          [1.2733e-05],
          [1.1340e-05],
          [1.2470e-05],
          [2.3167e-05],
          [2.8267e-05],
          [7.9659e-05],
          [2.5010e-05],
          [3.0580e-05],
          [1.9706e-05],
          [6.1342e-03],
          [3.4474e-05],
          [2.0181e-04],
          [4.6592e-05],
          [1.2065e-05],
          [1.1471e-05],
          [1.2893e-05],
          [1.2520e-05],
          [1.6832e-05],
          [1.8044e-05],
          [3.2349e-04],
          [3.7890e-05],
          [3.8272e-04],
          [1.9507e-05],
          [1.8450e-05],
          [1.3320e-05],
          [1.7113e-05],
          [1.3361e-05],
          [1.5593e-05],
          [1.2883e-05],
          [1.3347e-05],
          [1.4519e-05],
          [1.5170e-05],
          [1.8581e-05],
          [2.6431e-05],
          [3.5796e-04],
          [1.8458e-04],
          [1.8394e-05],
          [1.4537e-05],
          [5.3524e-05],
          [1.3908e-05],
          [1.6118e-05],
          [2.3600e-05],
          [2.6388e-05],
          [2.2800e-05],
          [5.3116e-05],
          [1.5748e-05],
          [1.4532e-05],
          [1.2434e-05],
          [1.1070e-05],
          [1.2185e-05],
          [1.2374e-05],
          [1.3321e-05],
          [1.2818e-05],
          [1.3737e-05],
          [2.9304e-05],
          [1.3341e-05],
          [1.8374e-05],
          [2.5159e-05],
          [3.0982e-05],
          [2.8664e-05],
          [2.4540e-05],
          [3.7345e-05],
          [3.9901e-05],
          [6.8383e-05],
          [2.2119e-05],
          [2.1366e-05],
          [2.3779e-05],
          [2.9861e-05],
          [2.2161e-05],
          [2.0383e-05],
          [2.2986e-05],
          [2.8021e-05],
          [2.5838e-05],
          [4.8060e-05],
          [1.7571e-05],
          [1.8772e-05],
          [2.0773e-05],
          [2.1938e-05],
          [8.9860e-05],
          [2.6149e-05],
          [9.2484e-05],
          [1.8691e-05],
          [1.7239e-05],
          [1.5929e-05],
          [1.7131e-05],
          [1.6133e-05],
          [1.8309e-05],
          [1.6476e-05],
          [1.6738e-05],
          [1.4305e-05],
          [1.3977e-05],
          [1.4145e-05],
          [1.2537e-05],
          [1.4621e-05],
          [1.4003e-05],
          [1.1783e-04],
          [1.5708e-04],
          [2.5732e-04],
          [1.3394e-05],
          [1.3028e-05],
          [1.4667e-05],
          [5.6650e-05],
          [5.7222e-04],
          [2.3685e-04],
          [2.7548e-05],
          [2.5038e-05],
          [2.0413e-05],
          [2.6351e-05],
          [2.2821e-05],
          [2.3262e-05],
          [2.7048e-05],
          [2.5572e-05],
          [2.1514e-05],
          [1.7742e-05],
          [1.6779e-05],
          [1.6206e-05],
          [1.5963e-05],
          [1.3473e-05],
          [1.3514e-05],
          [1.4655e-05],
          [1.9910e-05],
          [6.0793e-05],
          [5.3749e-05],
          [7.3479e-05],
          [1.2597e-04],
          [7.7512e-05],
          [1.2149e-04],
          [1.4304e-04],
          [1.0517e-04],
          [6.5906e-05],
          [4.8736e-04],
          [1.8032e-04],
          [4.1876e-05],
          [3.3649e-05],
          [2.9777e-05],
          [3.5962e-05],
          [2.7183e-05],
          [2.6601e-05],
          [2.0401e-05],
          [4.4879e-05],
          [2.9851e-05],
          [1.9674e-04],
          [1.9438e-04],
          [2.8822e-05],
          [2.5678e-05],
          [3.7344e-05],
          [2.2532e-05],
          [1.8779e-05],
          [4.3978e-04],
          [2.2872e-04],
          [1.3919e-05],
          [9.9456e-05],
          [1.6940e-04],
          [2.0004e-05],
          [1.1276e-03],
          [2.3588e-05],
          [8.7544e-04],
          [1.8656e-05],
          [2.1682e-05],
          [2.0213e-05],
          [2.8384e-05],
          [3.3620e-05],
          [2.2239e-05],
          [7.4468e-06]]]])
