# Using CPU
# Loading Embeddings...
# Making Predictions...
torch.Size([1, 1, 442, 284])
tensor([[[[8.1557e-05],
          [2.4304e-05],
          [8.6412e-05],
          [3.5445e-05],
          [3.9508e-05],
          [1.9822e-04],
          [8.2146e-04],
          [6.2076e-05],
          [1.1416e-04],
          [1.1029e-03],
          [4.9210e-05],
          [4.1457e-05],
          [3.4147e-04],
          [1.9252e-04],
          [6.9750e-05],
          [4.9386e-05],
          [4.6812e-05],
          [5.0396e-05],
          [6.6080e-05],
          [5.4701e-05],
          [1.8992e-04],
          [6.8968e-05],
          [5.6980e-04],
          [5.4128e-05],
          [4.0959e-05],
          [3.8254e-05],
          [2.9791e-05],
          [3.5074e-05],
          [3.8553e-05],
          [4.1766e-05],
          [4.2043e-05],
          [3.5759e-05],
          [3.4922e-05],
          [3.1055e-05],
          [2.8567e-05],
          [3.2854e-05],
          [2.3284e-04],
          [5.0148e-05],
          [1.8253e-04],
          [5.0671e-05],
          [5.2679e-04],
          [2.4140e-05],
          [2.1874e-05],
          [2.1987e-05],
          [1.9118e-05],
          [3.2256e-05],
          [3.0731e-05],
          [4.3208e-05],
          [3.4249e-05],
          [1.4422e-04],
          [3.6715e-04],
          [5.0460e-05],
          [3.9481e-05],
          [1.9391e-04],
          [5.4953e-04],
          [3.1602e-05],
          [2.1965e-05],
          [2.1337e-05],
          [2.8275e-05],
          [3.0487e-05],
          [2.8527e-05],
          [2.7384e-05],
          [1.6009e-04],
          [2.2843e-04],
          [5.6448e-05],
          [5.1969e-05],
          [4.5557e-05],
          [4.0308e-05],
          [5.0710e-05],
          [4.2978e-05],
          [3.9703e-05],
          [1.6914e-04],
          [3.8677e-05],
          [3.5076e-05],
          [3.6027e-05],
          [3.7077e-05],
          [1.6306e-03],
          [3.3526e-05],
          [3.2170e-05],
          [2.7607e-05],
          [1.8142e-04],
          [1.0872e-04],
          [2.6308e-05],
          [2.6485e-05],
          [2.5221e-05],
          [2.6859e-05],
          [2.1969e-05],
          [2.6780e-05],
          [3.6558e-05],
          [3.8774e-05],
          [1.8905e-04],
          [4.4703e-05],
          [1.9143e-04],
          [5.8222e-05],
          [5.4295e-05],
          [5.7637e-05],
          [6.4945e-05],
          [7.0948e-05],
          [6.1674e-05],
          [7.2257e-05],
          [7.2267e-05],
          [7.3664e-05],
          [6.8311e-05],
          [5.2721e-05],
          [4.7539e-05],
          [3.2465e-05],
          [2.2354e-05],
          [2.6255e-05],
          [2.5670e-05],
          [2.2911e-05],
          [2.3783e-05],
          [7.0709e-05],
          [8.2614e-05],
          [2.5905e-05],
          [1.5962e-04],
          [2.1344e-05],
          [2.0743e-05],
          [2.4423e-05],
          [2.4783e-05],
          [2.2852e-05],
          [2.2139e-05],
          [2.8769e-05],
          [3.3049e-05],
          [3.6415e-05],
          [4.0039e-05],
          [4.6276e-05],
          [5.2608e-05],
          [6.0283e-05],
          [6.2696e-05],
          [5.6918e-05],
          [8.4769e-05],
          [2.8710e-04],
          [3.6646e-04],
          [1.2603e-04],
          [4.5042e-05],
          [2.8865e-05],
          [2.1461e-05],
          [3.2774e-05],
          [3.6811e-05],
          [3.3296e-05],
          [3.4571e-05],
          [3.7299e-05],
          [4.1958e-05],
          [3.7195e-05],
          [3.2834e-05],
          [2.8271e-05],
          [2.8237e-05],
          [3.1253e-05],
          [3.0861e-05],
          [5.2340e-05],
          [5.2155e-05],
          [5.8858e-05],
          [5.1834e-05],
          [7.3071e-05],
          [5.8303e-05],
          [5.4937e-05],
          [1.7747e-04],
          [4.3529e-04],
          [1.3437e-04],
          [1.0730e-03],
          [3.4732e-05],
          [3.1712e-05],
          [3.9303e-05],
          [3.6720e-05],
          [3.2252e-05],
          [2.9601e-05],
          [2.9907e-05],
          [2.9496e-05],
          [3.0308e-05],
          [3.0033e-05],
          [2.5680e-05],
          [2.5104e-04],
          [6.0251e-04],
          [3.4167e-05],
          [2.8823e-05],
          [2.7672e-05],
          [2.7472e-05],
          [2.5072e-05],
          [1.4738e-04],
          [3.3946e-05],
          [1.7417e-04],
          [3.3639e-05],
          [2.9781e-05],
          [1.2974e-04],
          [3.3984e-05],
          [1.9669e-04],
          [5.4629e-05],
          [5.6629e-05],
          [4.7665e-05],
          [2.1565e-04],
          [4.3276e-05],
          [1.9834e-03],
          [2.7122e-05],
          [2.6453e-05],
          [1.9576e-05],
          [2.3204e-05],
          [2.4964e-05],
          [2.1311e-05],
          [1.7558e-04],
          [2.5687e-04],
          [3.1940e-05],
          [4.1458e-05],
          [3.4269e-05],
          [3.4241e-05],
          [3.8048e-05],
          [4.4940e-05],
          [4.6377e-05],
          [1.6142e-04],
          [5.6568e-04],
          [4.0065e-05],
          [4.0401e-05],
          [3.5474e-05],
          [3.9177e-05],
          [1.6474e-04],
          [2.5630e-05],
          [2.4794e-05],
          [1.3431e-03],
          [2.8242e-05],
          [3.2544e-05],
          [3.5179e-05],
          [4.6223e-05],
          [4.5961e-05],
          [6.4221e-05],
          [5.4281e-05],
          [4.7126e-05],
          [4.0836e-05],
          [5.1576e-05],
          [3.1411e-05],
          [4.2130e-05],
          [4.2804e-05],
          [3.8695e-05],
          [4.7295e-05],
          [4.0086e-05],
          [2.5753e-05],
          [1.8396e-04],
          [3.7280e-04],
          [3.2625e-05],
          [3.5584e-05],
          [4.1549e-05],
          [4.7986e-05],
          [7.3529e-05],
          [4.1625e-05],
          [3.5898e-05],
          [9.8052e-05],
          [2.9947e-05],
          [3.6010e-05],
          [1.1084e-04],
          [7.2993e-05],
          [3.0897e-05],
          [1.5142e-04],
          [2.8793e-05],
          [1.0156e-04],
          [2.2668e-04],
          [2.2755e-05],
          [3.0884e-05],
          [2.6403e-05],
          [2.4803e-05],
          [3.0056e-05],
          [3.5534e-05],
          [3.9383e-05],
          [3.2865e-05],
          [3.4550e-05],
          [3.5756e-05],
          [3.7272e-05],
          [4.0286e-05],
          [5.6807e-05],
          [3.8008e-05],
          [1.5208e-04],
          [2.4322e-05],
          [1.9805e-05],
          [2.2874e-04],
          [1.0559e-04],
          [1.9140e-05],
          [2.2539e-04],
          [8.2261e-05],
          [3.3244e-05],
          [1.7043e-04],
          [1.8556e-05],
          [2.6007e-05],
          [2.2173e-05],
          [3.0684e-05],
          [3.1932e-05],
          [3.4759e-05],
          [3.9487e-05],
          [4.5408e-05],
          [5.1450e-05],
          [4.0584e-05],
          [1.9626e-04],
          [2.8626e-05],
          [6.5001e-05],
          [1.5718e-04],
          [2.7562e-05],
          [2.3823e-05],
          [2.4020e-05],
          [2.9404e-05],
          [3.5134e-05],
          [3.4484e-05],
          [2.7869e-04],
          [4.4069e-05],
          [1.0066e-03],
          [3.3936e-05],
          [3.1418e-05],
          [3.0599e-05],
          [3.2421e-05],
          [2.9005e-05],
          [3.3565e-05],
          [2.7150e-05],
          [2.8476e-05],
          [2.6758e-05],
          [3.2242e-05],
          [2.6971e-05],
          [3.2666e-05],
          [1.6593e-04],
          [4.9113e-04],
          [2.3863e-05],
          [2.9356e-05],
          [1.9881e-05],
          [2.2034e-05],
          [3.4147e-05],
          [5.0465e-05],
          [4.6610e-05],
          [5.3846e-05],
          [5.4950e-05],
          [5.5508e-05],
          [4.8306e-05],
          [2.8073e-05],
          [2.4574e-05],
          [2.6265e-05],
          [2.3597e-05],
          [1.8457e-05],
          [2.0947e-05],
          [2.2428e-05],
          [2.4969e-05],
          [2.7923e-05],
          [4.1294e-05],
          [4.5696e-05],
          [4.9249e-05],
          [6.7072e-05],
          [4.9946e-05],
          [6.7830e-05],
          [6.0597e-05],
          [5.7797e-05],
          [3.1429e-05],
          [4.3377e-05],
          [4.5336e-05],
          [3.2321e-05],
          [1.9480e-05],
          [7.8887e-05],
          [2.1951e-05],
          [3.2305e-05],
          [3.3262e-05],
          [2.8770e-05],
          [3.2715e-05],
          [2.5378e-05],
          [2.5936e-05],
          [2.4940e-05],
          [1.2728e-04],
          [3.7740e-05],
          [2.3019e-03],
          [2.4445e-05],
          [2.9292e-05],
          [2.9379e-05],
          [2.6022e-05],
          [3.1398e-05],
          [2.5308e-05],
          [2.2590e-05],
          [2.0343e-05],
          [1.9412e-05],
          [2.1735e-05],
          [2.1181e-05],
          [1.9133e-05],
          [1.9859e-05],
          [1.9409e-05],
          [1.3884e-04],
          [6.8833e-05],
          [1.1044e-03],
          [2.5023e-05],
          [2.2935e-05],
          [2.5194e-05],
          [3.1597e-05],
          [2.3564e-04],
          [5.8688e-04],
          [3.6107e-05],
          [2.9299e-05],
          [2.8704e-05],
          [4.0889e-05],
          [5.2026e-05],
          [7.0037e-05],
          [1.2531e-04],
          [1.1646e-04],
          [1.0483e-04],
          [9.2230e-05],
          [6.5720e-05],
          [3.9694e-05],
          [2.4902e-05],
          [2.2645e-05],
          [2.8293e-05],
          [2.4123e-05],
          [2.1603e-05],
          [1.6905e-04],
          [5.2213e-05],
          [3.3700e-05],
          [1.2389e-04],
          [2.4929e-05],
          [2.6186e-05],
          [2.2326e-05],
          [2.1512e-05],
          [1.7462e-05],
          [1.4363e-04],
          [3.2067e-04],
          [2.2412e-05],
          [2.4554e-05],
          [3.0841e-05],
          [2.6569e-05],
          [2.4370e-05],
          [2.6547e-05],
          [2.6381e-05],
          [5.4355e-05],
          [8.6391e-05],
          [1.1866e-04],
          [5.5186e-04],
          [2.8668e-05],
          [1.9086e-05],
          [1.6388e-05],
          [1.7064e-05],
          [1.4506e-05],
          [1.3996e-04],
          [9.7376e-05],
          [1.8231e-05],
          [6.9453e-05],
          [1.9174e-04],
          [2.2368e-05],
          [1.6767e-04],
          [2.4026e-05],
          [2.3683e-04],
          [1.7691e-05],
          [1.9244e-05],
          [2.0169e-05],
          [2.3256e-05],
          [1.7906e-05],
          [2.2447e-05],
          [9.9124e-06]]]])
