# Using CPU
# Loading Embeddings...
# Making Predictions...
torch.Size([1, 1, 442, 304])
tensor([[[[2.8151e-04],
          [5.7312e-05],
          [9.8217e-05],
          [5.1337e-05],
          [6.2685e-05],
          [5.7283e-04],
          [1.8043e-04],
          [7.6053e-05],
          [3.1346e-04],
          [2.1791e-04],
          [6.8992e-05],
          [6.9828e-05],
          [5.0932e-04],
          [1.9944e-04],
          [1.4308e-04],
          [8.5830e-05],
          [9.1452e-05],
          [9.1151e-05],
          [1.0946e-04],
          [7.6855e-05],
          [5.6603e-04],
          [8.5184e-05],
          [1.7608e-04],
          [6.5341e-05],
          [5.7851e-05],
          [5.6197e-05],
          [4.9755e-05],
          [7.2287e-05],
          [8.5342e-05],
          [1.0186e-04],
          [1.0079e-04],
          [1.0692e-04],
          [9.8714e-05],
          [1.0539e-04],
          [7.8003e-05],
          [6.0318e-05],
          [4.6247e-04],
          [5.5599e-05],
          [1.5042e-04],
          [7.0987e-05],
          [1.8881e-04],
          [3.9300e-05],
          [3.5523e-05],
          [4.8341e-05],
          [5.6398e-05],
          [6.0012e-05],
          [4.4705e-05],
          [5.0632e-05],
          [5.5977e-05],
          [2.8896e-04],
          [1.7487e-04],
          [8.4663e-05],
          [5.9841e-05],
          [5.1192e-04],
          [1.6947e-04],
          [6.1755e-05],
          [4.8113e-05],
          [4.0231e-05],
          [4.1666e-05],
          [5.9715e-05],
          [5.7940e-05],
          [4.3171e-05],
          [2.7884e-04],
          [2.2253e-04],
          [9.8971e-05],
          [7.4562e-05],
          [8.6725e-05],
          [9.3290e-05],
          [1.2684e-04],
          [1.1214e-04],
          [6.2725e-05],
          [4.2637e-04],
          [3.5183e-05],
          [4.6010e-05],
          [3.4637e-05],
          [3.6796e-05],
          [3.2800e-04],
          [4.1730e-05],
          [4.3892e-05],
          [3.5449e-05],
          [3.9372e-04],
          [1.3483e-04],
          [4.2250e-05],
          [3.5639e-05],
          [3.9042e-05],
          [3.4914e-05],
          [4.3229e-05],
          [4.5848e-05],
          [5.2547e-05],
          [4.7733e-05],
          [5.2458e-04],
          [8.2030e-05],
          [2.3286e-04],
          [7.4775e-05],
          [7.0448e-05],
          [7.8301e-05],
          [9.6263e-05],
          [1.1908e-04],
          [1.1651e-04],
          [1.3677e-04],
          [1.2805e-04],
          [1.5193e-04],
          [1.2111e-04],
          [1.0338e-04],
          [7.4485e-05],
          [7.7519e-05],
          [6.3813e-05],
          [4.9543e-05],
          [4.9683e-05],
          [4.5127e-05],
          [4.3165e-05],
          [1.0435e-04],
          [1.8745e-04],
          [3.7419e-05],
          [2.0230e-04],
          [3.3783e-05],
          [3.6037e-05],
          [4.2011e-05],
          [3.6246e-05],
          [4.5619e-05],
          [4.6765e-05],
          [4.4540e-05],
          [5.2761e-05],
          [6.3962e-05],
          [6.6888e-05],
          [1.0421e-04],
          [1.0390e-04],
          [1.1914e-04],
          [1.2029e-04],
          [1.4784e-04],
          [1.3173e-04],
          [6.5715e-04],
          [3.0382e-04],
          [1.2426e-04],
          [1.0048e-04],
          [9.3258e-05],
          [7.7295e-05],
          [8.6805e-05],
          [7.0299e-05],
          [6.4196e-05],
          [5.3877e-05],
          [6.1192e-05],
          [4.8001e-05],
          [5.8353e-05],
          [5.1542e-05],
          [5.4675e-05],
          [5.1489e-05],
          [5.4738e-05],
          [6.0846e-05],
          [1.2117e-04],
          [1.1425e-04],
          [1.7258e-04],
          [1.7405e-04],
          [3.0846e-04],
          [2.1611e-04],
          [2.5009e-04],
          [3.4018e-04],
          [1.2389e-04],
          [2.4715e-04],
          [2.2564e-04],
          [6.2813e-05],
          [6.8015e-05],
          [8.5350e-05],
          [8.3328e-05],
          [8.6561e-05],
          [1.0585e-04],
          [1.1938e-04],
          [1.1014e-04],
          [1.3026e-04],
          [1.0755e-04],
          [9.1258e-05],
          [5.5231e-04],
          [1.7791e-04],
          [8.8159e-05],
          [8.7404e-05],
          [6.6052e-05],
          [6.4487e-05],
          [5.7755e-05],
          [2.3498e-04],
          [8.2927e-05],
          [2.5273e-04],
          [5.6953e-05],
          [5.1325e-05],
          [2.5698e-04],
          [5.4266e-05],
          [2.2353e-04],
          [7.7262e-05],
          [7.8745e-05],
          [6.5288e-05],
          [5.4279e-04],
          [6.3201e-05],
          [1.8013e-04],
          [6.1715e-05],
          [6.7939e-05],
          [5.0895e-05],
          [4.7213e-05],
          [5.2724e-05],
          [4.0584e-05],
          [2.5402e-04],
          [1.4182e-04],
          [6.7057e-05],
          [8.5824e-05],
          [6.6386e-05],
          [6.3745e-05],
          [9.0979e-05],
          [8.3164e-05],
          [7.0497e-05],
          [4.5878e-04],
          [1.1977e-04],
          [6.5140e-05],
          [6.1772e-05],
          [5.2021e-05],
          [4.2991e-05],
          [4.8692e-04],
          [3.8401e-05],
          [5.8879e-05],
          [2.8603e-04],
          [5.1295e-05],
          [5.7261e-05],
          [5.7636e-05],
          [8.4329e-05],
          [1.1565e-04],
          [1.2618e-04],
          [1.2059e-04],
          [9.6273e-05],
          [1.1836e-04],
          [1.1432e-04],
          [9.8961e-05],
          [1.2708e-04],
          [1.2576e-04],
          [8.4223e-05],
          [9.1712e-05],
          [8.3783e-05],
          [5.1598e-05],
          [3.7249e-04],
          [1.0089e-04],
          [6.6238e-05],
          [6.4335e-05],
          [6.9908e-05],
          [6.6457e-05],
          [7.9104e-05],
          [6.5730e-05],
          [6.2910e-05],
          [9.9146e-05],
          [6.9120e-05],
          [5.1242e-05],
          [2.1713e-04],
          [2.1927e-04],
          [5.3701e-05],
          [2.0647e-04],
          [5.9270e-05],
          [2.6836e-04],
          [1.1115e-04],
          [5.9307e-05],
          [7.9105e-05],
          [9.4628e-05],
          [8.8102e-05],
          [9.5918e-05],
          [9.5292e-05],
          [8.7947e-05],
          [7.6675e-05],
          [9.0828e-05],
          [9.1281e-05],
          [1.7216e-04],
          [1.6222e-04],
          [1.4428e-04],
          [6.5475e-05],
          [3.7105e-04],
          [4.0309e-05],
          [4.3645e-05],
          [1.9301e-04],
          [1.9215e-04],
          [5.1753e-05],
          [1.1789e-04],
          [1.2399e-04],
          [5.0489e-05],
          [1.9907e-04],
          [2.2905e-05],
          [2.6613e-05],
          [3.8443e-05],
          [4.2982e-05],
          [5.1210e-05],
          [5.7336e-05],
          [6.1692e-05],
          [7.4506e-05],
          [9.0132e-05],
          [5.9244e-05],
          [7.4958e-04],
          [4.2907e-05],
          [1.4567e-04],
          [4.8577e-05],
          [3.5593e-05],
          [3.0942e-05],
          [4.9084e-05],
          [5.0122e-05],
          [6.5388e-05],
          [6.2378e-05],
          [5.3781e-04],
          [7.4241e-05],
          [2.4605e-04],
          [6.6159e-05],
          [5.9957e-05],
          [6.9727e-05],
          [7.4839e-05],
          [7.6948e-05],
          [8.3643e-05],
          [7.0781e-05],
          [8.4247e-05],
          [9.4119e-05],
          [9.0950e-05],
          [8.2629e-05],
          [6.8449e-05],
          [3.2261e-04],
          [1.4796e-04],
          [6.5194e-05],
          [6.5038e-05],
          [5.6561e-05],
          [7.5805e-05],
          [7.4065e-05],
          [9.8253e-05],
          [6.9957e-05],
          [7.4620e-05],
          [5.8303e-05],
          [7.0596e-05],
          [5.5842e-05],
          [4.3729e-05],
          [4.5635e-05],
          [3.1797e-05],
          [4.0438e-05],
          [2.6832e-05],
          [3.6574e-05],
          [4.4475e-05],
          [5.1949e-05],
          [5.8092e-05],
          [8.3181e-05],
          [9.6930e-05],
          [9.2551e-05],
          [1.2276e-04],
          [1.2674e-04],
          [1.3317e-04],
          [1.3202e-04],
          [9.4957e-05],
          [6.5432e-05],
          [4.8827e-05],
          [5.3079e-05],
          [4.3614e-05],
          [3.2103e-05],
          [7.3990e-05],
          [3.6255e-05],
          [4.0076e-05],
          [5.1870e-05],
          [4.6872e-05],
          [4.7213e-05],
          [4.6339e-05],
          [4.7503e-05],
          [5.4078e-05],
          [1.5024e-04],
          [3.5402e-05],
          [1.5470e-04],
          [4.1790e-05],
          [4.5702e-05],
          [4.8431e-05],
          [4.9273e-05],
          [5.7705e-05],
          [6.5958e-05],
          [6.8626e-05],
          [4.1350e-05],
          [3.9618e-05],
          [3.4458e-05],
          [3.8344e-05],
          [4.0854e-05],
          [4.8371e-05],
          [4.2886e-05],
          [2.4609e-04],
          [9.5928e-05],
          [3.2829e-04],
          [3.8767e-05],
          [3.3876e-05],
          [3.1553e-05],
          [3.4087e-05],
          [5.6862e-04],
          [1.9211e-04],
          [4.4530e-05],
          [5.0821e-05],
          [8.0383e-05],
          [1.1089e-04],
          [1.4468e-04],
          [1.6446e-04],
          [2.3433e-04],
          [1.9875e-04],
          [1.3104e-04],
          [1.3050e-04],
          [8.7411e-05],
          [8.8971e-05],
          [6.9542e-05],
          [6.3070e-05],
          [5.0014e-05],
          [5.1067e-05],
          [3.4021e-05],
          [1.5941e-04],
          [4.6393e-05],
          [4.0275e-05],
          [5.6906e-05],
          [2.9170e-05],
          [5.2583e-05],
          [3.9677e-05],
          [3.5688e-05],
          [2.5145e-05],
          [3.0687e-04],
          [1.4205e-04],
          [5.1834e-05],
          [4.5135e-05],
          [5.1477e-05],
          [3.5574e-05],
          [6.7599e-05],
          [4.2744e-05],
          [3.7870e-05],
          [6.9394e-05],
          [7.4458e-05],
          [2.5876e-04],
          [1.6263e-04],
          [4.5786e-05],
          [3.5603e-05],
          [2.0495e-05],
          [3.0157e-05],
          [2.1843e-05],
          [2.9841e-04],
          [1.2444e-04],
          [1.8785e-05],
          [1.5816e-04],
          [1.2572e-04],
          [2.1456e-05],
          [3.5326e-04],
          [2.1549e-05],
          [3.2598e-04],
          [1.6266e-05],
          [2.6704e-05],
          [3.0762e-05],
          [2.7411e-05],
          [2.3527e-05],
          [3.6908e-05],
          [5.3523e-06]]]])
