# Using CPU
# Loading Embeddings...
# Making Predictions...
torch.Size([1, 1, 442, 442])
tensor([[[[1.6545e-04],
          [4.4425e-05],
          [1.1484e-04],
          [2.8335e-05],
          [2.1004e-05],
          [5.6475e-04],
          [1.3922e-04],
          [2.6981e-05],
          [3.3058e-04],
          [1.2439e-04],
          [3.1707e-05],
          [2.8869e-05],
          [5.3781e-04],
          [2.9360e-04],
          [3.4138e-05],
          [3.0263e-05],
          [2.9216e-05],
          [3.4929e-05],
          [4.9903e-05],
          [6.2834e-05],
          [2.1297e-04],
          [4.6091e-05],
          [1.3612e-04],
          [3.4742e-05],
          [4.7117e-05],
          [6.5892e-05],
          [8.6204e-05],
          [1.3281e-04],
          [1.6720e-04],
          [2.1197e-04],
          [1.9926e-04],
          [2.2842e-04],
          [2.0420e-04],
          [2.2223e-04],
          [1.7239e-04],
          [1.3636e-04],
          [1.5490e-03],
          [1.0258e-04],
          [9.8374e-05],
          [1.7030e-04],
          [1.1148e-04],
          [5.1576e-05],
          [4.7626e-05],
          [4.9369e-05],
          [3.3031e-05],
          [3.3381e-05],
          [2.5002e-05],
          [2.0253e-05],
          [1.9807e-05],
          [4.2855e-04],
          [1.5608e-04],
          [2.1291e-05],
          [2.1427e-05],
          [4.1774e-04],
          [1.3114e-04],
          [3.9665e-05],
          [4.0926e-05],
          [3.7614e-05],
          [4.7311e-05],
          [5.9162e-05],
          [5.9716e-05],
          [5.7953e-05],
          [1.1093e-03],
          [3.1684e-04],
          [4.9655e-05],
          [4.5900e-05],
          [3.3540e-05],
          [2.7863e-05],
          [2.8399e-05],
          [2.8738e-05],
          [2.8013e-05],
          [6.2647e-04],
          [2.9378e-05],
          [3.2163e-05],
          [3.7672e-05],
          [3.2915e-05],
          [1.9811e-04],
          [3.2465e-05],
          [3.3484e-05],
          [2.4773e-05],
          [4.3774e-04],
          [3.3066e-04],
          [3.1350e-05],
          [3.4637e-05],
          [3.2390e-05],
          [2.6973e-05],
          [3.2877e-05],
          [2.9828e-05],
          [3.2913e-05],
          [2.5801e-05],
          [4.5300e-04],
          [4.7800e-05],
          [2.2858e-04],
          [2.5061e-05],
          [2.6730e-05],
          [3.0088e-05],
          [3.9968e-05],
          [6.8306e-05],
          [6.8504e-05],
          [7.9900e-05],
          [8.5004e-05],
          [6.2323e-05],
          [4.4016e-05],
          [3.6051e-05],
          [4.0891e-05],
          [5.7452e-05],
          [5.9616e-05],
          [7.1972e-05],
          [6.8340e-05],
          [7.0865e-05],
          [5.6550e-05],
          [1.2689e-04],
          [2.3353e-04],
          [4.0182e-05],
          [4.6222e-04],
          [5.1601e-05],
          [4.7322e-05],
          [3.5308e-05],
          [4.0954e-05],
          [4.6982e-05],
          [4.5670e-05],
          [3.5340e-05],
          [3.5298e-05],
          [3.2512e-05],
          [3.8299e-05],
          [3.7257e-05],
          [4.2168e-05],
          [4.5462e-05],
          [5.7419e-05],
          [6.4846e-05],
          [8.4703e-05],
          [1.0099e-03],
          [5.6075e-04],
          [1.0989e-04],
          [9.6408e-05],
          [7.3754e-05],
          [7.0937e-05],
          [5.5067e-05],
          [4.6763e-05],
          [4.8881e-05],
          [4.6553e-05],
          [4.1657e-05],
          [2.5616e-05],
          [3.0605e-05],
          [3.6587e-05],
          [5.3251e-05],
          [5.5676e-05],
          [7.9856e-05],
          [9.9442e-05],
          [1.7458e-04],
          [1.7613e-04],
          [2.0446e-04],
          [1.7019e-04],
          [2.1488e-04],
          [1.6227e-04],
          [1.4370e-04],
          [6.9947e-04],
          [1.8531e-04],
          [3.5388e-04],
          [2.8110e-04],
          [5.0990e-05],
          [6.2271e-05],
          [6.4637e-05],
          [7.4609e-05],
          [5.4056e-05],
          [8.0051e-05],
          [7.2142e-05],
          [6.3445e-05],
          [6.0056e-05],
          [6.1772e-05],
          [5.4707e-05],
          [9.1818e-04],
          [2.2161e-04],
          [7.2375e-05],
          [9.4584e-05],
          [1.0443e-04],
          [1.0885e-04],
          [9.7061e-05],
          [1.0973e-03],
          [7.9878e-05],
          [6.4820e-04],
          [4.2991e-05],
          [3.5071e-05],
          [5.3877e-04],
          [3.3419e-05],
          [4.0217e-04],
          [4.5479e-05],
          [4.8464e-05],
          [3.3257e-05],
          [6.1487e-04],
          [4.9710e-05],
          [1.5023e-04],
          [5.5763e-05],
          [6.7787e-05],
          [7.0652e-05],
          [7.4690e-05],
          [8.8250e-05],
          [6.7860e-05],
          [8.7392e-04],
          [4.2551e-04],
          [5.4582e-05],
          [4.6078e-05],
          [4.4282e-05],
          [3.4842e-05],
          [3.5190e-05],
          [3.1673e-05],
          [2.7598e-05],
          [5.5237e-04],
          [2.8430e-04],
          [4.1937e-05],
          [3.5216e-05],
          [3.5555e-05],
          [3.6333e-05],
          [7.4828e-04],
          [5.2538e-05],
          [4.4263e-05],
          [3.9805e-04],
          [3.7802e-05],
          [3.5501e-05],
          [3.6604e-05],
          [3.4104e-05],
          [4.1304e-05],
          [3.4214e-05],
          [3.2743e-05],
          [3.1796e-05],
          [3.5097e-05],
          [3.0955e-05],
          [3.1599e-05],
          [2.6618e-05],
          [2.7048e-05],
          [2.8049e-05],
          [3.2064e-05],
          [3.1151e-05],
          [3.4482e-05],
          [8.4958e-04],
          [2.8301e-04],
          [4.9491e-05],
          [4.0350e-05],
          [3.5242e-05],
          [3.8459e-05],
          [3.8421e-05],
          [5.3921e-05],
          [3.3397e-05],
          [4.9066e-05],
          [4.6442e-05],
          [2.9445e-05],
          [2.4399e-04],
          [1.4802e-04],
          [3.0270e-05],
          [2.6666e-04],
          [3.6018e-05],
          [5.3811e-04],
          [1.5390e-04],
          [6.0301e-05],
          [7.3610e-05],
          [7.4765e-05],
          [7.1334e-05],
          [9.2685e-05],
          [1.1103e-04],
          [1.6043e-04],
          [1.6675e-04],
          [2.8905e-04],
          [3.6103e-04],
          [5.5673e-04],
          [4.7495e-04],
          [4.9835e-04],
          [3.0913e-04],
          [8.5958e-04],
          [1.2225e-04],
          [1.1274e-04],
          [3.1279e-04],
          [1.6230e-04],
          [5.5003e-05],
          [1.0956e-04],
          [3.8179e-04],
          [5.8036e-05],
          [3.2845e-04],
          [3.2324e-05],
          [2.8178e-05],
          [2.5069e-05],
          [2.1240e-05],
          [2.3062e-05],
          [2.2590e-05],
          [2.8040e-05],
          [2.3830e-05],
          [5.1050e-05],
          [2.9353e-05],
          [5.1183e-04],
          [3.9332e-05],
          [1.6683e-04],
          [6.0774e-05],
          [2.6820e-05],
          [2.7658e-05],
          [3.2110e-05],
          [3.0273e-05],
          [3.1602e-05],
          [2.9140e-05],
          [7.9430e-04],
          [4.4906e-05],
          [2.6332e-04],
          [3.6851e-05],
          [3.3352e-05],
          [3.5604e-05],
          [3.6940e-05],
          [3.8642e-05],
          [3.6830e-05],
          [3.9157e-05],
          [4.6234e-05],
          [4.5660e-05],
          [6.8122e-05],
          [8.0131e-05],
          [9.5167e-05],
          [1.0228e-03],
          [5.2619e-04],
          [6.6120e-05],
          [5.5443e-05],
          [3.6540e-05],
          [2.7775e-05],
          [2.2902e-05],
          [2.7851e-05],
          [3.3089e-05],
          [3.7065e-05],
          [2.9832e-05],
          [2.9446e-05],
          [3.0881e-05],
          [2.7808e-05],
          [4.0192e-05],
          [5.0377e-05],
          [5.8055e-05],
          [5.2805e-05],
          [4.6072e-05],
          [3.9406e-05],
          [4.3168e-05],
          [3.3875e-05],
          [2.8070e-05],
          [2.8951e-05],
          [3.0697e-05],
          [3.0671e-05],
          [3.1479e-05],
          [4.5540e-05],
          [4.6047e-05],
          [4.4216e-05],
          [4.0057e-05],
          [4.3896e-05],
          [6.2660e-05],
          [4.2084e-05],
          [4.9581e-05],
          [6.6659e-05],
          [5.4211e-05],
          [4.2772e-05],
          [3.9640e-05],
          [4.0999e-05],
          [3.6178e-05],
          [3.4970e-05],
          [4.3681e-05],
          [4.4192e-05],
          [2.2810e-04],
          [7.3379e-05],
          [2.7134e-04],
          [6.2000e-05],
          [5.9761e-05],
          [5.0899e-05],
          [4.8082e-05],
          [4.6097e-05],
          [4.4139e-05],
          [4.2261e-05],
          [3.6631e-05],
          [3.6320e-05],
          [3.1790e-05],
          [3.5175e-05],
          [3.3625e-05],
          [3.9469e-05],
          [4.1385e-05],
          [3.1576e-04],
          [1.4668e-04],
          [4.0471e-04],
          [3.4252e-05],
          [3.2072e-05],
          [2.4024e-05],
          [2.1488e-05],
          [2.6828e-04],
          [1.7330e-04],
          [1.8691e-05],
          [2.0256e-05],
          [2.3063e-05],
          [2.6454e-05],
          [2.3124e-05],
          [2.3281e-05],
          [3.4943e-05],
          [2.9579e-05],
          [3.0573e-05],
          [3.1427e-05],
          [2.7275e-05],
          [2.5992e-05],
          [2.4662e-05],
          [2.4594e-05],
          [2.3023e-05],
          [2.5760e-05],
          [2.6276e-05],
          [5.4668e-05],
          [7.5893e-05],
          [1.1594e-04],
          [1.3978e-04],
          [9.7745e-05],
          [9.3147e-05],
          [7.7336e-05],
          [6.8556e-05],
          [4.9255e-05],
          [4.8060e-04],
          [1.9958e-04],
          [5.1074e-05],
          [4.4785e-05],
          [4.0407e-05],
          [3.8116e-05],
          [4.4097e-05],
          [4.2382e-05],
          [4.1994e-05],
          [7.8057e-05],
          [6.1433e-05],
          [2.8082e-04],
          [2.0830e-04],
          [5.4752e-05],
          [5.3221e-05],
          [6.2627e-05],
          [4.8180e-05],
          [4.1063e-05],
          [5.8011e-04],
          [1.7148e-04],
          [3.6378e-05],
          [7.8710e-05],
          [1.1212e-04],
          [4.6686e-05],
          [2.8963e-04],
          [3.6831e-05],
          [2.5535e-04],
          [4.2229e-05],
          [3.1968e-05],
          [2.5293e-05],
          [2.7821e-05],
          [2.5403e-05],
          [2.1987e-05],
          [5.9949e-06]]]])
