# Using CPU
# Loading Embeddings...
# Making Predictions...
torch.Size([1, 1, 442, 261])
tensor([[[[9.3105e-05],
          [2.2411e-05],
          [6.5358e-05],
          [2.3363e-05],
          [2.0180e-05],
          [2.8542e-04],
          [3.9198e-04],
          [3.0919e-05],
          [1.7893e-04],
          [4.8937e-04],
          [3.2694e-05],
          [3.0540e-05],
          [5.2839e-04],
          [1.4849e-04],
          [5.2133e-05],
          [1.8148e-05],
          [2.1003e-05],
          [1.5388e-05],
          [1.7624e-05],
          [3.3155e-05],
          [4.3079e-04],
          [2.1308e-05],
          [3.1705e-04],
          [2.5092e-05],
          [2.9273e-05],
          [3.3643e-05],
          [4.3611e-05],
          [7.7146e-05],
          [1.0619e-04],
          [1.4755e-04],
          [1.5103e-04],
          [1.8716e-04],
          [1.8539e-04],
          [1.8828e-04],
          [1.4649e-04],
          [1.1057e-04],
          [3.3171e-03],
          [1.1276e-04],
          [2.9340e-04],
          [2.2988e-04],
          [2.6079e-04],
          [3.2054e-05],
          [2.9839e-05],
          [3.1243e-05],
          [2.6435e-05],
          [4.5426e-05],
          [2.6419e-05],
          [2.6441e-05],
          [2.5539e-05],
          [1.6026e-04],
          [2.1197e-04],
          [2.8455e-05],
          [2.4100e-05],
          [2.6520e-04],
          [2.5580e-04],
          [2.7204e-05],
          [2.4084e-05],
          [2.4253e-05],
          [3.5031e-05],
          [2.5199e-05],
          [2.7753e-05],
          [2.6246e-05],
          [5.2233e-04],
          [1.4932e-04],
          [4.3569e-05],
          [3.5403e-05],
          [3.4126e-05],
          [3.5579e-05],
          [3.9726e-05],
          [3.7343e-05],
          [2.8810e-05],
          [2.7383e-04],
          [3.6380e-05],
          [3.1794e-05],
          [3.2056e-05],
          [3.0502e-05],
          [9.1802e-04],
          [2.7762e-05],
          [2.1711e-05],
          [1.7660e-05],
          [2.4969e-04],
          [1.0037e-04],
          [2.0388e-05],
          [1.9694e-05],
          [1.8371e-05],
          [2.2092e-05],
          [2.1675e-05],
          [2.7155e-05],
          [2.4565e-05],
          [2.4460e-05],
          [2.7401e-04],
          [4.4003e-05],
          [1.6206e-04],
          [2.9576e-05],
          [2.4133e-05],
          [2.8416e-05],
          [3.2606e-05],
          [3.5102e-05],
          [2.6532e-05],
          [2.8900e-05],
          [5.9173e-05],
          [2.2919e-05],
          [1.9933e-05],
          [1.9982e-05],
          [2.2710e-05],
          [3.3095e-05],
          [2.9591e-05],
          [2.7083e-05],
          [3.0732e-05],
          [3.1273e-05],
          [2.4041e-05],
          [1.1825e-04],
          [1.5237e-04],
          [2.5311e-05],
          [1.3929e-04],
          [2.0232e-05],
          [2.3401e-05],
          [3.1903e-05],
          [1.9744e-05],
          [1.9464e-05],
          [2.1280e-05],
          [2.7169e-05],
          [2.3027e-05],
          [2.6493e-05],
          [2.7317e-05],
          [2.7510e-05],
          [3.2102e-05],
          [3.2950e-05],
          [3.5497e-05],
          [5.0869e-05],
          [3.8569e-04],
          [1.1117e-02],
          [3.9608e-03],
          [1.0211e-03],
          [2.5542e-04],
          [1.0750e-04],
          [3.7223e-05],
          [3.3057e-05],
          [3.7079e-05],
          [2.7998e-05],
          [2.2776e-05],
          [2.2103e-05],
          [2.3022e-05],
          [2.3047e-05],
          [2.2182e-05],
          [2.3482e-05],
          [2.6774e-05],
          [3.0601e-05],
          [4.2155e-05],
          [6.4102e-05],
          [6.9268e-05],
          [8.2952e-05],
          [8.7786e-05],
          [1.0434e-04],
          [9.9961e-05],
          [7.4034e-05],
          [2.7796e-04],
          [2.2359e-04],
          [1.4493e-04],
          [5.5579e-04],
          [2.8244e-05],
          [4.3829e-05],
          [1.1081e-04],
          [1.1935e-04],
          [3.2801e-05],
          [2.9315e-05],
          [3.0831e-05],
          [2.5439e-05],
          [2.9658e-05],
          [2.7530e-05],
          [2.6273e-05],
          [3.1229e-04],
          [2.5572e-04],
          [3.2008e-05],
          [3.8940e-05],
          [4.1082e-05],
          [4.1874e-05],
          [3.9157e-05],
          [3.7405e-04],
          [7.9849e-05],
          [1.9680e-04],
          [2.7290e-05],
          [3.1066e-05],
          [1.8089e-04],
          [3.1522e-05],
          [1.9214e-04],
          [2.7673e-05],
          [2.2807e-05],
          [2.0861e-05],
          [2.4071e-04],
          [3.1324e-05],
          [8.2681e-04],
          [2.5201e-05],
          [3.1666e-05],
          [2.6666e-05],
          [2.9178e-05],
          [3.0599e-05],
          [2.9899e-05],
          [4.1430e-04],
          [1.5396e-04],
          [2.8545e-05],
          [2.6978e-05],
          [2.9196e-05],
          [2.4507e-05],
          [2.6557e-05],
          [3.0792e-05],
          [2.4264e-05],
          [2.3567e-04],
          [3.2688e-04],
          [2.9339e-05],
          [2.7693e-05],
          [2.9068e-05],
          [2.9553e-05],
          [2.5970e-04],
          [5.3790e-05],
          [3.0781e-05],
          [6.0904e-04],
          [2.9547e-05],
          [2.3282e-05],
          [2.0865e-05],
          [2.7467e-05],
          [2.7753e-05],
          [3.2184e-05],
          [2.7260e-05],
          [2.1035e-05],
          [2.7111e-05],
          [2.5826e-05],
          [2.3310e-05],
          [3.0142e-05],
          [2.9279e-05],
          [2.2892e-05],
          [2.5521e-05],
          [2.5075e-05],
          [1.9665e-05],
          [2.8615e-04],
          [1.9788e-04],
          [3.7428e-05],
          [2.5119e-05],
          [2.2005e-05],
          [3.2559e-05],
          [3.3186e-05],
          [2.1363e-05],
          [2.0387e-05],
          [4.1219e-05],
          [2.1853e-05],
          [1.7688e-05],
          [1.8041e-04],
          [7.3248e-05],
          [2.5531e-05],
          [1.3091e-04],
          [2.1882e-05],
          [1.8755e-04],
          [1.3494e-04],
          [2.6283e-05],
          [2.9640e-05],
          [3.2276e-05],
          [3.0955e-05],
          [3.6261e-05],
          [3.6052e-05],
          [4.4429e-05],
          [4.4675e-05],
          [6.0740e-05],
          [7.5178e-05],
          [1.2374e-04],
          [1.1219e-04],
          [1.2784e-04],
          [7.6342e-05],
          [7.6670e-04],
          [5.2775e-05],
          [3.4953e-05],
          [1.5906e-04],
          [2.0302e-04],
          [3.4913e-05],
          [1.5960e-04],
          [1.8913e-04],
          [4.2540e-05],
          [1.7092e-04],
          [1.7832e-05],
          [2.3335e-05],
          [1.8710e-05],
          [1.3876e-05],
          [1.1765e-05],
          [1.1686e-05],
          [2.1495e-05],
          [1.4653e-05],
          [1.8120e-05],
          [1.3601e-05],
          [3.8690e-04],
          [2.1793e-05],
          [7.3262e-05],
          [7.4048e-05],
          [2.1186e-05],
          [2.3140e-05],
          [2.0409e-05],
          [1.9614e-05],
          [2.6789e-05],
          [1.9790e-05],
          [2.7617e-04],
          [2.7003e-05],
          [6.3906e-04],
          [2.2069e-05],
          [2.2782e-05],
          [2.3559e-05],
          [2.1673e-05],
          [2.1414e-05],
          [2.1296e-05],
          [2.0466e-05],
          [2.3865e-05],
          [2.7747e-05],
          [2.9797e-05],
          [3.0764e-05],
          [3.2920e-05],
          [4.5340e-04],
          [2.9467e-04],
          [2.3253e-05],
          [1.9212e-05],
          [2.0154e-05],
          [1.3895e-05],
          [1.6792e-05],
          [1.9938e-05],
          [2.4549e-05],
          [2.0886e-05],
          [1.6924e-05],
          [1.5075e-05],
          [1.4642e-05],
          [1.3237e-05],
          [1.5415e-05],
          [1.9427e-05],
          [1.8465e-05],
          [1.6831e-05],
          [1.9226e-05],
          [1.9695e-05],
          [2.1441e-05],
          [2.1545e-05],
          [2.5213e-05],
          [2.6394e-05],
          [2.9943e-05],
          [2.8142e-05],
          [2.7267e-05],
          [3.2589e-05],
          [3.3925e-05],
          [4.3503e-05],
          [2.6297e-05],
          [3.0503e-05],
          [3.3370e-05],
          [3.3150e-05],
          [2.3304e-05],
          [3.6396e-05],
          [2.8711e-05],
          [2.6495e-05],
          [2.5445e-05],
          [2.0984e-05],
          [1.9265e-05],
          [1.7584e-05],
          [2.2605e-05],
          [1.9007e-05],
          [1.9474e-04],
          [3.0860e-05],
          [8.9065e-04],
          [1.9803e-05],
          [2.5218e-05],
          [2.8175e-05],
          [2.4596e-05],
          [2.4958e-05],
          [2.7836e-05],
          [3.2922e-05],
          [2.5790e-05],
          [2.2370e-05],
          [3.0312e-05],
          [2.6439e-05],
          [1.9052e-05],
          [2.5685e-05],
          [2.0579e-05],
          [2.6054e-04],
          [8.1033e-05],
          [6.0254e-04],
          [2.3479e-05],
          [1.7739e-05],
          [1.2573e-05],
          [1.4351e-05],
          [4.2091e-04],
          [4.1921e-04],
          [1.4834e-05],
          [1.5767e-05],
          [2.1880e-05],
          [3.2041e-05],
          [4.7044e-05],
          [6.0411e-05],
          [6.0543e-05],
          [4.9160e-05],
          [3.6858e-05],
          [2.8515e-05],
          [3.3706e-05],
          [2.3334e-05],
          [1.4782e-05],
          [1.5704e-05],
          [3.6209e-05],
          [1.9238e-05],
          [1.7454e-05],
          [6.3822e-05],
          [3.0672e-05],
          [3.7181e-05],
          [5.2630e-05],
          [2.5502e-05],
          [2.7831e-05],
          [2.5500e-05],
          [2.6340e-05],
          [2.0223e-05],
          [3.1757e-04],
          [1.8800e-04],
          [2.8738e-05],
          [2.5766e-05],
          [2.8133e-05],
          [2.2991e-05],
          [2.5868e-05],
          [2.6023e-05],
          [3.7875e-05],
          [8.8978e-05],
          [5.6793e-05],
          [1.8007e-04],
          [2.9577e-04],
          [2.7937e-05],
          [2.0565e-05],
          [1.7523e-05],
          [1.9473e-05],
          [1.7086e-05],
          [3.3069e-04],
          [1.1808e-04],
          [1.9103e-05],
          [9.7035e-05],
          [9.4655e-05],
          [2.3198e-05],
          [2.1258e-04],
          [3.3913e-05],
          [3.3839e-04],
          [3.2906e-05],
          [1.9429e-05],
          [1.5495e-05],
          [2.4528e-05],
          [1.4103e-05],
          [3.5718e-05],
          [6.3273e-06]]]])
