# Using CPU
# Loading Embeddings...
# Making Predictions...
torch.Size([1, 1, 442, 422])
tensor([[[[2.1348e-04],
          [3.6739e-05],
          [1.5301e-04],
          [4.8562e-05],
          [5.7527e-05],
          [2.5507e-04],
          [2.3820e-04],
          [5.9196e-05],
          [1.9685e-04],
          [2.3182e-04],
          [6.0943e-05],
          [4.3045e-05],
          [6.8184e-04],
          [3.7220e-04],
          [7.7503e-05],
          [7.0900e-05],
          [7.4282e-05],
          [7.9021e-05],
          [9.8318e-05],
          [9.3350e-05],
          [4.7534e-04],
          [1.0054e-04],
          [2.4976e-04],
          [8.2434e-05],
          [9.4133e-05],
          [8.3911e-05],
          [7.6522e-05],
          [9.2476e-05],
          [1.1239e-04],
          [1.4817e-04],
          [1.4367e-04],
          [1.6996e-04],
          [1.5553e-04],
          [1.6446e-04],
          [1.2420e-04],
          [9.1253e-05],
          [1.0030e-03],
          [4.8373e-05],
          [2.0893e-04],
          [8.5821e-05],
          [2.4158e-04],
          [5.0542e-05],
          [5.1771e-05],
          [4.8420e-05],
          [3.7076e-05],
          [3.2050e-05],
          [3.0099e-05],
          [2.7351e-05],
          [2.9886e-05],
          [3.6682e-04],
          [2.3829e-04],
          [4.2370e-05],
          [4.7768e-05],
          [2.2211e-04],
          [2.1628e-04],
          [5.1355e-05],
          [4.8529e-05],
          [4.7819e-05],
          [5.7735e-05],
          [7.2112e-05],
          [7.5294e-05],
          [6.0036e-05],
          [6.0903e-04],
          [3.3211e-04],
          [6.6504e-05],
          [5.2971e-05],
          [4.9466e-05],
          [4.3738e-05],
          [5.1428e-05],
          [6.0461e-05],
          [4.7618e-05],
          [5.1591e-04],
          [5.3451e-05],
          [5.4411e-05],
          [5.0174e-05],
          [4.6908e-05],
          [5.8610e-04],
          [5.4535e-05],
          [6.0835e-05],
          [5.3684e-05],
          [4.4880e-04],
          [2.5516e-04],
          [5.6061e-05],
          [5.2609e-05],
          [5.6629e-05],
          [4.4261e-05],
          [5.7711e-05],
          [4.6731e-05],
          [7.4163e-05],
          [6.9537e-05],
          [2.0713e-04],
          [7.5963e-05],
          [3.8553e-04],
          [8.0974e-05],
          [7.7244e-05],
          [8.0376e-05],
          [8.4212e-05],
          [1.0592e-04],
          [9.0030e-05],
          [1.1218e-04],
          [1.2498e-04],
          [1.0478e-04],
          [8.8407e-05],
          [9.2093e-05],
          [7.4672e-05],
          [7.7134e-05],
          [7.5831e-05],
          [7.7142e-05],
          [8.0985e-05],
          [8.5948e-05],
          [1.0003e-04],
          [9.7196e-05],
          [2.7404e-04],
          [4.7993e-05],
          [3.7953e-04],
          [3.7941e-05],
          [2.7634e-05],
          [2.3358e-05],
          [2.9575e-05],
          [3.9928e-05],
          [5.2249e-05],
          [5.3226e-05],
          [6.0604e-05],
          [5.7855e-05],
          [6.7988e-05],
          [9.0029e-05],
          [8.7831e-05],
          [8.1120e-05],
          [9.1639e-05],
          [8.6529e-05],
          [8.3282e-05],
          [5.9836e-04],
          [3.8762e-04],
          [5.5360e-05],
          [5.4920e-05],
          [4.9731e-05],
          [6.2775e-05],
          [6.5344e-05],
          [7.1991e-05],
          [6.6626e-05],
          [8.1584e-05],
          [5.7790e-05],
          [7.2974e-05],
          [5.6797e-05],
          [6.0075e-05],
          [5.2669e-05],
          [5.8177e-05],
          [5.3367e-05],
          [6.2100e-05],
          [1.0051e-04],
          [1.0500e-04],
          [1.2155e-04],
          [1.0244e-04],
          [1.2828e-04],
          [9.5347e-05],
          [8.5177e-05],
          [7.4412e-05],
          [7.6038e-05],
          [1.0732e-04],
          [2.5156e-04],
          [7.3220e-05],
          [9.1442e-05],
          [8.7920e-05],
          [7.4102e-05],
          [7.1163e-05],
          [5.8408e-05],
          [6.2270e-05],
          [6.5194e-05],
          [6.4256e-05],
          [6.4873e-05],
          [7.7974e-05],
          [2.1295e-04],
          [2.3213e-04],
          [8.8520e-05],
          [8.0742e-05],
          [8.8694e-05],
          [8.6045e-05],
          [7.1629e-05],
          [3.9586e-04],
          [6.6945e-05],
          [4.7224e-04],
          [7.6908e-05],
          [4.9624e-05],
          [4.6069e-04],
          [6.4226e-05],
          [3.0771e-04],
          [9.1258e-05],
          [1.0295e-04],
          [8.7318e-05],
          [1.7858e-04],
          [7.7803e-05],
          [1.2671e-04],
          [8.8793e-05],
          [9.2677e-05],
          [9.2098e-05],
          [1.0205e-04],
          [1.2001e-04],
          [1.0030e-04],
          [4.2107e-04],
          [2.4511e-04],
          [9.0597e-05],
          [6.9996e-05],
          [6.2862e-05],
          [5.4654e-05],
          [8.2151e-05],
          [6.7146e-05],
          [5.9405e-05],
          [2.5851e-04],
          [1.9700e-04],
          [8.1284e-05],
          [9.4956e-05],
          [1.2343e-04],
          [1.0475e-04],
          [3.1216e-04],
          [6.3628e-05],
          [5.4825e-05],
          [4.0761e-04],
          [4.1980e-05],
          [3.2607e-05],
          [3.6911e-05],
          [4.6171e-05],
          [7.0004e-05],
          [6.4171e-05],
          [7.1992e-05],
          [5.6672e-05],
          [5.5678e-05],
          [5.4261e-05],
          [4.8684e-05],
          [5.3079e-05],
          [4.2131e-05],
          [4.7580e-05],
          [4.1758e-05],
          [4.9844e-05],
          [5.7114e-05],
          [2.4451e-04],
          [1.6368e-04],
          [4.9700e-05],
          [4.3882e-05],
          [6.1982e-05],
          [8.4681e-05],
          [8.0665e-05],
          [9.2577e-05],
          [8.2755e-05],
          [9.2129e-05],
          [9.2571e-05],
          [6.1402e-05],
          [1.8239e-04],
          [2.5382e-04],
          [5.5018e-05],
          [3.7959e-04],
          [3.7945e-05],
          [2.6217e-04],
          [1.9522e-04],
          [4.9426e-05],
          [5.2347e-05],
          [4.4184e-05],
          [4.4024e-05],
          [5.5161e-05],
          [5.7767e-05],
          [7.6502e-05],
          [8.6630e-05],
          [1.5296e-04],
          [2.0216e-04],
          [3.5174e-04],
          [3.2029e-04],
          [4.2139e-04],
          [2.3359e-04],
          [4.0338e-04],
          [1.7164e-04],
          [1.6703e-04],
          [3.8804e-04],
          [1.0287e-04],
          [5.8336e-05],
          [2.4388e-04],
          [1.2101e-04],
          [4.7791e-05],
          [3.7413e-04],
          [2.9343e-05],
          [3.3406e-05],
          [3.6857e-05],
          [3.8419e-05],
          [4.7907e-05],
          [5.8759e-05],
          [5.9008e-05],
          [6.1566e-05],
          [6.9669e-05],
          [5.4329e-05],
          [6.2045e-04],
          [3.0265e-05],
          [1.2191e-04],
          [4.3706e-05],
          [3.5104e-05],
          [3.4115e-05],
          [3.5950e-05],
          [4.6568e-05],
          [6.2614e-05],
          [5.3212e-05],
          [4.6779e-04],
          [5.6945e-05],
          [3.1298e-04],
          [5.8076e-05],
          [5.9878e-05],
          [5.0443e-05],
          [5.1304e-05],
          [4.2066e-05],
          [4.3789e-05],
          [4.0465e-05],
          [4.4564e-05],
          [3.6108e-05],
          [4.0952e-05],
          [3.3933e-05],
          [3.5592e-05],
          [2.9281e-04],
          [1.8501e-04],
          [2.9258e-05],
          [2.5552e-05],
          [2.3532e-05],
          [2.9081e-05],
          [2.8857e-05],
          [4.0073e-05],
          [4.4919e-05],
          [3.7554e-05],
          [3.6423e-05],
          [4.3963e-05],
          [4.4329e-05],
          [3.7303e-05],
          [3.3805e-05],
          [3.0660e-05],
          [2.9226e-05],
          [2.9474e-05],
          [2.6168e-05],
          [3.5865e-05],
          [4.1470e-05],
          [4.8406e-05],
          [5.2883e-05],
          [6.4366e-05],
          [7.1405e-05],
          [7.6417e-05],
          [7.9001e-05],
          [8.1437e-05],
          [8.0311e-05],
          [6.6142e-05],
          [5.3431e-05],
          [5.6484e-05],
          [5.0237e-05],
          [6.2050e-05],
          [5.4104e-05],
          [8.4661e-05],
          [6.5226e-05],
          [5.6149e-05],
          [4.9630e-05],
          [4.5434e-05],
          [3.8650e-05],
          [3.3847e-05],
          [2.8199e-05],
          [2.8538e-05],
          [1.0742e-04],
          [2.8592e-05],
          [1.2919e-04],
          [3.1456e-05],
          [3.8870e-05],
          [3.2872e-05],
          [3.8125e-05],
          [4.2298e-05],
          [4.6677e-05],
          [3.7483e-05],
          [3.3412e-05],
          [2.4987e-05],
          [2.3995e-05],
          [2.3826e-05],
          [2.3264e-05],
          [2.5485e-05],
          [2.2778e-05],
          [1.3929e-04],
          [1.1970e-04],
          [4.0683e-04],
          [2.6635e-05],
          [3.2761e-05],
          [3.5476e-05],
          [3.3922e-05],
          [4.5761e-04],
          [2.6790e-04],
          [2.6329e-05],
          [2.5432e-05],
          [2.1035e-05],
          [2.2767e-05],
          [2.2109e-05],
          [4.0699e-05],
          [5.3712e-05],
          [4.5875e-05],
          [4.4581e-05],
          [3.1400e-05],
          [2.6467e-05],
          [2.0902e-05],
          [2.0215e-05],
          [1.8630e-05],
          [2.1516e-05],
          [2.3832e-05],
          [3.6612e-05],
          [7.2743e-05],
          [1.4802e-04],
          [2.1920e-04],
          [3.0576e-04],
          [2.5537e-04],
          [2.7532e-04],
          [1.8360e-04],
          [1.2737e-04],
          [8.2604e-05],
          [2.6240e-04],
          [1.6474e-04],
          [7.4390e-05],
          [6.3953e-05],
          [6.5784e-05],
          [7.7745e-05],
          [9.1317e-05],
          [9.0528e-05],
          [9.0804e-05],
          [1.0182e-04],
          [1.3120e-04],
          [2.4059e-04],
          [1.8590e-04],
          [1.5967e-04],
          [1.8141e-04],
          [1.9370e-04],
          [1.4213e-04],
          [1.0250e-04],
          [3.5892e-04],
          [1.4039e-04],
          [4.7688e-05],
          [1.1157e-04],
          [2.0322e-04],
          [4.6862e-05],
          [6.0330e-04],
          [4.3252e-05],
          [3.6517e-04],
          [5.0717e-05],
          [4.7474e-05],
          [4.6967e-05],
          [6.0064e-05],
          [4.6142e-05],
          [1.4334e-05],
          [8.9412e-06]]]])
