# Using CPU
# Loading Embeddings...
# Making Predictions...
torch.Size([1, 1, 442, 288])
tensor([[[[2.7535e-04],
          [3.0203e-05],
          [7.7630e-05],
          [2.7054e-05],
          [2.4764e-05],
          [1.7780e-04],
          [1.4220e-04],
          [4.4531e-05],
          [1.7247e-04],
          [1.5951e-04],
          [3.4998e-05],
          [4.1788e-05],
          [3.5192e-04],
          [2.1172e-04],
          [5.1662e-05],
          [2.1565e-05],
          [2.0596e-05],
          [1.8582e-05],
          [2.0003e-05],
          [2.1984e-05],
          [1.6745e-04],
          [2.1445e-05],
          [9.3282e-05],
          [3.1903e-05],
          [3.4911e-05],
          [4.3873e-05],
          [4.2394e-05],
          [5.4527e-05],
          [5.6115e-05],
          [7.0471e-05],
          [7.5214e-05],
          [7.2713e-05],
          [7.2620e-05],
          [7.6100e-05],
          [6.7393e-05],
          [7.0737e-05],
          [1.7442e-03],
          [9.0184e-05],
          [4.2657e-04],
          [1.7902e-04],
          [2.8686e-04],
          [5.1384e-05],
          [3.7987e-05],
          [3.7048e-05],
          [2.9888e-05],
          [5.6661e-05],
          [3.6105e-05],
          [3.4428e-05],
          [3.4627e-05],
          [1.7361e-04],
          [1.1613e-04],
          [4.4000e-05],
          [3.7570e-05],
          [1.6027e-04],
          [1.0228e-04],
          [3.9408e-05],
          [3.6094e-05],
          [2.6342e-05],
          [4.1547e-05],
          [3.8621e-05],
          [3.5727e-05],
          [3.5616e-05],
          [3.7388e-04],
          [2.9886e-04],
          [6.7576e-05],
          [4.9044e-05],
          [4.4932e-05],
          [4.1234e-05],
          [5.7075e-05],
          [4.1233e-05],
          [3.5841e-05],
          [2.7091e-04],
          [3.6693e-05],
          [4.1602e-05],
          [4.7583e-05],
          [4.4202e-05],
          [1.8625e-04],
          [3.7380e-05],
          [3.1025e-05],
          [2.9245e-05],
          [2.2525e-04],
          [1.5724e-04],
          [2.5420e-05],
          [3.5673e-05],
          [3.3588e-05],
          [2.8580e-05],
          [3.2961e-05],
          [3.4187e-05],
          [3.4995e-05],
          [3.5105e-05],
          [1.2520e-04],
          [5.6966e-05],
          [1.6405e-04],
          [4.1931e-05],
          [3.2932e-05],
          [3.4689e-05],
          [3.0954e-05],
          [4.3980e-05],
          [3.5062e-05],
          [4.0973e-05],
          [3.4233e-05],
          [2.5840e-05],
          [2.1157e-05],
          [2.3596e-05],
          [2.7679e-05],
          [3.7584e-05],
          [3.3316e-05],
          [4.2577e-05],
          [3.6494e-05],
          [4.0894e-05],
          [2.7626e-05],
          [7.9321e-05],
          [1.4843e-04],
          [3.0101e-05],
          [2.5951e-04],
          [2.9730e-05],
          [3.1685e-05],
          [4.3695e-05],
          [2.8333e-05],
          [3.0417e-05],
          [3.6366e-05],
          [3.1130e-05],
          [3.2627e-05],
          [3.6569e-05],
          [4.4115e-05],
          [4.1321e-05],
          [4.4996e-05],
          [5.2046e-05],
          [6.2039e-05],
          [7.0194e-05],
          [8.3514e-05],
          [3.0384e-04],
          [5.1495e-04],
          [1.4447e-04],
          [9.1024e-05],
          [6.7837e-05],
          [5.0945e-05],
          [6.7605e-05],
          [4.8982e-05],
          [4.6233e-05],
          [3.2758e-05],
          [4.2626e-05],
          [3.2970e-05],
          [3.8158e-05],
          [3.7414e-05],
          [3.2447e-05],
          [3.6803e-05],
          [6.8472e-05],
          [4.5597e-05],
          [1.0646e-04],
          [8.5746e-05],
          [1.1883e-04],
          [1.1626e-04],
          [1.8644e-04],
          [1.4360e-04],
          [1.4807e-04],
          [3.9670e-04],
          [1.4594e-04],
          [1.0564e-04],
          [1.8416e-04],
          [3.5662e-05],
          [5.1322e-05],
          [5.6832e-05],
          [6.3875e-05],
          [5.3078e-05],
          [5.5972e-05],
          [5.8668e-05],
          [5.6001e-05],
          [6.7133e-05],
          [5.9317e-05],
          [5.6207e-05],
          [3.7344e-04],
          [3.2235e-04],
          [6.4653e-05],
          [6.3618e-05],
          [5.3515e-05],
          [5.6360e-05],
          [4.3639e-05],
          [3.0516e-04],
          [4.2212e-05],
          [3.3233e-04],
          [3.7705e-05],
          [3.0627e-05],
          [1.6822e-04],
          [2.7565e-05],
          [1.2715e-04],
          [2.6581e-05],
          [2.4889e-05],
          [2.3451e-05],
          [1.6224e-04],
          [2.9765e-05],
          [1.4396e-04],
          [3.5083e-05],
          [3.9615e-05],
          [2.8584e-05],
          [3.9643e-05],
          [3.6924e-05],
          [3.3414e-05],
          [2.8750e-04],
          [2.8777e-04],
          [3.7718e-05],
          [4.3399e-05],
          [3.3967e-05],
          [3.1975e-05],
          [3.7149e-05],
          [3.8300e-05],
          [2.7311e-05],
          [1.3312e-04],
          [8.5599e-05],
          [3.2532e-05],
          [2.8550e-05],
          [2.7865e-05],
          [3.1742e-05],
          [2.2449e-04],
          [3.2007e-05],
          [4.4991e-05],
          [2.2537e-04],
          [4.3085e-05],
          [3.7161e-05],
          [3.2329e-05],
          [3.8924e-05],
          [4.4304e-05],
          [3.8282e-05],
          [3.5006e-05],
          [3.1393e-05],
          [4.1601e-05],
          [4.1825e-05],
          [2.9297e-05],
          [3.6824e-05],
          [5.2162e-05],
          [3.4771e-05],
          [3.7042e-05],
          [3.2017e-05],
          [2.4904e-05],
          [2.1239e-04],
          [9.0408e-05],
          [4.4930e-05],
          [3.5972e-05],
          [2.7423e-05],
          [3.3648e-05],
          [3.7478e-05],
          [2.1412e-05],
          [2.0885e-05],
          [4.6960e-05],
          [3.2491e-05],
          [1.8998e-05],
          [1.3249e-04],
          [1.1088e-04],
          [3.0680e-05],
          [2.1501e-04],
          [2.9386e-05],
          [1.5477e-04],
          [1.6910e-04],
          [2.9869e-05],
          [3.0966e-05],
          [4.0247e-05],
          [2.7125e-05],
          [3.0735e-05],
          [3.3374e-05],
          [3.9203e-05],
          [3.5103e-05],
          [3.8202e-05],
          [7.9432e-05],
          [6.6858e-05],
          [2.2803e-04],
          [1.6527e-04],
          [1.4154e-04],
          [4.2343e-04],
          [5.0562e-05],
          [5.6162e-05],
          [3.9718e-04],
          [1.1948e-04],
          [2.5484e-05],
          [1.7155e-04],
          [2.0836e-04],
          [2.8315e-05],
          [2.9101e-04],
          [2.4283e-05],
          [2.7359e-05],
          [2.6901e-05],
          [1.3711e-05],
          [1.3431e-05],
          [1.2865e-05],
          [2.3519e-05],
          [1.3271e-05],
          [1.4215e-05],
          [1.2083e-05],
          [3.2246e-04],
          [2.9613e-05],
          [7.6639e-05],
          [5.2960e-05],
          [2.5914e-05],
          [2.3489e-05],
          [2.5051e-05],
          [2.1882e-05],
          [2.3023e-05],
          [2.0941e-05],
          [1.9629e-04],
          [3.2001e-05],
          [1.0643e-04],
          [3.4273e-05],
          [2.8284e-05],
          [3.7794e-05],
          [3.2889e-05],
          [3.1401e-05],
          [3.2582e-05],
          [3.0737e-05],
          [3.7793e-05],
          [3.6592e-05],
          [4.0967e-05],
          [3.8918e-05],
          [4.2040e-05],
          [3.1548e-04],
          [2.2145e-04],
          [2.6837e-05],
          [2.4436e-05],
          [1.4205e-05],
          [1.4367e-05],
          [1.5319e-05],
          [2.0848e-05],
          [2.2222e-05],
          [1.9196e-05],
          [1.9492e-05],
          [1.9071e-05],
          [2.0278e-05],
          [1.2994e-05],
          [1.7857e-05],
          [2.5715e-05],
          [2.8813e-05],
          [2.0993e-05],
          [2.3693e-05],
          [2.3299e-05],
          [2.5200e-05],
          [2.7911e-05],
          [3.5811e-05],
          [3.6246e-05],
          [2.9234e-05],
          [3.7435e-05],
          [3.9048e-05],
          [2.7760e-05],
          [2.6839e-05],
          [2.4890e-05],
          [2.7742e-05],
          [2.3456e-05],
          [2.8382e-05],
          [3.4705e-05],
          [2.2535e-05],
          [4.6010e-05],
          [3.4713e-05],
          [1.8464e-05],
          [2.4000e-05],
          [1.5602e-05],
          [2.2742e-05],
          [2.0596e-05],
          [3.3826e-05],
          [2.5383e-05],
          [1.4294e-04],
          [3.2098e-05],
          [1.2285e-04],
          [3.2159e-05],
          [3.6177e-05],
          [3.6301e-05],
          [3.1317e-05],
          [3.9284e-05],
          [3.3811e-05],
          [4.0977e-05],
          [3.5883e-05],
          [2.7186e-05],
          [3.7501e-05],
          [3.1953e-05],
          [2.5030e-05],
          [3.1892e-05],
          [3.3772e-05],
          [2.2305e-04],
          [6.9760e-05],
          [1.8262e-04],
          [3.2223e-05],
          [2.5183e-05],
          [1.3547e-05],
          [1.2329e-05],
          [2.2678e-04],
          [1.1459e-04],
          [1.6061e-05],
          [1.4882e-05],
          [1.5591e-05],
          [3.0226e-05],
          [3.9569e-05],
          [4.6345e-05],
          [5.3008e-05],
          [4.7366e-05],
          [3.6395e-05],
          [3.1884e-05],
          [3.9212e-05],
          [2.5043e-05],
          [2.5561e-05],
          [3.8302e-05],
          [5.5200e-05],
          [3.0183e-05],
          [2.6228e-05],
          [1.6444e-04],
          [3.0082e-05],
          [3.2348e-05],
          [4.4407e-05],
          [2.6388e-05],
          [3.3598e-05],
          [2.7101e-05],
          [3.2127e-05],
          [2.0852e-05],
          [2.3964e-04],
          [1.6179e-04],
          [4.0336e-05],
          [3.7542e-05],
          [4.4170e-05],
          [2.8098e-05],
          [3.3235e-05],
          [3.7158e-05],
          [3.4677e-05],
          [6.4628e-05],
          [9.7902e-05],
          [8.2054e-05],
          [6.7424e-05],
          [2.7268e-05],
          [2.1100e-05],
          [1.7214e-05],
          [2.1312e-05],
          [1.9195e-05],
          [1.9116e-04],
          [8.6351e-05],
          [1.7146e-05],
          [5.2261e-05],
          [1.7746e-04],
          [2.1140e-05],
          [3.0479e-04],
          [1.9936e-05],
          [4.6538e-04],
          [2.2605e-05],
          [2.9775e-05],
          [2.5161e-05],
          [3.4285e-05],
          [2.0129e-05],
          [2.0963e-05],
          [4.7783e-06]]]])
