# Using CPU
# Loading Embeddings...
# Making Predictions...
torch.Size([1, 1, 442, 260])
tensor([[[[1.1369e-04],
          [3.3693e-05],
          [7.1567e-05],
          [4.2725e-05],
          [3.5656e-05],
          [1.0779e-03],
          [1.5371e-04],
          [1.3701e-04],
          [9.7690e-04],
          [2.5843e-04],
          [9.0018e-05],
          [7.1529e-05],
          [3.1602e-04],
          [1.6265e-04],
          [5.9172e-05],
          [3.3284e-05],
          [2.9401e-05],
          [2.1754e-05],
          [2.3355e-05],
          [2.5345e-05],
          [7.9746e-04],
          [3.4066e-05],
          [1.6660e-04],
          [4.3238e-05],
          [8.4238e-05],
          [9.2794e-05],
          [9.3763e-05],
          [1.3858e-04],
          [2.3335e-04],
          [1.5021e-04],
          [1.0836e-04],
          [1.4015e-04],
          [1.1112e-04],
          [2.2003e-04],
          [1.2343e-04],
          [9.9832e-05],
          [1.4427e-03],
          [1.8267e-04],
          [1.9963e-04],
          [1.6044e-04],
          [1.2229e-04],
          [7.6075e-05],
          [6.9170e-05],
          [6.9278e-05],
          [6.4275e-05],
          [8.8163e-05],
          [6.3837e-05],
          [7.3043e-05],
          [6.4987e-05],
          [2.6408e-04],
          [1.2932e-04],
          [7.5047e-05],
          [7.4444e-05],
          [1.4715e-03],
          [1.1409e-04],
          [8.3501e-05],
          [6.9377e-05],
          [5.3728e-05],
          [8.0249e-05],
          [7.6823e-05],
          [7.8012e-05],
          [8.0857e-05],
          [2.6941e-04],
          [1.7609e-04],
          [8.3181e-05],
          [9.2109e-05],
          [9.2509e-05],
          [9.2855e-05],
          [1.0573e-04],
          [8.1772e-05],
          [6.8507e-05],
          [2.6419e-04],
          [9.7372e-05],
          [6.2022e-05],
          [6.2294e-05],
          [5.8962e-05],
          [1.9000e-04],
          [6.3959e-05],
          [6.0325e-05],
          [5.2242e-05],
          [2.2279e-04],
          [1.2266e-04],
          [4.8488e-05],
          [4.9778e-05],
          [5.4656e-05],
          [5.5493e-05],
          [5.8029e-05],
          [6.1939e-05],
          [6.4836e-05],
          [6.0599e-05],
          [9.8064e-04],
          [1.2296e-04],
          [1.6213e-04],
          [5.0697e-05],
          [4.7216e-05],
          [4.0090e-05],
          [4.0845e-05],
          [3.3603e-05],
          [2.0978e-05],
          [2.1796e-05],
          [3.8638e-05],
          [2.3943e-05],
          [2.1538e-05],
          [2.7731e-05],
          [3.2527e-05],
          [5.4888e-05],
          [5.8126e-05],
          [7.6479e-05],
          [7.8440e-05],
          [7.3874e-05],
          [5.4384e-05],
          [8.8645e-04],
          [1.1965e-04],
          [6.6007e-05],
          [1.7119e-04],
          [4.7692e-05],
          [5.5353e-05],
          [4.9297e-05],
          [4.9346e-05],
          [5.8741e-05],
          [6.3037e-05],
          [5.7594e-05],
          [6.7573e-05],
          [5.3834e-05],
          [8.0714e-05],
          [5.7949e-05],
          [7.0542e-05],
          [8.3523e-05],
          [1.0441e-04],
          [9.8180e-05],
          [1.7475e-04],
          [3.9856e-04],
          [6.9806e-04],
          [3.8360e-04],
          [1.3921e-04],
          [8.3610e-05],
          [8.0129e-05],
          [9.8818e-05],
          [8.4243e-05],
          [8.8942e-05],
          [5.7216e-05],
          [6.7148e-05],
          [5.2021e-05],
          [6.1582e-05],
          [6.1577e-05],
          [5.8948e-05],
          [7.0729e-05],
          [8.5334e-05],
          [1.0635e-04],
          [1.6020e-04],
          [1.3334e-04],
          [1.5783e-04],
          [1.5137e-04],
          [1.5555e-04],
          [1.1659e-04],
          [1.1566e-04],
          [2.6028e-03],
          [1.8653e-04],
          [6.1017e-04],
          [2.6487e-04],
          [6.0993e-05],
          [8.5498e-05],
          [8.3102e-05],
          [9.7197e-05],
          [1.0760e-04],
          [9.3842e-05],
          [1.0055e-04],
          [8.5013e-05],
          [1.0546e-04],
          [9.7164e-05],
          [6.8329e-05],
          [1.4014e-03],
          [1.3485e-04],
          [8.4565e-05],
          [9.5772e-05],
          [1.0111e-04],
          [9.7466e-05],
          [8.7643e-05],
          [2.3822e-04],
          [1.2620e-04],
          [2.0139e-04],
          [5.5769e-05],
          [5.6272e-05],
          [1.6496e-04],
          [4.3754e-05],
          [1.7618e-04],
          [3.9114e-05],
          [4.1236e-05],
          [3.8332e-05],
          [1.9711e-03],
          [5.7318e-05],
          [5.4434e-04],
          [7.7337e-05],
          [8.3760e-05],
          [6.9156e-05],
          [9.7121e-05],
          [8.0003e-05],
          [6.9409e-05],
          [2.0754e-04],
          [1.1227e-04],
          [5.7085e-05],
          [7.5087e-05],
          [6.2356e-05],
          [6.0755e-05],
          [5.8859e-05],
          [6.2560e-05],
          [5.0605e-05],
          [7.9968e-04],
          [1.0418e-04],
          [5.7469e-05],
          [4.9359e-05],
          [5.0486e-05],
          [5.4760e-05],
          [7.9499e-04],
          [8.8671e-05],
          [6.1918e-05],
          [1.8546e-04],
          [5.8900e-05],
          [5.4887e-05],
          [6.2898e-05],
          [6.5294e-05],
          [7.5172e-05],
          [7.2088e-05],
          [4.9700e-05],
          [4.3135e-05],
          [6.4754e-05],
          [6.2389e-05],
          [5.0077e-05],
          [5.2106e-05],
          [6.9884e-05],
          [6.0468e-05],
          [7.6774e-05],
          [6.0280e-05],
          [5.0108e-05],
          [9.1542e-04],
          [9.4357e-05],
          [6.0814e-05],
          [6.1039e-05],
          [3.5715e-05],
          [4.5142e-05],
          [5.0356e-05],
          [2.2875e-05],
          [1.9874e-05],
          [4.5405e-05],
          [2.5043e-05],
          [2.1594e-05],
          [3.1780e-03],
          [6.1370e-04],
          [4.3048e-05],
          [1.6357e-04],
          [6.1375e-05],
          [6.4247e-04],
          [8.4055e-05],
          [7.5762e-05],
          [8.6226e-05],
          [8.5532e-05],
          [8.6901e-05],
          [9.0857e-05],
          [8.9839e-05],
          [1.0957e-04],
          [1.3037e-04],
          [1.5309e-04],
          [1.2088e-04],
          [1.0963e-04],
          [2.1529e-04],
          [8.8444e-05],
          [2.3807e-04],
          [3.3374e-04],
          [3.0622e-05],
          [2.9975e-05],
          [1.4321e-04],
          [8.9605e-04],
          [3.4307e-05],
          [1.4009e-04],
          [1.7398e-04],
          [5.1306e-05],
          [1.8603e-04],
          [2.8980e-05],
          [4.2002e-05],
          [3.3778e-05],
          [2.3544e-05],
          [1.2782e-05],
          [1.4006e-05],
          [3.1249e-05],
          [1.6535e-05],
          [2.0030e-05],
          [1.6109e-05],
          [2.4589e-04],
          [3.6886e-05],
          [6.5535e-05],
          [5.9479e-05],
          [3.5563e-05],
          [3.8062e-05],
          [3.5784e-05],
          [3.1027e-05],
          [3.1465e-05],
          [2.8102e-05],
          [1.1033e-03],
          [4.0566e-05],
          [1.5901e-04],
          [4.4142e-05],
          [4.3433e-05],
          [5.5418e-05],
          [6.1627e-05],
          [5.6192e-05],
          [5.6495e-05],
          [6.6940e-05],
          [7.5731e-05],
          [7.9947e-05],
          [1.0570e-04],
          [9.0752e-05],
          [8.9431e-05],
          [6.4419e-04],
          [9.3624e-05],
          [4.4564e-05],
          [3.3847e-05],
          [3.0408e-05],
          [2.2468e-05],
          [1.7835e-05],
          [1.9117e-05],
          [1.8390e-05],
          [1.6847e-05],
          [8.0092e-05],
          [1.4904e-05],
          [1.5141e-05],
          [1.4240e-05],
          [2.5984e-05],
          [3.2886e-05],
          [3.4268e-05],
          [2.6664e-05],
          [3.1284e-05],
          [3.1731e-05],
          [3.5227e-05],
          [3.7184e-05],
          [3.8876e-05],
          [3.5906e-05],
          [3.3335e-05],
          [3.8274e-05],
          [3.5726e-05],
          [3.1830e-05],
          [3.7902e-05],
          [3.3518e-05],
          [2.8627e-05],
          [2.9485e-05],
          [3.8981e-05],
          [3.5350e-05],
          [2.5902e-05],
          [4.3036e-05],
          [2.9426e-05],
          [2.4496e-05],
          [2.5750e-05],
          [2.5123e-05],
          [2.3579e-05],
          [2.6169e-05],
          [3.9398e-05],
          [4.2558e-05],
          [2.7437e-03],
          [5.5040e-05],
          [7.7904e-04],
          [5.3896e-05],
          [6.6865e-05],
          [6.4727e-05],
          [6.4667e-05],
          [7.2325e-05],
          [6.5867e-05],
          [7.4877e-05],
          [6.6286e-05],
          [5.1389e-05],
          [6.3412e-05],
          [5.6503e-05],
          [5.1493e-05],
          [5.1232e-05],
          [4.2425e-05],
          [2.2631e-03],
          [8.7460e-05],
          [1.7516e-04],
          [4.7654e-05],
          [3.5705e-05],
          [1.6405e-05],
          [1.2032e-05],
          [6.7789e-04],
          [1.0361e-04],
          [1.2524e-05],
          [1.5319e-05],
          [1.9758e-05],
          [2.9173e-05],
          [7.4312e-05],
          [5.6669e-05],
          [8.8760e-05],
          [6.0350e-05],
          [4.2643e-05],
          [4.2093e-05],
          [3.9599e-05],
          [3.7745e-05],
          [4.2743e-05],
          [5.1496e-05],
          [6.4729e-05],
          [5.1696e-05],
          [2.9744e-05],
          [9.5521e-05],
          [4.2608e-05],
          [2.6812e-05],
          [6.0076e-05],
          [2.6456e-05],
          [2.6450e-05],
          [2.0501e-05],
          [2.0667e-05],
          [2.4705e-05],
          [3.1916e-04],
          [1.1462e-04],
          [6.4734e-05],
          [6.2471e-05],
          [6.9771e-05],
          [4.8943e-05],
          [4.2026e-05],
          [3.5537e-05],
          [3.8135e-05],
          [2.8508e-04],
          [6.7416e-05],
          [2.8981e-04],
          [1.5418e-04],
          [2.3423e-05],
          [1.9850e-05],
          [1.4806e-05],
          [1.6479e-05],
          [1.6551e-05],
          [4.1964e-04],
          [2.1172e-04],
          [2.0884e-05],
          [7.6233e-05],
          [8.0118e-05],
          [1.7229e-05],
          [1.4005e-04],
          [2.4631e-05],
          [2.1758e-04],
          [2.6706e-05],
          [3.1897e-05],
          [3.4310e-05],
          [3.4646e-05],
          [2.3858e-05],
          [4.9797e-04],
          [7.2901e-06]]]])
