# Using CPU
# Loading Embeddings...
# Making Predictions...
torch.Size([1, 1, 442, 275])
tensor([[[[9.9067e-05],
          [4.7556e-05],
          [1.1756e-04],
          [3.1228e-05],
          [1.8384e-05],
          [2.3202e-04],
          [9.4713e-04],
          [3.1960e-05],
          [2.2233e-04],
          [1.1650e-03],
          [2.6816e-05],
          [2.9556e-05],
          [2.3610e-04],
          [2.9313e-04],
          [4.6113e-05],
          [2.7590e-05],
          [2.9706e-05],
          [2.9327e-05],
          [3.6001e-05],
          [3.3248e-05],
          [3.1231e-04],
          [4.0285e-05],
          [6.2144e-04],
          [3.3029e-05],
          [3.1201e-05],
          [2.9977e-05],
          [2.6031e-05],
          [4.3814e-05],
          [5.1064e-05],
          [6.2710e-05],
          [6.3756e-05],
          [7.6030e-05],
          [7.4056e-05],
          [8.1897e-05],
          [6.1745e-05],
          [5.6386e-05],
          [6.3503e-04],
          [6.5730e-05],
          [2.0481e-04],
          [1.1106e-04],
          [5.4500e-04],
          [2.8303e-05],
          [2.5560e-05],
          [2.3969e-05],
          [2.0370e-05],
          [2.5704e-05],
          [2.0410e-05],
          [2.4824e-05],
          [2.2267e-05],
          [1.6067e-04],
          [4.4871e-04],
          [2.9726e-05],
          [2.9816e-05],
          [2.6162e-04],
          [5.6185e-04],
          [3.2961e-05],
          [2.5453e-05],
          [2.2884e-05],
          [2.8815e-05],
          [2.6301e-05],
          [2.7281e-05],
          [2.2583e-05],
          [2.1917e-04],
          [3.0416e-04],
          [3.7932e-05],
          [3.9686e-05],
          [4.7180e-05],
          [5.3614e-05],
          [5.4750e-05],
          [3.6939e-05],
          [3.1413e-05],
          [2.6211e-04],
          [2.4725e-05],
          [2.4591e-05],
          [2.5281e-05],
          [3.2369e-05],
          [1.7324e-03],
          [3.3163e-05],
          [3.4012e-05],
          [2.5701e-05],
          [1.7686e-04],
          [1.7809e-04],
          [2.4408e-05],
          [2.3917e-05],
          [2.2451e-05],
          [2.2826e-05],
          [2.3366e-05],
          [2.0470e-05],
          [2.3660e-05],
          [2.1993e-05],
          [2.2590e-04],
          [3.4962e-05],
          [2.8114e-04],
          [2.6038e-05],
          [2.9156e-05],
          [3.1622e-05],
          [3.3435e-05],
          [4.0063e-05],
          [3.5000e-05],
          [4.2798e-05],
          [4.1455e-05],
          [4.3211e-05],
          [3.8893e-05],
          [3.8967e-05],
          [3.2900e-05],
          [2.6990e-05],
          [2.2043e-05],
          [2.6363e-05],
          [2.3591e-05],
          [2.1147e-05],
          [1.8479e-05],
          [2.0960e-04],
          [6.6626e-05],
          [1.8558e-05],
          [3.0092e-04],
          [1.5236e-05],
          [1.8624e-05],
          [2.0985e-05],
          [2.1144e-05],
          [2.5742e-05],
          [2.3865e-05],
          [2.2667e-05],
          [2.7481e-05],
          [3.0864e-05],
          [3.0100e-05],
          [2.9900e-05],
          [3.5746e-05],
          [4.2497e-05],
          [7.0333e-05],
          [1.2098e-04],
          [2.4249e-04],
          [6.3671e-04],
          [1.1850e-03],
          [9.3032e-04],
          [2.3337e-04],
          [1.3838e-04],
          [7.4348e-05],
          [6.3431e-05],
          [3.6352e-05],
          [3.1168e-05],
          [2.9357e-05],
          [2.8855e-05],
          [2.7421e-05],
          [2.9196e-05],
          [2.6003e-05],
          [2.4735e-05],
          [2.1560e-05],
          [2.9910e-05],
          [3.0397e-05],
          [4.4179e-05],
          [4.4159e-05],
          [4.9244e-05],
          [4.7588e-05],
          [5.7285e-05],
          [4.8740e-05],
          [4.6068e-05],
          [5.0492e-04],
          [4.8833e-04],
          [1.4437e-04],
          [1.2371e-03],
          [4.5695e-05],
          [7.6665e-05],
          [1.8637e-04],
          [1.9211e-04],
          [1.0858e-04],
          [9.3010e-05],
          [8.1665e-05],
          [5.5342e-05],
          [4.0869e-05],
          [3.1772e-05],
          [2.4809e-05],
          [2.5506e-04],
          [6.9633e-04],
          [2.5149e-05],
          [2.7741e-05],
          [3.9741e-05],
          [3.1592e-05],
          [2.7764e-05],
          [2.0409e-04],
          [2.7355e-05],
          [3.4735e-04],
          [2.1028e-05],
          [2.5380e-05],
          [1.8638e-04],
          [2.3152e-05],
          [2.7963e-04],
          [2.8174e-05],
          [3.1186e-05],
          [2.7631e-05],
          [3.2351e-04],
          [4.9988e-05],
          [1.9341e-03],
          [2.5439e-05],
          [2.1899e-05],
          [2.0781e-05],
          [2.2113e-05],
          [2.5268e-05],
          [1.9804e-05],
          [1.9983e-04],
          [3.0646e-04],
          [2.0063e-05],
          [2.3978e-05],
          [2.4703e-05],
          [2.5024e-05],
          [3.0327e-05],
          [2.9006e-05],
          [3.0794e-05],
          [1.8042e-04],
          [6.5561e-04],
          [2.6537e-05],
          [2.4199e-05],
          [2.0677e-05],
          [1.7832e-05],
          [2.3174e-04],
          [2.4784e-05],
          [2.0872e-05],
          [1.5261e-03],
          [2.5113e-05],
          [2.6701e-05],
          [3.2401e-05],
          [3.6899e-05],
          [3.9333e-05],
          [4.4357e-05],
          [3.8550e-05],
          [3.8214e-05],
          [7.0516e-05],
          [5.2224e-05],
          [4.5183e-05],
          [5.0475e-05],
          [4.5586e-05],
          [3.3515e-05],
          [3.7926e-05],
          [2.8755e-05],
          [2.0538e-05],
          [2.1459e-04],
          [3.8508e-04],
          [2.1797e-05],
          [2.4378e-05],
          [3.6504e-05],
          [3.2452e-05],
          [3.7485e-05],
          [2.7419e-05],
          [2.2837e-05],
          [4.3062e-05],
          [2.7917e-05],
          [1.6764e-05],
          [6.0952e-04],
          [7.6421e-05],
          [1.7995e-05],
          [2.5992e-04],
          [1.7252e-05],
          [1.7247e-04],
          [2.6352e-04],
          [1.7796e-05],
          [2.2791e-05],
          [2.5426e-05],
          [2.5215e-05],
          [3.3892e-05],
          [3.9196e-05],
          [4.8458e-05],
          [4.4494e-05],
          [6.0998e-05],
          [6.5879e-05],
          [9.0082e-05],
          [7.9606e-05],
          [7.1247e-05],
          [5.7586e-05],
          [1.0018e-04],
          [2.5952e-05],
          [2.6432e-05],
          [3.0338e-04],
          [2.4716e-04],
          [3.4250e-05],
          [2.3213e-04],
          [1.8995e-04],
          [2.6447e-05],
          [2.9282e-04],
          [1.2404e-05],
          [1.6457e-05],
          [1.5860e-05],
          [1.7339e-05],
          [2.0377e-05],
          [2.0103e-05],
          [2.2907e-05],
          [2.5031e-05],
          [2.8361e-05],
          [2.1060e-05],
          [2.4713e-04],
          [1.9117e-05],
          [7.5504e-05],
          [2.2924e-04],
          [1.7429e-05],
          [1.5363e-05],
          [1.7964e-05],
          [1.8431e-05],
          [1.9791e-05],
          [2.2367e-05],
          [2.6834e-04],
          [2.9147e-05],
          [1.1748e-03],
          [2.5508e-05],
          [2.6172e-05],
          [2.6104e-05],
          [2.8332e-05],
          [2.7318e-05],
          [2.8114e-05],
          [3.0906e-05],
          [3.6799e-05],
          [3.9542e-05],
          [3.3520e-05],
          [2.7716e-05],
          [3.0999e-05],
          [2.3297e-04],
          [5.9335e-04],
          [2.4794e-05],
          [2.6983e-05],
          [3.9405e-05],
          [1.9794e-05],
          [2.0719e-05],
          [2.8383e-05],
          [2.5927e-05],
          [2.3164e-05],
          [1.8550e-05],
          [2.4659e-05],
          [2.3162e-05],
          [1.8612e-05],
          [1.6522e-05],
          [1.4781e-05],
          [1.6597e-05],
          [1.3968e-05],
          [1.8306e-05],
          [2.2747e-05],
          [2.7930e-05],
          [3.1420e-05],
          [4.0345e-05],
          [4.7654e-05],
          [4.7202e-05],
          [4.8167e-05],
          [4.3556e-05],
          [4.8130e-05],
          [4.4118e-05],
          [4.3337e-05],
          [3.2208e-05],
          [3.0278e-05],
          [3.6754e-05],
          [3.1442e-05],
          [2.0127e-05],
          [3.6550e-05],
          [2.9555e-05],
          [2.1613e-05],
          [2.2548e-05],
          [1.6821e-05],
          [2.2924e-05],
          [2.2625e-05],
          [3.2802e-05],
          [2.8134e-05],
          [6.6939e-04],
          [4.8426e-05],
          [2.4095e-03],
          [2.9135e-05],
          [3.1094e-05],
          [3.4992e-05],
          [3.3643e-05],
          [3.0708e-05],
          [3.0011e-05],
          [2.3190e-05],
          [2.3108e-05],
          [1.9050e-05],
          [1.7877e-05],
          [1.6817e-05],
          [1.6043e-05],
          [1.9612e-05],
          [1.8809e-05],
          [5.4146e-04],
          [5.4854e-05],
          [1.3283e-03],
          [2.0523e-05],
          [1.8458e-05],
          [1.6506e-05],
          [1.7344e-05],
          [2.7434e-04],
          [7.9252e-04],
          [2.4516e-05],
          [2.7348e-05],
          [5.3548e-05],
          [7.6859e-05],
          [9.6169e-05],
          [1.1631e-04],
          [1.2851e-04],
          [9.2664e-05],
          [6.0081e-05],
          [4.4308e-05],
          [5.3201e-05],
          [2.7894e-05],
          [1.7275e-05],
          [1.8220e-05],
          [1.9740e-05],
          [2.4179e-05],
          [1.9539e-05],
          [7.9237e-05],
          [4.2648e-05],
          [3.8440e-05],
          [8.1251e-05],
          [2.4272e-05],
          [3.8840e-05],
          [2.4630e-05],
          [2.2876e-05],
          [1.7307e-05],
          [1.6266e-04],
          [3.5034e-04],
          [2.5968e-05],
          [2.7306e-05],
          [3.4320e-05],
          [2.7142e-05],
          [4.1519e-05],
          [3.2277e-05],
          [3.5431e-05],
          [1.5381e-04],
          [1.0320e-04],
          [1.5900e-04],
          [5.7511e-04],
          [3.1896e-05],
          [1.7214e-05],
          [1.5907e-05],
          [2.0716e-05],
          [1.3183e-05],
          [2.7601e-04],
          [1.1009e-04],
          [1.8309e-05],
          [4.4773e-05],
          [2.5604e-04],
          [1.5570e-05],
          [1.3397e-04],
          [2.2005e-05],
          [3.3505e-04],
          [2.0566e-05],
          [1.7984e-05],
          [1.5334e-05],
          [2.6840e-05],
          [2.7208e-05],
          [1.7925e-04],
          [8.7976e-06]]]])
