# Using CPU
# Loading Embeddings...
# Making Predictions...
torch.Size([1, 1, 442, 256])
tensor([[[[1.0276e-04],
          [4.1306e-05],
          [9.0468e-05],
          [4.1099e-05],
          [4.1085e-05],
          [1.0554e-04],
          [7.6942e-05],
          [6.6192e-05],
          [1.2209e-04],
          [7.2044e-05],
          [5.2282e-05],
          [4.9198e-05],
          [3.2563e-04],
          [1.7803e-04],
          [7.7373e-05],
          [3.5875e-05],
          [3.1264e-05],
          [1.7846e-05],
          [1.7844e-05],
          [1.8148e-05],
          [2.1278e-04],
          [2.3682e-05],
          [7.5498e-05],
          [2.8985e-05],
          [4.4086e-05],
          [5.3311e-05],
          [5.4721e-05],
          [6.7889e-05],
          [7.1820e-05],
          [8.2357e-05],
          [7.8523e-05],
          [7.9080e-05],
          [8.1150e-05],
          [9.6658e-05],
          [7.5034e-05],
          [6.7296e-05],
          [1.1682e-03],
          [1.5149e-04],
          [1.6217e-04],
          [1.0233e-04],
          [1.1429e-04],
          [5.5366e-05],
          [4.4479e-05],
          [4.6941e-05],
          [4.6005e-05],
          [6.5682e-05],
          [4.6331e-05],
          [4.8249e-05],
          [4.2899e-05],
          [1.4637e-04],
          [9.8951e-05],
          [4.4976e-05],
          [4.4408e-05],
          [1.6347e-04],
          [6.3820e-05],
          [4.9970e-05],
          [4.1883e-05],
          [4.0040e-05],
          [5.1023e-05],
          [4.4732e-05],
          [4.3565e-05],
          [4.2214e-05],
          [4.0313e-04],
          [1.6522e-04],
          [7.4248e-05],
          [5.9735e-05],
          [6.8297e-05],
          [6.2627e-05],
          [7.1744e-05],
          [6.3833e-05],
          [4.7749e-05],
          [1.9675e-04],
          [4.9327e-05],
          [3.7481e-05],
          [4.1304e-05],
          [4.1425e-05],
          [1.4184e-04],
          [3.8172e-05],
          [4.0697e-05],
          [3.2128e-05],
          [1.8976e-04],
          [1.8561e-04],
          [3.9535e-05],
          [5.1328e-05],
          [4.3410e-05],
          [3.8156e-05],
          [4.3650e-05],
          [5.4198e-05],
          [4.4821e-05],
          [4.0510e-05],
          [1.3562e-04],
          [8.9876e-05],
          [2.3102e-04],
          [5.7177e-05],
          [4.7672e-05],
          [5.2683e-05],
          [4.8607e-05],
          [4.1733e-05],
          [2.9030e-05],
          [2.2539e-05],
          [4.5374e-05],
          [2.1657e-05],
          [2.0897e-05],
          [2.5132e-05],
          [3.0104e-05],
          [4.8090e-05],
          [4.1819e-05],
          [4.5796e-05],
          [4.6654e-05],
          [4.4958e-05],
          [4.0726e-05],
          [6.3480e-05],
          [1.0693e-04],
          [5.3270e-05],
          [3.5908e-04],
          [3.9492e-05],
          [4.8329e-05],
          [7.5627e-05],
          [3.7817e-05],
          [4.3478e-05],
          [4.3412e-05],
          [4.0985e-05],
          [4.0954e-05],
          [4.7897e-05],
          [4.9389e-05],
          [5.4021e-05],
          [5.2164e-05],
          [5.7437e-05],
          [5.9291e-05],
          [6.8973e-05],
          [6.4431e-04],
          [2.2765e-03],
          [2.3094e-03],
          [8.5867e-04],
          [2.1139e-04],
          [8.4805e-05],
          [4.6439e-05],
          [5.2318e-05],
          [5.5432e-05],
          [4.5772e-05],
          [4.8365e-05],
          [4.9199e-05],
          [4.6087e-05],
          [4.8189e-05],
          [4.6709e-05],
          [5.7339e-05],
          [5.8675e-05],
          [6.2716e-05],
          [6.0853e-05],
          [8.2415e-05],
          [7.0158e-05],
          [8.7236e-05],
          [7.2487e-05],
          [1.0248e-04],
          [6.9681e-05],
          [8.0810e-05],
          [2.1468e-04],
          [6.9201e-05],
          [8.3698e-05],
          [8.4981e-05],
          [5.3108e-05],
          [6.7211e-05],
          [1.7716e-04],
          [1.2474e-04],
          [5.1642e-05],
          [5.8638e-05],
          [5.2797e-05],
          [5.4683e-05],
          [5.2795e-05],
          [4.8454e-05],
          [4.7045e-05],
          [2.2996e-04],
          [1.1009e-04],
          [5.3290e-05],
          [5.3104e-05],
          [5.1023e-05],
          [6.2152e-05],
          [4.4217e-05],
          [2.7918e-04],
          [4.7792e-05],
          [5.3714e-04],
          [4.1102e-05],
          [4.5728e-05],
          [1.2895e-04],
          [4.4087e-05],
          [2.4274e-04],
          [4.0400e-05],
          [3.5518e-05],
          [3.3447e-05],
          [1.0208e-04],
          [4.3202e-05],
          [6.3451e-05],
          [4.3369e-05],
          [4.6998e-05],
          [4.2576e-05],
          [4.3765e-05],
          [4.8331e-05],
          [3.8977e-05],
          [2.3435e-04],
          [1.4773e-04],
          [4.8129e-05],
          [4.6652e-05],
          [4.7786e-05],
          [4.2897e-05],
          [4.8009e-05],
          [4.5153e-05],
          [4.2627e-05],
          [1.3727e-04],
          [6.5406e-05],
          [4.2617e-05],
          [4.1948e-05],
          [4.2528e-05],
          [3.9916e-05],
          [1.9021e-04],
          [4.5522e-05],
          [4.6626e-05],
          [1.4232e-04],
          [4.3381e-05],
          [3.8379e-05],
          [4.0558e-05],
          [4.8465e-05],
          [5.3034e-05],
          [5.1894e-05],
          [4.2275e-05],
          [3.8462e-05],
          [3.7953e-05],
          [4.2495e-05],
          [4.3060e-05],
          [4.7547e-05],
          [6.2418e-05],
          [4.6019e-05],
          [5.1769e-05],
          [4.7608e-05],
          [3.2874e-05],
          [1.2343e-04],
          [5.6307e-05],
          [5.6241e-05],
          [3.7511e-05],
          [3.2391e-05],
          [4.0251e-05],
          [3.9022e-05],
          [2.3417e-05],
          [2.2340e-05],
          [4.2778e-05],
          [1.7271e-05],
          [1.9657e-05],
          [6.8686e-05],
          [7.2122e-05],
          [3.6221e-05],
          [4.0253e-04],
          [3.2727e-05],
          [1.3609e-04],
          [8.1527e-05],
          [4.5479e-05],
          [5.4899e-05],
          [5.6850e-05],
          [5.0579e-05],
          [5.1582e-05],
          [5.4554e-05],
          [5.5961e-05],
          [5.5393e-05],
          [7.0438e-05],
          [6.3907e-05],
          [6.4113e-05],
          [1.3929e-04],
          [7.8886e-05],
          [1.1342e-04],
          [4.8156e-04],
          [4.1176e-05],
          [3.9448e-05],
          [1.9510e-04],
          [1.0041e-04],
          [2.4353e-05],
          [1.2996e-04],
          [1.3154e-04],
          [6.5269e-05],
          [5.4600e-04],
          [3.1443e-05],
          [3.6395e-05],
          [2.8455e-05],
          [1.8575e-05],
          [1.0998e-05],
          [1.2215e-05],
          [2.0152e-05],
          [1.2294e-05],
          [1.1898e-05],
          [1.1837e-05],
          [3.2518e-04],
          [3.1742e-05],
          [1.0583e-04],
          [5.1102e-05],
          [3.2595e-05],
          [3.1434e-05],
          [2.8398e-05],
          [2.7158e-05],
          [2.7854e-05],
          [2.5719e-05],
          [1.6518e-04],
          [3.3004e-05],
          [1.1616e-04],
          [3.4352e-05],
          [3.4375e-05],
          [4.1325e-05],
          [4.0987e-05],
          [3.8647e-05],
          [4.0493e-05],
          [4.2108e-05],
          [5.0048e-05],
          [4.4607e-05],
          [5.0901e-05],
          [5.6856e-05],
          [5.5428e-05],
          [2.7430e-04],
          [1.1750e-04],
          [3.6947e-05],
          [4.1570e-05],
          [2.2241e-05],
          [3.2228e-05],
          [1.8893e-05],
          [1.5545e-05],
          [1.8564e-05],
          [1.6894e-05],
          [2.3627e-05],
          [1.4610e-05],
          [1.6310e-05],
          [1.8268e-05],
          [2.6094e-05],
          [2.5834e-05],
          [3.2892e-05],
          [2.1610e-05],
          [2.7968e-05],
          [3.1669e-05],
          [2.9639e-05],
          [3.3079e-05],
          [3.8770e-05],
          [3.5904e-05],
          [3.3974e-05],
          [3.8596e-05],
          [3.9247e-05],
          [2.8998e-05],
          [2.9841e-05],
          [2.3576e-05],
          [2.3410e-05],
          [2.2166e-05],
          [2.6877e-05],
          [1.9887e-05],
          [2.1442e-05],
          [4.2757e-05],
          [2.1982e-05],
          [1.9362e-05],
          [2.3000e-05],
          [1.4441e-05],
          [2.1654e-05],
          [2.0206e-05],
          [3.6358e-05],
          [3.0376e-05],
          [7.0117e-05],
          [3.0782e-05],
          [5.6429e-05],
          [3.1819e-05],
          [3.8914e-05],
          [3.8739e-05],
          [3.5066e-05],
          [4.0351e-05],
          [3.5606e-05],
          [4.1895e-05],
          [3.8332e-05],
          [3.7638e-05],
          [4.6821e-05],
          [4.4049e-05],
          [3.5386e-05],
          [3.9044e-05],
          [3.0040e-05],
          [1.0103e-04],
          [6.2749e-05],
          [1.7383e-04],
          [3.4087e-05],
          [2.3297e-05],
          [1.6624e-05],
          [1.3344e-05],
          [2.1079e-04],
          [1.0881e-04],
          [1.2654e-05],
          [1.6359e-05],
          [2.2268e-05],
          [3.2826e-05],
          [5.3434e-05],
          [6.2711e-05],
          [7.6359e-05],
          [5.8343e-05],
          [4.9322e-05],
          [4.3470e-05],
          [4.7370e-05],
          [3.8349e-05],
          [3.1550e-05],
          [3.8467e-05],
          [6.7409e-05],
          [3.7689e-05],
          [2.5990e-05],
          [2.1808e-04],
          [4.3033e-05],
          [3.5912e-05],
          [1.0744e-04],
          [3.3197e-05],
          [3.0917e-05],
          [2.2396e-05],
          [2.3281e-05],
          [2.0791e-05],
          [1.4068e-04],
          [1.0469e-04],
          [4.6331e-05],
          [4.4109e-05],
          [4.5695e-05],
          [2.8708e-05],
          [3.5260e-05],
          [3.2588e-05],
          [2.3382e-05],
          [3.9703e-05],
          [9.9022e-05],
          [1.0166e-04],
          [7.0869e-05],
          [2.1595e-05],
          [2.4707e-05],
          [1.4470e-05],
          [1.8535e-05],
          [1.4249e-05],
          [1.9049e-04],
          [8.4913e-05],
          [2.9461e-05],
          [8.1279e-05],
          [8.0175e-05],
          [1.8929e-05],
          [1.5722e-04],
          [2.4028e-05],
          [7.6660e-04],
          [2.5995e-05],
          [2.8920e-05],
          [2.5713e-05],
          [3.9489e-05],
          [1.8038e-05],
          [1.1403e-05],
          [4.1542e-06]]]])
