# Using CPU
# Loading Embeddings...
# Making Predictions...
torch.Size([1, 1, 442, 267])
tensor([[[[1.3351e-04],
          [3.3503e-05],
          [1.5926e-04],
          [3.3409e-05],
          [1.0455e-05],
          [3.7131e-04],
          [1.8770e-03],
          [1.4684e-05],
          [2.8167e-04],
          [1.8529e-03],
          [1.7365e-05],
          [1.4701e-05],
          [4.7219e-04],
          [4.3469e-04],
          [1.5162e-05],
          [1.0834e-05],
          [1.1565e-05],
          [1.3035e-05],
          [1.9028e-05],
          [2.0354e-05],
          [4.2742e-04],
          [2.2312e-05],
          [9.1593e-04],
          [1.7189e-05],
          [1.8010e-05],
          [2.2665e-05],
          [2.9536e-05],
          [4.4043e-05],
          [4.3337e-05],
          [5.7781e-05],
          [4.0037e-05],
          [5.4417e-05],
          [3.9454e-05],
          [3.9579e-05],
          [3.5783e-05],
          [3.3044e-05],
          [1.1579e-03],
          [4.6404e-05],
          [2.7502e-04],
          [1.1069e-04],
          [7.9202e-04],
          [1.7367e-05],
          [1.6730e-05],
          [1.6027e-05],
          [1.3752e-05],
          [1.2714e-05],
          [1.1532e-05],
          [1.6162e-05],
          [2.1125e-05],
          [2.7710e-04],
          [6.2188e-04],
          [1.2350e-05],
          [1.2818e-05],
          [4.4492e-04],
          [1.0651e-03],
          [1.4729e-05],
          [1.3024e-05],
          [1.2345e-05],
          [1.3046e-05],
          [1.6901e-05],
          [1.7407e-05],
          [1.6257e-05],
          [6.6358e-04],
          [2.8920e-04],
          [1.7107e-05],
          [1.4761e-05],
          [1.4145e-05],
          [1.4358e-05],
          [1.5785e-05],
          [1.4875e-05],
          [1.5042e-05],
          [4.3858e-04],
          [3.3674e-05],
          [1.9188e-05],
          [1.4932e-05],
          [2.1291e-05],
          [3.5035e-03],
          [1.4018e-05],
          [1.3264e-05],
          [1.3130e-05],
          [2.3668e-04],
          [2.8048e-04],
          [1.1352e-05],
          [1.1971e-05],
          [1.4411e-05],
          [1.6551e-05],
          [1.8193e-05],
          [2.0005e-05],
          [1.7991e-05],
          [1.6492e-05],
          [3.4516e-04],
          [7.5072e-05],
          [4.4382e-04],
          [1.5274e-05],
          [2.3293e-05],
          [3.0626e-05],
          [2.7821e-05],
          [4.5353e-05],
          [3.1672e-05],
          [3.5052e-05],
          [3.0095e-05],
          [2.2387e-05],
          [1.5553e-05],
          [1.2802e-05],
          [1.5215e-05],
          [1.9665e-05],
          [2.3729e-05],
          [2.5660e-05],
          [2.7381e-05],
          [2.9880e-05],
          [2.4342e-05],
          [9.7334e-05],
          [2.4667e-04],
          [1.9113e-05],
          [2.7221e-04],
          [1.5042e-05],
          [1.2227e-05],
          [9.8316e-06],
          [1.0988e-05],
          [1.2433e-05],
          [1.4335e-05],
          [1.2279e-05],
          [1.4189e-05],
          [1.2459e-05],
          [1.4454e-05],
          [1.5102e-05],
          [1.8017e-05],
          [1.8662e-05],
          [2.0910e-05],
          [2.2800e-05],
          [2.3318e-05],
          [4.6929e-04],
          [4.0854e-04],
          [2.3544e-05],
          [2.9268e-05],
          [2.1120e-05],
          [1.7623e-05],
          [1.4405e-05],
          [1.2973e-05],
          [1.3788e-05],
          [1.2690e-05],
          [1.1696e-05],
          [9.8630e-06],
          [1.2611e-05],
          [1.5803e-05],
          [2.1451e-05],
          [2.5749e-05],
          [3.5196e-05],
          [4.2165e-05],
          [5.7941e-05],
          [5.5672e-05],
          [4.3678e-05],
          [4.7469e-05],
          [4.2182e-05],
          [3.9272e-05],
          [3.6779e-05],
          [2.5035e-04],
          [7.8552e-04],
          [1.8198e-04],
          [2.2871e-03],
          [3.1343e-05],
          [1.6077e-05],
          [1.4987e-05],
          [1.6489e-05],
          [1.4950e-05],
          [2.1964e-05],
          [1.7475e-05],
          [1.9170e-05],
          [1.8901e-05],
          [2.3303e-05],
          [1.8505e-05],
          [3.7137e-04],
          [1.1733e-03],
          [2.3399e-05],
          [3.1729e-05],
          [4.0419e-05],
          [3.6281e-05],
          [2.8613e-05],
          [3.5070e-04],
          [5.9201e-05],
          [4.6342e-04],
          [1.6352e-05],
          [2.0052e-05],
          [2.7666e-04],
          [1.5041e-05],
          [3.1089e-04],
          [2.0132e-05],
          [2.2338e-05],
          [1.7875e-05],
          [4.0046e-04],
          [2.7679e-05],
          [4.7393e-03],
          [1.9766e-05],
          [2.4828e-05],
          [2.4268e-05],
          [2.6179e-05],
          [2.5280e-05],
          [2.6566e-05],
          [3.0067e-04],
          [2.9793e-04],
          [1.9351e-05],
          [1.7928e-05],
          [1.4995e-05],
          [1.7617e-05],
          [1.5644e-05],
          [1.6564e-05],
          [2.6046e-05],
          [2.8795e-04],
          [1.3459e-03],
          [1.4008e-05],
          [1.4214e-05],
          [1.4971e-05],
          [1.3641e-05],
          [4.5262e-04],
          [4.6789e-05],
          [2.3423e-05],
          [1.6943e-03],
          [1.5682e-05],
          [1.5017e-05],
          [1.2154e-05],
          [1.2232e-05],
          [1.3340e-05],
          [1.2291e-05],
          [1.1735e-05],
          [1.2854e-05],
          [1.6312e-05],
          [1.3439e-05],
          [1.2875e-05],
          [1.0809e-05],
          [1.0182e-05],
          [9.7007e-06],
          [1.1493e-05],
          [1.1899e-05],
          [1.1230e-05],
          [3.3423e-04],
          [6.2217e-04],
          [1.3784e-05],
          [1.3058e-05],
          [1.1926e-05],
          [1.7359e-05],
          [1.5924e-05],
          [2.0681e-05],
          [1.8576e-05],
          [2.3299e-05],
          [2.2160e-05],
          [1.6112e-05],
          [1.8913e-04],
          [2.4951e-04],
          [2.0163e-05],
          [5.5259e-04],
          [1.1071e-05],
          [2.6730e-04],
          [3.4575e-04],
          [1.4622e-05],
          [1.4533e-05],
          [1.6697e-05],
          [1.4482e-05],
          [1.8140e-05],
          [2.0841e-05],
          [3.0145e-05],
          [3.4293e-05],
          [4.4117e-05],
          [4.5043e-05],
          [5.2463e-05],
          [8.2607e-05],
          [8.9328e-05],
          [5.8322e-05],
          [3.3072e-04],
          [3.1098e-05],
          [2.9738e-05],
          [3.4193e-04],
          [1.9372e-04],
          [3.4847e-05],
          [4.8694e-04],
          [2.2980e-04],
          [3.9290e-05],
          [4.6718e-04],
          [1.4012e-05],
          [1.0035e-05],
          [8.9489e-06],
          [1.0078e-05],
          [9.1009e-06],
          [9.4960e-06],
          [1.3939e-05],
          [1.4422e-05],
          [1.8670e-05],
          [1.5105e-05],
          [3.4900e-04],
          [3.2339e-05],
          [1.2465e-04],
          [1.9505e-04],
          [1.1469e-05],
          [9.4300e-06],
          [1.0189e-05],
          [1.0348e-05],
          [8.8305e-06],
          [1.0991e-05],
          [4.2779e-04],
          [1.8571e-05],
          [2.2091e-03],
          [1.4238e-05],
          [1.1893e-05],
          [1.0998e-05],
          [1.0647e-05],
          [1.0745e-05],
          [1.0833e-05],
          [1.1535e-05],
          [1.4259e-05],
          [1.3186e-05],
          [1.5799e-05],
          [1.6867e-05],
          [1.6326e-05],
          [4.3083e-04],
          [9.8102e-04],
          [1.7183e-05],
          [1.2790e-05],
          [2.4587e-05],
          [9.8382e-06],
          [1.0935e-05],
          [1.4730e-05],
          [1.6100e-05],
          [1.6657e-05],
          [1.4403e-05],
          [1.4338e-05],
          [1.2609e-05],
          [1.0509e-05],
          [1.1026e-05],
          [1.2289e-05],
          [1.4044e-05],
          [1.2873e-05],
          [1.3541e-05],
          [1.3625e-05],
          [2.3006e-05],
          [1.3682e-05],
          [1.3220e-05],
          [1.4078e-05],
          [1.4376e-05],
          [1.6943e-05],
          [1.8088e-05],
          [2.3271e-05],
          [2.2977e-05],
          [2.0402e-05],
          [1.6776e-05],
          [2.0586e-05],
          [2.4976e-05],
          [2.3042e-05],
          [1.9014e-05],
          [1.5208e-05],
          [1.5616e-05],
          [1.5711e-05],
          [1.5008e-05],
          [1.5792e-05],
          [1.3835e-05],
          [1.1983e-05],
          [1.1188e-05],
          [1.1645e-05],
          [2.9124e-04],
          [3.7305e-05],
          [6.0773e-03],
          [1.3757e-05],
          [1.4407e-05],
          [2.6154e-05],
          [1.2502e-05],
          [1.6316e-05],
          [1.4588e-05],
          [1.4625e-05],
          [1.2798e-05],
          [1.2962e-05],
          [1.3155e-05],
          [1.4606e-05],
          [1.3287e-05],
          [1.4276e-05],
          [1.3990e-05],
          [3.0563e-04],
          [9.3107e-05],
          [1.9927e-03],
          [1.4582e-05],
          [1.0156e-05],
          [1.0637e-05],
          [1.2307e-05],
          [4.7926e-04],
          [1.4667e-03],
          [1.3289e-05],
          [1.3532e-05],
          [1.6225e-05],
          [2.5599e-05],
          [3.1281e-05],
          [3.8971e-05],
          [3.8226e-05],
          [3.0237e-05],
          [2.1924e-05],
          [2.0094e-05],
          [1.5924e-05],
          [1.4404e-05],
          [1.1157e-05],
          [1.1689e-05],
          [1.1012e-05],
          [1.5577e-05],
          [1.1786e-05],
          [2.3537e-05],
          [3.8980e-05],
          [5.6050e-05],
          [5.6836e-05],
          [4.5006e-05],
          [4.3264e-05],
          [2.2708e-05],
          [2.2343e-05],
          [1.9034e-05],
          [2.1607e-04],
          [4.2525e-04],
          [2.0510e-05],
          [1.6790e-05],
          [1.4567e-05],
          [1.3466e-05],
          [1.3122e-05],
          [1.9916e-05],
          [1.7089e-05],
          [1.1067e-04],
          [2.2224e-04],
          [1.7045e-04],
          [1.3005e-03],
          [2.3769e-05],
          [1.5081e-05],
          [1.9792e-05],
          [1.5434e-05],
          [1.5504e-05],
          [4.0459e-04],
          [2.8543e-04],
          [1.6503e-05],
          [7.5494e-05],
          [1.6704e-04],
          [1.7457e-05],
          [3.0195e-04],
          [1.6303e-05],
          [5.8375e-04],
          [1.8527e-05],
          [1.1494e-05],
          [1.0085e-05],
          [1.1629e-05],
          [1.3050e-05],
          [9.5784e-05],
          [7.4115e-06]]]])
