# Using CPU
# Loading Embeddings...
# Making Predictions...
torch.Size([1, 1, 442, 267])
tensor([[[[2.0829e-04],
          [3.1440e-05],
          [1.9969e-04],
          [3.4709e-05],
          [1.0931e-05],
          [6.1862e-04],
          [1.5582e-03],
          [1.9192e-05],
          [4.5703e-04],
          [1.5010e-03],
          [1.7159e-05],
          [1.5553e-05],
          [3.8882e-04],
          [4.6011e-04],
          [3.8031e-05],
          [1.0622e-05],
          [1.0864e-05],
          [1.1951e-05],
          [1.7648e-05],
          [1.8245e-05],
          [1.2276e-03],
          [2.7041e-05],
          [7.8078e-04],
          [1.8879e-05],
          [1.7216e-05],
          [1.9921e-05],
          [2.5401e-05],
          [3.6958e-05],
          [3.5830e-05],
          [4.8113e-05],
          [3.8686e-05],
          [4.8746e-05],
          [3.7490e-05],
          [3.8212e-05],
          [3.5120e-05],
          [3.2091e-05],
          [8.3844e-04],
          [3.0869e-05],
          [2.8291e-04],
          [1.1748e-04],
          [7.6111e-04],
          [1.7976e-05],
          [1.6131e-05],
          [1.6418e-05],
          [1.4312e-05],
          [1.3128e-05],
          [1.2241e-05],
          [1.3675e-05],
          [1.6600e-05],
          [2.5464e-04],
          [5.6805e-04],
          [1.2116e-05],
          [1.1515e-05],
          [9.3883e-04],
          [8.7680e-04],
          [1.3626e-05],
          [1.2959e-05],
          [1.2693e-05],
          [1.4230e-05],
          [1.7575e-05],
          [1.7398e-05],
          [1.7126e-05],
          [4.2185e-04],
          [3.1176e-04],
          [1.6129e-05],
          [1.4800e-05],
          [1.5445e-05],
          [1.4245e-05],
          [1.4688e-05],
          [1.4319e-05],
          [1.5017e-05],
          [3.9964e-04],
          [2.7605e-05],
          [1.7626e-05],
          [1.3819e-05],
          [2.6793e-05],
          [2.8916e-03],
          [1.4193e-05],
          [1.1733e-05],
          [1.2094e-05],
          [3.1214e-04],
          [2.9486e-04],
          [1.1117e-05],
          [1.2023e-05],
          [1.3698e-05],
          [1.5557e-05],
          [1.7139e-05],
          [1.9695e-05],
          [1.7344e-05],
          [1.6052e-05],
          [6.5979e-04],
          [1.6239e-04],
          [5.0419e-04],
          [1.8082e-05],
          [2.4576e-05],
          [3.4730e-05],
          [3.2987e-05],
          [4.6432e-05],
          [2.9499e-05],
          [3.2349e-05],
          [2.7815e-05],
          [2.1331e-05],
          [1.6658e-05],
          [1.2051e-05],
          [1.4102e-05],
          [1.8766e-05],
          [2.1795e-05],
          [2.4551e-05],
          [2.5371e-05],
          [2.6868e-05],
          [2.3646e-05],
          [2.8658e-04],
          [2.0856e-04],
          [2.3316e-05],
          [3.2399e-04],
          [1.4973e-05],
          [1.2720e-05],
          [1.0620e-05],
          [1.1875e-05],
          [1.2805e-05],
          [1.4282e-05],
          [1.2155e-05],
          [1.3897e-05],
          [1.9586e-05],
          [1.4081e-05],
          [1.4955e-05],
          [1.7623e-05],
          [1.7673e-05],
          [2.0175e-05],
          [2.2314e-05],
          [2.1948e-05],
          [4.6292e-04],
          [4.2601e-04],
          [2.1647e-05],
          [2.6694e-05],
          [2.0840e-05],
          [1.5837e-05],
          [1.4984e-05],
          [1.2962e-05],
          [1.4586e-05],
          [1.3148e-05],
          [1.2552e-05],
          [1.0318e-05],
          [1.2985e-05],
          [1.6019e-05],
          [2.0803e-05],
          [2.3663e-05],
          [3.0435e-05],
          [3.7247e-05],
          [4.7304e-05],
          [4.5044e-05],
          [3.7590e-05],
          [4.0036e-05],
          [4.4145e-05],
          [3.5291e-05],
          [3.7363e-05],
          [5.6617e-04],
          [6.5067e-04],
          [3.1369e-04],
          [1.7202e-03],
          [2.5418e-05],
          [1.4276e-05],
          [1.4096e-05],
          [1.5144e-05],
          [1.4728e-05],
          [1.9876e-05],
          [1.5755e-05],
          [1.8138e-05],
          [1.8434e-05],
          [2.3041e-05],
          [1.8801e-05],
          [6.5097e-04],
          [1.1023e-03],
          [2.3141e-05],
          [3.1611e-05],
          [3.9743e-05],
          [3.4479e-05],
          [2.8062e-05],
          [3.2667e-04],
          [7.7062e-05],
          [5.0370e-04],
          [1.6797e-05],
          [2.1534e-05],
          [2.3134e-04],
          [1.8798e-05],
          [3.1063e-04],
          [2.3284e-05],
          [2.5654e-05],
          [2.0535e-05],
          [9.9402e-04],
          [3.4635e-05],
          [3.6880e-03],
          [1.8495e-05],
          [2.2395e-05],
          [2.1670e-05],
          [2.2847e-05],
          [2.3241e-05],
          [2.3176e-05],
          [3.0559e-04],
          [3.3160e-04],
          [1.9668e-05],
          [1.8203e-05],
          [1.5704e-05],
          [1.6700e-05],
          [1.5445e-05],
          [1.6787e-05],
          [1.7449e-05],
          [5.7969e-04],
          [1.1023e-03],
          [1.4107e-05],
          [1.4100e-05],
          [1.3903e-05],
          [1.3620e-05],
          [5.8141e-04],
          [3.1139e-05],
          [1.8554e-05],
          [1.6897e-03],
          [1.6689e-05],
          [1.3451e-05],
          [1.2574e-05],
          [1.3115e-05],
          [1.3165e-05],
          [1.2008e-05],
          [1.1299e-05],
          [1.1851e-05],
          [1.2851e-05],
          [1.3162e-05],
          [1.2128e-05],
          [1.1243e-05],
          [1.0027e-05],
          [9.9210e-06],
          [1.0910e-05],
          [1.1409e-05],
          [1.1728e-05],
          [7.5349e-04],
          [5.7470e-04],
          [1.4033e-05],
          [1.2959e-05],
          [1.2221e-05],
          [1.6396e-05],
          [1.6464e-05],
          [2.0502e-05],
          [1.7537e-05],
          [2.2941e-05],
          [2.1620e-05],
          [1.5455e-05],
          [7.2279e-04],
          [6.9502e-04],
          [2.6220e-05],
          [6.3347e-04],
          [1.2768e-05],
          [3.4403e-04],
          [3.5681e-04],
          [1.4359e-05],
          [1.4675e-05],
          [1.6046e-05],
          [1.5868e-05],
          [1.9700e-05],
          [2.1324e-05],
          [2.9233e-05],
          [3.3332e-05],
          [4.4900e-05],
          [4.4936e-05],
          [5.5927e-05],
          [8.6616e-05],
          [7.7050e-05],
          [6.5818e-05],
          [2.5495e-04],
          [3.3214e-05],
          [3.0192e-05],
          [4.0408e-04],
          [3.8399e-04],
          [2.3257e-05],
          [4.9322e-04],
          [2.0763e-04],
          [6.5917e-05],
          [4.9888e-04],
          [1.5523e-05],
          [1.0158e-05],
          [1.0131e-05],
          [9.4458e-06],
          [9.1403e-06],
          [8.5819e-06],
          [1.3476e-05],
          [1.3903e-05],
          [1.7419e-05],
          [1.3770e-05],
          [8.1686e-04],
          [2.8072e-05],
          [1.3623e-04],
          [2.1379e-04],
          [1.1794e-05],
          [9.8012e-06],
          [1.0487e-05],
          [1.0124e-05],
          [9.0986e-06],
          [1.0145e-05],
          [5.8918e-04],
          [2.1609e-05],
          [1.8800e-03],
          [1.5543e-05],
          [1.1645e-05],
          [1.0383e-05],
          [1.0968e-05],
          [1.0105e-05],
          [1.1395e-05],
          [1.1043e-05],
          [1.3941e-05],
          [1.3380e-05],
          [1.6578e-05],
          [1.6459e-05],
          [1.6348e-05],
          [5.6865e-04],
          [8.7479e-04],
          [1.5648e-05],
          [1.2960e-05],
          [1.9155e-05],
          [1.0088e-05],
          [1.2515e-05],
          [1.9686e-05],
          [2.2192e-05],
          [1.8447e-05],
          [1.5017e-05],
          [1.4172e-05],
          [1.2873e-05],
          [1.0674e-05],
          [1.1262e-05],
          [1.2471e-05],
          [1.4333e-05],
          [1.3316e-05],
          [1.3753e-05],
          [1.3725e-05],
          [1.5516e-05],
          [1.4743e-05],
          [1.3303e-05],
          [1.6803e-05],
          [1.9018e-05],
          [2.5325e-05],
          [2.0359e-05],
          [3.1936e-05],
          [3.2661e-05],
          [3.3472e-05],
          [2.0405e-05],
          [2.6074e-05],
          [1.9882e-05],
          [2.0296e-05],
          [1.5236e-05],
          [1.6125e-05],
          [1.4167e-05],
          [1.9987e-05],
          [1.8894e-05],
          [1.8017e-05],
          [1.7170e-05],
          [1.8135e-05],
          [1.4711e-05],
          [1.4818e-05],
          [8.7856e-04],
          [3.7050e-05],
          [4.5127e-03],
          [1.4105e-05],
          [1.3970e-05],
          [3.2858e-05],
          [1.2638e-05],
          [1.7310e-05],
          [1.4602e-05],
          [1.5794e-05],
          [1.3967e-05],
          [1.4399e-05],
          [1.4004e-05],
          [1.6249e-05],
          [1.4330e-05],
          [1.5351e-05],
          [1.4981e-05],
          [8.6808e-04],
          [7.8762e-05],
          [1.7377e-03],
          [1.5502e-05],
          [1.0760e-05],
          [1.0986e-05],
          [1.3321e-05],
          [7.0318e-04],
          [1.2567e-03],
          [1.3884e-05],
          [1.2165e-05],
          [1.5037e-05],
          [1.9182e-05],
          [2.3390e-05],
          [2.8286e-05],
          [3.9733e-05],
          [3.3681e-05],
          [2.8677e-05],
          [2.4735e-05],
          [1.8658e-05],
          [1.6164e-05],
          [1.2671e-05],
          [1.2001e-05],
          [1.2491e-05],
          [1.7255e-05],
          [1.2547e-05],
          [2.5915e-05],
          [3.7608e-05],
          [5.8743e-05],
          [5.1820e-05],
          [4.2147e-05],
          [4.0383e-05],
          [2.2369e-05],
          [2.2665e-05],
          [1.9654e-05],
          [2.5648e-04],
          [4.0719e-04],
          [1.7930e-05],
          [1.6292e-05],
          [1.4812e-05],
          [1.4915e-05],
          [1.3612e-05],
          [1.5747e-05],
          [1.5783e-05],
          [2.6967e-04],
          [1.8300e-04],
          [5.0016e-04],
          [1.0454e-03],
          [2.7426e-05],
          [1.6864e-05],
          [1.8105e-05],
          [1.5829e-05],
          [1.5509e-05],
          [3.6100e-04],
          [3.7190e-04],
          [1.7234e-05],
          [9.6370e-05],
          [2.2025e-04],
          [1.7036e-05],
          [1.0007e-03],
          [1.9277e-05],
          [7.5220e-04],
          [1.4706e-05],
          [1.2085e-05],
          [1.0454e-05],
          [1.3495e-05],
          [2.2076e-05],
          [1.6698e-04],
          [6.9088e-06]]]])
