# Using CPU
# Loading Embeddings...
# Making Predictions...
torch.Size([1, 1, 442, 256])
tensor([[[[1.0893e-04],
          [3.9665e-05],
          [7.7526e-05],
          [2.8956e-05],
          [2.9385e-05],
          [1.1986e-04],
          [7.9164e-05],
          [6.0934e-05],
          [1.3523e-04],
          [7.7874e-05],
          [4.9525e-05],
          [4.4562e-05],
          [3.2188e-04],
          [1.3612e-04],
          [5.4929e-05],
          [1.8872e-05],
          [1.7698e-05],
          [1.3494e-05],
          [1.1708e-05],
          [1.9851e-05],
          [2.1818e-04],
          [2.0875e-05],
          [7.0988e-05],
          [2.0810e-05],
          [4.2956e-05],
          [5.7041e-05],
          [6.1237e-05],
          [7.9308e-05],
          [1.1031e-04],
          [9.9734e-05],
          [1.0741e-04],
          [1.0079e-04],
          [9.5524e-05],
          [1.2528e-04],
          [9.4239e-05],
          [8.9841e-05],
          [1.4324e-03],
          [1.3493e-04],
          [1.9878e-04],
          [1.2361e-04],
          [1.3142e-04],
          [4.6646e-05],
          [3.7675e-05],
          [3.9393e-05],
          [3.8018e-05],
          [5.9113e-05],
          [3.7530e-05],
          [3.9978e-05],
          [3.7561e-05],
          [1.8896e-04],
          [8.4500e-05],
          [4.0588e-05],
          [3.7802e-05],
          [1.9729e-04],
          [6.0923e-05],
          [4.0271e-05],
          [3.5970e-05],
          [3.2149e-05],
          [4.7118e-05],
          [3.8901e-05],
          [4.0785e-05],
          [3.8771e-05],
          [5.3480e-04],
          [1.6983e-04],
          [7.5848e-05],
          [5.3271e-05],
          [5.3625e-05],
          [4.9232e-05],
          [5.9648e-05],
          [4.9081e-05],
          [4.4087e-05],
          [2.3668e-04],
          [4.6867e-05],
          [4.1486e-05],
          [4.1998e-05],
          [3.8378e-05],
          [1.1062e-04],
          [3.4758e-05],
          [2.9682e-05],
          [2.6106e-05],
          [1.9517e-04],
          [9.5924e-05],
          [3.1415e-05],
          [4.0572e-05],
          [3.5987e-05],
          [3.2969e-05],
          [3.9013e-05],
          [4.8141e-05],
          [3.8902e-05],
          [3.5058e-05],
          [1.6262e-04],
          [4.1344e-05],
          [1.1758e-04],
          [4.4217e-05],
          [3.4204e-05],
          [3.3534e-05],
          [3.5727e-05],
          [2.4867e-05],
          [2.0310e-05],
          [2.1369e-05],
          [2.2716e-05],
          [1.5722e-05],
          [1.1486e-05],
          [1.6087e-05],
          [2.1129e-05],
          [4.5586e-05],
          [4.0211e-05],
          [5.0589e-05],
          [4.8321e-05],
          [4.4832e-05],
          [3.9207e-05],
          [7.4344e-05],
          [1.5280e-04],
          [6.1909e-05],
          [1.7492e-04],
          [3.8464e-05],
          [4.6890e-05],
          [7.2376e-05],
          [3.5348e-05],
          [3.8323e-05],
          [3.8456e-05],
          [3.6323e-05],
          [3.5584e-05],
          [3.9600e-05],
          [4.4268e-05],
          [4.3295e-05],
          [4.8034e-05],
          [5.2272e-05],
          [5.3820e-05],
          [8.9573e-05],
          [1.2899e-03],
          [3.7228e-03],
          [5.8439e-03],
          [1.9033e-03],
          [3.9733e-04],
          [1.3732e-04],
          [5.2470e-05],
          [5.0425e-05],
          [5.2714e-05],
          [4.5622e-05],
          [4.1315e-05],
          [4.4960e-05],
          [3.6265e-05],
          [4.0831e-05],
          [4.2998e-05],
          [5.3302e-05],
          [6.1105e-05],
          [6.5660e-05],
          [5.7467e-05],
          [8.4196e-05],
          [6.6058e-05],
          [8.8075e-05],
          [7.2492e-05],
          [9.7839e-05],
          [7.0545e-05],
          [6.9680e-05],
          [2.9712e-04],
          [5.8651e-05],
          [9.8580e-05],
          [9.0407e-05],
          [4.1176e-05],
          [8.8511e-05],
          [2.6436e-04],
          [1.9362e-04],
          [4.4328e-05],
          [4.6872e-05],
          [4.2629e-05],
          [4.2161e-05],
          [4.6358e-05],
          [4.7263e-05],
          [4.1711e-05],
          [3.4762e-04],
          [1.0341e-04],
          [5.3047e-05],
          [5.7249e-05],
          [5.7369e-05],
          [7.6203e-05],
          [4.7991e-05],
          [4.2699e-04],
          [8.4569e-05],
          [2.3907e-04],
          [3.8422e-05],
          [4.4173e-05],
          [1.2816e-04],
          [3.0188e-05],
          [1.0437e-04],
          [2.5821e-05],
          [2.2041e-05],
          [2.3968e-05],
          [1.1457e-04],
          [2.9404e-05],
          [6.8231e-05],
          [4.0217e-05],
          [4.5434e-05],
          [4.0209e-05],
          [4.7514e-05],
          [4.9684e-05],
          [4.0154e-05],
          [3.2398e-04],
          [1.2370e-04],
          [4.9403e-05],
          [4.5284e-05],
          [4.5145e-05],
          [3.6096e-05],
          [3.9223e-05],
          [3.7531e-05],
          [3.1065e-05],
          [1.3321e-04],
          [5.6332e-05],
          [3.6895e-05],
          [3.6086e-05],
          [3.7759e-05],
          [3.5588e-05],
          [2.4349e-04],
          [4.1746e-05],
          [4.4957e-05],
          [1.4813e-04],
          [3.9994e-05],
          [3.1387e-05],
          [3.1572e-05],
          [3.5276e-05],
          [4.2641e-05],
          [4.2443e-05],
          [2.9393e-05],
          [2.4805e-05],
          [2.4468e-05],
          [3.0369e-05],
          [2.9573e-05],
          [3.5716e-05],
          [4.7653e-05],
          [3.5505e-05],
          [4.1484e-05],
          [3.9087e-05],
          [2.8628e-05],
          [1.6644e-04],
          [5.1828e-05],
          [4.7665e-05],
          [3.1679e-05],
          [2.2205e-05],
          [3.2126e-05],
          [2.8283e-05],
          [1.8553e-05],
          [1.6065e-05],
          [3.0728e-05],
          [1.8968e-05],
          [1.7478e-05],
          [8.6905e-05],
          [8.5422e-05],
          [3.6459e-05],
          [1.4501e-04],
          [3.1544e-05],
          [1.4774e-04],
          [7.8128e-05],
          [4.3332e-05],
          [5.1451e-05],
          [5.4915e-05],
          [4.9960e-05],
          [5.1737e-05],
          [5.9251e-05],
          [6.6639e-05],
          [7.4292e-05],
          [9.8002e-05],
          [8.4126e-05],
          [1.0001e-04],
          [1.8298e-04],
          [1.1490e-04],
          [1.5846e-04],
          [8.5111e-04],
          [5.5851e-05],
          [4.5995e-05],
          [2.1774e-04],
          [1.0820e-04],
          [3.6100e-05],
          [1.0700e-04],
          [1.9932e-04],
          [5.0020e-05],
          [1.7003e-04],
          [3.1573e-05],
          [3.4868e-05],
          [2.3746e-05],
          [1.1651e-05],
          [9.4379e-06],
          [1.1325e-05],
          [3.7259e-05],
          [1.1929e-05],
          [1.2482e-05],
          [1.1779e-05],
          [3.5939e-04],
          [2.6211e-05],
          [6.6565e-05],
          [4.9854e-05],
          [2.9003e-05],
          [2.9384e-05],
          [2.1016e-05],
          [1.9147e-05],
          [1.9612e-05],
          [1.7610e-05],
          [1.6543e-04],
          [2.1785e-05],
          [9.4168e-05],
          [2.5199e-05],
          [2.4761e-05],
          [3.4578e-05],
          [3.2598e-05],
          [3.3079e-05],
          [3.3629e-05],
          [3.4229e-05],
          [3.9029e-05],
          [3.8513e-05],
          [4.6756e-05],
          [5.3456e-05],
          [5.4982e-05],
          [3.7341e-04],
          [1.0882e-04],
          [2.9092e-05],
          [2.7516e-05],
          [1.7764e-05],
          [1.4976e-05],
          [1.4622e-05],
          [1.4075e-05],
          [1.8806e-05],
          [1.6616e-05],
          [1.6960e-05],
          [1.6283e-05],
          [1.7787e-05],
          [1.6142e-05],
          [1.8076e-05],
          [2.2105e-05],
          [2.5833e-05],
          [2.1877e-05],
          [2.4458e-05],
          [2.3157e-05],
          [2.4575e-05],
          [2.4039e-05],
          [2.7125e-05],
          [2.4327e-05],
          [2.2157e-05],
          [2.3058e-05],
          [2.5440e-05],
          [2.2784e-05],
          [2.2959e-05],
          [2.5137e-05],
          [1.9106e-05],
          [2.0358e-05],
          [2.3839e-05],
          [2.0063e-05],
          [1.8982e-05],
          [3.1307e-05],
          [1.8190e-05],
          [1.5904e-05],
          [1.6458e-05],
          [1.2739e-05],
          [1.5759e-05],
          [1.5453e-05],
          [3.1073e-05],
          [2.0497e-05],
          [9.1320e-05],
          [3.2180e-05],
          [6.1925e-05],
          [2.7724e-05],
          [3.4815e-05],
          [3.0416e-05],
          [3.0423e-05],
          [3.0797e-05],
          [3.0086e-05],
          [4.4116e-05],
          [3.1869e-05],
          [3.0144e-05],
          [3.8118e-05],
          [3.6352e-05],
          [2.9283e-05],
          [3.7678e-05],
          [3.3118e-05],
          [9.6878e-05],
          [7.6949e-05],
          [1.3249e-04],
          [3.0852e-05],
          [2.2317e-05],
          [1.0264e-05],
          [9.8177e-06],
          [2.2422e-04],
          [9.2624e-05],
          [1.1800e-05],
          [1.2870e-05],
          [1.8268e-05],
          [2.1470e-05],
          [3.3320e-05],
          [3.1785e-05],
          [4.4996e-05],
          [3.3077e-05],
          [2.4004e-05],
          [2.2046e-05],
          [2.8688e-05],
          [2.6779e-05],
          [2.7438e-05],
          [3.1844e-05],
          [5.5405e-05],
          [2.7372e-05],
          [2.3427e-05],
          [1.4261e-04],
          [2.9417e-05],
          [3.7257e-05],
          [1.1122e-04],
          [4.1870e-05],
          [4.0460e-05],
          [3.1622e-05],
          [3.4798e-05],
          [1.9870e-05],
          [1.8073e-04],
          [8.7752e-05],
          [4.2113e-05],
          [3.7052e-05],
          [3.5646e-05],
          [2.6297e-05],
          [2.7391e-05],
          [2.5836e-05],
          [2.5485e-05],
          [4.5657e-05],
          [8.2491e-05],
          [9.8222e-05],
          [6.1499e-05],
          [2.3077e-05],
          [2.3238e-05],
          [1.9103e-05],
          [1.5063e-05],
          [1.4662e-05],
          [2.2340e-04],
          [1.3355e-04],
          [2.6359e-05],
          [8.8433e-05],
          [9.6595e-05],
          [2.1572e-05],
          [2.5874e-04],
          [2.9536e-05],
          [3.1815e-04],
          [2.5118e-05],
          [3.0266e-05],
          [2.5816e-05],
          [3.9157e-05],
          [1.7761e-05],
          [1.1610e-05],
          [4.3475e-06]]]])
