# Using CPU
# Loading Embeddings...
# Making Predictions...
torch.Size([1, 1, 442, 492])
tensor([[[[4.0348e-04],
          [6.3663e-05],
          [1.1403e-04],
          [1.6268e-04],
          [1.4060e-04],
          [6.6391e-04],
          [3.4646e-04],
          [2.5560e-04],
          [4.9652e-04],
          [3.1828e-04],
          [2.1075e-04],
          [1.8523e-04],
          [6.0986e-04],
          [3.0744e-04],
          [1.6984e-04],
          [1.1101e-04],
          [2.3164e-04],
          [5.3578e-04],
          [1.1848e-03],
          [1.5047e-03],
          [1.5686e-03],
          [4.1097e-04],
          [4.4774e-04],
          [1.2784e-04],
          [1.5606e-04],
          [1.9010e-04],
          [2.3824e-04],
          [3.9125e-04],
          [5.7818e-04],
          [5.3553e-04],
          [5.2968e-04],
          [5.9798e-04],
          [5.2562e-04],
          [7.4099e-04],
          [4.0815e-04],
          [3.3411e-04],
          [5.6008e-04],
          [2.9363e-04],
          [2.4030e-04],
          [2.0563e-04],
          [1.7594e-04],
          [1.3796e-04],
          [1.0685e-04],
          [9.4796e-05],
          [8.2494e-05],
          [7.4504e-05],
          [6.5047e-05],
          [6.6743e-05],
          [6.4527e-05],
          [4.6699e-04],
          [1.6428e-04],
          [7.7871e-05],
          [7.7864e-05],
          [4.9679e-04],
          [1.0491e-04],
          [7.9826e-05],
          [7.8117e-05],
          [8.4536e-05],
          [9.0930e-05],
          [1.1122e-04],
          [1.0195e-04],
          [1.1633e-04],
          [3.3050e-04],
          [2.2858e-04],
          [1.1395e-04],
          [1.2191e-04],
          [1.3130e-04],
          [1.3154e-04],
          [1.2909e-04],
          [1.0054e-04],
          [1.0394e-04],
          [2.6755e-04],
          [1.1307e-04],
          [9.5182e-05],
          [1.2012e-04],
          [1.0536e-04],
          [9.1437e-05],
          [1.0594e-04],
          [1.0552e-04],
          [8.6485e-05],
          [8.8537e-04],
          [2.0726e-04],
          [7.9185e-05],
          [7.7143e-05],
          [8.7511e-05],
          [9.4934e-05],
          [9.6175e-05],
          [1.0142e-04],
          [1.0275e-04],
          [1.1663e-04],
          [7.6939e-04],
          [3.9806e-04],
          [3.9095e-04],
          [2.7843e-04],
          [2.1858e-04],
          [3.7835e-04],
          [4.4502e-04],
          [1.4396e-03],
          [3.2116e-03],
          [6.3135e-03],
          [6.5830e-03],
          [3.6101e-03],
          [1.0379e-03],
          [4.4158e-04],
          [2.1061e-04],
          [1.2929e-04],
          [1.3350e-04],
          [1.5857e-04],
          [1.4905e-04],
          [1.2750e-04],
          [1.1618e-04],
          [1.1474e-04],
          [1.6600e-04],
          [1.3921e-04],
          [2.4052e-04],
          [7.9654e-05],
          [8.4178e-05],
          [8.0007e-05],
          [8.1958e-05],
          [8.8297e-05],
          [9.4093e-05],
          [7.8576e-05],
          [8.9362e-05],
          [8.1892e-05],
          [8.8761e-05],
          [1.0649e-04],
          [1.0327e-04],
          [1.0816e-04],
          [1.2472e-04],
          [1.4265e-04],
          [7.1304e-04],
          [1.4846e-03],
          [2.1117e-03],
          [7.5954e-04],
          [2.7168e-04],
          [2.5103e-04],
          [2.1553e-04],
          [1.6596e-04],
          [1.2402e-04],
          [1.2868e-04],
          [1.1394e-04],
          [1.0242e-04],
          [8.4588e-05],
          [8.1575e-05],
          [9.0983e-05],
          [1.1976e-04],
          [1.2418e-04],
          [1.9646e-04],
          [2.2620e-04],
          [3.8698e-04],
          [3.5578e-04],
          [3.7562e-04],
          [4.1652e-04],
          [4.4905e-04],
          [2.8134e-04],
          [2.5967e-04],
          [5.2111e-04],
          [1.7269e-04],
          [4.7507e-04],
          [1.3517e-04],
          [1.2632e-04],
          [1.3444e-04],
          [2.4494e-04],
          [1.6356e-04],
          [1.3625e-04],
          [1.6050e-04],
          [1.5002e-04],
          [1.4658e-04],
          [1.2926e-04],
          [1.3136e-04],
          [1.4282e-04],
          [5.2881e-04],
          [2.8350e-04],
          [1.7417e-04],
          [2.2384e-04],
          [2.3921e-04],
          [2.4873e-04],
          [2.2102e-04],
          [3.7705e-04],
          [1.8649e-04],
          [2.5481e-04],
          [1.0136e-04],
          [9.5484e-05],
          [4.5478e-04],
          [1.4273e-04],
          [7.7298e-04],
          [3.0297e-04],
          [4.0456e-04],
          [2.2798e-04],
          [1.1050e-03],
          [1.2072e-04],
          [1.9548e-04],
          [1.2843e-04],
          [1.4379e-04],
          [1.4378e-04],
          [1.4389e-04],
          [1.6571e-04],
          [1.7897e-04],
          [3.3893e-04],
          [1.9470e-04],
          [1.2379e-04],
          [1.1886e-04],
          [1.3323e-04],
          [9.7636e-05],
          [8.2406e-05],
          [8.0125e-05],
          [6.7354e-05],
          [1.1674e-03],
          [1.0430e-04],
          [5.8000e-05],
          [5.9840e-05],
          [6.0589e-05],
          [6.0315e-05],
          [8.9803e-04],
          [1.0078e-04],
          [7.1640e-05],
          [1.2569e-04],
          [7.2642e-05],
          [7.2886e-05],
          [8.1085e-05],
          [9.0254e-05],
          [1.0773e-04],
          [1.0705e-04],
          [6.2866e-05],
          [5.5004e-05],
          [6.8149e-05],
          [7.8943e-05],
          [6.4192e-05],
          [5.7518e-05],
          [8.4063e-05],
          [7.5525e-05],
          [9.0578e-05],
          [7.0072e-05],
          [5.0040e-05],
          [6.1959e-04],
          [1.1478e-04],
          [5.5340e-05],
          [6.9699e-05],
          [7.6613e-05],
          [6.0850e-05],
          [1.4250e-04],
          [1.5838e-04],
          [1.3593e-04],
          [2.0321e-04],
          [1.7952e-04],
          [6.9523e-05],
          [2.2468e-04],
          [3.8011e-04],
          [6.0302e-05],
          [2.0007e-04],
          [9.1708e-05],
          [6.9265e-04],
          [1.1648e-04],
          [1.4180e-04],
          [1.6318e-04],
          [1.5672e-04],
          [1.4707e-04],
          [1.6950e-04],
          [2.0502e-04],
          [2.0081e-04],
          [2.5456e-04],
          [3.5533e-04],
          [2.4746e-04],
          [1.3805e-04],
          [7.0762e-05],
          [7.2526e-05],
          [5.7505e-05],
          [3.2915e-04],
          [2.4603e-05],
          [2.1826e-05],
          [1.5914e-04],
          [9.1823e-05],
          [6.3476e-05],
          [1.6444e-04],
          [9.0720e-05],
          [4.3035e-05],
          [2.5186e-04],
          [5.2126e-05],
          [6.8122e-05],
          [4.5932e-05],
          [4.1639e-05],
          [5.4091e-05],
          [6.0066e-05],
          [1.0805e-04],
          [1.0910e-04],
          [1.5076e-04],
          [1.2923e-04],
          [1.5078e-03],
          [6.8335e-05],
          [1.0372e-04],
          [7.3913e-05],
          [5.8772e-05],
          [4.9536e-05],
          [6.3000e-05],
          [5.9085e-05],
          [5.6234e-05],
          [5.6459e-05],
          [1.8218e-03],
          [7.7888e-05],
          [2.4750e-04],
          [7.8156e-05],
          [8.9129e-05],
          [9.4305e-05],
          [9.7227e-05],
          [8.1430e-05],
          [8.3641e-05],
          [8.1274e-05],
          [9.6392e-05],
          [9.4660e-05],
          [1.0246e-04],
          [1.5101e-04],
          [1.3530e-04],
          [1.1111e-03],
          [1.2209e-04],
          [5.4192e-05],
          [4.1154e-05],
          [2.6752e-05],
          [2.7077e-05],
          [5.6839e-05],
          [8.4925e-05],
          [9.0835e-05],
          [1.1478e-04],
          [7.3570e-05],
          [6.8083e-05],
          [4.9761e-05],
          [3.1582e-05],
          [1.9372e-05],
          [2.9436e-05],
          [3.2778e-05],
          [2.4837e-05],
          [2.5578e-05],
          [3.1197e-05],
          [3.8474e-05],
          [4.1985e-05],
          [5.6328e-05],
          [5.7278e-05],
          [6.7566e-05],
          [8.7547e-05],
          [6.5893e-05],
          [1.2496e-04],
          [1.2308e-04],
          [8.9513e-05],
          [4.3705e-05],
          [4.6890e-05],
          [5.5147e-05],
          [6.7759e-05],
          [2.0905e-05],
          [7.5459e-05],
          [4.3260e-05],
          [4.6497e-05],
          [4.7116e-05],
          [4.7802e-05],
          [4.8559e-05],
          [2.6626e-05],
          [4.7120e-05],
          [4.5180e-05],
          [1.7597e-04],
          [4.9720e-05],
          [7.3187e-05],
          [5.0912e-05],
          [5.7728e-05],
          [4.9616e-05],
          [5.4443e-05],
          [5.2556e-05],
          [5.3190e-05],
          [5.8771e-05],
          [4.8623e-05],
          [4.1527e-05],
          [4.0638e-05],
          [4.6866e-05],
          [4.7113e-05],
          [4.8564e-05],
          [3.4935e-05],
          [2.5249e-04],
          [6.6187e-05],
          [1.1980e-04],
          [3.5925e-05],
          [3.1463e-05],
          [3.2458e-05],
          [4.0971e-05],
          [9.6876e-04],
          [1.9920e-04],
          [5.3663e-05],
          [4.2633e-05],
          [3.1328e-05],
          [4.6470e-05],
          [7.7787e-05],
          [8.3653e-05],
          [1.3332e-04],
          [1.3904e-04],
          [1.1333e-04],
          [1.1309e-04],
          [9.2142e-05],
          [4.2446e-05],
          [4.7723e-05],
          [4.3308e-05],
          [5.9063e-05],
          [4.3845e-05],
          [3.0910e-05],
          [2.0839e-04],
          [7.9883e-05],
          [5.6623e-05],
          [2.3935e-04],
          [5.8160e-05],
          [7.4794e-05],
          [6.7171e-05],
          [4.3990e-05],
          [3.4756e-05],
          [3.7134e-04],
          [1.1431e-04],
          [6.7989e-05],
          [8.5285e-05],
          [8.9419e-05],
          [5.4782e-05],
          [4.6376e-05],
          [3.8952e-05],
          [4.1944e-05],
          [9.8312e-05],
          [1.0288e-04],
          [5.1369e-04],
          [1.1940e-04],
          [3.9707e-05],
          [3.1775e-05],
          [2.7515e-05],
          [2.7886e-05],
          [2.2193e-05],
          [3.1757e-04],
          [1.9443e-04],
          [2.4233e-05],
          [8.0950e-05],
          [1.0430e-04],
          [1.9991e-05],
          [2.3459e-04],
          [2.7094e-05],
          [2.5077e-04],
          [4.7527e-05],
          [6.2719e-05],
          [5.6651e-05],
          [4.9093e-05],
          [3.0073e-05],
          [4.0399e-05],
          [9.1524e-06]]]])
