# Using CPU
# Loading Embeddings...
# Making Predictions...
torch.Size([1, 1, 442, 274])
tensor([[[[2.3066e-04],
          [3.6816e-05],
          [2.3574e-04],
          [2.6829e-05],
          [1.4335e-05],
          [6.0646e-04],
          [2.3420e-03],
          [1.4383e-05],
          [4.3272e-04],
          [2.5078e-03],
          [1.7266e-05],
          [1.5481e-05],
          [9.9290e-04],
          [7.1363e-04],
          [2.1763e-05],
          [1.2594e-05],
          [1.5993e-05],
          [1.9011e-05],
          [2.8824e-05],
          [3.0595e-05],
          [1.0753e-03],
          [2.5525e-05],
          [1.2867e-03],
          [2.2655e-05],
          [1.4767e-05],
          [1.6978e-05],
          [2.0283e-05],
          [2.8931e-05],
          [2.9502e-05],
          [3.3259e-05],
          [3.2700e-05],
          [3.3225e-05],
          [3.1893e-05],
          [3.7821e-05],
          [3.6769e-05],
          [3.0294e-05],
          [8.1069e-04],
          [2.8348e-05],
          [4.0968e-04],
          [2.1218e-04],
          [8.0866e-04],
          [1.5805e-05],
          [1.5361e-05],
          [1.6709e-05],
          [1.4692e-05],
          [1.3981e-05],
          [1.2749e-05],
          [1.2442e-05],
          [1.5023e-05],
          [3.6979e-04],
          [7.0063e-04],
          [1.3583e-05],
          [1.5666e-05],
          [8.3836e-04],
          [1.2481e-03],
          [1.4287e-05],
          [1.4175e-05],
          [1.4120e-05],
          [1.5049e-05],
          [1.9134e-05],
          [1.8132e-05],
          [1.7662e-05],
          [4.3550e-04],
          [4.8007e-04],
          [1.7995e-05],
          [1.5675e-05],
          [1.4559e-05],
          [1.2826e-05],
          [1.4333e-05],
          [1.4340e-05],
          [1.5024e-05],
          [5.3142e-04],
          [2.1325e-05],
          [3.7272e-05],
          [1.9824e-05],
          [2.7574e-05],
          [3.9305e-03],
          [1.6292e-05],
          [1.2915e-05],
          [1.6681e-05],
          [6.0331e-04],
          [4.2720e-04],
          [1.1111e-05],
          [1.1710e-05],
          [1.3228e-05],
          [1.3964e-05],
          [1.5882e-05],
          [1.7826e-05],
          [1.6980e-05],
          [1.6036e-05],
          [6.7994e-04],
          [9.9768e-05],
          [6.8252e-04],
          [2.2077e-05],
          [2.7960e-05],
          [4.2361e-05],
          [4.2633e-05],
          [5.7595e-05],
          [5.7865e-05],
          [5.7719e-05],
          [4.8901e-05],
          [4.4896e-05],
          [3.2482e-05],
          [1.9876e-05],
          [1.4901e-05],
          [1.7670e-05],
          [2.0207e-05],
          [2.3077e-05],
          [2.2891e-05],
          [2.5428e-05],
          [2.4000e-05],
          [2.9262e-04],
          [2.8602e-04],
          [2.0722e-05],
          [4.6263e-04],
          [1.7570e-05],
          [1.4796e-05],
          [1.2261e-05],
          [1.2028e-05],
          [1.4150e-05],
          [1.4918e-05],
          [1.2626e-05],
          [1.6716e-05],
          [1.1772e-05],
          [1.5510e-05],
          [1.5925e-05],
          [1.9813e-05],
          [1.9570e-05],
          [2.3967e-05],
          [2.3930e-05],
          [2.4998e-05],
          [1.0066e-03],
          [5.2857e-04],
          [2.1385e-05],
          [2.4450e-05],
          [2.0440e-05],
          [1.6023e-05],
          [1.6044e-05],
          [1.4038e-05],
          [1.5689e-05],
          [1.3700e-05],
          [1.3756e-05],
          [1.0965e-05],
          [1.4150e-05],
          [1.6286e-05],
          [2.0312e-05],
          [2.0847e-05],
          [2.7483e-05],
          [3.1159e-05],
          [3.9328e-05],
          [3.7675e-05],
          [3.3383e-05],
          [3.5117e-05],
          [3.3551e-05],
          [3.1331e-05],
          [2.9098e-05],
          [7.3015e-04],
          [1.0069e-03],
          [3.6114e-04],
          [2.6466e-03],
          [1.4244e-05],
          [1.3702e-05],
          [1.3792e-05],
          [1.4652e-05],
          [1.4974e-05],
          [1.8325e-05],
          [1.6269e-05],
          [1.6998e-05],
          [1.7803e-05],
          [2.1780e-05],
          [1.9768e-05],
          [6.3268e-04],
          [1.5801e-03],
          [2.3873e-05],
          [3.1309e-05],
          [6.5181e-05],
          [3.0356e-05],
          [2.8292e-05],
          [4.5874e-04],
          [3.8740e-05],
          [6.7464e-04],
          [2.2636e-05],
          [1.6899e-05],
          [4.4973e-04],
          [2.2281e-05],
          [4.5429e-04],
          [5.7573e-05],
          [7.1990e-05],
          [4.7434e-05],
          [1.0796e-03],
          [3.9334e-05],
          [6.1414e-03],
          [1.7851e-05],
          [1.9876e-05],
          [2.0655e-05],
          [2.0725e-05],
          [2.3608e-05],
          [2.2630e-05],
          [4.1672e-04],
          [4.7071e-04],
          [2.3206e-05],
          [2.0888e-05],
          [1.8271e-05],
          [1.4995e-05],
          [1.5729e-05],
          [1.8007e-05],
          [1.8656e-05],
          [5.9004e-04],
          [1.3711e-03],
          [1.4732e-05],
          [1.4357e-05],
          [1.5745e-05],
          [1.6047e-05],
          [4.6537e-04],
          [3.6884e-05],
          [1.8508e-05],
          [2.4391e-03],
          [1.7927e-05],
          [1.2454e-05],
          [1.1686e-05],
          [1.3063e-05],
          [1.3756e-05],
          [1.2413e-05],
          [1.2598e-05],
          [1.1845e-05],
          [2.4222e-05],
          [1.3082e-05],
          [1.2005e-05],
          [1.1204e-05],
          [1.0445e-05],
          [9.7908e-06],
          [1.1014e-05],
          [1.1165e-05],
          [1.2946e-05],
          [6.2141e-04],
          [6.4263e-04],
          [1.4087e-05],
          [1.5208e-05],
          [1.4110e-05],
          [2.2078e-05],
          [2.3335e-05],
          [2.7202e-05],
          [2.7507e-05],
          [2.9077e-05],
          [3.0934e-05],
          [1.8560e-05],
          [9.3239e-04],
          [3.9517e-04],
          [2.6897e-05],
          [8.6250e-04],
          [1.6499e-05],
          [3.3410e-04],
          [3.8499e-04],
          [1.6552e-05],
          [2.0493e-05],
          [2.2150e-05],
          [1.8464e-05],
          [2.1323e-05],
          [2.2559e-05],
          [3.0872e-05],
          [3.4456e-05],
          [5.5016e-05],
          [5.3835e-05],
          [6.4794e-05],
          [1.9288e-04],
          [9.5676e-05],
          [1.6650e-04],
          [2.0219e-04],
          [3.1857e-05],
          [2.6967e-05],
          [4.8656e-04],
          [3.6670e-04],
          [4.4639e-05],
          [8.1391e-04],
          [3.6712e-04],
          [4.2924e-05],
          [7.4678e-04],
          [1.8266e-05],
          [1.1761e-05],
          [1.2780e-05],
          [1.1515e-05],
          [1.0211e-05],
          [1.3324e-05],
          [2.3461e-05],
          [2.1917e-05],
          [2.6916e-05],
          [2.0646e-05],
          [8.4087e-04],
          [3.3402e-05],
          [1.5866e-04],
          [1.2640e-04],
          [1.2067e-05],
          [1.2684e-05],
          [1.1306e-05],
          [1.0501e-05],
          [9.5525e-06],
          [1.3184e-05],
          [8.3039e-04],
          [2.6156e-05],
          [2.9346e-03],
          [1.6717e-05],
          [1.2956e-05],
          [1.2187e-05],
          [1.2481e-05],
          [1.1619e-05],
          [1.2425e-05],
          [1.1729e-05],
          [1.4843e-05],
          [1.3024e-05],
          [1.6881e-05],
          [1.8187e-05],
          [2.2067e-05],
          [5.5859e-04],
          [1.2296e-03],
          [1.6059e-05],
          [1.4290e-05],
          [5.3550e-05],
          [1.1398e-05],
          [1.2583e-05],
          [2.1321e-05],
          [2.1468e-05],
          [2.3791e-05],
          [2.0040e-05],
          [2.1113e-05],
          [1.7785e-05],
          [1.3352e-05],
          [1.1435e-05],
          [1.1535e-05],
          [1.2920e-05],
          [1.2978e-05],
          [1.2519e-05],
          [1.2158e-05],
          [1.3348e-05],
          [1.2757e-05],
          [1.5255e-05],
          [1.7168e-05],
          [1.9832e-05],
          [2.7571e-05],
          [2.7366e-05],
          [3.9683e-05],
          [4.0681e-05],
          [3.4841e-05],
          [2.0636e-05],
          [2.3575e-05],
          [2.7934e-05],
          [2.2453e-05],
          [2.1298e-05],
          [1.7217e-05],
          [1.8424e-05],
          [2.1188e-05],
          [2.2509e-05],
          [2.2206e-05],
          [1.8985e-05],
          [1.6951e-05],
          [1.7691e-05],
          [1.8065e-05],
          [7.5959e-04],
          [4.0725e-05],
          [7.7122e-03],
          [1.6053e-05],
          [1.6586e-05],
          [1.5121e-05],
          [1.5528e-05],
          [1.3978e-05],
          [1.3169e-05],
          [1.1962e-05],
          [1.0787e-05],
          [9.6916e-06],
          [1.0791e-05],
          [1.1822e-05],
          [1.0422e-05],
          [1.2071e-05],
          [1.1582e-05],
          [1.1051e-03],
          [1.1391e-04],
          [2.8987e-03],
          [1.5534e-05],
          [1.1744e-05],
          [1.1086e-05],
          [1.7398e-05],
          [7.5449e-04],
          [1.5283e-03],
          [1.4341e-05],
          [1.3034e-05],
          [1.3024e-05],
          [2.0153e-05],
          [2.1949e-05],
          [3.0733e-05],
          [4.4749e-05],
          [4.7996e-05],
          [3.8153e-05],
          [3.3277e-05],
          [2.3714e-05],
          [1.6265e-05],
          [1.1060e-05],
          [1.0137e-05],
          [1.1339e-05],
          [1.0777e-05],
          [1.2752e-05],
          [3.0656e-05],
          [5.4126e-05],
          [7.7898e-05],
          [7.6315e-05],
          [5.9440e-05],
          [5.6478e-05],
          [3.0485e-05],
          [2.2415e-05],
          [1.8564e-05],
          [4.3257e-04],
          [4.9492e-04],
          [1.6600e-05],
          [1.5516e-05],
          [1.3340e-05],
          [1.1947e-05],
          [1.3671e-05],
          [1.4498e-05],
          [1.2975e-05],
          [3.9421e-04],
          [2.0839e-04],
          [5.4822e-04],
          [1.4013e-03],
          [1.9597e-05],
          [1.6822e-05],
          [2.1754e-05],
          [1.5256e-05],
          [1.5814e-05],
          [4.7911e-04],
          [1.1702e-04],
          [1.4941e-05],
          [5.8281e-05],
          [3.3950e-04],
          [2.3077e-05],
          [9.2650e-04],
          [2.6537e-05],
          [8.7944e-04],
          [1.6891e-05],
          [1.2349e-05],
          [1.3415e-05],
          [1.2006e-05],
          [1.5714e-05],
          [1.5166e-04],
          [8.4929e-06]]]])
