# Using CPU
# Loading Embeddings...
# Making Predictions...
torch.Size([1, 1, 442, 296])
tensor([[[[1.7209e-04],
          [2.2884e-05],
          [5.9874e-05],
          [1.7789e-05],
          [1.1684e-05],
          [2.4226e-04],
          [1.6532e-04],
          [1.5495e-05],
          [2.1224e-04],
          [1.9410e-04],
          [1.4702e-05],
          [1.4122e-05],
          [2.5020e-04],
          [1.3225e-04],
          [2.1610e-05],
          [1.4148e-05],
          [1.0968e-05],
          [1.0575e-05],
          [1.1876e-05],
          [4.3096e-05],
          [2.3745e-04],
          [1.8343e-05],
          [8.2783e-05],
          [1.2448e-05],
          [1.7877e-05],
          [2.6183e-05],
          [3.5044e-05],
          [6.0143e-05],
          [7.2900e-05],
          [9.4891e-05],
          [9.0826e-05],
          [9.4650e-05],
          [9.2842e-05],
          [1.0376e-04],
          [8.1932e-05],
          [6.3606e-05],
          [8.5242e-04],
          [6.3153e-05],
          [1.5893e-04],
          [8.0008e-05],
          [1.1299e-04],
          [2.1042e-05],
          [2.0252e-05],
          [2.1319e-05],
          [1.7001e-05],
          [1.5161e-05],
          [1.2845e-05],
          [1.4744e-05],
          [1.3713e-05],
          [1.7433e-04],
          [1.0257e-04],
          [1.5986e-05],
          [1.2066e-05],
          [2.9856e-04],
          [1.0580e-04],
          [1.5592e-05],
          [1.6530e-05],
          [1.5122e-05],
          [1.7434e-05],
          [2.1538e-05],
          [2.1994e-05],
          [2.2038e-05],
          [2.3084e-04],
          [1.6346e-04],
          [1.7018e-05],
          [1.7079e-05],
          [1.7262e-05],
          [1.8493e-05],
          [1.6698e-05],
          [1.7667e-05],
          [1.3560e-05],
          [1.9564e-04],
          [2.1139e-05],
          [2.4756e-05],
          [1.4551e-05],
          [1.4504e-05],
          [1.8044e-04],
          [1.1939e-05],
          [1.2209e-05],
          [1.1902e-05],
          [2.5645e-04],
          [9.4881e-05],
          [1.4440e-05],
          [1.1364e-05],
          [1.3337e-05],
          [1.6467e-05],
          [1.6723e-05],
          [1.7650e-05],
          [1.5009e-05],
          [1.4009e-05],
          [1.8808e-04],
          [5.7011e-05],
          [1.1288e-04],
          [1.2258e-05],
          [1.2471e-05],
          [1.6100e-05],
          [1.7949e-05],
          [2.3645e-05],
          [1.8864e-05],
          [2.1899e-05],
          [2.7422e-05],
          [1.7461e-05],
          [1.1876e-05],
          [1.2023e-05],
          [1.5111e-05],
          [1.8936e-05],
          [2.1587e-05],
          [2.6611e-05],
          [2.7258e-05],
          [2.8275e-05],
          [2.3221e-05],
          [9.9445e-05],
          [1.6361e-04],
          [1.7753e-05],
          [1.4990e-04],
          [1.6841e-05],
          [1.3972e-05],
          [1.2764e-05],
          [1.3912e-05],
          [1.5514e-05],
          [1.4878e-05],
          [1.1715e-05],
          [1.5691e-05],
          [1.3233e-05],
          [1.4804e-05],
          [1.3358e-05],
          [1.7095e-05],
          [1.5927e-05],
          [2.0760e-05],
          [2.4755e-05],
          [2.1161e-05],
          [3.4407e-04],
          [1.9231e-04],
          [3.2069e-05],
          [2.9915e-05],
          [2.5671e-05],
          [2.1345e-05],
          [2.0952e-05],
          [1.6804e-05],
          [1.7897e-05],
          [1.5222e-05],
          [1.4617e-05],
          [1.1545e-05],
          [1.2684e-05],
          [1.6097e-05],
          [2.3048e-05],
          [2.5514e-05],
          [3.6859e-05],
          [4.4614e-05],
          [7.5162e-05],
          [7.5647e-05],
          [7.9115e-05],
          [7.1234e-05],
          [8.0366e-05],
          [6.4569e-05],
          [5.3754e-05],
          [3.2261e-04],
          [1.1745e-04],
          [1.2086e-04],
          [1.7355e-04],
          [1.7536e-05],
          [1.5796e-05],
          [1.5852e-05],
          [1.6648e-05],
          [1.8888e-05],
          [2.1931e-05],
          [1.9036e-05],
          [1.9753e-05],
          [2.0516e-05],
          [2.1961e-05],
          [1.9784e-05],
          [3.4951e-04],
          [1.3778e-04],
          [2.7810e-05],
          [3.8899e-05],
          [4.1731e-05],
          [4.3555e-05],
          [3.9791e-05],
          [2.3158e-04],
          [7.6812e-05],
          [2.1643e-04],
          [1.5674e-05],
          [1.3159e-05],
          [2.2535e-04],
          [1.6204e-05],
          [1.3401e-04],
          [1.4710e-05],
          [1.4489e-05],
          [1.4880e-05],
          [2.6521e-04],
          [2.6162e-05],
          [3.1949e-04],
          [1.9924e-05],
          [2.5959e-05],
          [2.7254e-05],
          [2.7206e-05],
          [3.0096e-05],
          [2.4787e-05],
          [1.9457e-04],
          [1.1792e-04],
          [1.8303e-05],
          [1.5713e-05],
          [1.4232e-05],
          [1.3966e-05],
          [1.5117e-05],
          [1.7869e-05],
          [1.7937e-05],
          [2.3696e-04],
          [9.8781e-05],
          [1.6525e-05],
          [1.3753e-05],
          [1.4226e-05],
          [1.3891e-05],
          [2.7200e-04],
          [2.4617e-05],
          [1.9357e-05],
          [1.8809e-04],
          [1.2770e-05],
          [1.5572e-05],
          [1.2579e-05],
          [1.3535e-05],
          [1.5381e-05],
          [1.3927e-05],
          [1.2433e-05],
          [1.2698e-05],
          [1.4767e-05],
          [1.5799e-05],
          [1.4768e-05],
          [1.5122e-05],
          [1.4219e-05],
          [1.2072e-05],
          [1.2793e-05],
          [1.2503e-05],
          [1.3565e-05],
          [3.1687e-04],
          [8.6194e-05],
          [1.7033e-05],
          [1.5336e-05],
          [1.5707e-05],
          [1.9329e-05],
          [2.4917e-05],
          [2.4004e-05],
          [1.5651e-05],
          [1.9782e-05],
          [1.9004e-05],
          [1.2559e-05],
          [2.1247e-04],
          [1.4021e-04],
          [2.0683e-05],
          [1.2371e-04],
          [1.0465e-05],
          [2.0250e-04],
          [9.4854e-05],
          [1.6079e-05],
          [2.1450e-05],
          [2.5902e-05],
          [2.5180e-05],
          [3.5680e-05],
          [4.5376e-05],
          [5.7287e-05],
          [5.2677e-05],
          [8.5780e-05],
          [9.8039e-05],
          [1.4768e-04],
          [1.3321e-04],
          [1.4154e-04],
          [1.1535e-04],
          [5.2412e-04],
          [4.5184e-05],
          [3.2493e-05],
          [1.7799e-04],
          [2.0221e-04],
          [2.8273e-05],
          [7.6095e-05],
          [1.3192e-04],
          [5.1188e-05],
          [1.9446e-04],
          [1.2543e-05],
          [1.1880e-05],
          [1.0925e-05],
          [9.1410e-06],
          [9.1288e-06],
          [1.1308e-05],
          [4.7871e-05],
          [9.8368e-06],
          [1.3255e-05],
          [1.2313e-05],
          [3.6585e-04],
          [2.1486e-05],
          [7.4330e-05],
          [4.7947e-05],
          [1.0026e-05],
          [1.1246e-05],
          [1.0879e-05],
          [1.0210e-05],
          [1.0545e-05],
          [1.1245e-05],
          [2.5695e-04],
          [1.7183e-05],
          [1.5364e-04],
          [1.1914e-05],
          [1.2992e-05],
          [1.2542e-05],
          [1.2458e-05],
          [1.3105e-05],
          [1.3937e-05],
          [1.4524e-05],
          [1.8844e-05],
          [1.8143e-05],
          [2.5898e-05],
          [2.9571e-05],
          [3.5653e-05],
          [2.9664e-04],
          [1.1867e-04],
          [2.1635e-05],
          [1.8625e-05],
          [1.5979e-05],
          [1.0949e-05],
          [1.1000e-05],
          [1.2858e-05],
          [1.3853e-05],
          [1.2695e-05],
          [3.5331e-05],
          [1.3074e-05],
          [1.4572e-05],
          [1.1286e-05],
          [1.2981e-05],
          [1.2689e-05],
          [1.4561e-05],
          [1.3728e-05],
          [1.3406e-05],
          [1.2396e-05],
          [1.4695e-05],
          [1.5389e-05],
          [1.3689e-05],
          [1.5103e-05],
          [1.5524e-05],
          [1.5608e-05],
          [1.4851e-05],
          [1.7330e-05],
          [2.0647e-05],
          [3.4267e-05],
          [1.7672e-05],
          [2.0927e-05],
          [2.6932e-05],
          [2.4090e-05],
          [2.7277e-05],
          [2.4568e-05],
          [2.4013e-05],
          [1.7785e-05],
          [1.7025e-05],
          [1.5075e-05],
          [1.3314e-05],
          [1.5069e-05],
          [1.6033e-05],
          [1.3281e-05],
          [2.2754e-04],
          [3.1348e-05],
          [4.5609e-04],
          [1.8568e-05],
          [1.9070e-05],
          [1.7989e-05],
          [1.5340e-05],
          [1.7966e-05],
          [1.4992e-05],
          [1.5538e-05],
          [1.3063e-05],
          [1.3710e-05],
          [1.3355e-05],
          [1.6148e-05],
          [1.4225e-05],
          [1.6665e-05],
          [1.5905e-05],
          [3.3694e-04],
          [7.0556e-05],
          [1.8554e-04],
          [1.2415e-05],
          [1.0296e-05],
          [8.8343e-06],
          [1.1925e-05],
          [3.0050e-04],
          [1.2206e-04],
          [1.1751e-05],
          [1.2140e-05],
          [1.6246e-05],
          [2.3854e-05],
          [3.3104e-05],
          [3.9869e-05],
          [4.0990e-05],
          [3.3547e-05],
          [2.4812e-05],
          [1.8297e-05],
          [2.2216e-05],
          [1.9397e-05],
          [1.2971e-05],
          [1.2961e-05],
          [1.4866e-05],
          [1.3055e-05],
          [1.4830e-05],
          [4.5790e-05],
          [2.7031e-05],
          [3.2856e-05],
          [8.6304e-05],
          [2.2496e-05],
          [2.3315e-05],
          [1.8550e-05],
          [1.8188e-05],
          [1.5197e-05],
          [1.6067e-04],
          [1.0024e-04],
          [1.7977e-05],
          [1.6209e-05],
          [1.4574e-05],
          [1.3830e-05],
          [1.9759e-05],
          [1.7797e-05],
          [3.0487e-05],
          [8.6524e-05],
          [5.1857e-05],
          [1.0516e-04],
          [1.1505e-04],
          [2.1245e-05],
          [1.4553e-05],
          [1.2690e-05],
          [1.4934e-05],
          [1.2168e-05],
          [2.7868e-04],
          [1.2757e-04],
          [1.1138e-05],
          [4.4370e-05],
          [9.2231e-05],
          [1.7877e-05],
          [2.3754e-04],
          [2.2843e-05],
          [2.3050e-04],
          [1.6329e-05],
          [1.1895e-05],
          [9.7158e-06],
          [1.2468e-05],
          [1.8537e-05],
          [2.7325e-05],
          [5.9415e-06]]]])
