# Using CPU
# Loading Embeddings...
# Making Predictions...
torch.Size([1, 1, 442, 260])
tensor([[[[1.2929e-04],
          [3.2332e-05],
          [1.0481e-04],
          [3.4723e-05],
          [8.9852e-06],
          [7.0913e-04],
          [1.0602e-03],
          [1.3804e-05],
          [4.9646e-04],
          [1.0421e-03],
          [1.8343e-05],
          [1.7444e-05],
          [5.6292e-04],
          [2.1500e-04],
          [2.7410e-05],
          [1.5353e-05],
          [1.1684e-05],
          [1.4076e-05],
          [1.9588e-05],
          [2.1584e-05],
          [1.4871e-03],
          [3.1864e-05],
          [6.6866e-04],
          [1.5949e-05],
          [1.9878e-05],
          [2.8643e-05],
          [4.4302e-05],
          [6.8353e-05],
          [7.9389e-05],
          [9.4670e-05],
          [9.6252e-05],
          [1.0422e-04],
          [9.5176e-05],
          [9.9088e-05],
          [8.0960e-05],
          [6.2470e-05],
          [6.9129e-04],
          [4.2736e-05],
          [3.1635e-04],
          [1.0560e-04],
          [4.8810e-04],
          [2.4660e-05],
          [2.3444e-05],
          [2.4828e-05],
          [1.8393e-05],
          [1.7852e-05],
          [1.4676e-05],
          [1.4332e-05],
          [1.6749e-05],
          [2.6736e-04],
          [3.9731e-04],
          [1.2208e-05],
          [1.1917e-05],
          [9.7918e-04],
          [6.2040e-04],
          [1.6963e-05],
          [1.8264e-05],
          [1.7223e-05],
          [2.0195e-05],
          [2.4309e-05],
          [2.4352e-05],
          [2.4422e-05],
          [3.7377e-04],
          [2.5499e-04],
          [1.9096e-05],
          [1.8681e-05],
          [1.6813e-05],
          [1.9500e-05],
          [1.8594e-05],
          [1.6582e-05],
          [1.5850e-05],
          [5.1425e-04],
          [3.0029e-05],
          [2.8690e-05],
          [1.7458e-05],
          [1.8385e-05],
          [1.7444e-03],
          [1.6957e-05],
          [1.5122e-05],
          [1.6124e-05],
          [2.9368e-04],
          [1.5225e-04],
          [1.2951e-05],
          [1.4519e-05],
          [1.6438e-05],
          [1.8815e-05],
          [1.9808e-05],
          [2.0626e-05],
          [1.7577e-05],
          [1.5998e-05],
          [7.8723e-04],
          [6.5906e-05],
          [2.4594e-04],
          [1.2736e-05],
          [1.5557e-05],
          [2.4293e-05],
          [2.4199e-05],
          [4.0860e-05],
          [3.0781e-05],
          [3.7422e-05],
          [3.0901e-05],
          [2.8543e-05],
          [1.6640e-05],
          [1.2797e-05],
          [1.5787e-05],
          [2.1553e-05],
          [2.5359e-05],
          [2.9240e-05],
          [2.9225e-05],
          [3.0822e-05],
          [2.5742e-05],
          [2.8363e-04],
          [2.1163e-04],
          [1.9940e-05],
          [2.6643e-04],
          [1.9781e-05],
          [1.5654e-05],
          [1.3272e-05],
          [1.5464e-05],
          [1.7929e-05],
          [1.7163e-05],
          [1.4139e-05],
          [1.5237e-05],
          [1.2606e-05],
          [1.5247e-05],
          [1.4714e-05],
          [1.7339e-05],
          [1.7281e-05],
          [2.2964e-05],
          [2.1459e-05],
          [2.3677e-05],
          [4.0523e-04],
          [3.4577e-04],
          [2.4987e-05],
          [3.1497e-05],
          [2.5455e-05],
          [2.0649e-05],
          [2.1722e-05],
          [1.7132e-05],
          [1.8337e-05],
          [1.5973e-05],
          [1.5762e-05],
          [1.1975e-05],
          [1.4243e-05],
          [1.6787e-05],
          [2.3494e-05],
          [2.5174e-05],
          [3.6182e-05],
          [4.1943e-05],
          [6.2401e-05],
          [6.0491e-05],
          [6.1985e-05],
          [5.8505e-05],
          [6.7432e-05],
          [5.7085e-05],
          [4.6226e-05],
          [6.9148e-04],
          [4.4895e-04],
          [3.4678e-04],
          [1.0071e-03],
          [1.5940e-05],
          [1.7134e-05],
          [1.6389e-05],
          [1.8630e-05],
          [1.9286e-05],
          [2.5165e-05],
          [1.9538e-05],
          [2.1025e-05],
          [2.1370e-05],
          [2.4401e-05],
          [2.0079e-05],
          [6.8568e-04],
          [7.2142e-04],
          [2.5469e-05],
          [3.6104e-05],
          [3.7681e-05],
          [3.8725e-05],
          [3.6847e-05],
          [4.0202e-04],
          [5.7715e-05],
          [2.9352e-04],
          [1.8542e-05],
          [1.7574e-05],
          [2.8901e-04],
          [2.3500e-05],
          [2.4901e-04],
          [2.6639e-05],
          [2.8029e-05],
          [2.4268e-05],
          [1.2495e-03],
          [2.4787e-05],
          [2.1553e-03],
          [2.1416e-05],
          [2.6839e-05],
          [2.8243e-05],
          [2.8628e-05],
          [3.0372e-05],
          [2.7328e-05],
          [3.4074e-04],
          [2.7598e-04],
          [2.0606e-05],
          [1.8345e-05],
          [1.6738e-05],
          [1.7065e-05],
          [2.5630e-05],
          [3.1453e-05],
          [3.1252e-05],
          [6.7605e-04],
          [6.6142e-04],
          [2.5758e-05],
          [2.1741e-05],
          [1.9972e-05],
          [1.4864e-05],
          [5.1798e-04],
          [3.6948e-05],
          [2.0375e-05],
          [1.2423e-03],
          [1.7264e-05],
          [1.5099e-05],
          [1.5172e-05],
          [1.4971e-05],
          [1.6779e-05],
          [1.9161e-05],
          [1.6642e-05],
          [1.7113e-05],
          [2.1425e-05],
          [1.9953e-05],
          [1.9475e-05],
          [1.5453e-05],
          [1.1942e-05],
          [1.0866e-05],
          [1.5516e-05],
          [1.5358e-05],
          [1.5890e-05],
          [6.8206e-04],
          [3.6041e-04],
          [1.8872e-05],
          [1.7961e-05],
          [2.0502e-05],
          [3.2575e-05],
          [2.7206e-05],
          [2.3863e-05],
          [2.1861e-05],
          [2.4657e-05],
          [1.9529e-05],
          [1.3858e-05],
          [6.4294e-04],
          [2.4671e-04],
          [1.9154e-05],
          [2.1872e-04],
          [1.4504e-05],
          [3.3753e-04],
          [2.4848e-04],
          [2.1190e-05],
          [2.7090e-05],
          [2.7627e-05],
          [2.7188e-05],
          [3.2101e-05],
          [3.4637e-05],
          [4.8351e-05],
          [5.0153e-05],
          [7.8107e-05],
          [8.0957e-05],
          [1.0784e-04],
          [9.6745e-05],
          [1.1378e-04],
          [6.3429e-05],
          [2.8544e-04],
          [3.5884e-05],
          [2.9931e-05],
          [3.5007e-04],
          [3.9094e-04],
          [2.6591e-05],
          [3.7620e-04],
          [2.9634e-04],
          [6.0613e-05],
          [2.9093e-04],
          [1.4333e-05],
          [1.1958e-05],
          [1.2108e-05],
          [1.0290e-05],
          [9.8086e-06],
          [1.2171e-05],
          [2.2348e-05],
          [1.6884e-05],
          [2.2425e-05],
          [1.9150e-05],
          [7.3085e-04],
          [3.4904e-05],
          [1.0208e-04],
          [1.3912e-04],
          [1.1488e-05],
          [1.2009e-05],
          [1.1574e-05],
          [1.0881e-05],
          [1.1899e-05],
          [1.4868e-05],
          [7.5870e-04],
          [2.0271e-05],
          [1.0796e-03],
          [1.6190e-05],
          [1.2665e-05],
          [1.3209e-05],
          [1.3049e-05],
          [1.2816e-05],
          [1.3210e-05],
          [1.4362e-05],
          [1.5912e-05],
          [1.7471e-05],
          [1.9436e-05],
          [2.5348e-05],
          [2.7282e-05],
          [5.2717e-04],
          [5.8700e-04],
          [2.2354e-05],
          [1.8678e-05],
          [3.6066e-05],
          [1.2219e-05],
          [1.7676e-05],
          [2.5925e-05],
          [2.8939e-05],
          [2.7350e-05],
          [2.5720e-05],
          [2.9251e-05],
          [3.1802e-05],
          [2.1518e-05],
          [2.1674e-05],
          [2.2370e-05],
          [2.1559e-05],
          [2.2594e-05],
          [2.6426e-05],
          [2.6819e-05],
          [2.6026e-05],
          [2.3982e-05],
          [2.4471e-05],
          [2.7168e-05],
          [2.6083e-05],
          [2.7090e-05],
          [2.7832e-05],
          [3.2886e-05],
          [3.6272e-05],
          [4.6670e-05],
          [3.1580e-05],
          [2.8578e-05],
          [3.5711e-05],
          [3.2632e-05],
          [2.7357e-05],
          [2.3519e-05],
          [2.5969e-05],
          [2.5597e-05],
          [2.2554e-05],
          [1.5781e-05],
          [1.4227e-05],
          [1.2074e-05],
          [1.6527e-05],
          [1.5008e-05],
          [6.8537e-04],
          [4.1148e-05],
          [2.4483e-03],
          [2.0942e-05],
          [2.4532e-05],
          [2.4925e-05],
          [2.1299e-05],
          [2.6705e-05],
          [2.3477e-05],
          [2.3185e-05],
          [2.1845e-05],
          [2.1606e-05],
          [2.1070e-05],
          [2.4008e-05],
          [2.1925e-05],
          [1.6393e-05],
          [1.5073e-05],
          [9.1800e-04],
          [8.8223e-05],
          [1.2259e-03],
          [1.2258e-05],
          [1.2793e-05],
          [1.2740e-05],
          [1.3183e-05],
          [7.6157e-04],
          [7.3060e-04],
          [1.2599e-05],
          [1.3129e-05],
          [1.3289e-05],
          [1.9014e-05],
          [2.3293e-05],
          [2.8516e-05],
          [2.8862e-05],
          [3.2688e-05],
          [2.9105e-05],
          [3.4525e-05],
          [3.6263e-05],
          [2.8942e-05],
          [1.9097e-05],
          [2.0499e-05],
          [1.8618e-05],
          [1.8359e-05],
          [1.5395e-05],
          [2.2638e-05],
          [3.3834e-05],
          [4.7397e-05],
          [4.4704e-05],
          [3.4505e-05],
          [2.9933e-05],
          [2.1302e-05],
          [2.0164e-05],
          [1.8238e-05],
          [2.9304e-04],
          [3.0202e-04],
          [1.9937e-05],
          [1.8801e-05],
          [1.7011e-05],
          [1.5435e-05],
          [1.5418e-05],
          [1.5175e-05],
          [1.5635e-05],
          [2.1668e-04],
          [1.2066e-04],
          [5.4501e-04],
          [5.5038e-04],
          [1.6350e-05],
          [1.4639e-05],
          [1.5289e-05],
          [1.5785e-05],
          [1.5326e-05],
          [4.0514e-04],
          [2.0970e-04],
          [1.4429e-05],
          [6.2067e-05],
          [1.8163e-04],
          [1.9272e-05],
          [4.0493e-04],
          [1.8082e-05],
          [3.0538e-04],
          [1.8458e-05],
          [1.4729e-05],
          [1.2593e-05],
          [1.5993e-05],
          [1.2246e-05],
          [1.3209e-04],
          [7.2702e-06]]]])
