# Using CPU
# Loading Embeddings...
# Making Predictions...
torch.Size([1, 1, 442, 257])
tensor([[[[1.5331e-04],
          [5.6094e-05],
          [9.8772e-05],
          [1.8563e-05],
          [1.2517e-05],
          [3.3551e-04],
          [4.1787e-04],
          [1.8125e-05],
          [2.8370e-04],
          [5.3205e-04],
          [2.1921e-05],
          [1.9225e-05],
          [3.6724e-04],
          [2.8946e-04],
          [2.9418e-05],
          [1.7311e-05],
          [1.3042e-05],
          [1.3230e-05],
          [1.6012e-05],
          [3.0600e-05],
          [6.3534e-04],
          [2.4678e-05],
          [1.7273e-04],
          [1.3501e-05],
          [2.3424e-05],
          [3.2365e-05],
          [4.7587e-05],
          [9.2753e-05],
          [1.1716e-04],
          [1.5977e-04],
          [1.5154e-04],
          [1.6822e-04],
          [1.5929e-04],
          [1.5947e-04],
          [1.1978e-04],
          [8.5967e-05],
          [4.8756e-04],
          [6.0934e-05],
          [1.2953e-04],
          [8.2057e-05],
          [2.1349e-04],
          [2.9527e-05],
          [3.2202e-05],
          [3.5317e-05],
          [2.3673e-05],
          [2.2231e-05],
          [1.5453e-05],
          [1.4090e-05],
          [1.4864e-05],
          [2.9087e-04],
          [1.6246e-04],
          [1.5128e-05],
          [1.7529e-05],
          [4.4805e-04],
          [2.0110e-04],
          [1.6937e-05],
          [1.5566e-05],
          [1.5713e-05],
          [2.0364e-05],
          [2.4009e-05],
          [2.7045e-05],
          [2.2267e-05],
          [4.0467e-04],
          [3.6692e-04],
          [1.8699e-05],
          [1.7568e-05],
          [2.6889e-05],
          [2.6747e-05],
          [2.6862e-05],
          [2.8552e-05],
          [1.8723e-05],
          [3.6560e-04],
          [2.3040e-05],
          [3.1379e-05],
          [1.7484e-05],
          [1.7120e-05],
          [3.4351e-04],
          [1.5708e-05],
          [1.5053e-05],
          [1.2990e-05],
          [3.0966e-04],
          [1.6873e-04],
          [1.4624e-05],
          [1.7393e-05],
          [2.0020e-05],
          [2.4966e-05],
          [2.7126e-05],
          [2.7842e-05],
          [2.3546e-05],
          [1.7983e-05],
          [4.1302e-04],
          [1.1884e-04],
          [2.3003e-04],
          [1.2696e-05],
          [1.8439e-05],
          [2.2812e-05],
          [2.9033e-05],
          [3.6872e-05],
          [3.0788e-05],
          [3.2984e-05],
          [3.3471e-05],
          [2.3143e-05],
          [1.6725e-05],
          [1.4027e-05],
          [1.5839e-05],
          [2.2034e-05],
          [2.6860e-05],
          [3.2113e-05],
          [3.1851e-05],
          [3.4780e-05],
          [2.8059e-05],
          [8.7643e-05],
          [1.3486e-04],
          [2.0371e-05],
          [2.4585e-04],
          [1.7054e-05],
          [1.4670e-05],
          [1.4682e-05],
          [1.4512e-05],
          [1.7435e-05],
          [1.7849e-05],
          [1.3971e-05],
          [1.4613e-05],
          [1.5409e-05],
          [1.4724e-05],
          [1.5313e-05],
          [1.7971e-05],
          [2.0558e-05],
          [2.2885e-05],
          [2.7776e-05],
          [2.4840e-05],
          [4.5680e-04],
          [2.5989e-04],
          [2.8249e-05],
          [3.5622e-05],
          [2.9949e-05],
          [2.3638e-05],
          [2.2806e-05],
          [1.7255e-05],
          [1.9181e-05],
          [1.5646e-05],
          [1.3769e-05],
          [1.3369e-05],
          [1.4043e-05],
          [1.6463e-05],
          [2.3405e-05],
          [2.7976e-05],
          [4.0931e-05],
          [5.2174e-05],
          [8.5787e-05],
          [9.4549e-05],
          [9.3910e-05],
          [9.1404e-05],
          [1.1350e-04],
          [1.0661e-04],
          [7.4175e-05],
          [2.6469e-04],
          [3.0515e-04],
          [1.7934e-04],
          [4.8424e-04],
          [1.9255e-05],
          [1.8373e-05],
          [2.0480e-05],
          [1.9421e-05],
          [2.1146e-05],
          [2.6540e-05],
          [2.3124e-05],
          [2.3149e-05],
          [2.4845e-05],
          [2.7713e-05],
          [2.2694e-05],
          [2.8217e-04],
          [1.9289e-04],
          [2.8870e-05],
          [4.1998e-05],
          [4.3499e-05],
          [4.0751e-05],
          [3.7554e-05],
          [2.9508e-04],
          [3.4282e-05],
          [4.1932e-04],
          [1.6978e-05],
          [1.5857e-05],
          [4.7729e-04],
          [1.4767e-05],
          [2.7823e-04],
          [1.9288e-05],
          [1.5253e-05],
          [1.4772e-05],
          [4.4811e-04],
          [2.9766e-05],
          [1.1169e-03],
          [2.2478e-05],
          [2.9482e-05],
          [2.9278e-05],
          [3.2335e-05],
          [3.0922e-05],
          [2.8535e-05],
          [2.3683e-04],
          [1.8271e-04],
          [2.0793e-05],
          [1.9087e-05],
          [1.9537e-05],
          [1.5355e-05],
          [1.6433e-05],
          [1.5999e-05],
          [1.4444e-05],
          [3.2126e-04],
          [2.5104e-04],
          [1.4569e-05],
          [1.4091e-05],
          [1.4978e-05],
          [1.5506e-05],
          [2.3410e-04],
          [2.8434e-05],
          [2.8752e-05],
          [4.7912e-04],
          [1.5591e-05],
          [1.8708e-05],
          [1.5341e-05],
          [1.7185e-05],
          [1.6837e-05],
          [2.0168e-05],
          [1.5010e-05],
          [2.2204e-05],
          [3.3591e-05],
          [2.1882e-05],
          [2.0568e-05],
          [3.0159e-05],
          [2.0400e-05],
          [1.5568e-05],
          [1.7936e-05],
          [1.4896e-05],
          [1.2741e-05],
          [2.5235e-04],
          [1.4494e-04],
          [1.6249e-05],
          [1.7608e-05],
          [1.9194e-05],
          [2.4765e-05],
          [1.7473e-05],
          [2.4983e-05],
          [1.7555e-05],
          [1.9852e-05],
          [2.2130e-05],
          [1.4332e-05],
          [2.6108e-04],
          [6.1060e-04],
          [1.6329e-05],
          [2.4220e-04],
          [1.2826e-05],
          [1.9410e-04],
          [1.6774e-04],
          [3.1839e-05],
          [4.3529e-05],
          [4.2388e-05],
          [3.3801e-05],
          [4.1067e-05],
          [4.8111e-05],
          [5.8550e-05],
          [4.9887e-05],
          [7.0106e-05],
          [7.4082e-05],
          [1.0060e-04],
          [8.2847e-05],
          [8.2269e-05],
          [5.6857e-05],
          [1.5972e-04],
          [2.7877e-05],
          [2.5382e-05],
          [1.9773e-04],
          [1.1919e-04],
          [2.4925e-05],
          [1.2480e-04],
          [1.5069e-04],
          [7.2843e-05],
          [2.6965e-04],
          [1.3011e-05],
          [1.2132e-05],
          [1.1821e-05],
          [9.4245e-06],
          [9.0332e-06],
          [9.7128e-06],
          [3.7972e-05],
          [1.2573e-05],
          [1.4771e-05],
          [1.0975e-05],
          [5.6504e-04],
          [2.4377e-05],
          [6.4897e-05],
          [4.3484e-05],
          [1.2157e-05],
          [1.1316e-05],
          [1.1746e-05],
          [1.1619e-05],
          [1.2022e-05],
          [1.1697e-05],
          [4.5305e-04],
          [2.6634e-05],
          [2.4836e-04],
          [1.3886e-05],
          [1.3336e-05],
          [1.7290e-05],
          [1.7397e-05],
          [1.7994e-05],
          [1.8442e-05],
          [1.8839e-05],
          [2.2697e-05],
          [2.3405e-05],
          [3.0792e-05],
          [3.6934e-05],
          [4.3650e-05],
          [2.5654e-04],
          [2.6522e-04],
          [3.1141e-05],
          [2.5275e-05],
          [3.6684e-05],
          [1.3615e-05],
          [1.2653e-05],
          [1.8940e-05],
          [2.3491e-05],
          [2.2796e-05],
          [1.9248e-05],
          [1.4755e-05],
          [1.4190e-05],
          [1.1475e-05],
          [1.2351e-05],
          [1.4452e-05],
          [1.7310e-05],
          [1.5579e-05],
          [1.6280e-05],
          [1.6157e-05],
          [1.8716e-05],
          [1.8008e-05],
          [1.7770e-05],
          [1.8034e-05],
          [1.8196e-05],
          [2.1903e-05],
          [1.8146e-05],
          [2.5858e-05],
          [2.4171e-05],
          [3.0385e-05],
          [2.1812e-05],
          [2.9370e-05],
          [2.5644e-05],
          [2.4971e-05],
          [1.9528e-05],
          [2.0964e-05],
          [2.2358e-05],
          [2.0903e-05],
          [2.1971e-05],
          [1.7167e-05],
          [1.7214e-05],
          [1.5891e-05],
          [1.8458e-05],
          [1.7636e-05],
          [1.8031e-04],
          [3.0849e-05],
          [1.3271e-03],
          [2.4577e-05],
          [2.5515e-05],
          [2.2828e-05],
          [2.1182e-05],
          [1.7967e-05],
          [1.8112e-05],
          [2.1312e-05],
          [1.4058e-05],
          [1.2395e-05],
          [1.4812e-05],
          [1.3980e-05],
          [1.4621e-05],
          [1.8997e-05],
          [1.8579e-05],
          [2.4232e-04],
          [7.2233e-05],
          [2.6434e-04],
          [1.3861e-05],
          [1.1418e-05],
          [1.1482e-05],
          [1.3462e-05],
          [5.2116e-04],
          [1.8884e-04],
          [1.4029e-05],
          [1.5132e-05],
          [2.5042e-05],
          [3.9194e-05],
          [2.9713e-05],
          [3.9517e-05],
          [6.0296e-05],
          [5.5408e-05],
          [5.2505e-05],
          [3.3607e-05],
          [2.9999e-05],
          [1.6526e-05],
          [1.2940e-05],
          [1.2609e-05],
          [1.8030e-05],
          [1.3998e-05],
          [1.3114e-05],
          [8.9182e-05],
          [3.2690e-05],
          [3.8421e-05],
          [6.3801e-05],
          [2.5584e-05],
          [2.7833e-05],
          [2.7702e-05],
          [2.9746e-05],
          [2.0665e-05],
          [2.1520e-04],
          [1.6754e-04],
          [2.5219e-05],
          [2.2911e-05],
          [2.0581e-05],
          [1.7633e-05],
          [2.5454e-05],
          [1.8635e-05],
          [2.7661e-05],
          [8.9738e-05],
          [1.0195e-04],
          [2.8886e-04],
          [2.9196e-04],
          [2.3385e-05],
          [1.7269e-05],
          [1.8613e-05],
          [1.8647e-05],
          [1.5738e-05],
          [2.4255e-04],
          [5.3479e-04],
          [1.2871e-05],
          [4.2984e-05],
          [1.0385e-04],
          [1.8827e-05],
          [2.7070e-04],
          [1.3565e-05],
          [2.5002e-04],
          [2.0825e-05],
          [1.6328e-05],
          [1.3037e-05],
          [1.4560e-05],
          [1.3081e-05],
          [4.6314e-05],
          [7.6224e-06]]]])
