# Using CPU
# Loading Embeddings...
# Making Predictions...
torch.Size([1, 1, 442, 265])
tensor([[[[1.2125e-04],
          [2.8278e-05],
          [6.7340e-05],
          [3.6923e-05],
          [8.8005e-06],
          [2.3718e-04],
          [1.2522e-04],
          [2.5329e-05],
          [2.5583e-04],
          [1.5971e-04],
          [1.9596e-05],
          [1.7697e-05],
          [2.2704e-04],
          [1.5042e-04],
          [3.2608e-05],
          [2.6847e-05],
          [1.6851e-05],
          [1.0779e-05],
          [1.2658e-05],
          [2.0732e-05],
          [2.4214e-04],
          [2.0188e-05],
          [7.5713e-05],
          [1.2910e-05],
          [1.7366e-05],
          [2.3999e-05],
          [3.5939e-05],
          [6.4821e-05],
          [7.4338e-05],
          [9.9942e-05],
          [9.5874e-05],
          [1.2016e-04],
          [1.0724e-04],
          [1.2295e-04],
          [9.5436e-05],
          [8.6699e-05],
          [1.5470e-03],
          [9.7288e-05],
          [1.1945e-04],
          [1.0890e-04],
          [8.9180e-05],
          [2.7903e-05],
          [2.4883e-05],
          [2.5473e-05],
          [1.7454e-05],
          [1.8277e-05],
          [1.3175e-05],
          [1.3800e-05],
          [1.2350e-05],
          [1.3436e-04],
          [8.2400e-05],
          [1.0187e-05],
          [1.0845e-05],
          [3.0216e-04],
          [9.4938e-05],
          [1.3933e-05],
          [1.2971e-05],
          [1.4842e-05],
          [1.6489e-05],
          [1.8032e-05],
          [1.9579e-05],
          [1.6846e-05],
          [2.6573e-04],
          [1.7959e-04],
          [1.2947e-05],
          [1.2127e-05],
          [1.7092e-05],
          [1.3575e-05],
          [1.7362e-05],
          [1.6379e-05],
          [1.2826e-05],
          [2.0989e-04],
          [3.3044e-05],
          [2.0644e-05],
          [1.2872e-05],
          [1.5652e-05],
          [1.1576e-04],
          [1.2447e-05],
          [1.2281e-05],
          [1.1014e-05],
          [1.6502e-04],
          [1.2520e-04],
          [1.3017e-05],
          [1.3489e-05],
          [1.5876e-05],
          [1.8861e-05],
          [1.9043e-05],
          [2.0626e-05],
          [1.6826e-05],
          [1.4617e-05],
          [2.1779e-04],
          [6.4664e-05],
          [1.4712e-04],
          [1.1353e-05],
          [1.2181e-05],
          [1.7211e-05],
          [2.0486e-05],
          [3.1642e-05],
          [2.1819e-05],
          [2.5875e-05],
          [2.4837e-05],
          [1.5903e-05],
          [1.2499e-05],
          [1.0115e-05],
          [1.0536e-05],
          [1.4726e-05],
          [1.6057e-05],
          [2.0593e-05],
          [1.9558e-05],
          [2.1257e-05],
          [1.7003e-05],
          [1.5509e-04],
          [1.3352e-04],
          [2.0814e-05],
          [2.0618e-04],
          [1.2474e-05],
          [1.0207e-05],
          [1.0230e-05],
          [1.0963e-05],
          [1.1862e-05],
          [1.1831e-05],
          [9.8095e-06],
          [1.6956e-05],
          [1.1868e-05],
          [1.2184e-05],
          [1.1604e-05],
          [1.3239e-05],
          [1.3446e-05],
          [1.5899e-05],
          [1.9342e-05],
          [2.0315e-05],
          [2.3791e-04],
          [2.0573e-04],
          [1.8741e-05],
          [2.0542e-05],
          [2.0813e-05],
          [1.8905e-05],
          [2.1352e-05],
          [1.4656e-05],
          [1.4110e-05],
          [1.2186e-05],
          [1.1101e-05],
          [1.0235e-05],
          [1.3678e-05],
          [1.2399e-05],
          [1.3761e-05],
          [1.4823e-05],
          [2.1260e-05],
          [2.5902e-05],
          [4.2307e-05],
          [4.5638e-05],
          [4.7649e-05],
          [5.9024e-05],
          [6.6399e-05],
          [6.6904e-05],
          [5.4147e-05],
          [4.4140e-04],
          [9.4271e-05],
          [1.5778e-04],
          [1.4538e-04],
          [2.0189e-05],
          [1.4872e-05],
          [1.6625e-05],
          [1.5441e-05],
          [1.7979e-05],
          [2.4129e-05],
          [2.3364e-05],
          [2.4152e-05],
          [2.2501e-05],
          [2.4113e-05],
          [2.0998e-05],
          [3.5051e-04],
          [7.9388e-05],
          [2.4482e-05],
          [1.9719e-05],
          [2.3389e-05],
          [2.0489e-05],
          [1.9206e-05],
          [1.8041e-04],
          [8.3072e-05],
          [2.6539e-04],
          [1.4920e-05],
          [1.4852e-05],
          [1.3181e-04],
          [1.6683e-05],
          [1.5151e-04],
          [1.2165e-05],
          [1.6903e-05],
          [1.1939e-05],
          [3.6171e-04],
          [4.1143e-05],
          [3.6471e-04],
          [1.3257e-05],
          [1.6999e-05],
          [1.6987e-05],
          [1.7518e-05],
          [1.6965e-05],
          [1.5660e-05],
          [2.2886e-04],
          [1.3268e-04],
          [1.3075e-05],
          [1.2492e-05],
          [1.3855e-05],
          [1.2672e-05],
          [1.3984e-05],
          [1.3469e-05],
          [1.9438e-05],
          [1.9524e-04],
          [8.8904e-05],
          [1.5345e-05],
          [1.6814e-05],
          [1.7331e-05],
          [1.2863e-05],
          [2.6648e-04],
          [2.8393e-05],
          [1.6054e-05],
          [1.5845e-04],
          [1.3323e-05],
          [1.5312e-05],
          [1.1841e-05],
          [1.4392e-05],
          [1.1253e-05],
          [1.0672e-05],
          [9.5191e-06],
          [1.1701e-05],
          [3.2692e-05],
          [1.4513e-05],
          [1.1659e-05],
          [1.2700e-05],
          [1.1664e-05],
          [1.0923e-05],
          [1.2268e-05],
          [1.2026e-05],
          [1.3461e-05],
          [2.6130e-04],
          [7.3083e-05],
          [1.3457e-05],
          [1.2821e-05],
          [1.2563e-05],
          [1.6203e-05],
          [2.3619e-05],
          [2.1512e-05],
          [1.5773e-05],
          [3.1065e-05],
          [2.2264e-05],
          [1.1564e-05],
          [3.3425e-04],
          [2.1205e-04],
          [2.5138e-05],
          [2.1257e-04],
          [1.1301e-05],
          [1.8666e-04],
          [6.9356e-05],
          [2.4244e-05],
          [2.6942e-05],
          [2.7688e-05],
          [2.4071e-05],
          [2.6967e-05],
          [2.4124e-05],
          [2.7623e-05],
          [2.1273e-05],
          [2.4758e-05],
          [2.5039e-05],
          [3.9505e-05],
          [4.0808e-05],
          [3.0565e-05],
          [4.7852e-05],
          [1.8749e-04],
          [1.6275e-05],
          [2.1287e-05],
          [2.1001e-04],
          [1.8189e-04],
          [3.2930e-05],
          [6.8244e-05],
          [1.3979e-04],
          [6.0685e-05],
          [2.4514e-04],
          [1.3322e-05],
          [9.8360e-06],
          [8.9276e-06],
          [1.0269e-05],
          [9.0784e-06],
          [9.0444e-06],
          [2.0628e-05],
          [1.0269e-05],
          [1.3084e-05],
          [1.0681e-05],
          [2.9314e-04],
          [2.7194e-05],
          [8.9661e-05],
          [4.9771e-05],
          [1.1275e-05],
          [1.0336e-05],
          [9.8997e-06],
          [8.9842e-06],
          [8.7158e-06],
          [1.2244e-05],
          [2.4687e-04],
          [1.8254e-05],
          [9.1902e-05],
          [1.1065e-05],
          [1.0363e-05],
          [1.1787e-05],
          [1.1434e-05],
          [1.0765e-05],
          [1.1080e-05],
          [1.1304e-05],
          [1.4456e-05],
          [1.2608e-05],
          [1.5603e-05],
          [1.6041e-05],
          [1.9888e-05],
          [3.0683e-04],
          [9.4556e-05],
          [1.7193e-05],
          [1.4773e-05],
          [3.9759e-05],
          [1.0102e-05],
          [1.1129e-05],
          [1.3474e-05],
          [1.4476e-05],
          [1.3454e-05],
          [1.2156e-05],
          [1.1326e-05],
          [1.1579e-05],
          [1.0172e-05],
          [9.5722e-06],
          [9.8732e-06],
          [1.2305e-05],
          [1.1810e-05],
          [1.1718e-05],
          [1.1996e-05],
          [1.5232e-05],
          [1.5890e-05],
          [1.4467e-05],
          [1.6785e-05],
          [1.6004e-05],
          [1.7814e-05],
          [1.5934e-05],
          [2.1461e-05],
          [1.9317e-05],
          [2.3778e-05],
          [1.9263e-05],
          [2.3666e-05],
          [2.8147e-05],
          [3.2800e-05],
          [1.6528e-05],
          [1.8707e-05],
          [2.7459e-05],
          [1.7676e-05],
          [1.5462e-05],
          [1.4113e-05],
          [1.6074e-05],
          [1.3257e-05],
          [1.3369e-05],
          [1.4296e-05],
          [2.8170e-04],
          [5.6761e-05],
          [5.2605e-04],
          [1.4069e-05],
          [1.4800e-05],
          [1.6234e-05],
          [1.4462e-05],
          [1.6893e-05],
          [1.5191e-05],
          [1.6828e-05],
          [1.5465e-05],
          [1.3526e-05],
          [1.2256e-05],
          [1.3446e-05],
          [1.1602e-05],
          [1.7871e-05],
          [1.6333e-05],
          [3.6334e-04],
          [6.7415e-05],
          [1.3009e-04],
          [1.1484e-05],
          [9.9204e-06],
          [9.1445e-06],
          [1.1106e-05],
          [1.8855e-04],
          [9.0330e-05],
          [1.0712e-05],
          [1.1884e-05],
          [1.4556e-05],
          [2.0231e-05],
          [2.8771e-05],
          [3.6820e-05],
          [3.7664e-05],
          [3.2817e-05],
          [2.4297e-05],
          [2.0161e-05],
          [1.8407e-05],
          [1.3538e-05],
          [1.0276e-05],
          [9.9752e-06],
          [1.0156e-05],
          [1.2247e-05],
          [1.3169e-05],
          [3.2900e-05],
          [2.8957e-05],
          [3.4377e-05],
          [3.8728e-05],
          [2.3503e-05],
          [3.1500e-05],
          [2.1723e-05],
          [2.2299e-05],
          [1.7953e-05],
          [1.7341e-04],
          [7.6579e-05],
          [2.0119e-05],
          [1.8648e-05],
          [1.6533e-05],
          [1.4516e-05],
          [2.2804e-05],
          [2.2826e-05],
          [3.3635e-05],
          [8.4179e-05],
          [4.2980e-05],
          [8.4790e-05],
          [1.2066e-04],
          [2.6375e-05],
          [1.4930e-05],
          [1.5037e-05],
          [1.7325e-05],
          [1.2117e-05],
          [2.2496e-04],
          [2.0966e-04],
          [1.7684e-05],
          [8.7946e-05],
          [7.4223e-05],
          [1.8304e-05],
          [2.5162e-04],
          [3.9564e-05],
          [2.7892e-04],
          [2.6454e-05],
          [1.6293e-05],
          [1.3920e-05],
          [1.2977e-05],
          [1.8230e-05],
          [4.3820e-05],
          [9.4912e-06]]]])
