# Using CPU
# Loading Embeddings...
# Making Predictions...
torch.Size([1, 1, 442, 270])
tensor([[[[1.3762e-04],
          [2.9960e-05],
          [1.5364e-04],
          [2.1780e-05],
          [7.8929e-06],
          [3.1471e-04],
          [1.3498e-04],
          [1.5221e-05],
          [2.1524e-04],
          [1.7128e-04],
          [1.6642e-05],
          [1.4787e-05],
          [3.2712e-04],
          [3.2841e-04],
          [1.5806e-05],
          [1.3037e-05],
          [1.2854e-05],
          [1.2252e-05],
          [1.4132e-05],
          [4.3575e-05],
          [4.4615e-04],
          [2.2870e-05],
          [1.3502e-04],
          [1.7667e-05],
          [1.6562e-05],
          [2.2631e-05],
          [2.7394e-05],
          [4.2892e-05],
          [4.6444e-05],
          [5.6563e-05],
          [5.3249e-05],
          [6.2988e-05],
          [5.4984e-05],
          [6.5938e-05],
          [5.5761e-05],
          [5.2039e-05],
          [3.3353e-04],
          [6.4141e-05],
          [2.8865e-04],
          [6.8056e-05],
          [1.7951e-04],
          [2.2773e-05],
          [2.1996e-05],
          [2.3584e-05],
          [1.5785e-05],
          [1.7449e-05],
          [1.3511e-05],
          [1.7823e-05],
          [1.6476e-05],
          [2.1778e-04],
          [2.0191e-04],
          [1.3905e-05],
          [1.3464e-05],
          [3.7613e-04],
          [1.4349e-04],
          [1.5604e-05],
          [1.4839e-05],
          [1.3108e-05],
          [1.7673e-05],
          [1.9262e-05],
          [2.0710e-05],
          [1.8125e-05],
          [2.6988e-04],
          [2.3402e-04],
          [1.7486e-05],
          [1.5903e-05],
          [1.4799e-05],
          [1.4568e-05],
          [1.5090e-05],
          [1.4742e-05],
          [1.3717e-05],
          [3.8460e-04],
          [2.4672e-05],
          [2.0995e-05],
          [1.5837e-05],
          [2.5610e-05],
          [2.4499e-04],
          [1.5168e-05],
          [1.3639e-05],
          [1.1746e-05],
          [2.7092e-04],
          [3.4400e-04],
          [1.3961e-05],
          [1.5497e-05],
          [1.4742e-05],
          [1.7562e-05],
          [1.9084e-05],
          [2.1650e-05],
          [1.8859e-05],
          [1.6424e-05],
          [2.9727e-04],
          [7.8044e-05],
          [4.4837e-04],
          [1.2270e-05],
          [1.1905e-05],
          [1.5623e-05],
          [1.6266e-05],
          [2.2445e-05],
          [2.2225e-05],
          [2.5290e-05],
          [2.9731e-05],
          [2.0545e-05],
          [1.5946e-05],
          [1.1320e-05],
          [1.1010e-05],
          [1.5002e-05],
          [1.6878e-05],
          [1.5720e-05],
          [1.6020e-05],
          [1.7290e-05],
          [1.4746e-05],
          [1.1059e-04],
          [1.6572e-04],
          [1.9617e-05],
          [4.3414e-04],
          [1.6568e-05],
          [1.1555e-05],
          [1.0608e-05],
          [1.5801e-05],
          [2.0949e-05],
          [1.8186e-05],
          [2.0662e-05],
          [1.5478e-05],
          [1.2978e-05],
          [1.5209e-05],
          [1.2095e-05],
          [1.2926e-05],
          [1.3319e-05],
          [1.2984e-05],
          [1.4803e-05],
          [2.8192e-05],
          [5.6033e-04],
          [1.1235e-03],
          [6.1123e-05],
          [2.8214e-05],
          [2.0929e-05],
          [1.7649e-05],
          [1.8974e-05],
          [1.6914e-05],
          [1.5512e-05],
          [1.4092e-05],
          [1.3948e-05],
          [1.0989e-05],
          [1.3363e-05],
          [1.2911e-05],
          [1.4080e-05],
          [1.7045e-05],
          [2.0961e-05],
          [2.6161e-05],
          [3.7548e-05],
          [4.1305e-05],
          [3.9826e-05],
          [4.3912e-05],
          [4.2906e-05],
          [4.1618e-05],
          [3.8101e-05],
          [3.6185e-04],
          [7.9630e-05],
          [1.7413e-04],
          [1.7271e-04],
          [1.7158e-05],
          [1.5165e-05],
          [1.9103e-05],
          [2.4804e-05],
          [1.5804e-05],
          [1.9146e-05],
          [1.7011e-05],
          [1.7446e-05],
          [1.8235e-05],
          [1.8212e-05],
          [1.4996e-05],
          [3.4706e-04],
          [1.3273e-04],
          [1.8452e-05],
          [1.9046e-05],
          [2.0266e-05],
          [2.5634e-05],
          [1.9966e-05],
          [1.9967e-04],
          [8.8619e-05],
          [5.9514e-04],
          [1.2946e-05],
          [1.7604e-05],
          [1.4141e-04],
          [1.8526e-05],
          [4.2079e-04],
          [1.2616e-05],
          [1.3326e-05],
          [1.4591e-05],
          [3.7456e-04],
          [2.2373e-05],
          [1.7946e-04],
          [1.8391e-05],
          [2.0030e-05],
          [1.8980e-05],
          [1.8410e-05],
          [2.1155e-05],
          [1.6043e-05],
          [2.0970e-04],
          [2.6694e-04],
          [1.5142e-05],
          [1.4429e-05],
          [1.5348e-05],
          [1.3182e-05],
          [1.4224e-05],
          [1.4855e-05],
          [1.3366e-05],
          [2.7071e-04],
          [9.5874e-05],
          [1.3941e-05],
          [1.2758e-05],
          [1.2936e-05],
          [1.3335e-05],
          [2.2886e-04],
          [3.1081e-05],
          [2.1823e-05],
          [3.7715e-04],
          [1.7228e-05],
          [1.4164e-05],
          [1.1655e-05],
          [1.2519e-05],
          [1.5101e-05],
          [1.2249e-05],
          [1.0869e-05],
          [1.2653e-05],
          [1.4215e-05],
          [2.0479e-05],
          [1.5870e-05],
          [1.4981e-05],
          [1.3508e-05],
          [1.1030e-05],
          [1.1173e-05],
          [1.1023e-05],
          [1.3755e-05],
          [2.6355e-04],
          [7.5148e-05],
          [1.4725e-05],
          [1.5529e-05],
          [1.4017e-05],
          [1.5523e-05],
          [1.5995e-05],
          [2.6148e-05],
          [1.7986e-05],
          [2.3721e-05],
          [2.5944e-05],
          [1.5558e-05],
          [2.7111e-04],
          [2.8671e-04],
          [2.6630e-05],
          [4.4532e-04],
          [1.0760e-05],
          [1.6788e-04],
          [1.9742e-04],
          [1.9357e-05],
          [2.3942e-05],
          [2.6547e-05],
          [2.3460e-05],
          [2.8879e-05],
          [3.2484e-05],
          [3.6788e-05],
          [3.0110e-05],
          [3.5516e-05],
          [3.7890e-05],
          [5.1045e-05],
          [4.1124e-05],
          [4.0511e-05],
          [3.6749e-05],
          [1.5651e-04],
          [2.7908e-05],
          [2.5869e-05],
          [2.9997e-04],
          [1.2883e-04],
          [2.4779e-05],
          [9.4984e-05],
          [1.7022e-04],
          [7.1875e-05],
          [4.9849e-04],
          [1.3013e-05],
          [1.0779e-05],
          [1.1133e-05],
          [9.4273e-06],
          [9.8234e-06],
          [9.5919e-06],
          [7.2639e-05],
          [1.4495e-05],
          [1.6844e-05],
          [1.2157e-05],
          [3.6740e-04],
          [3.2307e-05],
          [1.7442e-04],
          [4.1753e-05],
          [1.1014e-05],
          [1.0568e-05],
          [1.0590e-05],
          [1.1086e-05],
          [1.0788e-05],
          [9.5004e-06],
          [3.7584e-04],
          [2.5646e-05],
          [2.4748e-04],
          [1.3725e-05],
          [1.1104e-05],
          [1.3782e-05],
          [1.3564e-05],
          [1.3969e-05],
          [1.4374e-05],
          [1.4956e-05],
          [2.0340e-05],
          [1.7909e-05],
          [2.4343e-05],
          [2.6683e-05],
          [3.4385e-05],
          [2.8696e-04],
          [1.5365e-04],
          [2.2180e-05],
          [1.8221e-05],
          [1.4188e-05],
          [1.2043e-05],
          [1.1329e-05],
          [1.6626e-05],
          [2.2829e-05],
          [1.9497e-05],
          [1.9218e-05],
          [1.4979e-05],
          [1.3528e-05],
          [1.0499e-05],
          [1.1961e-05],
          [1.3030e-05],
          [1.5339e-05],
          [1.4038e-05],
          [1.4534e-05],
          [1.4055e-05],
          [1.6006e-05],
          [1.4589e-05],
          [1.3165e-05],
          [1.7859e-05],
          [1.7027e-05],
          [2.2188e-05],
          [2.0810e-05],
          [3.3340e-05],
          [3.0988e-05],
          [2.9308e-05],
          [2.4604e-05],
          [2.6706e-05],
          [3.2781e-05],
          [4.2669e-05],
          [2.8752e-05],
          [2.5141e-05],
          [4.4378e-05],
          [2.7805e-05],
          [2.6622e-05],
          [1.7679e-05],
          [1.8110e-05],
          [1.6487e-05],
          [1.6474e-05],
          [1.5765e-05],
          [2.5503e-04],
          [3.0440e-05],
          [2.2282e-04],
          [2.1922e-05],
          [2.3049e-05],
          [2.0261e-05],
          [1.8945e-05],
          [1.8388e-05],
          [1.4254e-05],
          [1.2375e-05],
          [1.1320e-05],
          [1.1391e-05],
          [1.1861e-05],
          [1.3255e-05],
          [1.3038e-05],
          [1.6245e-05],
          [1.5712e-05],
          [2.7693e-04],
          [8.4926e-05],
          [3.6695e-04],
          [1.3467e-05],
          [1.0920e-05],
          [9.3713e-06],
          [1.1556e-05],
          [3.9808e-04],
          [2.0703e-04],
          [1.2178e-05],
          [1.4367e-05],
          [1.6408e-05],
          [2.3330e-05],
          [2.4415e-05],
          [3.5556e-05],
          [5.3119e-05],
          [4.5611e-05],
          [3.6870e-05],
          [2.6751e-05],
          [2.1738e-05],
          [1.4455e-05],
          [1.1204e-05],
          [1.2425e-05],
          [1.1365e-05],
          [1.1011e-05],
          [1.2374e-05],
          [6.1763e-05],
          [3.1726e-05],
          [4.1652e-05],
          [4.4751e-05],
          [2.7117e-05],
          [2.7290e-05],
          [2.4549e-05],
          [2.3051e-05],
          [1.7078e-05],
          [1.7790e-04],
          [1.6926e-04],
          [1.9193e-05],
          [1.9081e-05],
          [1.7752e-05],
          [1.6354e-05],
          [1.7754e-05],
          [1.7273e-05],
          [3.3564e-05],
          [8.7583e-05],
          [5.8591e-05],
          [2.3630e-04],
          [1.5136e-04],
          [3.3064e-05],
          [1.5209e-05],
          [1.5578e-05],
          [1.4994e-05],
          [1.4116e-05],
          [2.2150e-04],
          [2.8662e-04],
          [1.8895e-05],
          [1.2106e-04],
          [1.2439e-04],
          [1.5329e-05],
          [2.9191e-04],
          [2.1748e-05],
          [5.0339e-04],
          [2.2068e-05],
          [1.5247e-05],
          [1.2940e-05],
          [1.3417e-05],
          [1.3464e-05],
          [4.5797e-05],
          [6.3486e-06]]]])
