# Using CPU
# Loading Embeddings...
# Making Predictions...
torch.Size([1, 1, 442, 254])
tensor([[[[1.7974e-04],
          [2.4217e-05],
          [1.2604e-04],
          [2.5830e-05],
          [8.5199e-06],
          [2.2748e-04],
          [8.1177e-04],
          [1.4931e-05],
          [1.3326e-04],
          [8.7657e-04],
          [1.6484e-05],
          [1.6408e-05],
          [4.9656e-04],
          [2.9475e-04],
          [1.2160e-05],
          [1.1452e-05],
          [1.2053e-05],
          [1.2828e-05],
          [1.4090e-05],
          [1.9713e-05],
          [3.7782e-04],
          [2.2626e-05],
          [5.7637e-04],
          [1.4225e-05],
          [1.7330e-05],
          [2.5135e-05],
          [3.6696e-05],
          [6.5920e-05],
          [7.7149e-05],
          [1.2059e-04],
          [9.9254e-05],
          [1.2219e-04],
          [1.2293e-04],
          [1.2005e-04],
          [9.7085e-05],
          [7.5584e-05],
          [3.8547e-04],
          [5.1156e-05],
          [2.9796e-04],
          [6.9347e-05],
          [5.8856e-04],
          [2.5976e-05],
          [2.4989e-05],
          [2.5963e-05],
          [1.7855e-05],
          [1.6761e-05],
          [1.4432e-05],
          [1.3181e-05],
          [1.1948e-05],
          [2.9746e-04],
          [4.5977e-04],
          [1.0632e-05],
          [1.0743e-05],
          [2.5868e-04],
          [4.5735e-04],
          [1.3060e-05],
          [1.4644e-05],
          [1.4687e-05],
          [1.8351e-05],
          [2.1370e-05],
          [1.9572e-05],
          [1.8144e-05],
          [2.7774e-04],
          [2.9312e-04],
          [1.4788e-05],
          [1.5851e-05],
          [1.6750e-05],
          [1.6808e-05],
          [1.8767e-05],
          [1.4678e-05],
          [1.4294e-05],
          [3.4621e-04],
          [2.6162e-05],
          [3.0397e-05],
          [1.3478e-05],
          [2.5394e-05],
          [1.9794e-03],
          [1.3413e-05],
          [1.3768e-05],
          [1.1977e-05],
          [4.3478e-04],
          [2.4266e-04],
          [1.2708e-05],
          [1.4315e-05],
          [1.6551e-05],
          [1.9381e-05],
          [2.0496e-05],
          [2.2519e-05],
          [1.8924e-05],
          [1.6152e-05],
          [1.8711e-04],
          [4.6972e-05],
          [4.1872e-04],
          [1.1878e-05],
          [1.3006e-05],
          [1.4838e-05],
          [1.6212e-05],
          [2.2811e-05],
          [2.2546e-05],
          [2.3727e-05],
          [2.3031e-05],
          [1.7928e-05],
          [1.4319e-05],
          [1.5828e-05],
          [1.4914e-05],
          [1.6880e-05],
          [1.7771e-05],
          [2.2204e-05],
          [2.4945e-05],
          [2.6514e-05],
          [2.0512e-05],
          [9.7976e-05],
          [1.7933e-04],
          [1.5123e-05],
          [3.5833e-04],
          [1.5120e-05],
          [1.2147e-05],
          [1.0984e-05],
          [1.5205e-05],
          [1.4429e-05],
          [1.5334e-05],
          [1.4831e-05],
          [2.4592e-05],
          [1.2753e-05],
          [1.4288e-05],
          [1.2117e-05],
          [1.4950e-05],
          [1.6666e-05],
          [1.5971e-05],
          [3.2345e-05],
          [2.4306e-04],
          [3.6503e-03],
          [2.3540e-03],
          [8.5756e-04],
          [2.2830e-04],
          [1.2389e-04],
          [5.3550e-05],
          [2.2224e-05],
          [1.5841e-05],
          [1.5065e-05],
          [1.2903e-05],
          [1.2562e-05],
          [1.0492e-05],
          [1.2708e-05],
          [1.4255e-05],
          [1.6402e-05],
          [1.8093e-05],
          [2.4879e-05],
          [3.1964e-05],
          [5.1444e-05],
          [5.9510e-05],
          [6.4632e-05],
          [7.8002e-05],
          [6.8636e-05],
          [7.4779e-05],
          [5.6893e-05],
          [1.6508e-04],
          [4.0451e-04],
          [1.2690e-04],
          [9.1904e-04],
          [1.5348e-05],
          [3.4501e-05],
          [8.9056e-05],
          [1.1095e-04],
          [3.4614e-05],
          [3.0911e-05],
          [2.8347e-05],
          [1.8581e-05],
          [1.9688e-05],
          [2.1013e-05],
          [1.6920e-05],
          [3.7779e-04],
          [5.4548e-04],
          [2.3794e-05],
          [2.6108e-05],
          [2.7152e-05],
          [2.8499e-05],
          [2.6917e-05],
          [2.8719e-04],
          [3.3262e-05],
          [4.5408e-04],
          [1.3680e-05],
          [2.1194e-05],
          [4.1320e-04],
          [1.7310e-05],
          [4.0989e-04],
          [1.1910e-05],
          [1.2526e-05],
          [1.0590e-05],
          [2.7191e-04],
          [2.3423e-05],
          [1.3548e-03],
          [1.6419e-05],
          [2.1240e-05],
          [2.1373e-05],
          [2.0937e-05],
          [2.4465e-05],
          [2.1688e-05],
          [2.8412e-04],
          [3.1179e-04],
          [1.7377e-05],
          [1.5543e-05],
          [1.5151e-05],
          [1.2942e-05],
          [1.2264e-05],
          [1.2435e-05],
          [1.0583e-05],
          [3.0328e-04],
          [5.6572e-04],
          [1.2254e-05],
          [1.2639e-05],
          [1.3315e-05],
          [1.4134e-05],
          [4.1309e-04],
          [2.9867e-05],
          [1.4592e-05],
          [1.6055e-03],
          [1.3828e-05],
          [1.5717e-05],
          [1.1942e-05],
          [1.5390e-05],
          [1.5482e-05],
          [1.3722e-05],
          [1.2576e-05],
          [1.2646e-05],
          [1.7991e-05],
          [1.4374e-05],
          [1.3903e-05],
          [1.2876e-05],
          [1.0747e-05],
          [1.1497e-05],
          [1.0933e-05],
          [1.0831e-05],
          [1.1089e-05],
          [2.1566e-04],
          [2.9372e-04],
          [2.1954e-05],
          [1.5785e-05],
          [1.3492e-05],
          [1.6877e-05],
          [1.6531e-05],
          [2.1348e-05],
          [1.8641e-05],
          [2.4690e-05],
          [2.2731e-05],
          [1.5117e-05],
          [2.2076e-04],
          [1.8727e-04],
          [2.0672e-05],
          [2.9735e-04],
          [1.1381e-05],
          [2.3806e-04],
          [2.6834e-04],
          [2.0667e-05],
          [2.7032e-05],
          [3.1552e-05],
          [2.8615e-05],
          [3.9433e-05],
          [4.5168e-05],
          [5.3030e-05],
          [4.4596e-05],
          [5.8750e-05],
          [6.5045e-05],
          [8.3717e-05],
          [6.3566e-05],
          [6.4034e-05],
          [4.2658e-05],
          [1.8016e-04],
          [2.0633e-05],
          [1.9892e-05],
          [3.9598e-04],
          [1.5111e-04],
          [2.7448e-05],
          [3.1864e-04],
          [1.7758e-04],
          [3.5475e-05],
          [3.3832e-04],
          [1.2571e-05],
          [9.9933e-06],
          [9.4046e-06],
          [9.1056e-06],
          [9.7068e-06],
          [9.2355e-06],
          [2.9635e-05],
          [1.3360e-05],
          [1.9834e-05],
          [1.3719e-05],
          [5.5434e-04],
          [3.8079e-05],
          [1.2025e-04],
          [1.7669e-04],
          [1.0941e-05],
          [1.1222e-05],
          [1.1113e-05],
          [1.1285e-05],
          [1.0501e-05],
          [9.6525e-06],
          [4.9991e-04],
          [2.3368e-05],
          [1.2074e-03],
          [1.3201e-05],
          [1.0798e-05],
          [1.3595e-05],
          [1.3491e-05],
          [1.4101e-05],
          [1.4390e-05],
          [1.4747e-05],
          [1.9206e-05],
          [1.7960e-05],
          [2.6456e-05],
          [3.0007e-05],
          [3.6020e-05],
          [3.2294e-04],
          [4.4143e-04],
          [2.4327e-05],
          [1.9469e-05],
          [1.4542e-05],
          [1.2938e-05],
          [1.4327e-05],
          [2.4304e-05],
          [3.1457e-05],
          [2.8300e-05],
          [2.5126e-05],
          [2.0563e-05],
          [2.0324e-05],
          [1.1850e-05],
          [1.0464e-05],
          [1.2047e-05],
          [1.4233e-05],
          [1.2286e-05],
          [1.2722e-05],
          [1.2219e-05],
          [1.3331e-05],
          [1.2954e-05],
          [1.5474e-05],
          [2.1280e-05],
          [2.2821e-05],
          [3.1434e-05],
          [2.3517e-05],
          [4.1244e-05],
          [4.2332e-05],
          [4.4482e-05],
          [2.2609e-05],
          [2.8657e-05],
          [2.5878e-05],
          [3.0845e-05],
          [1.9359e-05],
          [2.0753e-05],
          [1.8794e-05],
          [2.2667e-05],
          [2.1588e-05],
          [2.3329e-05],
          [1.7781e-05],
          [2.0351e-05],
          [1.5896e-05],
          [1.8415e-05],
          [1.7429e-04],
          [2.9796e-05],
          [1.0822e-03],
          [1.9740e-05],
          [2.0802e-05],
          [1.7706e-05],
          [1.6794e-05],
          [1.8705e-05],
          [1.4243e-05],
          [1.3534e-05],
          [1.1894e-05],
          [1.1067e-05],
          [1.0743e-05],
          [1.2917e-05],
          [1.2963e-05],
          [1.5869e-05],
          [1.5323e-05],
          [2.9338e-04],
          [1.2660e-04],
          [1.0210e-03],
          [1.1081e-05],
          [1.0240e-05],
          [9.3461e-06],
          [1.1539e-05],
          [5.4829e-04],
          [6.3210e-04],
          [1.4337e-05],
          [1.5573e-05],
          [1.6223e-05],
          [2.3812e-05],
          [2.9674e-05],
          [4.2074e-05],
          [6.8991e-05],
          [5.7694e-05],
          [5.3578e-05],
          [4.0332e-05],
          [2.4583e-05],
          [1.2991e-05],
          [1.2048e-05],
          [1.0174e-05],
          [1.2675e-05],
          [1.1490e-05],
          [1.3273e-05],
          [2.6139e-05],
          [3.9567e-05],
          [4.9208e-05],
          [4.6177e-05],
          [3.0183e-05],
          [2.7050e-05],
          [2.3607e-05],
          [2.2364e-05],
          [1.9187e-05],
          [2.6759e-04],
          [3.3218e-04],
          [2.1900e-05],
          [2.0387e-05],
          [1.8330e-05],
          [1.5673e-05],
          [1.7617e-05],
          [1.9440e-05],
          [1.7853e-05],
          [1.0194e-04],
          [6.0038e-05],
          [1.9623e-04],
          [4.6724e-04],
          [1.7799e-05],
          [1.4473e-05],
          [1.5463e-05],
          [1.4501e-05],
          [1.2722e-05],
          [2.2162e-04],
          [2.1867e-04],
          [1.6038e-05],
          [4.5894e-05],
          [3.3215e-04],
          [1.7197e-05],
          [2.5024e-04],
          [1.5949e-05],
          [3.3093e-04],
          [1.8122e-05],
          [1.4488e-05],
          [1.1913e-05],
          [1.2256e-05],
          [1.1499e-05],
          [2.2798e-05],
          [6.5077e-06]]]])
