# Using CPU
# Loading Embeddings...
# Making Predictions...
torch.Size([1, 1, 442, 764])
tensor([[[[1.7336e-04],
          [3.5142e-05],
          [9.8770e-05],
          [2.9587e-05],
          [1.5846e-05],
          [1.7797e-04],
          [1.1329e-04],
          [2.4135e-05],
          [1.2712e-04],
          [1.1560e-04],
          [2.6862e-05],
          [2.7432e-05],
          [4.3662e-04],
          [1.9378e-04],
          [2.6606e-05],
          [2.6368e-05],
          [2.0563e-05],
          [1.8678e-05],
          [1.9736e-05],
          [1.8861e-05],
          [1.6676e-04],
          [2.8040e-05],
          [9.4326e-05],
          [2.4217e-05],
          [3.3308e-05],
          [4.8465e-05],
          [6.8000e-05],
          [1.1967e-04],
          [1.5602e-04],
          [2.0566e-04],
          [2.0137e-04],
          [2.3637e-04],
          [2.1149e-04],
          [2.3304e-04],
          [1.7850e-04],
          [1.2848e-04],
          [1.6168e-03],
          [8.1780e-05],
          [1.4584e-04],
          [1.1805e-04],
          [1.4716e-04],
          [3.8466e-05],
          [3.8206e-05],
          [4.3784e-05],
          [2.8397e-05],
          [2.6952e-05],
          [1.8258e-05],
          [1.5003e-05],
          [1.3707e-05],
          [1.2946e-04],
          [8.9539e-05],
          [1.3991e-05],
          [1.4449e-05],
          [1.5760e-04],
          [9.3251e-05],
          [2.5908e-05],
          [2.9344e-05],
          [2.7945e-05],
          [3.5436e-05],
          [4.5330e-05],
          [4.7859e-05],
          [4.5818e-05],
          [8.3554e-04],
          [1.7553e-04],
          [3.3836e-05],
          [3.0058e-05],
          [2.1492e-05],
          [1.7243e-05],
          [1.8784e-05],
          [2.0461e-05],
          [2.0317e-05],
          [2.4388e-04],
          [2.9575e-05],
          [3.1638e-05],
          [2.9340e-05],
          [2.3386e-05],
          [1.6970e-04],
          [2.1213e-05],
          [2.2034e-05],
          [1.8406e-05],
          [1.9613e-04],
          [1.1621e-04],
          [1.9794e-05],
          [1.9468e-05],
          [2.2057e-05],
          [2.1743e-05],
          [2.2947e-05],
          [2.0690e-05],
          [2.1532e-05],
          [1.9559e-05],
          [1.5870e-04],
          [4.2814e-05],
          [1.6301e-04],
          [1.6814e-05],
          [1.6298e-05],
          [1.5740e-05],
          [1.5996e-05],
          [1.8488e-05],
          [1.6947e-05],
          [2.1350e-05],
          [2.5013e-05],
          [2.0321e-05],
          [1.8067e-05],
          [2.2896e-05],
          [2.5510e-05],
          [3.8179e-05],
          [4.4314e-05],
          [5.3408e-05],
          [5.3429e-05],
          [5.5652e-05],
          [4.6350e-05],
          [8.3779e-05],
          [2.6179e-04],
          [3.0666e-05],
          [2.0820e-04],
          [3.7637e-05],
          [3.0529e-05],
          [2.4056e-05],
          [2.7694e-05],
          [3.3129e-05],
          [3.2401e-05],
          [2.3656e-05],
          [3.1330e-05],
          [2.1873e-05],
          [3.1372e-05],
          [2.6283e-05],
          [3.1481e-05],
          [3.3196e-05],
          [3.9754e-05],
          [4.9750e-05],
          [2.7291e-04],
          [1.7163e-03],
          [2.3858e-03],
          [6.5335e-04],
          [3.5640e-04],
          [1.8133e-04],
          [8.0620e-05],
          [4.5130e-05],
          [3.6724e-05],
          [3.9490e-05],
          [3.5514e-05],
          [3.1141e-05],
          [2.0316e-05],
          [2.2264e-05],
          [2.7243e-05],
          [4.2364e-05],
          [4.5545e-05],
          [6.9536e-05],
          [9.1654e-05],
          [1.7078e-04],
          [1.7774e-04],
          [2.0921e-04],
          [1.7543e-04],
          [2.2277e-04],
          [1.5432e-04],
          [1.2499e-04],
          [2.3927e-04],
          [1.1901e-04],
          [2.0662e-04],
          [1.2799e-04],
          [2.9425e-05],
          [6.3340e-05],
          [9.3261e-05],
          [1.0861e-04],
          [4.5878e-05],
          [4.5414e-05],
          [4.7443e-05],
          [4.2425e-05],
          [4.5675e-05],
          [4.6036e-05],
          [4.1853e-05],
          [3.7626e-04],
          [1.4226e-04],
          [6.5124e-05],
          [8.4989e-05],
          [9.9138e-05],
          [1.0162e-04],
          [8.7619e-05],
          [7.3332e-04],
          [1.1690e-04],
          [2.9936e-04],
          [3.3447e-05],
          [2.5007e-05],
          [2.4522e-04],
          [1.9839e-05],
          [1.6024e-04],
          [2.1595e-05],
          [2.0697e-05],
          [1.9593e-05],
          [1.8299e-04],
          [4.0089e-05],
          [1.1470e-04],
          [3.6833e-05],
          [5.0044e-05],
          [5.3858e-05],
          [5.4687e-05],
          [6.5058e-05],
          [4.9967e-05],
          [6.4902e-04],
          [1.4828e-04],
          [4.2383e-05],
          [3.4502e-05],
          [3.0016e-05],
          [2.4419e-05],
          [2.4578e-05],
          [2.2000e-05],
          [1.9006e-05],
          [2.2726e-04],
          [9.4267e-05],
          [2.2667e-05],
          [2.3870e-05],
          [2.4658e-05],
          [2.5368e-05],
          [3.3512e-04],
          [4.8516e-05],
          [3.2735e-05],
          [1.8574e-04],
          [2.2490e-05],
          [2.5180e-05],
          [2.1636e-05],
          [2.3754e-05],
          [2.3637e-05],
          [1.9420e-05],
          [2.0907e-05],
          [1.8070e-05],
          [2.5961e-05],
          [2.1274e-05],
          [1.7180e-05],
          [1.7328e-05],
          [1.8980e-05],
          [1.8599e-05],
          [2.0440e-05],
          [1.7920e-05],
          [2.2461e-05],
          [2.5704e-04],
          [1.0372e-04],
          [2.6452e-05],
          [2.8468e-05],
          [2.6022e-05],
          [3.4832e-05],
          [5.4798e-04],
          [2.0711e-05],
          [1.9051e-05],
          [2.1531e-05],
          [2.1810e-05],
          [1.6876e-05],
          [1.2619e-04],
          [8.7259e-05],
          [2.2881e-05],
          [1.6379e-04],
          [1.5778e-05],
          [1.2839e-04],
          [9.3748e-05],
          [3.1181e-05],
          [3.9671e-05],
          [4.6455e-05],
          [4.8643e-05],
          [6.7374e-05],
          [8.1724e-05],
          [1.2492e-04],
          [1.4035e-04],
          [2.4869e-04],
          [3.3607e-04],
          [5.3633e-04],
          [4.7255e-04],
          [5.1718e-04],
          [3.2478e-04],
          [2.3743e-03],
          [1.2077e-04],
          [1.0750e-04],
          [2.4134e-04],
          [8.7526e-05],
          [6.0753e-05],
          [1.2902e-04],
          [2.4364e-04],
          [8.7792e-05],
          [2.2806e-04],
          [2.7654e-05],
          [2.3690e-05],
          [1.9750e-05],
          [1.6831e-05],
          [1.7998e-05],
          [1.7201e-05],
          [3.5877e-05],
          [1.6293e-05],
          [1.6604e-05],
          [1.4862e-05],
          [2.3266e-04],
          [2.7266e-05],
          [5.6008e-05],
          [4.5217e-05],
          [1.9009e-05],
          [1.7506e-05],
          [1.8373e-05],
          [1.9586e-05],
          [1.8510e-05],
          [1.6990e-05],
          [1.9436e-04],
          [3.1633e-05],
          [1.6955e-04],
          [2.1231e-05],
          [2.1198e-05],
          [2.4699e-05],
          [2.4102e-05],
          [2.2925e-05],
          [2.1804e-05],
          [2.0540e-05],
          [2.3125e-05],
          [2.6112e-05],
          [3.2586e-05],
          [4.2560e-05],
          [5.4704e-05],
          [4.0929e-04],
          [1.4698e-04],
          [4.1317e-05],
          [3.3484e-05],
          [2.8156e-05],
          [2.2237e-05],
          [1.8476e-05],
          [1.5916e-05],
          [1.5479e-05],
          [1.5313e-05],
          [1.5129e-05],
          [1.4297e-05],
          [1.4894e-05],
          [1.1193e-05],
          [1.3715e-05],
          [1.4911e-05],
          [1.7887e-05],
          [1.5260e-05],
          [1.6589e-05],
          [1.7038e-05],
          [2.0633e-05],
          [1.8621e-05],
          [1.9165e-05],
          [2.1149e-05],
          [2.1239e-05],
          [2.0908e-05],
          [2.0730e-05],
          [2.1436e-05],
          [2.0165e-05],
          [2.1379e-05],
          [1.8806e-05],
          [1.8674e-05],
          [2.3068e-05],
          [2.0538e-05],
          [1.8613e-05],
          [2.3103e-05],
          [1.9478e-05],
          [1.6512e-05],
          [1.5887e-05],
          [1.4638e-05],
          [2.1429e-05],
          [2.1222e-05],
          [2.8842e-05],
          [2.4684e-05],
          [1.0530e-04],
          [3.9038e-05],
          [1.6380e-04],
          [3.0288e-05],
          [3.2343e-05],
          [2.5776e-05],
          [2.7840e-05],
          [2.6103e-05],
          [2.5104e-05],
          [2.2523e-05],
          [1.8740e-05],
          [1.6425e-05],
          [1.7125e-05],
          [1.7967e-05],
          [1.7401e-05],
          [2.1909e-05],
          [2.4321e-05],
          [1.4958e-04],
          [7.4212e-05],
          [2.1820e-04],
          [2.0647e-05],
          [2.0013e-05],
          [1.6877e-05],
          [2.5690e-05],
          [2.3786e-04],
          [1.5896e-04],
          [1.5972e-05],
          [1.4783e-05],
          [1.6822e-05],
          [1.8797e-05],
          [1.6374e-05],
          [2.0068e-05],
          [2.0429e-05],
          [1.8760e-05],
          [1.7709e-05],
          [1.5211e-05],
          [1.9122e-05],
          [1.4375e-05],
          [1.3299e-05],
          [1.4819e-05],
          [2.2818e-05],
          [1.5013e-05],
          [2.0611e-05],
          [6.6765e-05],
          [5.0641e-05],
          [5.3466e-05],
          [7.7411e-05],
          [5.0736e-05],
          [5.4655e-05],
          [4.9784e-05],
          [4.6457e-05],
          [3.3849e-05],
          [2.5633e-04],
          [1.1502e-04],
          [3.2553e-05],
          [2.8970e-05],
          [2.5509e-05],
          [2.4032e-05],
          [2.9663e-05],
          [2.6721e-05],
          [2.9343e-05],
          [5.7199e-05],
          [3.8817e-05],
          [1.3616e-04],
          [9.4957e-05],
          [3.3574e-05],
          [3.7528e-05],
          [3.7174e-05],
          [3.2808e-05],
          [2.9817e-05],
          [2.2577e-04],
          [1.7867e-04],
          [2.6107e-05],
          [1.0611e-04],
          [9.2949e-05],
          [3.0577e-05],
          [3.0736e-04],
          [2.7028e-05],
          [2.5585e-04],
          [2.7801e-05],
          [2.0992e-05],
          [1.6333e-05],
          [1.9382e-05],
          [1.7649e-05],
          [2.0407e-05],
          [5.0502e-06]]]])
