# Using CPU
# Loading Embeddings...
# Making Predictions...
torch.Size([1, 1, 442, 311])
tensor([[[[1.2336e-04],
          [2.9170e-05],
          [7.2827e-05],
          [2.2012e-05],
          [1.1267e-05],
          [1.5284e-04],
          [4.1626e-04],
          [1.6619e-05],
          [1.2462e-04],
          [5.1618e-04],
          [1.8930e-05],
          [1.7605e-05],
          [3.9511e-04],
          [1.9828e-04],
          [2.1870e-05],
          [1.5748e-05],
          [1.6501e-05],
          [1.6363e-05],
          [1.6483e-05],
          [1.6596e-05],
          [4.5323e-04],
          [1.7389e-05],
          [3.3943e-04],
          [1.4243e-05],
          [2.0291e-05],
          [2.8970e-05],
          [4.2939e-05],
          [8.1532e-05],
          [1.0971e-04],
          [1.5393e-04],
          [1.5385e-04],
          [1.9290e-04],
          [1.7915e-04],
          [1.9429e-04],
          [1.4604e-04],
          [1.0399e-04],
          [2.7498e-04],
          [6.0798e-05],
          [1.7207e-04],
          [5.3015e-05],
          [2.9188e-04],
          [2.7234e-05],
          [2.7247e-05],
          [2.9741e-05],
          [2.0187e-05],
          [1.8909e-05],
          [1.3006e-05],
          [1.1689e-05],
          [1.2741e-05],
          [1.4821e-04],
          [2.3191e-04],
          [1.2385e-05],
          [1.3791e-05],
          [2.4971e-04],
          [2.5307e-04],
          [1.3826e-05],
          [1.5901e-05],
          [1.4627e-05],
          [1.8807e-05],
          [2.2674e-05],
          [2.5440e-05],
          [2.2115e-05],
          [1.8131e-04],
          [1.7253e-04],
          [1.5414e-05],
          [1.7129e-05],
          [1.9957e-05],
          [2.0598e-05],
          [2.2256e-05],
          [1.6931e-05],
          [1.4145e-05],
          [2.2298e-04],
          [1.8854e-05],
          [2.4742e-05],
          [1.3065e-05],
          [1.8373e-05],
          [1.0374e-03],
          [1.4232e-05],
          [1.2424e-05],
          [1.2136e-05],
          [2.8003e-04],
          [1.3961e-04],
          [1.2021e-05],
          [1.4376e-05],
          [1.6559e-05],
          [2.0861e-05],
          [2.2665e-05],
          [2.4400e-05],
          [1.9272e-05],
          [1.6072e-05],
          [2.4363e-04],
          [3.7297e-05],
          [2.4457e-04],
          [1.8873e-05],
          [1.6290e-05],
          [2.1732e-05],
          [2.1432e-05],
          [2.6298e-05],
          [2.0411e-05],
          [1.8930e-05],
          [1.9431e-05],
          [1.9670e-05],
          [1.5195e-05],
          [1.3932e-05],
          [1.3989e-05],
          [1.8648e-05],
          [2.1556e-05],
          [2.7718e-05],
          [2.6950e-05],
          [2.9744e-05],
          [2.3975e-05],
          [6.4999e-05],
          [1.0235e-04],
          [1.7309e-05],
          [2.0700e-04],
          [1.4429e-05],
          [1.3142e-05],
          [1.0215e-05],
          [1.2935e-05],
          [1.6078e-05],
          [1.5791e-05],
          [1.3270e-05],
          [1.2393e-05],
          [1.3598e-05],
          [1.5097e-05],
          [1.4779e-05],
          [1.5688e-05],
          [1.9214e-05],
          [2.0419e-05],
          [2.5843e-05],
          [3.2225e-05],
          [2.9513e-04],
          [3.3538e-04],
          [4.3969e-05],
          [3.6223e-05],
          [3.5175e-05],
          [2.9194e-05],
          [2.4685e-05],
          [1.6851e-05],
          [1.7848e-05],
          [1.3904e-05],
          [1.3638e-05],
          [1.2467e-05],
          [1.4189e-05],
          [1.4180e-05],
          [2.0380e-05],
          [2.2558e-05],
          [3.4938e-05],
          [4.6010e-05],
          [7.8153e-05],
          [8.4806e-05],
          [9.7258e-05],
          [9.6917e-05],
          [1.1783e-04],
          [1.0550e-04],
          [7.9542e-05],
          [1.4688e-04],
          [2.4101e-04],
          [1.7067e-04],
          [5.0914e-04],
          [1.6011e-05],
          [1.9083e-05],
          [1.8509e-05],
          [2.4432e-05],
          [1.8878e-05],
          [2.4004e-05],
          [2.3654e-05],
          [2.3125e-05],
          [2.3369e-05],
          [2.1087e-05],
          [1.8135e-05],
          [1.8434e-04],
          [2.6680e-04],
          [2.8050e-05],
          [3.5991e-05],
          [4.1092e-05],
          [4.7448e-05],
          [3.8400e-05],
          [1.6125e-04],
          [3.1554e-05],
          [1.5647e-04],
          [1.3090e-05],
          [1.7789e-05],
          [1.9029e-04],
          [1.3946e-05],
          [2.8131e-04],
          [1.5898e-05],
          [1.5673e-05],
          [1.4619e-05],
          [2.0242e-04],
          [2.3351e-05],
          [7.5795e-04],
          [1.7348e-05],
          [2.4587e-05],
          [2.6150e-05],
          [2.6222e-05],
          [2.9897e-05],
          [2.2370e-05],
          [1.7737e-04],
          [1.9059e-04],
          [1.6775e-05],
          [1.5677e-05],
          [1.6580e-05],
          [1.4270e-05],
          [1.5068e-05],
          [1.6908e-05],
          [1.7896e-05],
          [2.1442e-04],
          [2.9427e-04],
          [1.5077e-05],
          [1.2661e-05],
          [1.2360e-05],
          [1.2595e-05],
          [1.8766e-04],
          [3.0145e-05],
          [1.4093e-05],
          [6.6541e-04],
          [1.3949e-05],
          [1.3529e-05],
          [1.2685e-05],
          [1.4984e-05],
          [1.5118e-05],
          [1.5317e-05],
          [1.7370e-05],
          [1.5229e-05],
          [1.8012e-05],
          [2.3412e-05],
          [1.7089e-05],
          [1.5717e-05],
          [1.5689e-05],
          [1.2762e-05],
          [1.5215e-05],
          [1.3645e-05],
          [1.2886e-05],
          [1.7888e-04],
          [1.6448e-04],
          [1.6848e-05],
          [1.3371e-05],
          [1.5464e-05],
          [2.3592e-05],
          [2.9678e-05],
          [2.9004e-05],
          [2.2330e-05],
          [3.3007e-05],
          [2.9623e-05],
          [1.3876e-05],
          [1.1381e-04],
          [1.0252e-04],
          [1.9755e-05],
          [1.6237e-04],
          [1.0374e-05],
          [1.3590e-04],
          [1.5910e-04],
          [2.2993e-05],
          [2.9511e-05],
          [3.0872e-05],
          [2.9924e-05],
          [3.5535e-05],
          [3.7694e-05],
          [5.1122e-05],
          [5.3382e-05],
          [8.2372e-05],
          [1.0108e-04],
          [1.7384e-04],
          [1.4229e-04],
          [1.5488e-04],
          [8.5079e-05],
          [1.3619e-04],
          [3.7918e-05],
          [3.3437e-05],
          [1.5595e-04],
          [1.0312e-04],
          [2.1985e-05],
          [1.6548e-04],
          [1.1256e-04],
          [4.4019e-05],
          [1.4996e-04],
          [1.1640e-05],
          [1.0825e-05],
          [9.2396e-06],
          [9.6696e-06],
          [1.3221e-05],
          [1.3051e-05],
          [1.7946e-05],
          [1.4395e-05],
          [1.4975e-05],
          [1.2761e-05],
          [2.6568e-04],
          [2.2473e-05],
          [6.1602e-05],
          [1.0643e-04],
          [1.1494e-05],
          [1.1434e-05],
          [1.0778e-05],
          [1.0437e-05],
          [1.3123e-05],
          [1.2254e-05],
          [2.8220e-04],
          [1.9850e-05],
          [6.6491e-04],
          [1.4756e-05],
          [1.4824e-05],
          [1.4511e-05],
          [1.3213e-05],
          [1.4079e-05],
          [1.4274e-05],
          [1.4091e-05],
          [1.7146e-05],
          [1.5913e-05],
          [2.2318e-05],
          [2.3703e-05],
          [2.9241e-05],
          [2.1021e-04],
          [2.5741e-04],
          [2.3981e-05],
          [2.0269e-05],
          [1.5429e-05],
          [1.2686e-05],
          [1.6985e-05],
          [1.7169e-05],
          [1.7392e-05],
          [1.5431e-05],
          [1.9111e-05],
          [1.6250e-05],
          [1.6276e-05],
          [1.3308e-05],
          [1.3148e-05],
          [1.2633e-05],
          [1.7034e-05],
          [1.5831e-05],
          [1.6476e-05],
          [1.6754e-05],
          [1.7042e-05],
          [1.5803e-05],
          [1.7745e-05],
          [1.7393e-05],
          [1.7853e-05],
          [1.8814e-05],
          [1.7123e-05],
          [1.8292e-05],
          [2.2066e-05],
          [2.0786e-05],
          [2.3006e-05],
          [2.8813e-05],
          [2.8286e-05],
          [3.7907e-05],
          [2.0317e-05],
          [2.4451e-05],
          [3.0912e-05],
          [1.8001e-05],
          [1.5841e-05],
          [1.2281e-05],
          [1.4017e-05],
          [1.4309e-05],
          [1.5221e-05],
          [1.4941e-05],
          [1.0406e-04],
          [2.5506e-05],
          [6.6045e-04],
          [1.7352e-05],
          [1.7636e-05],
          [2.0074e-05],
          [1.5011e-05],
          [1.5829e-05],
          [1.5264e-05],
          [1.6765e-05],
          [1.5457e-05],
          [1.6800e-05],
          [1.3914e-05],
          [1.8880e-05],
          [1.5268e-05],
          [1.7405e-05],
          [1.4862e-05],
          [1.5610e-04],
          [5.7931e-05],
          [6.3002e-04],
          [1.2854e-05],
          [1.0999e-05],
          [1.0467e-05],
          [1.1572e-05],
          [3.2610e-04],
          [3.9352e-04],
          [1.4731e-05],
          [1.4097e-05],
          [1.6641e-05],
          [2.8384e-05],
          [3.5547e-05],
          [4.4081e-05],
          [4.5226e-05],
          [3.2390e-05],
          [3.0320e-05],
          [2.5342e-05],
          [2.3269e-05],
          [1.8790e-05],
          [1.4457e-05],
          [1.3419e-05],
          [1.4860e-05],
          [1.3290e-05],
          [1.5369e-05],
          [1.0266e-04],
          [5.9767e-05],
          [3.1614e-05],
          [9.6780e-05],
          [2.5190e-05],
          [2.9852e-05],
          [2.2785e-05],
          [2.5124e-05],
          [1.9733e-05],
          [1.2386e-04],
          [1.9197e-04],
          [2.3572e-05],
          [2.1454e-05],
          [1.8869e-05],
          [1.7028e-05],
          [2.4509e-05],
          [2.5248e-05],
          [5.0190e-05],
          [6.0769e-05],
          [5.7751e-05],
          [1.0555e-04],
          [2.5592e-04],
          [2.6057e-05],
          [1.6188e-05],
          [1.5328e-05],
          [1.7666e-05],
          [1.3950e-05],
          [1.8978e-04],
          [1.1266e-04],
          [1.3879e-05],
          [8.6759e-05],
          [1.6060e-04],
          [1.6102e-05],
          [1.9837e-04],
          [1.6241e-05],
          [1.5923e-04],
          [1.8949e-05],
          [1.4337e-05],
          [1.2110e-05],
          [1.8545e-05],
          [1.2695e-05],
          [1.4135e-05],
          [6.1391e-06]]]])
