# Using CPU
# Loading Embeddings...
# Making Predictions...
torch.Size([1, 1, 442, 289])
tensor([[[[1.9619e-04],
          [2.7256e-05],
          [1.7606e-04],
          [2.2316e-05],
          [1.0401e-05],
          [2.9073e-04],
          [4.4884e-04],
          [1.4945e-05],
          [1.8056e-04],
          [4.0844e-04],
          [1.6455e-05],
          [1.5829e-05],
          [2.6878e-04],
          [3.8739e-04],
          [1.2404e-05],
          [1.0865e-05],
          [1.0456e-05],
          [1.1021e-05],
          [1.2056e-05],
          [1.3314e-05],
          [4.1451e-04],
          [2.2741e-05],
          [3.9307e-04],
          [1.4589e-05],
          [1.6761e-05],
          [2.3987e-05],
          [3.4105e-05],
          [6.0153e-05],
          [6.4619e-05],
          [8.0717e-05],
          [7.5143e-05],
          [9.3367e-05],
          [9.1332e-05],
          [9.3995e-05],
          [7.2679e-05],
          [5.7359e-05],
          [5.3978e-04],
          [7.2434e-05],
          [2.3937e-04],
          [8.4004e-05],
          [4.0305e-04],
          [2.5235e-05],
          [2.2063e-05],
          [2.4401e-05],
          [1.7763e-05],
          [1.7639e-05],
          [1.4138e-05],
          [1.5844e-05],
          [1.5498e-05],
          [2.7189e-04],
          [3.3554e-04],
          [1.3674e-05],
          [1.1539e-05],
          [2.8671e-04],
          [3.2148e-04],
          [1.2218e-05],
          [1.3362e-05],
          [1.3712e-05],
          [1.8008e-05],
          [2.1803e-05],
          [1.9594e-05],
          [1.9457e-05],
          [3.0171e-04],
          [3.2621e-04],
          [1.3893e-05],
          [1.4092e-05],
          [1.3612e-05],
          [1.3912e-05],
          [1.4402e-05],
          [1.3288e-05],
          [1.2872e-05],
          [3.0520e-04],
          [2.9850e-05],
          [1.9967e-05],
          [1.2640e-05],
          [2.7310e-05],
          [1.1801e-03],
          [1.3445e-05],
          [1.3741e-05],
          [1.2103e-05],
          [2.4426e-04],
          [4.1355e-04],
          [1.3544e-05],
          [1.3499e-05],
          [1.5357e-05],
          [1.7745e-05],
          [1.8450e-05],
          [2.0070e-05],
          [1.7077e-05],
          [1.5596e-05],
          [2.4656e-04],
          [7.2574e-05],
          [5.0566e-04],
          [1.3350e-05],
          [1.4110e-05],
          [1.9997e-05],
          [2.3297e-05],
          [2.7233e-05],
          [2.0445e-05],
          [2.0693e-05],
          [2.0208e-05],
          [1.7455e-05],
          [1.3884e-05],
          [9.8067e-06],
          [1.1563e-05],
          [1.6471e-05],
          [1.7194e-05],
          [2.0749e-05],
          [2.2267e-05],
          [2.4357e-05],
          [1.7069e-05],
          [8.5441e-05],
          [1.2437e-04],
          [2.3750e-05],
          [4.6543e-04],
          [1.5076e-05],
          [1.1623e-05],
          [1.1501e-05],
          [1.2176e-05],
          [1.3747e-05],
          [1.2780e-05],
          [1.3911e-05],
          [1.9232e-05],
          [1.0508e-05],
          [1.1600e-05],
          [1.1487e-05],
          [1.1526e-05],
          [1.1817e-05],
          [1.4465e-05],
          [1.4933e-05],
          [2.3580e-05],
          [6.4356e-04],
          [1.4300e-03],
          [3.9012e-05],
          [2.0142e-05],
          [1.8225e-05],
          [1.4819e-05],
          [1.4519e-05],
          [1.2885e-05],
          [1.2816e-05],
          [1.1598e-05],
          [1.1189e-05],
          [8.9724e-06],
          [1.0137e-05],
          [1.2017e-05],
          [1.5071e-05],
          [1.6399e-05],
          [2.1879e-05],
          [2.7927e-05],
          [4.4032e-05],
          [4.6018e-05],
          [5.4864e-05],
          [5.7588e-05],
          [5.6978e-05],
          [5.4055e-05],
          [4.8711e-05],
          [3.0806e-04],
          [2.0406e-04],
          [1.3229e-04],
          [4.5519e-04],
          [1.4421e-05],
          [1.5045e-05],
          [1.5632e-05],
          [1.8872e-05],
          [1.6494e-05],
          [2.1426e-05],
          [1.7291e-05],
          [1.7873e-05],
          [1.8420e-05],
          [1.9995e-05],
          [1.6096e-05],
          [2.8985e-04],
          [3.7806e-04],
          [1.8656e-05],
          [2.2767e-05],
          [2.1642e-05],
          [2.5371e-05],
          [2.4423e-05],
          [2.4474e-04],
          [6.7887e-05],
          [7.1790e-04],
          [1.3892e-05],
          [2.0087e-05],
          [1.9729e-04],
          [2.1812e-05],
          [4.2690e-04],
          [1.3211e-05],
          [1.0762e-05],
          [1.1359e-05],
          [2.8329e-04],
          [2.3420e-05],
          [5.7433e-04],
          [1.6303e-05],
          [2.0750e-05],
          [2.1375e-05],
          [2.1390e-05],
          [2.1711e-05],
          [2.2430e-05],
          [2.0164e-04],
          [3.0702e-04],
          [1.6204e-05],
          [1.5265e-05],
          [1.5800e-05],
          [1.3997e-05],
          [1.4053e-05],
          [1.4137e-05],
          [1.1491e-05],
          [2.2614e-04],
          [3.4948e-04],
          [1.2939e-05],
          [1.2119e-05],
          [1.2603e-05],
          [1.3776e-05],
          [3.0589e-04],
          [2.4362e-05],
          [1.7178e-05],
          [8.6258e-04],
          [1.4404e-05],
          [2.2260e-05],
          [1.2825e-05],
          [1.3556e-05],
          [1.6869e-05],
          [1.4371e-05],
          [1.2738e-05],
          [1.2644e-05],
          [1.6895e-05],
          [1.5137e-05],
          [1.5445e-05],
          [1.4081e-05],
          [1.1382e-05],
          [1.1767e-05],
          [1.1837e-05],
          [1.1896e-05],
          [1.1644e-05],
          [2.9611e-04],
          [2.4433e-04],
          [1.4675e-05],
          [1.5983e-05],
          [1.3928e-05],
          [1.6564e-05],
          [1.5174e-05],
          [1.9745e-05],
          [1.6548e-05],
          [1.9623e-05],
          [1.9758e-05],
          [1.2647e-05],
          [1.6501e-04],
          [1.7964e-04],
          [2.5471e-05],
          [5.0567e-04],
          [1.3033e-05],
          [1.9414e-04],
          [2.2637e-04],
          [2.3720e-05],
          [2.9973e-05],
          [3.4771e-05],
          [3.3092e-05],
          [4.4012e-05],
          [5.0866e-05],
          [6.2038e-05],
          [4.7507e-05],
          [4.9423e-05],
          [4.6940e-05],
          [5.4433e-05],
          [4.5096e-05],
          [4.8060e-05],
          [3.3924e-05],
          [1.2379e-04],
          [2.0085e-05],
          [2.0175e-05],
          [4.1866e-04],
          [1.6566e-04],
          [2.4221e-05],
          [2.9060e-04],
          [2.2849e-04],
          [4.5987e-05],
          [5.3630e-04],
          [1.1509e-05],
          [1.0228e-05],
          [1.0190e-05],
          [9.6747e-06],
          [1.0192e-05],
          [9.9952e-06],
          [2.3540e-05],
          [1.1096e-05],
          [1.6165e-05],
          [1.3297e-05],
          [3.9835e-04],
          [4.0333e-05],
          [1.8215e-04],
          [1.2710e-04],
          [1.0697e-05],
          [1.0895e-05],
          [1.1478e-05],
          [1.0661e-05],
          [1.0555e-05],
          [9.8221e-06],
          [2.9583e-04],
          [3.2684e-05],
          [6.2834e-04],
          [1.4536e-05],
          [1.2129e-05],
          [1.6487e-05],
          [1.6948e-05],
          [1.7721e-05],
          [1.8421e-05],
          [1.7846e-05],
          [2.4453e-05],
          [2.1531e-05],
          [2.7911e-05],
          [2.9741e-05],
          [3.7760e-05],
          [4.8713e-04],
          [3.1257e-04],
          [2.6985e-05],
          [2.1950e-05],
          [1.8770e-05],
          [1.4684e-05],
          [1.3482e-05],
          [2.1912e-05],
          [3.1982e-05],
          [2.7806e-05],
          [2.8397e-05],
          [1.9911e-05],
          [1.8553e-05],
          [1.2957e-05],
          [1.2821e-05],
          [1.3329e-05],
          [1.5966e-05],
          [1.3893e-05],
          [1.5142e-05],
          [1.3682e-05],
          [1.5919e-05],
          [1.3093e-05],
          [1.3736e-05],
          [1.9448e-05],
          [1.8914e-05],
          [2.4169e-05],
          [2.1348e-05],
          [3.6180e-05],
          [3.3963e-05],
          [3.9515e-05],
          [2.3563e-05],
          [3.2747e-05],
          [2.5351e-05],
          [2.5757e-05],
          [2.0681e-05],
          [1.8552e-05],
          [1.8000e-05],
          [2.0245e-05],
          [1.8284e-05],
          [1.8340e-05],
          [1.7818e-05],
          [1.8217e-05],
          [1.5385e-05],
          [1.5895e-05],
          [1.6172e-04],
          [3.3146e-05],
          [5.5077e-04],
          [2.3580e-05],
          [2.3771e-05],
          [2.0967e-05],
          [1.9416e-05],
          [1.9942e-05],
          [1.4463e-05],
          [1.1624e-05],
          [1.0529e-05],
          [1.0968e-05],
          [1.0855e-05],
          [1.1027e-05],
          [1.2414e-05],
          [1.6230e-05],
          [1.6530e-05],
          [1.8770e-04],
          [9.6384e-05],
          [6.8737e-04],
          [1.3053e-05],
          [1.1414e-05],
          [1.0491e-05],
          [1.2658e-05],
          [3.7849e-04],
          [4.1490e-04],
          [1.6416e-05],
          [1.6806e-05],
          [1.6837e-05],
          [2.1998e-05],
          [2.4401e-05],
          [3.4106e-05],
          [5.5184e-05],
          [5.0652e-05],
          [5.3775e-05],
          [3.3283e-05],
          [2.4862e-05],
          [1.6039e-05],
          [1.3031e-05],
          [1.0021e-05],
          [1.1717e-05],
          [1.1328e-05],
          [1.2606e-05],
          [1.9268e-05],
          [3.4803e-05],
          [4.7485e-05],
          [5.0821e-05],
          [2.7610e-05],
          [2.5257e-05],
          [2.6209e-05],
          [2.3500e-05],
          [1.9662e-05],
          [1.8931e-04],
          [2.2899e-04],
          [2.1214e-05],
          [1.9491e-05],
          [1.7122e-05],
          [1.4728e-05],
          [1.6759e-05],
          [1.8064e-05],
          [1.6767e-05],
          [8.5634e-05],
          [4.4373e-05],
          [1.7814e-04],
          [2.5386e-04],
          [1.9778e-05],
          [1.8150e-05],
          [1.7414e-05],
          [1.4975e-05],
          [1.2182e-05],
          [3.1270e-04],
          [2.0550e-04],
          [2.0510e-05],
          [6.9301e-05],
          [3.3266e-04],
          [1.6746e-05],
          [4.1991e-04],
          [3.0491e-05],
          [5.2610e-04],
          [2.4555e-05],
          [1.4408e-05],
          [1.2556e-05],
          [1.2108e-05],
          [1.1134e-05],
          [2.3032e-05],
          [6.8947e-06]]]])
