# Using CPU
# Loading Embeddings...
# Making Predictions...
torch.Size([1, 1, 442, 255])
tensor([[[[1.1773e-04],
          [3.5434e-05],
          [7.8577e-05],
          [2.6423e-05],
          [8.7105e-06],
          [5.0383e-04],
          [5.8262e-04],
          [1.4309e-05],
          [4.4795e-04],
          [8.0766e-04],
          [1.9160e-05],
          [1.8157e-05],
          [3.6090e-04],
          [1.8488e-04],
          [2.9982e-05],
          [1.2040e-05],
          [1.0356e-05],
          [1.0626e-05],
          [1.1673e-05],
          [1.8842e-05],
          [5.8591e-04],
          [2.6356e-05],
          [4.5659e-04],
          [1.4856e-05],
          [2.0764e-05],
          [3.0143e-05],
          [4.2190e-05],
          [7.8527e-05],
          [9.4816e-05],
          [1.3373e-04],
          [1.2928e-04],
          [1.5250e-04],
          [1.4387e-04],
          [1.5127e-04],
          [1.1990e-04],
          [8.7759e-05],
          [2.2089e-03],
          [7.4869e-05],
          [1.9586e-04],
          [1.8289e-04],
          [3.7083e-04],
          [2.5164e-05],
          [2.4541e-05],
          [2.6891e-05],
          [1.9479e-05],
          [1.8298e-05],
          [1.4341e-05],
          [1.3586e-05],
          [1.2388e-05],
          [2.0883e-04],
          [3.0986e-04],
          [1.2173e-05],
          [1.1742e-05],
          [7.2532e-04],
          [4.3329e-04],
          [1.8328e-05],
          [1.9393e-05],
          [1.8474e-05],
          [2.2093e-05],
          [2.8386e-05],
          [2.9532e-05],
          [2.8770e-05],
          [6.2005e-04],
          [1.8881e-04],
          [2.2409e-05],
          [2.2200e-05],
          [1.8710e-05],
          [1.5889e-05],
          [1.7177e-05],
          [1.5275e-05],
          [1.6014e-05],
          [2.6359e-04],
          [3.4533e-05],
          [2.3793e-05],
          [1.8298e-05],
          [1.9423e-05],
          [1.1911e-03],
          [1.4846e-05],
          [1.4622e-05],
          [1.2047e-05],
          [1.7081e-04],
          [1.2588e-04],
          [1.2260e-05],
          [1.3498e-05],
          [1.6236e-05],
          [2.0265e-05],
          [2.1122e-05],
          [2.2749e-05],
          [1.9627e-05],
          [1.7727e-05],
          [4.3103e-04],
          [4.7314e-05],
          [1.9319e-04],
          [1.2681e-05],
          [1.5251e-05],
          [2.1585e-05],
          [2.3698e-05],
          [3.1374e-05],
          [2.4275e-05],
          [2.2489e-05],
          [2.2333e-05],
          [1.6423e-05],
          [1.2704e-05],
          [1.1939e-05],
          [1.5063e-05],
          [2.2944e-05],
          [2.6024e-05],
          [3.2321e-05],
          [3.3377e-05],
          [3.5232e-05],
          [2.9022e-05],
          [4.0214e-04],
          [1.5274e-04],
          [2.0737e-05],
          [2.0367e-04],
          [2.1433e-05],
          [1.8153e-05],
          [1.4491e-05],
          [1.8205e-05],
          [2.1229e-05],
          [2.0126e-05],
          [1.4530e-05],
          [2.3776e-05],
          [1.2786e-05],
          [1.6327e-05],
          [1.5453e-05],
          [1.9226e-05],
          [1.9823e-05],
          [2.6728e-05],
          [2.9517e-05],
          [4.1656e-05],
          [4.9712e-04],
          [3.4337e-04],
          [5.8116e-05],
          [4.8507e-05],
          [4.2444e-05],
          [3.3591e-05],
          [3.1276e-05],
          [2.4121e-05],
          [2.6473e-05],
          [2.0525e-05],
          [1.9261e-05],
          [1.3064e-05],
          [1.5319e-05],
          [1.8971e-05],
          [2.7624e-05],
          [3.0626e-05],
          [4.3754e-05],
          [5.3040e-05],
          [8.9818e-05],
          [9.1508e-05],
          [9.7538e-05],
          [9.4493e-05],
          [1.0692e-04],
          [9.0562e-05],
          [7.6312e-05],
          [7.7978e-04],
          [3.4638e-04],
          [3.0109e-04],
          [8.6944e-04],
          [2.8972e-05],
          [2.0992e-05],
          [2.2286e-05],
          [2.8321e-05],
          [2.3582e-05],
          [2.9467e-05],
          [2.8816e-05],
          [2.7726e-05],
          [2.7932e-05],
          [2.8625e-05],
          [2.7000e-05],
          [5.5864e-04],
          [4.4468e-04],
          [3.8942e-05],
          [4.9951e-05],
          [6.0466e-05],
          [5.6959e-05],
          [5.1616e-05],
          [4.5799e-04],
          [1.0038e-04],
          [3.2064e-04],
          [2.0410e-05],
          [1.7193e-05],
          [1.6142e-04],
          [1.4150e-05],
          [1.8442e-04],
          [1.1173e-05],
          [1.1136e-05],
          [1.2051e-05],
          [9.4693e-04],
          [4.9061e-05],
          [1.4719e-03],
          [2.5689e-05],
          [3.3451e-05],
          [3.4920e-05],
          [3.5065e-05],
          [4.0715e-05],
          [3.1929e-05],
          [4.5242e-04],
          [2.0831e-04],
          [2.5469e-05],
          [2.1150e-05],
          [1.9002e-05],
          [1.4650e-05],
          [1.3828e-05],
          [1.2289e-05],
          [2.9139e-05],
          [4.2764e-04],
          [5.0559e-04],
          [1.3002e-05],
          [1.4098e-05],
          [1.5325e-05],
          [1.5837e-05],
          [4.0519e-04],
          [4.8031e-05],
          [2.1992e-05],
          [9.3160e-04],
          [1.6567e-05],
          [1.4949e-05],
          [1.4348e-05],
          [1.2573e-05],
          [1.5611e-05],
          [1.2624e-05],
          [1.1814e-05],
          [1.1683e-05],
          [1.2561e-05],
          [1.4639e-05],
          [1.1589e-05],
          [1.1604e-05],
          [1.1129e-05],
          [1.3103e-05],
          [1.3186e-05],
          [1.1358e-05],
          [1.3208e-05],
          [4.8550e-04],
          [3.2250e-04],
          [1.5415e-05],
          [1.7896e-05],
          [1.3475e-05],
          [1.5562e-05],
          [2.1804e-05],
          [1.8388e-05],
          [1.5576e-05],
          [2.0127e-05],
          [2.2200e-05],
          [1.2182e-05],
          [1.2676e-03],
          [1.3470e-04],
          [1.5808e-05],
          [2.2472e-04],
          [1.1065e-05],
          [3.4028e-04],
          [1.6243e-04],
          [2.0100e-05],
          [2.4669e-05],
          [2.6393e-05],
          [2.6998e-05],
          [3.7830e-05],
          [4.2575e-05],
          [6.3601e-05],
          [6.7885e-05],
          [1.1096e-04],
          [1.3773e-04],
          [2.2513e-04],
          [2.9000e-04],
          [2.0772e-04],
          [1.9796e-04],
          [1.6855e-03],
          [1.0196e-04],
          [5.9867e-05],
          [2.0579e-04],
          [3.5641e-04],
          [4.4732e-05],
          [1.2450e-04],
          [1.8837e-04],
          [4.6474e-05],
          [2.3757e-04],
          [1.7859e-05],
          [1.4434e-05],
          [1.2776e-05],
          [1.0182e-05],
          [8.9216e-06],
          [9.1028e-06],
          [2.6892e-05],
          [1.1061e-05],
          [1.2447e-05],
          [1.0431e-05],
          [2.9941e-04],
          [2.5006e-05],
          [7.6378e-05],
          [1.4769e-04],
          [1.1943e-05],
          [1.2018e-05],
          [1.1538e-05],
          [1.1071e-05],
          [1.0015e-05],
          [1.3095e-05],
          [5.0332e-04],
          [2.2528e-05],
          [9.3638e-04],
          [1.1202e-05],
          [1.0638e-05],
          [1.2438e-05],
          [1.2115e-05],
          [1.2651e-05],
          [1.2725e-05],
          [1.3489e-05],
          [1.7401e-05],
          [1.7848e-05],
          [2.5573e-05],
          [2.8682e-05],
          [3.5403e-05],
          [4.0992e-04],
          [4.3265e-04],
          [2.4631e-05],
          [1.8484e-05],
          [1.7143e-05],
          [1.2399e-05],
          [1.0878e-05],
          [1.4991e-05],
          [1.8375e-05],
          [1.5375e-05],
          [1.2750e-05],
          [1.1086e-05],
          [1.1556e-05],
          [9.1677e-06],
          [9.1770e-06],
          [1.1074e-05],
          [1.3612e-05],
          [1.1578e-05],
          [1.1601e-05],
          [1.0479e-05],
          [1.5526e-05],
          [1.1889e-05],
          [1.2658e-05],
          [1.5068e-05],
          [1.5860e-05],
          [1.7220e-05],
          [1.6125e-05],
          [2.1651e-05],
          [2.4241e-05],
          [2.3524e-05],
          [1.8740e-05],
          [2.2027e-05],
          [2.9217e-05],
          [2.6619e-05],
          [1.9636e-05],
          [1.9972e-05],
          [2.6597e-05],
          [1.7014e-05],
          [1.5609e-05],
          [1.4931e-05],
          [1.8536e-05],
          [1.7890e-05],
          [1.5915e-05],
          [1.6232e-05],
          [1.2645e-03],
          [6.8488e-05],
          [1.9425e-03],
          [1.9190e-05],
          [2.0731e-05],
          [1.6831e-05],
          [1.7891e-05],
          [1.5718e-05],
          [1.3798e-05],
          [1.1584e-05],
          [1.1288e-05],
          [1.0616e-05],
          [1.0400e-05],
          [1.0458e-05],
          [1.2046e-05],
          [1.4685e-05],
          [1.5364e-05],
          [8.6468e-04],
          [5.6956e-05],
          [9.0686e-04],
          [1.2694e-05],
          [1.2242e-05],
          [9.7025e-06],
          [1.4895e-05],
          [5.2754e-04],
          [5.6554e-04],
          [1.5213e-05],
          [1.7178e-05],
          [2.0751e-05],
          [2.6120e-05],
          [2.6910e-05],
          [3.2528e-05],
          [3.7991e-05],
          [3.3166e-05],
          [3.0302e-05],
          [2.4271e-05],
          [1.7515e-05],
          [1.3356e-05],
          [1.0407e-05],
          [1.0756e-05],
          [1.0448e-05],
          [1.1416e-05],
          [1.1958e-05],
          [4.5625e-05],
          [2.7427e-05],
          [3.8171e-05],
          [3.7373e-05],
          [2.3253e-05],
          [2.9320e-05],
          [2.3212e-05],
          [2.4105e-05],
          [1.9258e-05],
          [2.5443e-04],
          [2.6152e-04],
          [2.3395e-05],
          [2.0546e-05],
          [1.7873e-05],
          [1.5358e-05],
          [1.8661e-05],
          [1.9190e-05],
          [2.8818e-05],
          [2.2287e-04],
          [7.8152e-05],
          [3.3713e-04],
          [4.9838e-04],
          [2.7212e-05],
          [1.3986e-05],
          [1.4140e-05],
          [1.6887e-05],
          [1.5313e-05],
          [2.5521e-04],
          [1.2922e-04],
          [2.0610e-05],
          [8.8640e-05],
          [1.6613e-04],
          [2.2797e-05],
          [2.5888e-04],
          [2.8962e-05],
          [3.4327e-04],
          [2.4102e-05],
          [1.4098e-05],
          [1.1318e-05],
          [1.1317e-05],
          [1.3405e-05],
          [1.8958e-04],
          [8.3876e-06]]]])
