# Using CPU
# Loading Embeddings...
# Making Predictions...
torch.Size([1, 1, 442, 119])
tensor([[[[1.1735e-04],
          [2.5821e-05],
          [5.2874e-05],
          [1.6437e-05],
          [9.0356e-06],
          [1.8632e-04],
          [9.5384e-05],
          [1.3381e-05],
          [1.8199e-04],
          [8.6050e-05],
          [1.4035e-05],
          [1.2788e-05],
          [2.6026e-04],
          [1.1150e-04],
          [1.4114e-05],
          [1.2075e-05],
          [1.2344e-05],
          [1.6022e-05],
          [1.9136e-05],
          [5.4156e-05],
          [1.0128e-04],
          [1.6900e-05],
          [6.4346e-05],
          [1.3687e-05],
          [1.6418e-05],
          [1.7135e-05],
          [2.2353e-05],
          [3.5960e-05],
          [4.6413e-05],
          [5.7718e-05],
          [5.6947e-05],
          [6.6263e-05],
          [5.9665e-05],
          [6.4853e-05],
          [5.0014e-05],
          [3.5065e-05],
          [7.4125e-04],
          [2.6415e-05],
          [9.6146e-05],
          [1.0870e-04],
          [8.1278e-05],
          [1.1475e-05],
          [1.2264e-05],
          [1.2458e-05],
          [1.5177e-05],
          [1.3095e-05],
          [1.3607e-05],
          [1.3532e-05],
          [1.5306e-05],
          [1.5134e-04],
          [9.4961e-05],
          [1.6699e-05],
          [1.6274e-05],
          [1.4454e-04],
          [6.0284e-05],
          [2.0005e-05],
          [1.5180e-05],
          [1.3846e-05],
          [1.4940e-05],
          [1.7282e-05],
          [1.4754e-05],
          [1.3270e-05],
          [2.8344e-04],
          [1.3095e-04],
          [1.5341e-05],
          [1.7253e-05],
          [2.0803e-05],
          [2.1632e-05],
          [1.8419e-05],
          [1.7632e-05],
          [1.3989e-05],
          [1.9180e-04],
          [2.6883e-05],
          [1.7080e-05],
          [1.2346e-05],
          [1.9547e-05],
          [9.5109e-05],
          [1.6522e-05],
          [1.6896e-05],
          [1.4729e-05],
          [1.6228e-04],
          [8.7162e-05],
          [1.2158e-05],
          [1.1449e-05],
          [1.3919e-05],
          [1.6844e-05],
          [1.8321e-05],
          [1.8679e-05],
          [2.1155e-05],
          [2.0220e-05],
          [1.3671e-04],
          [6.8498e-05],
          [1.0500e-04],
          [1.2936e-05],
          [1.1793e-05],
          [1.2131e-05],
          [1.3140e-05],
          [1.9738e-05],
          [1.8089e-05],
          [2.1765e-05],
          [4.4028e-05],
          [2.0691e-05],
          [1.6033e-05],
          [1.4151e-05],
          [1.2542e-05],
          [1.3239e-05],
          [1.4535e-05],
          [1.6731e-05],
          [1.6057e-05],
          [1.6749e-05],
          [1.3876e-05],
          [7.9672e-05],
          [7.9810e-05],
          [1.5950e-05],
          [1.4041e-04],
          [1.1217e-05],
          [9.7935e-06],
          [9.9376e-06],
          [1.1673e-05],
          [1.3824e-05],
          [1.4737e-05],
          [1.3837e-05],
          [1.2513e-05],
          [1.3429e-05],
          [1.2918e-05],
          [1.3088e-05],
          [1.1040e-05],
          [1.2482e-05],
          [1.5311e-05],
          [1.3840e-05],
          [1.6217e-05],
          [2.3364e-04],
          [1.1155e-04],
          [2.3865e-05],
          [2.4841e-05],
          [2.2404e-05],
          [2.2920e-05],
          [2.4040e-05],
          [1.9884e-05],
          [2.0484e-05],
          [1.8477e-05],
          [1.1944e-05],
          [1.2792e-05],
          [1.0615e-05],
          [1.1486e-05],
          [1.4448e-05],
          [1.5624e-05],
          [2.3056e-05],
          [2.7405e-05],
          [4.4185e-05],
          [4.3348e-05],
          [5.1544e-05],
          [4.3394e-05],
          [5.3586e-05],
          [3.7523e-05],
          [3.2869e-05],
          [2.7673e-04],
          [5.4201e-05],
          [1.0087e-04],
          [6.5086e-05],
          [1.7118e-05],
          [1.9771e-05],
          [2.1619e-05],
          [2.9091e-05],
          [3.2472e-05],
          [3.1975e-05],
          [2.3171e-05],
          [2.2477e-05],
          [2.1308e-05],
          [1.6848e-05],
          [1.3853e-05],
          [2.8732e-04],
          [9.9736e-05],
          [1.9489e-05],
          [2.4466e-05],
          [3.3721e-05],
          [2.7055e-05],
          [2.3015e-05],
          [2.9734e-04],
          [6.2906e-05],
          [1.5157e-04],
          [1.5657e-05],
          [1.3564e-05],
          [1.3994e-04],
          [2.0088e-05],
          [9.5841e-05],
          [1.6827e-05],
          [1.8845e-05],
          [1.6720e-05],
          [1.7364e-04],
          [2.1120e-05],
          [7.0201e-05],
          [2.2536e-05],
          [2.2575e-05],
          [1.7930e-05],
          [1.9970e-05],
          [1.8234e-05],
          [1.4350e-05],
          [2.5111e-04],
          [9.6884e-05],
          [1.1663e-05],
          [1.0834e-05],
          [1.0716e-05],
          [1.1432e-05],
          [1.3836e-05],
          [1.4735e-05],
          [1.5970e-05],
          [1.2824e-04],
          [5.6694e-05],
          [1.7506e-05],
          [1.6386e-05],
          [1.6108e-05],
          [1.3659e-05],
          [2.2743e-04],
          [2.3272e-05],
          [1.4327e-05],
          [1.2868e-04],
          [1.2280e-05],
          [1.0607e-05],
          [1.1513e-05],
          [1.3245e-05],
          [1.6196e-05],
          [1.3868e-05],
          [1.3177e-05],
          [1.1734e-05],
          [1.7017e-05],
          [1.1988e-05],
          [1.1016e-05],
          [9.9565e-06],
          [1.0645e-05],
          [1.0560e-05],
          [1.1607e-05],
          [1.0488e-05],
          [1.0616e-05],
          [1.7423e-04],
          [5.9039e-05],
          [1.4643e-05],
          [1.6453e-05],
          [1.5992e-05],
          [1.8748e-05],
          [2.6380e-05],
          [2.8454e-05],
          [1.4900e-05],
          [3.1335e-05],
          [1.8552e-05],
          [1.1355e-05],
          [8.7243e-05],
          [1.1788e-04],
          [1.9773e-05],
          [1.1299e-04],
          [9.3888e-06],
          [1.6027e-04],
          [8.5063e-05],
          [1.1731e-05],
          [1.1724e-05],
          [1.2258e-05],
          [1.0997e-05],
          [1.4948e-05],
          [1.6924e-05],
          [2.4862e-05],
          [2.6406e-05],
          [4.7978e-05],
          [6.2366e-05],
          [1.0032e-04],
          [9.1136e-05],
          [1.0133e-04],
          [1.0059e-04],
          [3.0154e-04],
          [2.5560e-05],
          [2.4431e-05],
          [1.4492e-04],
          [1.6024e-04],
          [2.4469e-05],
          [7.4283e-05],
          [1.6879e-04],
          [4.7681e-05],
          [1.6433e-04],
          [1.1545e-05],
          [9.7767e-06],
          [9.8695e-06],
          [1.1123e-05],
          [1.0375e-05],
          [1.2854e-05],
          [5.4960e-05],
          [1.1289e-05],
          [1.5124e-05],
          [1.2181e-05],
          [2.0008e-04],
          [1.9689e-05],
          [5.4876e-05],
          [3.1957e-05],
          [1.1092e-05],
          [9.7106e-06],
          [1.0846e-05],
          [1.0809e-05],
          [1.1921e-05],
          [1.3005e-05],
          [1.3633e-04],
          [1.6383e-05],
          [8.0156e-05],
          [1.1891e-05],
          [1.0437e-05],
          [1.0032e-05],
          [1.2711e-05],
          [1.0188e-05],
          [1.1193e-05],
          [1.0447e-05],
          [1.0183e-05],
          [9.6790e-06],
          [1.1309e-05],
          [1.2212e-05],
          [1.3854e-05],
          [2.8140e-04],
          [9.5998e-05],
          [1.1644e-05],
          [1.0157e-05],
          [2.9898e-05],
          [1.0230e-05],
          [1.3254e-05],
          [1.6672e-05],
          [1.8539e-05],
          [1.6794e-05],
          [1.5839e-05],
          [1.4055e-05],
          [1.4205e-05],
          [1.1059e-05],
          [9.4127e-06],
          [9.2887e-06],
          [1.3231e-05],
          [1.1805e-05],
          [9.5946e-06],
          [9.8387e-06],
          [1.0801e-05],
          [1.1814e-05],
          [1.2254e-05],
          [1.2993e-05],
          [1.4775e-05],
          [1.4570e-05],
          [1.3582e-05],
          [1.7988e-05],
          [1.7123e-05],
          [3.6092e-05],
          [1.4983e-05],
          [1.8578e-05],
          [2.0562e-05],
          [2.6707e-05],
          [1.7217e-05],
          [2.4319e-05],
          [2.1196e-05],
          [1.2547e-05],
          [1.3211e-05],
          [1.2920e-05],
          [1.5539e-05],
          [1.3455e-05],
          [1.2743e-05],
          [1.4031e-05],
          [9.0210e-05],
          [1.9858e-05],
          [6.7393e-05],
          [1.2013e-05],
          [1.1788e-05],
          [1.1335e-05],
          [9.6454e-06],
          [1.1257e-05],
          [1.0004e-05],
          [9.3664e-06],
          [9.7510e-06],
          [9.5569e-06],
          [1.1290e-05],
          [1.1125e-05],
          [1.0641e-05],
          [1.2097e-05],
          [1.2455e-05],
          [1.1157e-04],
          [4.4668e-05],
          [1.1092e-04],
          [1.0697e-05],
          [9.5167e-06],
          [9.6879e-06],
          [1.0281e-05],
          [1.0109e-04],
          [7.7957e-05],
          [1.0969e-05],
          [1.1876e-05],
          [1.0963e-05],
          [1.2561e-05],
          [1.3130e-05],
          [1.5488e-05],
          [2.0257e-05],
          [1.9273e-05],
          [1.9739e-05],
          [1.3887e-05],
          [1.6925e-05],
          [1.3522e-05],
          [1.0778e-05],
          [9.5421e-06],
          [1.0575e-05],
          [1.1202e-05],
          [1.2862e-05],
          [5.1247e-05],
          [2.1287e-05],
          [2.9612e-05],
          [3.8168e-05],
          [2.2674e-05],
          [2.8856e-05],
          [1.9463e-05],
          [1.8080e-05],
          [1.0094e-05],
          [1.7192e-04],
          [7.1428e-05],
          [1.4102e-05],
          [1.5835e-05],
          [2.2228e-05],
          [1.9246e-05],
          [3.9621e-05],
          [2.8373e-05],
          [3.5480e-05],
          [3.7195e-05],
          [6.5615e-05],
          [6.2257e-05],
          [4.5905e-05],
          [3.4381e-05],
          [3.1924e-05],
          [2.1317e-05],
          [3.0696e-05],
          [1.6975e-05],
          [2.0158e-04],
          [2.4208e-04],
          [1.7511e-05],
          [4.8982e-05],
          [6.0039e-05],
          [1.4260e-05],
          [1.8869e-04],
          [2.2283e-05],
          [1.5525e-04],
          [1.2842e-05],
          [8.6898e-06],
          [8.3841e-06],
          [1.6265e-05],
          [1.3712e-05],
          [6.9529e-06],
          [3.2986e-06]]]])
