# Using CPU
# Loading Embeddings...
# Making Predictions...
torch.Size([1, 1, 442, 280])
tensor([[[[1.3817e-04],
          [2.4060e-05],
          [8.8127e-05],
          [3.3420e-05],
          [2.2890e-05],
          [3.2994e-04],
          [3.8260e-04],
          [5.9615e-05],
          [2.1925e-04],
          [4.2109e-04],
          [4.0600e-05],
          [2.8699e-05],
          [3.9803e-04],
          [2.0590e-04],
          [5.8357e-05],
          [3.0614e-05],
          [2.9517e-05],
          [2.8081e-05],
          [3.1767e-05],
          [2.0246e-05],
          [3.4912e-04],
          [2.5161e-05],
          [2.6310e-04],
          [3.2063e-05],
          [3.5623e-05],
          [4.5779e-05],
          [3.6571e-05],
          [6.1238e-05],
          [8.2332e-05],
          [1.1168e-04],
          [1.1012e-04],
          [1.2918e-04],
          [1.2534e-04],
          [1.3108e-04],
          [1.0438e-04],
          [7.7657e-05],
          [1.8854e-03],
          [7.8824e-05],
          [1.9795e-04],
          [1.7201e-04],
          [2.3434e-04],
          [3.7151e-05],
          [2.7392e-05],
          [3.0356e-05],
          [3.5937e-05],
          [4.0706e-05],
          [3.2554e-05],
          [3.7136e-05],
          [3.1972e-05],
          [2.5206e-04],
          [1.9995e-04],
          [3.6347e-05],
          [3.2448e-05],
          [3.9133e-04],
          [2.2215e-04],
          [3.6482e-05],
          [2.9177e-05],
          [2.9015e-05],
          [3.3920e-05],
          [3.4453e-05],
          [3.7601e-05],
          [3.2548e-05],
          [5.4225e-04],
          [2.1467e-04],
          [4.6413e-05],
          [4.6068e-05],
          [4.3071e-05],
          [4.6792e-05],
          [5.5018e-05],
          [4.4531e-05],
          [3.4317e-05],
          [4.5953e-04],
          [3.9524e-05],
          [2.7252e-05],
          [2.5249e-05],
          [2.5892e-05],
          [7.4956e-04],
          [2.6571e-05],
          [2.9314e-05],
          [2.4597e-05],
          [2.4570e-04],
          [1.2996e-04],
          [2.5880e-05],
          [2.8101e-05],
          [2.6699e-05],
          [2.5421e-05],
          [3.1888e-05],
          [3.3287e-05],
          [3.3330e-05],
          [2.8703e-05],
          [2.9285e-04],
          [4.3398e-05],
          [1.7073e-04],
          [3.1326e-05],
          [3.0878e-05],
          [3.8007e-05],
          [4.1877e-05],
          [4.5747e-05],
          [3.5057e-05],
          [3.9680e-05],
          [4.0123e-05],
          [4.0227e-05],
          [3.3747e-05],
          [3.7894e-05],
          [3.4227e-05],
          [4.2198e-05],
          [3.9842e-05],
          [3.9879e-05],
          [3.5900e-05],
          [3.2736e-05],
          [2.7633e-05],
          [8.1983e-05],
          [1.2937e-04],
          [3.0929e-05],
          [1.8813e-04],
          [2.8093e-05],
          [2.5219e-05],
          [3.6681e-05],
          [2.6271e-05],
          [3.0828e-05],
          [3.1483e-05],
          [3.2796e-05],
          [3.3730e-05],
          [3.9076e-05],
          [4.7296e-05],
          [4.1115e-05],
          [4.4434e-05],
          [5.5959e-05],
          [6.2526e-05],
          [6.9786e-05],
          [3.5376e-04],
          [7.2827e-04],
          [1.2890e-03],
          [6.6249e-04],
          [1.7772e-04],
          [8.3184e-05],
          [3.4560e-05],
          [4.5189e-05],
          [3.9322e-05],
          [3.4116e-05],
          [3.4444e-05],
          [3.4626e-05],
          [2.9786e-05],
          [3.2200e-05],
          [3.2663e-05],
          [3.6970e-05],
          [3.4136e-05],
          [3.9712e-05],
          [4.6580e-05],
          [7.3484e-05],
          [7.1988e-05],
          [8.2142e-05],
          [7.6118e-05],
          [9.1725e-05],
          [7.6970e-05],
          [5.9877e-05],
          [3.0538e-04],
          [1.9904e-04],
          [1.5924e-04],
          [4.6812e-04],
          [3.6940e-05],
          [4.3436e-05],
          [9.7141e-05],
          [8.7399e-05],
          [4.8655e-05],
          [4.2612e-05],
          [4.1817e-05],
          [4.0256e-05],
          [4.0790e-05],
          [3.7372e-05],
          [3.1560e-05],
          [3.2177e-04],
          [2.5336e-04],
          [3.4118e-05],
          [4.2986e-05],
          [5.8407e-05],
          [4.6039e-05],
          [4.1910e-05],
          [4.1461e-04],
          [7.9179e-05],
          [2.8241e-04],
          [2.6394e-05],
          [2.3953e-05],
          [2.1267e-04],
          [3.1191e-05],
          [1.4237e-04],
          [3.3098e-05],
          [3.3056e-05],
          [2.9251e-05],
          [2.5434e-04],
          [3.7093e-05],
          [6.9046e-04],
          [3.5404e-05],
          [3.4286e-05],
          [3.1464e-05],
          [3.6797e-05],
          [3.4697e-05],
          [2.8525e-05],
          [4.0964e-04],
          [1.5760e-04],
          [3.1914e-05],
          [3.8490e-05],
          [3.6344e-05],
          [3.2437e-05],
          [4.2599e-05],
          [4.1621e-05],
          [3.3247e-05],
          [2.1851e-04],
          [2.6766e-04],
          [3.3612e-05],
          [3.1167e-05],
          [3.0377e-05],
          [2.6392e-05],
          [2.8129e-04],
          [4.4882e-05],
          [3.3764e-05],
          [5.1392e-04],
          [3.0140e-05],
          [2.8249e-05],
          [3.0144e-05],
          [3.7413e-05],
          [4.8853e-05],
          [4.7672e-05],
          [4.7449e-05],
          [4.4381e-05],
          [6.0530e-05],
          [5.6056e-05],
          [4.6524e-05],
          [5.9709e-05],
          [5.3763e-05],
          [4.3379e-05],
          [4.7194e-05],
          [4.0338e-05],
          [3.4669e-05],
          [2.1871e-04],
          [1.6149e-04],
          [4.5591e-05],
          [3.1111e-05],
          [3.5078e-05],
          [4.1138e-05],
          [5.3692e-05],
          [3.1544e-05],
          [2.7219e-05],
          [6.7143e-05],
          [3.7867e-05],
          [2.4655e-05],
          [1.2601e-04],
          [9.6121e-05],
          [3.2823e-05],
          [2.1762e-04],
          [2.6244e-05],
          [2.1738e-04],
          [1.2840e-04],
          [3.3639e-05],
          [4.1338e-05],
          [3.8970e-05],
          [4.1215e-05],
          [4.4042e-05],
          [4.8454e-05],
          [5.2513e-05],
          [4.6193e-05],
          [7.7369e-05],
          [1.1952e-04],
          [1.6883e-04],
          [2.7234e-04],
          [1.5572e-04],
          [1.9049e-04],
          [1.2923e-03],
          [8.5623e-05],
          [6.5106e-05],
          [3.6404e-04],
          [1.2605e-04],
          [3.5184e-05],
          [1.6486e-04],
          [1.9596e-04],
          [3.9736e-05],
          [2.5996e-04],
          [1.8420e-05],
          [2.1747e-05],
          [1.8822e-05],
          [2.0166e-05],
          [1.9284e-05],
          [2.0165e-05],
          [3.1709e-05],
          [2.3519e-05],
          [2.6660e-05],
          [1.9732e-05],
          [2.8627e-04],
          [3.2165e-05],
          [7.5444e-05],
          [9.4855e-05],
          [2.3988e-05],
          [2.1847e-05],
          [2.2335e-05],
          [2.5369e-05],
          [3.1006e-05],
          [2.4875e-05],
          [3.8694e-04],
          [3.0270e-05],
          [4.4268e-04],
          [3.0618e-05],
          [3.0097e-05],
          [3.4465e-05],
          [3.3456e-05],
          [3.5643e-05],
          [3.7346e-05],
          [4.0842e-05],
          [4.2809e-05],
          [5.0342e-05],
          [4.8488e-05],
          [5.5144e-05],
          [4.4137e-05],
          [3.9618e-04],
          [2.4272e-04],
          [3.1834e-05],
          [3.4714e-05],
          [2.0789e-05],
          [2.5651e-05],
          [2.2762e-05],
          [2.7829e-05],
          [2.6895e-05],
          [2.6119e-05],
          [2.1301e-05],
          [2.0242e-05],
          [1.9703e-05],
          [2.0998e-05],
          [2.1825e-05],
          [2.7704e-05],
          [3.4025e-05],
          [2.1776e-05],
          [2.6036e-05],
          [2.8388e-05],
          [2.8657e-05],
          [3.2027e-05],
          [4.0677e-05],
          [4.4980e-05],
          [4.4560e-05],
          [4.9236e-05],
          [5.3351e-05],
          [4.8456e-05],
          [4.9916e-05],
          [4.0724e-05],
          [3.5779e-05],
          [3.8499e-05],
          [3.6064e-05],
          [4.6007e-05],
          [3.0865e-05],
          [5.0076e-05],
          [3.7787e-05],
          [2.5787e-05],
          [2.6872e-05],
          [2.0704e-05],
          [3.0326e-05],
          [2.4089e-05],
          [2.9311e-05],
          [2.9561e-05],
          [1.1439e-04],
          [3.3333e-05],
          [7.8072e-04],
          [3.2969e-05],
          [3.5567e-05],
          [4.0673e-05],
          [3.7041e-05],
          [4.1767e-05],
          [4.4608e-05],
          [5.0683e-05],
          [4.0077e-05],
          [3.4398e-05],
          [4.0202e-05],
          [3.4415e-05],
          [3.0234e-05],
          [3.7756e-05],
          [2.6400e-05],
          [1.9003e-04],
          [7.4841e-05],
          [4.9400e-04],
          [3.1271e-05],
          [2.1435e-05],
          [1.5115e-05],
          [1.4818e-05],
          [3.4297e-04],
          [3.4796e-04],
          [1.4803e-05],
          [1.6602e-05],
          [2.3056e-05],
          [4.6419e-05],
          [6.5894e-05],
          [7.4701e-05],
          [6.8974e-05],
          [6.7338e-05],
          [5.0959e-05],
          [5.0635e-05],
          [5.0242e-05],
          [3.3633e-05],
          [2.4475e-05],
          [3.4303e-05],
          [3.8300e-05],
          [3.1037e-05],
          [2.4900e-05],
          [1.2192e-04],
          [3.3393e-05],
          [3.9750e-05],
          [7.8235e-05],
          [2.5997e-05],
          [3.0466e-05],
          [2.3407e-05],
          [2.2559e-05],
          [1.7579e-05],
          [2.3803e-04],
          [1.5308e-04],
          [3.2920e-05],
          [3.2761e-05],
          [3.7574e-05],
          [2.6739e-05],
          [3.1316e-05],
          [3.0642e-05],
          [4.2009e-05],
          [5.4572e-05],
          [7.7022e-05],
          [1.4236e-04],
          [2.7990e-04],
          [2.9807e-05],
          [2.1813e-05],
          [1.5428e-05],
          [1.9082e-05],
          [1.5674e-05],
          [3.7987e-04],
          [9.9596e-05],
          [2.0772e-05],
          [8.4651e-05],
          [1.4247e-04],
          [2.1697e-05],
          [2.1266e-04],
          [2.4472e-05],
          [2.5290e-04],
          [2.4085e-05],
          [2.0976e-05],
          [1.8658e-05],
          [3.1850e-05],
          [1.6845e-05],
          [1.8222e-05],
          [5.4165e-06]]]])
