# Using CPU
# Loading Embeddings...
# Making Predictions...
torch.Size([1, 1, 442, 261])
tensor([[[[9.1391e-05],
          [2.1430e-05],
          [7.9629e-05],
          [2.9088e-05],
          [9.3981e-06],
          [3.8606e-04],
          [4.7645e-04],
          [1.2983e-05],
          [2.8817e-04],
          [4.4281e-04],
          [1.7205e-05],
          [1.6129e-05],
          [4.6423e-04],
          [1.9947e-04],
          [1.3793e-05],
          [1.1482e-05],
          [1.1844e-05],
          [1.2792e-05],
          [1.5904e-05],
          [2.2245e-05],
          [7.8720e-04],
          [2.5953e-05],
          [3.3692e-04],
          [1.6760e-05],
          [1.9018e-05],
          [2.6986e-05],
          [3.6220e-05],
          [5.9716e-05],
          [6.6950e-05],
          [9.4015e-05],
          [8.3130e-05],
          [1.0366e-04],
          [8.9870e-05],
          [9.0417e-05],
          [7.1315e-05],
          [6.0356e-05],
          [1.4237e-03],
          [7.1590e-05],
          [2.2628e-04],
          [1.5641e-04],
          [3.3170e-04],
          [2.1184e-05],
          [2.0260e-05],
          [2.0898e-05],
          [1.5494e-05],
          [1.5858e-05],
          [1.2838e-05],
          [1.0879e-05],
          [1.1357e-05],
          [1.8661e-04],
          [2.4217e-04],
          [1.1704e-05],
          [1.3312e-05],
          [5.2358e-04],
          [2.9794e-04],
          [1.5950e-05],
          [1.5624e-05],
          [1.4448e-05],
          [1.6237e-05],
          [2.0494e-05],
          [2.0526e-05],
          [2.1811e-05],
          [5.3299e-04],
          [2.4743e-04],
          [1.9992e-05],
          [1.8984e-05],
          [1.6846e-05],
          [1.5002e-05],
          [1.5681e-05],
          [1.4049e-05],
          [1.4887e-05],
          [2.4714e-04],
          [3.4876e-05],
          [1.8714e-05],
          [1.7055e-05],
          [2.1284e-05],
          [9.6941e-04],
          [1.4132e-05],
          [1.2715e-05],
          [1.1291e-05],
          [2.3508e-04],
          [1.2840e-04],
          [1.1150e-05],
          [1.2203e-05],
          [1.4819e-05],
          [1.7554e-05],
          [1.9306e-05],
          [2.1060e-05],
          [1.7921e-05],
          [1.6304e-05],
          [3.4217e-04],
          [2.8636e-05],
          [2.2320e-04],
          [1.1555e-05],
          [1.4490e-05],
          [2.1229e-05],
          [2.1121e-05],
          [3.1335e-05],
          [2.6997e-05],
          [3.0174e-05],
          [3.3413e-05],
          [2.2308e-05],
          [1.7223e-05],
          [1.2266e-05],
          [1.5618e-05],
          [2.2804e-05],
          [2.7420e-05],
          [3.3455e-05],
          [3.3948e-05],
          [3.5527e-05],
          [2.9480e-05],
          [1.6025e-04],
          [1.1462e-04],
          [2.1884e-05],
          [2.4901e-04],
          [2.0653e-05],
          [1.6706e-05],
          [1.1448e-05],
          [1.4452e-05],
          [1.5367e-05],
          [1.6792e-05],
          [1.2522e-05],
          [1.4713e-05],
          [1.1821e-05],
          [1.5460e-05],
          [1.4996e-05],
          [1.8844e-05],
          [1.8934e-05],
          [2.5326e-05],
          [2.4735e-05],
          [2.6504e-05],
          [4.2648e-04],
          [3.2364e-04],
          [2.9029e-05],
          [3.8433e-05],
          [3.2355e-05],
          [2.6782e-05],
          [2.4676e-05],
          [1.8740e-05],
          [2.0220e-05],
          [1.5764e-05],
          [1.5401e-05],
          [1.0796e-05],
          [1.3240e-05],
          [1.6540e-05],
          [2.4151e-05],
          [2.6977e-05],
          [4.0364e-05],
          [5.0322e-05],
          [7.8520e-05],
          [7.6941e-05],
          [7.3034e-05],
          [7.6759e-05],
          [7.0101e-05],
          [6.0763e-05],
          [5.3993e-05],
          [5.6403e-04],
          [2.2299e-04],
          [2.5873e-04],
          [4.3747e-04],
          [1.6527e-05],
          [1.7763e-05],
          [1.5837e-05],
          [1.8064e-05],
          [1.7576e-05],
          [2.6592e-05],
          [1.9956e-05],
          [2.2507e-05],
          [2.3546e-05],
          [2.9959e-05],
          [2.4464e-05],
          [4.3487e-04],
          [4.1470e-04],
          [3.3223e-05],
          [4.7769e-05],
          [5.0549e-05],
          [4.6760e-05],
          [4.4218e-05],
          [3.7376e-04],
          [6.6147e-05],
          [2.4651e-04],
          [1.7573e-05],
          [1.9148e-05],
          [2.4247e-04],
          [1.2621e-05],
          [1.9931e-04],
          [1.4114e-05],
          [1.5082e-05],
          [1.3356e-05],
          [5.2799e-04],
          [2.7093e-05],
          [9.0872e-04],
          [2.3411e-05],
          [2.9242e-05],
          [3.1983e-05],
          [3.0984e-05],
          [3.6073e-05],
          [3.2711e-05],
          [3.9192e-04],
          [2.2600e-04],
          [2.4304e-05],
          [2.0319e-05],
          [1.8768e-05],
          [1.3576e-05],
          [1.3462e-05],
          [1.4094e-05],
          [1.3712e-05],
          [3.2417e-04],
          [2.9388e-04],
          [1.2657e-05],
          [1.3620e-05],
          [1.4710e-05],
          [1.5504e-05],
          [4.2449e-04],
          [4.5466e-05],
          [2.4705e-05],
          [7.3920e-04],
          [1.7498e-05],
          [1.3798e-05],
          [1.3280e-05],
          [1.3265e-05],
          [1.4501e-05],
          [1.1842e-05],
          [1.1517e-05],
          [1.2197e-05],
          [1.3918e-05],
          [1.6726e-05],
          [1.3532e-05],
          [1.3275e-05],
          [1.1724e-05],
          [1.3038e-05],
          [1.1676e-05],
          [1.0662e-05],
          [1.1817e-05],
          [3.9154e-04],
          [2.2768e-04],
          [1.5485e-05],
          [1.5694e-05],
          [1.2153e-05],
          [1.7080e-05],
          [2.1567e-05],
          [2.7221e-05],
          [2.1152e-05],
          [2.7687e-05],
          [2.4823e-05],
          [1.4454e-05],
          [3.9004e-04],
          [6.6422e-05],
          [1.7185e-05],
          [2.0120e-04],
          [1.1351e-05],
          [2.9041e-04],
          [1.8986e-04],
          [2.0016e-05],
          [2.1272e-05],
          [2.4665e-05],
          [2.2942e-05],
          [3.0891e-05],
          [3.2954e-05],
          [4.2814e-05],
          [4.5666e-05],
          [8.6417e-05],
          [9.1790e-05],
          [1.4549e-04],
          [1.4213e-04],
          [1.6378e-04],
          [1.0757e-04],
          [7.5234e-04],
          [6.5242e-05],
          [4.9392e-05],
          [4.1627e-04],
          [2.2422e-04],
          [2.8244e-05],
          [3.0861e-04],
          [1.6730e-04],
          [2.8481e-05],
          [2.3770e-04],
          [1.5627e-05],
          [1.1913e-05],
          [1.0728e-05],
          [9.0448e-06],
          [9.5431e-06],
          [1.0050e-05],
          [2.2841e-05],
          [1.4970e-05],
          [2.0367e-05],
          [1.4360e-05],
          [2.0763e-04],
          [1.9081e-05],
          [5.7229e-05],
          [1.2286e-04],
          [1.1065e-05],
          [1.0521e-05],
          [1.0623e-05],
          [1.0791e-05],
          [9.4873e-06],
          [9.7963e-06],
          [3.4482e-04],
          [1.8657e-05],
          [4.8607e-04],
          [1.2688e-05],
          [1.1020e-05],
          [1.3862e-05],
          [1.3043e-05],
          [1.3369e-05],
          [1.3472e-05],
          [1.3753e-05],
          [1.6538e-05],
          [1.4981e-05],
          [1.9281e-05],
          [2.2767e-05],
          [2.6626e-05],
          [4.0898e-04],
          [3.1489e-04],
          [1.9281e-05],
          [1.6270e-05],
          [1.2869e-05],
          [1.0567e-05],
          [1.3466e-05],
          [2.1167e-05],
          [2.6375e-05],
          [2.2645e-05],
          [1.8172e-05],
          [1.6734e-05],
          [1.3454e-05],
          [1.1189e-05],
          [1.1916e-05],
          [1.1754e-05],
          [1.2864e-05],
          [1.3222e-05],
          [1.4207e-05],
          [1.3998e-05],
          [1.5032e-05],
          [1.3988e-05],
          [1.3480e-05],
          [1.9660e-05],
          [2.1821e-05],
          [2.8507e-05],
          [2.4514e-05],
          [4.0365e-05],
          [4.0611e-05],
          [4.1460e-05],
          [2.1529e-05],
          [2.6068e-05],
          [2.8005e-05],
          [2.6302e-05],
          [2.1395e-05],
          [2.0680e-05],
          [1.8520e-05],
          [2.0613e-05],
          [2.0930e-05],
          [1.9992e-05],
          [1.7852e-05],
          [1.5461e-05],
          [1.4998e-05],
          [1.4715e-05],
          [4.1824e-04],
          [3.6745e-05],
          [8.4255e-04],
          [1.8259e-05],
          [1.8060e-05],
          [1.5857e-05],
          [1.5767e-05],
          [1.4777e-05],
          [1.3605e-05],
          [1.3785e-05],
          [1.2228e-05],
          [1.1823e-05],
          [1.0390e-05],
          [1.3761e-05],
          [1.2375e-05],
          [1.4853e-05],
          [1.3197e-05],
          [4.2530e-04],
          [7.4810e-05],
          [6.2440e-04],
          [1.3805e-05],
          [1.1854e-05],
          [1.1367e-05],
          [1.2436e-05],
          [4.9775e-04],
          [3.4044e-04],
          [1.2333e-05],
          [1.5260e-05],
          [2.0892e-05],
          [3.2793e-05],
          [4.3223e-05],
          [5.2751e-05],
          [6.5372e-05],
          [5.1354e-05],
          [4.6660e-05],
          [2.9740e-05],
          [1.9107e-05],
          [1.5970e-05],
          [1.1128e-05],
          [1.0813e-05],
          [1.2205e-05],
          [1.1791e-05],
          [1.2487e-05],
          [4.3326e-05],
          [4.0292e-05],
          [4.7958e-05],
          [5.3856e-05],
          [3.6388e-05],
          [3.3474e-05],
          [2.1283e-05],
          [2.2449e-05],
          [1.9435e-05],
          [2.3886e-04],
          [1.7122e-04],
          [2.1698e-05],
          [1.9869e-05],
          [1.6990e-05],
          [1.4813e-05],
          [1.8469e-05],
          [1.8663e-05],
          [2.1688e-05],
          [1.6237e-04],
          [6.3712e-05],
          [3.0012e-04],
          [2.6929e-04],
          [2.0610e-05],
          [1.6775e-05],
          [1.5045e-05],
          [1.7684e-05],
          [1.5001e-05],
          [2.4105e-04],
          [8.5612e-05],
          [1.9288e-05],
          [8.2216e-05],
          [2.2680e-04],
          [2.0340e-05],
          [2.5409e-04],
          [2.1944e-05],
          [2.6768e-04],
          [2.1398e-05],
          [1.2583e-05],
          [1.1126e-05],
          [1.3183e-05],
          [1.0868e-05],
          [9.2869e-05],
          [6.6800e-06]]]])
