# Using CPU
# Loading Embeddings...
# Making Predictions...
torch.Size([1, 1, 442, 264])
tensor([[[[7.3954e-04],
          [3.2591e-05],
          [1.1586e-04],
          [7.7267e-05],
          [2.3678e-05],
          [2.1616e-04],
          [1.0852e-04],
          [6.3778e-05],
          [1.4886e-04],
          [1.0831e-04],
          [3.0344e-05],
          [2.9461e-05],
          [3.1187e-04],
          [2.8894e-04],
          [3.9242e-05],
          [2.4127e-05],
          [2.3354e-05],
          [1.8647e-05],
          [2.1284e-05],
          [2.2040e-05],
          [1.7904e-04],
          [2.9439e-05],
          [1.6802e-04],
          [2.6595e-05],
          [3.5490e-05],
          [3.7529e-05],
          [3.4382e-05],
          [8.1610e-05],
          [1.1849e-04],
          [8.1125e-05],
          [8.1201e-05],
          [7.8963e-05],
          [8.1911e-05],
          [2.8432e-04],
          [7.3007e-05],
          [5.4537e-05],
          [1.1786e-03],
          [8.7218e-05],
          [2.8936e-04],
          [1.1100e-04],
          [3.2716e-04],
          [3.4790e-05],
          [2.4414e-05],
          [2.8470e-05],
          [2.8008e-05],
          [3.2298e-05],
          [2.5331e-05],
          [3.1394e-05],
          [2.9491e-05],
          [2.6564e-04],
          [2.5609e-04],
          [4.0497e-05],
          [3.2042e-05],
          [1.4118e-04],
          [1.3285e-04],
          [3.6822e-05],
          [3.1511e-05],
          [2.8552e-05],
          [2.8739e-05],
          [3.2035e-05],
          [3.0433e-05],
          [2.3846e-05],
          [2.7306e-04],
          [3.1023e-04],
          [4.5528e-05],
          [3.8843e-05],
          [3.9800e-05],
          [4.2199e-05],
          [4.9460e-05],
          [3.4086e-05],
          [2.7471e-05],
          [2.2957e-04],
          [3.5318e-05],
          [3.8358e-05],
          [4.0917e-05],
          [4.0843e-05],
          [1.9447e-04],
          [3.6738e-05],
          [3.4067e-05],
          [2.8324e-05],
          [2.4059e-04],
          [2.1067e-04],
          [2.8211e-05],
          [2.7493e-05],
          [2.8323e-05],
          [2.6466e-05],
          [2.7315e-05],
          [2.5049e-05],
          [2.8977e-05],
          [2.7521e-05],
          [1.4955e-04],
          [4.5922e-05],
          [2.3872e-04],
          [4.0211e-05],
          [3.9983e-05],
          [3.9600e-05],
          [3.7109e-05],
          [4.6500e-05],
          [2.1493e-05],
          [2.4177e-05],
          [2.1556e-05],
          [2.3291e-05],
          [2.3394e-05],
          [2.6750e-05],
          [2.9308e-05],
          [3.2743e-05],
          [2.5382e-05],
          [2.5349e-05],
          [2.5293e-05],
          [2.5403e-05],
          [2.0579e-05],
          [7.8040e-05],
          [1.1465e-04],
          [3.1363e-05],
          [3.9800e-04],
          [2.7503e-05],
          [2.5170e-05],
          [2.3399e-05],
          [1.9211e-05],
          [2.6980e-05],
          [2.7672e-05],
          [2.6479e-05],
          [3.0417e-05],
          [3.1234e-05],
          [3.2578e-05],
          [3.4943e-05],
          [4.0305e-05],
          [4.0075e-05],
          [4.8530e-05],
          [6.1787e-05],
          [2.4191e-04],
          [5.1347e-04],
          [8.2133e-04],
          [3.8746e-04],
          [1.4672e-04],
          [6.9934e-05],
          [3.1609e-05],
          [3.3683e-05],
          [3.5275e-05],
          [3.3200e-05],
          [3.1064e-05],
          [3.0008e-05],
          [3.0635e-05],
          [3.1782e-05],
          [3.0179e-05],
          [3.2493e-05],
          [3.2221e-05],
          [3.5346e-05],
          [4.3657e-05],
          [6.9003e-05],
          [6.6579e-05],
          [7.7590e-05],
          [6.4186e-05],
          [8.2957e-05],
          [5.7881e-05],
          [6.5418e-05],
          [1.4333e-04],
          [7.8799e-05],
          [1.0203e-04],
          [1.3709e-04],
          [4.7135e-05],
          [3.7451e-05],
          [7.8186e-05],
          [7.2941e-05],
          [4.8787e-05],
          [4.1407e-05],
          [4.0512e-05],
          [3.9693e-05],
          [4.0944e-05],
          [3.6312e-05],
          [3.0307e-05],
          [2.1737e-04],
          [3.2869e-04],
          [3.3095e-05],
          [3.9727e-05],
          [4.1599e-05],
          [3.7194e-05],
          [3.2388e-05],
          [2.0868e-04],
          [5.5824e-05],
          [4.4162e-04],
          [2.8930e-05],
          [3.2375e-05],
          [2.4961e-04],
          [2.9807e-05],
          [3.2379e-04],
          [2.8264e-05],
          [2.8828e-05],
          [2.5364e-05],
          [1.9710e-04],
          [3.1321e-05],
          [9.5759e-05],
          [2.8987e-05],
          [2.7511e-05],
          [2.3225e-05],
          [2.5706e-05],
          [2.6633e-05],
          [2.2169e-05],
          [2.6195e-04],
          [2.6821e-04],
          [2.4510e-05],
          [3.1440e-05],
          [2.9360e-05],
          [2.7376e-05],
          [3.4699e-05],
          [3.1878e-05],
          [2.8180e-05],
          [1.5833e-04],
          [1.4471e-04],
          [2.6261e-05],
          [2.5617e-05],
          [2.3541e-05],
          [2.2473e-05],
          [1.9707e-04],
          [2.9197e-05],
          [3.7414e-05],
          [6.1592e-04],
          [3.4855e-05],
          [2.9409e-05],
          [3.0965e-05],
          [3.2212e-05],
          [3.4499e-05],
          [4.2977e-05],
          [3.2969e-05],
          [3.1205e-05],
          [4.4606e-05],
          [3.5376e-05],
          [3.8027e-05],
          [5.0089e-05],
          [4.1010e-05],
          [3.4572e-05],
          [3.8199e-05],
          [2.9836e-05],
          [2.5550e-05],
          [1.5142e-04],
          [1.2751e-04],
          [2.5649e-05],
          [2.7946e-05],
          [2.2695e-05],
          [2.3501e-05],
          [2.6261e-05],
          [2.0245e-05],
          [1.8898e-05],
          [2.6554e-05],
          [2.5884e-05],
          [1.7850e-05],
          [1.6672e-04],
          [9.0034e-05],
          [2.9384e-05],
          [2.8467e-04],
          [2.4733e-05],
          [1.3901e-04],
          [1.4378e-04],
          [2.4029e-05],
          [2.5891e-05],
          [2.8871e-05],
          [2.2656e-05],
          [2.6336e-05],
          [2.9396e-05],
          [3.7465e-05],
          [4.2841e-05],
          [5.8274e-05],
          [6.1665e-05],
          [8.7445e-05],
          [7.4911e-05],
          [9.5261e-05],
          [5.9033e-05],
          [2.9351e-04],
          [2.9505e-05],
          [2.5222e-05],
          [2.4970e-04],
          [8.6319e-05],
          [3.1392e-05],
          [1.5674e-04],
          [1.3230e-04],
          [3.8892e-05],
          [2.5999e-04],
          [1.6430e-05],
          [2.5333e-05],
          [1.8249e-05],
          [1.7290e-05],
          [1.4606e-05],
          [1.4125e-05],
          [4.4593e-05],
          [1.4878e-05],
          [1.5160e-05],
          [1.5162e-05],
          [3.3766e-04],
          [2.9706e-05],
          [1.0272e-04],
          [3.5993e-05],
          [2.0237e-05],
          [1.7105e-05],
          [2.0010e-05],
          [1.9715e-05],
          [2.0089e-05],
          [2.1591e-05],
          [2.2389e-04],
          [3.3354e-05],
          [3.9243e-04],
          [3.2695e-05],
          [2.9172e-05],
          [3.3322e-05],
          [2.8864e-05],
          [2.8807e-05],
          [2.9207e-05],
          [3.0250e-05],
          [3.3588e-05],
          [3.7103e-05],
          [3.6458e-05],
          [2.9337e-05],
          [3.4639e-05],
          [2.1461e-04],
          [2.8009e-04],
          [2.0690e-05],
          [1.8911e-05],
          [1.4515e-05],
          [1.7856e-05],
          [1.4096e-05],
          [1.9168e-05],
          [2.0308e-05],
          [1.7252e-05],
          [3.5404e-05],
          [1.4117e-05],
          [1.5470e-05],
          [1.1937e-05],
          [1.5584e-05],
          [1.9491e-05],
          [1.9909e-05],
          [1.4501e-05],
          [1.8019e-05],
          [2.0688e-05],
          [2.3017e-05],
          [2.6136e-05],
          [3.2338e-05],
          [3.6424e-05],
          [3.3939e-05],
          [3.6442e-05],
          [3.2691e-05],
          [2.8411e-05],
          [2.9807e-05],
          [2.8022e-05],
          [2.8888e-05],
          [2.6533e-05],
          [2.1734e-05],
          [2.7901e-05],
          [2.4073e-05],
          [2.9168e-05],
          [2.4914e-05],
          [1.8453e-05],
          [2.1968e-05],
          [1.5058e-05],
          [2.1045e-05],
          [1.9453e-05],
          [2.3544e-05],
          [2.4324e-05],
          [2.4291e-04],
          [2.8419e-05],
          [9.4571e-05],
          [2.6648e-05],
          [2.8876e-05],
          [2.9282e-05],
          [3.1114e-05],
          [2.9367e-05],
          [3.2476e-05],
          [3.0148e-05],
          [3.3715e-05],
          [2.3684e-05],
          [2.2503e-05],
          [2.1054e-05],
          [1.8380e-05],
          [2.1314e-05],
          [2.0234e-05],
          [1.8415e-04],
          [8.7855e-05],
          [4.4200e-04],
          [2.3293e-05],
          [2.3960e-05],
          [1.3058e-05],
          [1.2732e-05],
          [1.9146e-04],
          [2.3751e-04],
          [1.4184e-05],
          [1.3789e-05],
          [1.9802e-05],
          [4.3881e-05],
          [4.2311e-05],
          [6.2593e-05],
          [6.0190e-05],
          [4.5371e-05],
          [3.7240e-05],
          [3.1567e-05],
          [2.6729e-05],
          [2.1657e-05],
          [2.7936e-05],
          [3.1653e-05],
          [2.6218e-05],
          [2.1517e-05],
          [1.9710e-05],
          [1.0085e-04],
          [4.1559e-05],
          [2.8510e-05],
          [7.2138e-05],
          [2.1957e-05],
          [2.5126e-05],
          [2.2584e-05],
          [1.9386e-05],
          [1.5609e-05],
          [1.6319e-04],
          [2.5629e-04],
          [2.9933e-05],
          [2.9340e-05],
          [3.5896e-05],
          [2.4280e-05],
          [2.7820e-05],
          [2.4209e-05],
          [2.8106e-05],
          [7.0779e-05],
          [5.9374e-05],
          [1.3116e-04],
          [1.6811e-04],
          [2.2457e-05],
          [1.8170e-05],
          [1.5194e-05],
          [2.0375e-05],
          [1.2300e-05],
          [1.6671e-04],
          [1.7682e-04],
          [2.0586e-05],
          [7.1357e-05],
          [2.0157e-04],
          [1.6077e-05],
          [2.2963e-04],
          [2.1282e-05],
          [2.7141e-04],
          [1.9363e-05],
          [2.4825e-05],
          [1.9292e-05],
          [2.0834e-05],
          [1.5412e-05],
          [8.7198e-05],
          [5.9521e-06]]]])
