# Using CPU
# Loading Embeddings...
# Making Predictions...
torch.Size([1, 1, 442, 329])
tensor([[[[1.6567e-04],
          [4.6261e-05],
          [1.1541e-04],
          [4.2140e-05],
          [1.4075e-05],
          [2.3498e-04],
          [6.7370e-04],
          [2.0638e-05],
          [1.6425e-04],
          [8.4799e-04],
          [1.9447e-05],
          [1.8309e-05],
          [3.7356e-04],
          [2.0676e-04],
          [5.2420e-05],
          [2.4018e-05],
          [2.5810e-05],
          [3.8167e-05],
          [3.0902e-05],
          [3.5330e-05],
          [3.7882e-04],
          [2.5257e-05],
          [4.1649e-04],
          [1.9514e-05],
          [2.2448e-05],
          [3.1616e-05],
          [4.7838e-05],
          [8.9926e-05],
          [1.2459e-04],
          [1.7192e-04],
          [1.6522e-04],
          [1.7737e-04],
          [1.7196e-04],
          [1.6586e-04],
          [1.3257e-04],
          [8.9894e-05],
          [3.6460e-04],
          [5.6754e-05],
          [1.8053e-04],
          [4.9835e-05],
          [3.7352e-04],
          [2.7080e-05],
          [2.9052e-05],
          [3.1125e-05],
          [2.1077e-05],
          [2.4770e-05],
          [1.5301e-05],
          [1.4698e-05],
          [2.3811e-05],
          [2.5414e-04],
          [2.8353e-04],
          [2.2721e-05],
          [2.2784e-05],
          [2.6196e-04],
          [3.8844e-04],
          [1.5277e-05],
          [1.5150e-05],
          [1.5526e-05],
          [2.0130e-05],
          [2.1481e-05],
          [2.6089e-05],
          [2.3280e-05],
          [2.3330e-04],
          [2.0098e-04],
          [2.7734e-05],
          [3.6591e-05],
          [3.6397e-05],
          [3.9096e-05],
          [3.7065e-05],
          [3.4550e-05],
          [1.6260e-05],
          [3.1741e-04],
          [1.9680e-05],
          [5.2832e-05],
          [1.4637e-05],
          [2.3937e-05],
          [1.6163e-03],
          [2.3465e-05],
          [1.8578e-05],
          [1.4032e-05],
          [2.7665e-04],
          [1.7708e-04],
          [1.5003e-05],
          [1.7385e-05],
          [1.8414e-05],
          [2.4450e-05],
          [2.6166e-05],
          [2.6760e-05],
          [2.2622e-05],
          [1.8820e-05],
          [2.5795e-04],
          [3.7920e-05],
          [2.0633e-04],
          [3.1701e-05],
          [2.8305e-05],
          [4.6724e-05],
          [5.0253e-05],
          [4.7641e-05],
          [4.8880e-05],
          [5.7160e-05],
          [4.5979e-05],
          [4.0177e-05],
          [3.6923e-05],
          [2.5289e-05],
          [2.6640e-05],
          [2.2561e-05],
          [2.2586e-05],
          [2.9071e-05],
          [2.7422e-05],
          [2.9356e-05],
          [2.4109e-05],
          [7.5130e-05],
          [1.4539e-04],
          [1.8297e-05],
          [4.1276e-04],
          [1.4551e-05],
          [1.4074e-05],
          [1.5267e-05],
          [1.5749e-05],
          [1.7776e-05],
          [1.8297e-05],
          [1.8526e-05],
          [1.3645e-05],
          [1.8161e-05],
          [2.3418e-05],
          [1.5787e-05],
          [2.0006e-05],
          [2.2586e-05],
          [2.4433e-05],
          [3.4923e-05],
          [1.3133e-04],
          [4.2089e-04],
          [4.6870e-04],
          [2.3354e-04],
          [6.9579e-05],
          [3.6073e-05],
          [2.3553e-05],
          [2.6296e-05],
          [2.0764e-05],
          [1.8878e-05],
          [1.5901e-05],
          [1.6900e-05],
          [1.4420e-05],
          [1.6418e-05],
          [1.3424e-05],
          [1.7052e-05],
          [1.9576e-05],
          [2.8222e-05],
          [4.3039e-05],
          [6.8356e-05],
          [7.7127e-05],
          [9.6468e-05],
          [1.0167e-04],
          [1.2301e-04],
          [1.1677e-04],
          [8.2437e-05],
          [1.9475e-04],
          [3.8572e-04],
          [1.4024e-04],
          [9.0733e-04],
          [3.2616e-05],
          [2.4891e-05],
          [5.3460e-05],
          [4.4870e-05],
          [3.3839e-05],
          [2.2513e-05],
          [2.5869e-05],
          [2.2772e-05],
          [2.4624e-05],
          [2.4906e-05],
          [2.1955e-05],
          [3.1613e-04],
          [4.1716e-04],
          [2.7943e-05],
          [3.2636e-05],
          [3.4378e-05],
          [3.6380e-05],
          [3.1289e-05],
          [1.8735e-04],
          [2.6658e-05],
          [3.4347e-04],
          [1.6029e-05],
          [1.8636e-05],
          [3.1970e-04],
          [1.8799e-05],
          [3.5641e-04],
          [2.9408e-05],
          [3.3116e-05],
          [2.2468e-05],
          [3.2541e-04],
          [2.7950e-05],
          [1.4129e-03],
          [1.8456e-05],
          [2.5504e-05],
          [2.4740e-05],
          [2.5980e-05],
          [2.8260e-05],
          [2.1935e-05],
          [2.2326e-04],
          [1.8698e-04],
          [2.0705e-05],
          [1.7814e-05],
          [1.9468e-05],
          [1.6248e-05],
          [1.8765e-05],
          [2.1190e-05],
          [1.9792e-05],
          [3.0408e-04],
          [4.1473e-04],
          [1.8279e-05],
          [1.4586e-05],
          [1.4849e-05],
          [1.4636e-05],
          [2.6876e-04],
          [2.4842e-05],
          [2.5569e-05],
          [9.0658e-04],
          [1.8349e-05],
          [2.0056e-05],
          [1.8084e-05],
          [2.4164e-05],
          [2.8110e-05],
          [3.4695e-05],
          [3.0048e-05],
          [3.6680e-05],
          [6.2886e-05],
          [5.2259e-05],
          [4.2171e-05],
          [6.6685e-05],
          [3.1937e-05],
          [2.6722e-05],
          [2.2804e-05],
          [1.5372e-05],
          [1.1543e-05],
          [2.5062e-04],
          [2.2214e-04],
          [1.6692e-05],
          [1.6603e-05],
          [2.1234e-05],
          [3.9909e-05],
          [3.5310e-05],
          [4.1961e-05],
          [3.0833e-05],
          [5.8831e-05],
          [5.6767e-05],
          [2.1265e-05],
          [1.7235e-04],
          [1.2398e-04],
          [2.8494e-05],
          [2.7252e-04],
          [1.2651e-05],
          [1.7249e-04],
          [1.8948e-04],
          [2.0954e-05],
          [2.5271e-05],
          [2.6540e-05],
          [2.4412e-05],
          [3.1584e-05],
          [3.3469e-05],
          [3.5794e-05],
          [3.0396e-05],
          [4.5481e-05],
          [5.9641e-05],
          [9.7684e-05],
          [7.5411e-05],
          [6.8885e-05],
          [5.2252e-05],
          [1.3401e-04],
          [2.3832e-05],
          [2.4023e-05],
          [2.3241e-04],
          [1.1328e-04],
          [5.3486e-05],
          [2.3331e-04],
          [1.0472e-04],
          [2.2371e-05],
          [4.2784e-04],
          [1.2891e-05],
          [1.2271e-05],
          [1.1235e-05],
          [1.2233e-05],
          [1.9142e-05],
          [1.9827e-05],
          [2.4134e-05],
          [2.4191e-05],
          [2.6110e-05],
          [1.7640e-05],
          [3.0650e-04],
          [3.6085e-05],
          [1.2974e-04],
          [1.3641e-04],
          [1.2527e-05],
          [1.6555e-05],
          [1.2427e-05],
          [1.2437e-05],
          [1.9065e-05],
          [1.5368e-05],
          [3.2914e-04],
          [3.0740e-05],
          [8.6927e-04],
          [1.7257e-05],
          [1.6441e-05],
          [1.6234e-05],
          [1.2825e-05],
          [1.3816e-05],
          [1.5903e-05],
          [1.6958e-05],
          [1.7734e-05],
          [2.9415e-05],
          [1.9146e-05],
          [2.0412e-05],
          [2.5573e-05],
          [2.1954e-04],
          [3.8329e-04],
          [1.9946e-05],
          [2.0813e-05],
          [2.5801e-05],
          [2.1810e-05],
          [3.0152e-05],
          [4.1582e-05],
          [4.1799e-05],
          [3.0075e-05],
          [2.2080e-05],
          [1.9146e-05],
          [2.0868e-05],
          [1.6876e-05],
          [1.2652e-05],
          [1.2279e-05],
          [1.3916e-05],
          [1.3397e-05],
          [1.5000e-05],
          [1.9752e-05],
          [2.1771e-05],
          [2.5525e-05],
          [2.8664e-05],
          [4.2119e-05],
          [3.8038e-05],
          [4.2660e-05],
          [3.1806e-05],
          [4.4293e-05],
          [4.4704e-05],
          [4.1206e-05],
          [3.9277e-05],
          [3.6706e-05],
          [4.5180e-05],
          [6.2561e-05],
          [3.4824e-05],
          [2.9370e-05],
          [5.8337e-05],
          [3.0864e-05],
          [3.3645e-05],
          [2.2002e-05],
          [2.7777e-05],
          [1.8815e-05],
          [1.9104e-05],
          [1.8213e-05],
          [2.4981e-04],
          [3.0167e-05],
          [1.5553e-03],
          [1.4797e-05],
          [1.8007e-05],
          [1.9931e-05],
          [1.4860e-05],
          [1.5505e-05],
          [2.0777e-05],
          [2.1334e-05],
          [1.5882e-05],
          [1.1702e-05],
          [1.5224e-05],
          [1.3713e-05],
          [1.0801e-05],
          [1.6669e-05],
          [1.3594e-05],
          [2.0677e-04],
          [7.7303e-05],
          [7.8981e-04],
          [1.3226e-05],
          [1.3807e-05],
          [1.4292e-05],
          [1.9064e-05],
          [2.9840e-04],
          [5.2070e-04],
          [3.2374e-05],
          [4.9652e-05],
          [4.0447e-05],
          [6.9224e-05],
          [9.8034e-05],
          [1.2029e-04],
          [1.3149e-04],
          [9.6938e-05],
          [6.8103e-05],
          [3.6494e-05],
          [3.6953e-05],
          [1.9868e-05],
          [2.2100e-05],
          [1.7617e-05],
          [2.7600e-05],
          [1.5299e-05],
          [1.9326e-05],
          [1.4575e-04],
          [5.4805e-05],
          [4.6696e-05],
          [2.3337e-04],
          [3.7456e-05],
          [3.7928e-05],
          [2.6532e-05],
          [2.8733e-05],
          [2.2190e-05],
          [1.6528e-04],
          [2.5115e-04],
          [2.6878e-05],
          [2.2948e-05],
          [2.4880e-05],
          [2.1794e-05],
          [2.4778e-05],
          [2.7769e-05],
          [3.6695e-05],
          [1.2049e-04],
          [8.9921e-05],
          [2.0752e-04],
          [4.6066e-04],
          [3.9950e-05],
          [1.6239e-05],
          [1.6088e-05],
          [1.9960e-05],
          [1.5272e-05],
          [2.2535e-04],
          [1.1318e-04],
          [1.2557e-05],
          [4.4153e-05],
          [9.7636e-05],
          [2.2581e-05],
          [2.3511e-04],
          [1.9805e-05],
          [2.7849e-04],
          [1.8944e-05],
          [1.4899e-05],
          [1.2064e-05],
          [1.5049e-05],
          [1.3783e-05],
          [4.3507e-05],
          [6.2651e-06]]]])
