# Using CPU
# Loading Embeddings...
# Making Predictions...
torch.Size([1, 1, 442, 257])
tensor([[[[1.6037e-04],
          [3.9755e-05],
          [9.2436e-05],
          [3.5435e-05],
          [9.8684e-06],
          [4.9153e-04],
          [1.6604e-03],
          [1.3636e-05],
          [3.7013e-04],
          [1.9024e-03],
          [1.6470e-05],
          [1.5387e-05],
          [4.3821e-04],
          [3.0493e-04],
          [1.7928e-05],
          [1.0670e-05],
          [1.0748e-05],
          [1.2500e-05],
          [1.5908e-05],
          [1.7251e-05],
          [7.2932e-04],
          [2.2837e-05],
          [1.0340e-03],
          [1.4155e-05],
          [1.8897e-05],
          [2.4201e-05],
          [3.4191e-05],
          [5.5264e-05],
          [6.3250e-05],
          [7.5815e-05],
          [6.7101e-05],
          [6.7502e-05],
          [6.0405e-05],
          [6.5664e-05],
          [5.3858e-05],
          [4.8928e-05],
          [1.9567e-03],
          [6.5855e-05],
          [3.3432e-04],
          [1.7149e-04],
          [8.3283e-04],
          [2.3157e-05],
          [2.1124e-05],
          [2.0795e-05],
          [1.4634e-05],
          [1.3116e-05],
          [1.3281e-05],
          [1.3548e-05],
          [2.0452e-05],
          [3.3079e-04],
          [6.2232e-04],
          [1.3729e-05],
          [1.1445e-05],
          [5.6250e-04],
          [9.6279e-04],
          [1.5342e-05],
          [1.4476e-05],
          [1.3935e-05],
          [1.6503e-05],
          [1.8967e-05],
          [1.8206e-05],
          [1.5768e-05],
          [4.9170e-04],
          [3.9388e-04],
          [1.4344e-05],
          [1.5477e-05],
          [1.4965e-05],
          [1.4311e-05],
          [1.5790e-05],
          [1.3847e-05],
          [1.4533e-05],
          [3.1545e-04],
          [2.8571e-05],
          [3.6704e-05],
          [1.3617e-05],
          [2.0172e-05],
          [3.5025e-03],
          [1.3719e-05],
          [1.4018e-05],
          [1.2411e-05],
          [2.4924e-04],
          [2.0904e-04],
          [1.3306e-05],
          [1.4634e-05],
          [1.6966e-05],
          [1.9656e-05],
          [2.0924e-05],
          [2.2799e-05],
          [1.9958e-05],
          [1.7016e-05],
          [4.5054e-04],
          [6.2396e-05],
          [3.3633e-04],
          [1.1048e-05],
          [2.1931e-05],
          [3.1537e-05],
          [3.4099e-05],
          [4.1602e-05],
          [3.6615e-05],
          [4.8707e-05],
          [5.4189e-05],
          [5.1034e-05],
          [2.6349e-05],
          [1.3413e-05],
          [1.3132e-05],
          [1.7571e-05],
          [1.9569e-05],
          [2.2202e-05],
          [2.6022e-05],
          [2.9301e-05],
          [1.9225e-05],
          [1.7343e-04],
          [2.6016e-04],
          [2.1588e-05],
          [3.0806e-04],
          [1.1584e-05],
          [1.1104e-05],
          [9.8420e-06],
          [1.2569e-05],
          [1.3868e-05],
          [1.3441e-05],
          [1.2114e-05],
          [1.6219e-05],
          [1.1644e-05],
          [1.1715e-05],
          [1.2922e-05],
          [1.3617e-05],
          [1.4449e-05],
          [1.4550e-05],
          [4.2946e-05],
          [2.7538e-04],
          [5.8285e-04],
          [1.1951e-03],
          [4.4682e-04],
          [9.3666e-05],
          [5.1308e-05],
          [2.3747e-05],
          [1.6511e-05],
          [1.3917e-05],
          [1.3075e-05],
          [1.3468e-05],
          [1.1310e-05],
          [9.2441e-06],
          [1.1102e-05],
          [1.2863e-05],
          [1.5995e-05],
          [1.8561e-05],
          [2.4753e-05],
          [3.2514e-05],
          [4.8064e-05],
          [5.0362e-05],
          [5.9604e-05],
          [5.2802e-05],
          [6.9901e-05],
          [5.1815e-05],
          [4.9019e-05],
          [5.2398e-04],
          [7.1953e-04],
          [2.7276e-04],
          [1.8785e-03],
          [1.6409e-05],
          [3.6768e-05],
          [9.9639e-05],
          [6.9704e-05],
          [1.9034e-05],
          [1.8605e-05],
          [1.7651e-05],
          [1.9146e-05],
          [1.9989e-05],
          [1.8761e-05],
          [1.7211e-05],
          [4.4524e-04],
          [1.0143e-03],
          [2.1158e-05],
          [2.4802e-05],
          [2.5584e-05],
          [2.8054e-05],
          [2.5046e-05],
          [3.3780e-04],
          [6.7657e-05],
          [2.5293e-04],
          [1.7720e-05],
          [2.2996e-05],
          [2.2740e-04],
          [1.5752e-05],
          [3.3853e-04],
          [2.4645e-05],
          [2.8522e-05],
          [1.9989e-05],
          [6.4516e-04],
          [4.5078e-05],
          [3.4457e-03],
          [1.6686e-05],
          [2.3211e-05],
          [2.1579e-05],
          [2.2978e-05],
          [2.1942e-05],
          [1.9121e-05],
          [3.2084e-04],
          [4.4807e-04],
          [1.7037e-05],
          [1.5527e-05],
          [1.4200e-05],
          [1.2765e-05],
          [1.2970e-05],
          [1.3696e-05],
          [1.6414e-05],
          [4.2522e-04],
          [1.1377e-03],
          [1.1975e-05],
          [1.2576e-05],
          [1.4111e-05],
          [1.3782e-05],
          [4.8208e-04],
          [3.6859e-05],
          [1.6714e-05],
          [2.0401e-03],
          [1.4403e-05],
          [1.2326e-05],
          [1.1834e-05],
          [1.2135e-05],
          [1.3747e-05],
          [1.2082e-05],
          [1.1011e-05],
          [1.1398e-05],
          [1.5003e-05],
          [1.4640e-05],
          [1.5404e-05],
          [1.2581e-05],
          [1.1649e-05],
          [1.1103e-05],
          [1.0912e-05],
          [1.0853e-05],
          [1.0592e-05],
          [5.4074e-04],
          [5.7241e-04],
          [1.5465e-05],
          [1.3210e-05],
          [1.1784e-05],
          [1.8171e-05],
          [2.4007e-05],
          [2.0690e-05],
          [2.2276e-05],
          [3.1860e-05],
          [2.5340e-05],
          [1.4061e-05],
          [3.4771e-04],
          [1.6689e-04],
          [2.0182e-05],
          [2.0770e-04],
          [1.1070e-05],
          [2.3402e-04],
          [4.3344e-04],
          [1.8210e-05],
          [2.3059e-05],
          [2.4027e-05],
          [2.0009e-05],
          [2.5897e-05],
          [2.9190e-05],
          [2.9041e-05],
          [2.5767e-05],
          [2.4580e-05],
          [2.8503e-05],
          [3.7063e-05],
          [4.1445e-05],
          [6.5412e-05],
          [4.0425e-05],
          [3.1673e-04],
          [2.0531e-05],
          [2.3034e-05],
          [4.7726e-04],
          [2.5883e-04],
          [3.2386e-05],
          [4.9634e-04],
          [1.6103e-04],
          [5.4379e-05],
          [2.2640e-04],
          [1.3862e-05],
          [1.0098e-05],
          [9.9805e-06],
          [9.8493e-06],
          [1.0135e-05],
          [9.1447e-06],
          [2.2753e-05],
          [1.4361e-05],
          [1.9804e-05],
          [1.6221e-05],
          [2.9667e-04],
          [2.8424e-05],
          [6.8181e-05],
          [2.2653e-04],
          [1.1457e-05],
          [1.1599e-05],
          [1.2089e-05],
          [1.1822e-05],
          [1.0571e-05],
          [1.0196e-05],
          [5.0625e-04],
          [2.0704e-05],
          [1.9319e-03],
          [1.4363e-05],
          [1.2932e-05],
          [1.4106e-05],
          [1.5267e-05],
          [1.5355e-05],
          [1.5231e-05],
          [1.4729e-05],
          [1.8725e-05],
          [1.6303e-05],
          [2.0092e-05],
          [1.9716e-05],
          [2.3200e-05],
          [4.2850e-04],
          [1.0333e-03],
          [1.8705e-05],
          [1.6085e-05],
          [1.3942e-05],
          [1.3258e-05],
          [1.3113e-05],
          [2.0820e-05],
          [2.0615e-05],
          [1.7199e-05],
          [1.6752e-05],
          [1.5492e-05],
          [1.5033e-05],
          [1.1591e-05],
          [1.3035e-05],
          [1.1984e-05],
          [1.4313e-05],
          [1.2419e-05],
          [1.3711e-05],
          [1.2803e-05],
          [1.5045e-05],
          [1.3597e-05],
          [1.5625e-05],
          [1.6902e-05],
          [1.7777e-05],
          [1.9871e-05],
          [1.7238e-05],
          [2.1937e-05],
          [2.6871e-05],
          [2.5597e-05],
          [2.3052e-05],
          [2.3680e-05],
          [3.0813e-05],
          [2.9939e-05],
          [2.1595e-05],
          [2.5711e-05],
          [3.1318e-05],
          [2.4397e-05],
          [2.1467e-05],
          [1.5665e-05],
          [1.9446e-05],
          [1.4577e-05],
          [1.4941e-05],
          [1.5551e-05],
          [4.8900e-04],
          [6.3938e-05],
          [4.2278e-03],
          [1.8735e-05],
          [1.8354e-05],
          [1.7100e-05],
          [1.5311e-05],
          [1.7173e-05],
          [1.1576e-05],
          [1.0608e-05],
          [9.4562e-06],
          [9.7066e-06],
          [1.0545e-05],
          [1.1510e-05],
          [1.2151e-05],
          [1.1924e-05],
          [1.1787e-05],
          [4.8933e-04],
          [7.0862e-05],
          [1.8604e-03],
          [1.0941e-05],
          [9.4986e-06],
          [9.3496e-06],
          [1.0957e-05],
          [4.9131e-04],
          [1.2740e-03],
          [1.2834e-05],
          [1.6306e-05],
          [1.6759e-05],
          [2.5032e-05],
          [2.9142e-05],
          [3.5322e-05],
          [4.0077e-05],
          [3.7230e-05],
          [2.9526e-05],
          [3.0177e-05],
          [2.3524e-05],
          [1.6772e-05],
          [1.3586e-05],
          [1.2090e-05],
          [1.2302e-05],
          [1.2298e-05],
          [1.3819e-05],
          [5.1862e-05],
          [3.8544e-05],
          [4.6608e-05],
          [6.0639e-05],
          [3.7177e-05],
          [2.8202e-05],
          [2.4756e-05],
          [2.3810e-05],
          [1.8495e-05],
          [3.0006e-04],
          [4.8071e-04],
          [2.3064e-05],
          [1.9588e-05],
          [1.7490e-05],
          [1.5112e-05],
          [1.7923e-05],
          [1.9201e-05],
          [2.5907e-05],
          [1.7072e-04],
          [1.7025e-04],
          [3.5734e-04],
          [1.0717e-03],
          [1.7961e-05],
          [1.7187e-05],
          [1.6057e-05],
          [1.4791e-05],
          [1.3013e-05],
          [3.4885e-04],
          [2.0265e-04],
          [1.7824e-05],
          [9.3221e-05],
          [2.6898e-04],
          [1.9545e-05],
          [3.9151e-04],
          [2.1260e-05],
          [4.7179e-04],
          [2.1637e-05],
          [1.4070e-05],
          [1.1542e-05],
          [1.2993e-05],
          [1.0822e-05],
          [7.8072e-05],
          [7.3263e-06]]]])
