# Using CPU
# Loading Embeddings...
# Making Predictions...
torch.Size([1, 1, 442, 295])
tensor([[[[4.5944e-04],
          [4.1343e-05],
          [7.5314e-05],
          [1.1834e-04],
          [3.4416e-05],
          [2.6959e-04],
          [1.0456e-04],
          [7.9158e-05],
          [2.1795e-04],
          [1.2793e-04],
          [2.3224e-05],
          [1.6560e-05],
          [3.2432e-04],
          [2.8823e-04],
          [5.9270e-05],
          [3.2176e-05],
          [4.1828e-05],
          [5.6098e-05],
          [6.5124e-05],
          [6.5832e-05],
          [2.4208e-04],
          [5.5590e-05],
          [1.2300e-04],
          [2.6834e-05],
          [1.9382e-05],
          [2.6759e-05],
          [3.2543e-05],
          [5.3116e-05],
          [7.1140e-05],
          [9.4282e-05],
          [9.1957e-05],
          [9.6668e-05],
          [9.6322e-05],
          [1.0073e-04],
          [7.9402e-05],
          [6.8847e-05],
          [1.4676e-03],
          [6.7449e-05],
          [2.5178e-04],
          [1.2699e-04],
          [1.9572e-04],
          [2.2588e-05],
          [1.9056e-05],
          [2.1920e-05],
          [1.5623e-05],
          [2.1979e-05],
          [1.8722e-05],
          [2.2463e-05],
          [2.6712e-05],
          [1.9672e-04],
          [1.9555e-04],
          [3.1059e-05],
          [2.6412e-05],
          [2.1405e-04],
          [1.0476e-04],
          [2.4192e-05],
          [1.5846e-05],
          [1.4954e-05],
          [1.7836e-05],
          [2.1542e-05],
          [2.1103e-05],
          [2.0268e-05],
          [3.9038e-04],
          [2.1493e-04],
          [2.6588e-05],
          [2.6558e-05],
          [3.1345e-05],
          [4.1995e-05],
          [4.8246e-05],
          [4.4300e-05],
          [2.0264e-05],
          [3.4598e-04],
          [2.6746e-05],
          [2.5598e-05],
          [1.3756e-05],
          [2.2737e-05],
          [2.1849e-04],
          [1.8893e-05],
          [2.0908e-05],
          [2.2973e-05],
          [1.9221e-04],
          [1.6729e-04],
          [2.0149e-05],
          [1.4188e-05],
          [1.4616e-05],
          [1.5415e-05],
          [1.5306e-05],
          [1.6836e-05],
          [2.2238e-05],
          [2.4154e-05],
          [1.9518e-04],
          [6.1096e-05],
          [2.2267e-04],
          [4.8959e-05],
          [5.0165e-05],
          [5.8798e-05],
          [6.3554e-05],
          [6.9169e-05],
          [7.3276e-05],
          [7.4065e-05],
          [7.9225e-05],
          [6.7031e-05],
          [5.5798e-05],
          [4.1915e-05],
          [2.8845e-05],
          [2.4352e-05],
          [1.8215e-05],
          [2.2169e-05],
          [2.1891e-05],
          [2.3422e-05],
          [1.9343e-05],
          [1.2876e-04],
          [1.3373e-04],
          [2.4185e-05],
          [2.6778e-04],
          [1.6480e-05],
          [1.3973e-05],
          [1.3221e-05],
          [1.3751e-05],
          [1.5831e-05],
          [1.6601e-05],
          [2.1736e-05],
          [2.2291e-05],
          [2.7224e-05],
          [2.8156e-05],
          [3.5589e-05],
          [3.3657e-05],
          [4.4513e-05],
          [4.0140e-05],
          [4.7050e-05],
          [3.3964e-05],
          [4.3921e-04],
          [4.4241e-04],
          [2.3883e-05],
          [2.4762e-05],
          [2.5597e-05],
          [2.3349e-05],
          [2.1982e-05],
          [1.9619e-05],
          [1.9352e-05],
          [1.8408e-05],
          [1.5833e-05],
          [2.0063e-05],
          [1.9721e-05],
          [1.9578e-05],
          [1.6757e-05],
          [1.9197e-05],
          [2.8743e-05],
          [3.5649e-05],
          [6.0415e-05],
          [5.9105e-05],
          [7.2031e-05],
          [7.1364e-05],
          [9.7693e-05],
          [7.9180e-05],
          [7.3125e-05],
          [6.2241e-04],
          [7.1906e-05],
          [1.7880e-04],
          [1.3877e-04],
          [3.0014e-05],
          [2.4094e-05],
          [3.3099e-05],
          [2.7474e-05],
          [3.5759e-05],
          [2.7521e-05],
          [3.0578e-05],
          [2.8307e-05],
          [3.3696e-05],
          [3.1789e-05],
          [2.7356e-05],
          [2.9000e-04],
          [1.3314e-04],
          [2.5514e-05],
          [3.0490e-05],
          [4.1217e-05],
          [4.0277e-05],
          [3.3855e-05],
          [3.2912e-04],
          [7.6674e-05],
          [2.8306e-04],
          [1.7069e-05],
          [2.4409e-05],
          [1.6583e-04],
          [3.9788e-05],
          [3.4954e-04],
          [5.0401e-05],
          [5.0910e-05],
          [3.9839e-05],
          [2.6302e-04],
          [3.4753e-05],
          [1.1014e-04],
          [1.8414e-05],
          [2.3264e-05],
          [2.5529e-05],
          [2.2836e-05],
          [2.5227e-05],
          [2.1449e-05],
          [2.8744e-04],
          [1.7684e-04],
          [2.2400e-05],
          [2.1888e-05],
          [2.6020e-05],
          [2.5531e-05],
          [3.9040e-05],
          [3.8910e-05],
          [3.3631e-05],
          [2.0937e-04],
          [1.0028e-04],
          [3.3480e-05],
          [2.9989e-05],
          [2.6128e-05],
          [2.2681e-05],
          [2.4599e-04],
          [3.3995e-05],
          [2.0327e-05],
          [3.9759e-04],
          [1.9867e-05],
          [2.1161e-05],
          [2.2355e-05],
          [3.1975e-05],
          [3.5017e-05],
          [4.3237e-05],
          [4.2743e-05],
          [3.5681e-05],
          [4.9901e-05],
          [4.0437e-05],
          [3.5988e-05],
          [5.1232e-05],
          [3.6927e-05],
          [2.7583e-05],
          [2.9225e-05],
          [2.4395e-05],
          [2.1984e-05],
          [3.0981e-04],
          [8.4263e-05],
          [2.4335e-05],
          [2.4584e-05],
          [3.2614e-05],
          [2.8478e-05],
          [4.6701e-05],
          [3.4904e-05],
          [3.5164e-05],
          [6.1206e-05],
          [3.5775e-05],
          [2.8686e-05],
          [1.3603e-04],
          [9.6996e-05],
          [2.8336e-05],
          [2.3806e-04],
          [2.1797e-05],
          [1.5563e-04],
          [1.2285e-04],
          [1.5975e-05],
          [1.9637e-05],
          [2.2136e-05],
          [2.2419e-05],
          [2.6785e-05],
          [2.9837e-05],
          [3.8932e-05],
          [3.7657e-05],
          [5.9463e-05],
          [8.6245e-05],
          [1.2650e-04],
          [1.7231e-04],
          [1.1770e-04],
          [1.4700e-04],
          [1.2325e-03],
          [6.9706e-05],
          [5.7400e-05],
          [2.0982e-04],
          [1.2535e-04],
          [3.3836e-05],
          [2.4023e-04],
          [1.8100e-04],
          [3.7416e-05],
          [2.5371e-04],
          [1.4803e-05],
          [1.1512e-05],
          [1.3056e-05],
          [1.6724e-05],
          [2.5230e-05],
          [2.9960e-05],
          [3.6889e-05],
          [4.2823e-05],
          [4.9073e-05],
          [4.2336e-05],
          [2.1915e-04],
          [4.1738e-05],
          [8.1217e-05],
          [4.8032e-05],
          [1.8432e-05],
          [1.3109e-05],
          [1.8894e-05],
          [2.1096e-05],
          [2.6695e-05],
          [2.6289e-05],
          [2.6822e-04],
          [3.7559e-05],
          [2.3371e-04],
          [2.6582e-05],
          [2.9179e-05],
          [2.7378e-05],
          [2.3615e-05],
          [2.6938e-05],
          [2.6241e-05],
          [2.2602e-05],
          [2.1509e-05],
          [2.6592e-05],
          [2.3616e-05],
          [2.3006e-05],
          [2.8109e-05],
          [5.4612e-04],
          [1.2736e-04],
          [2.0295e-05],
          [1.8217e-05],
          [2.2686e-05],
          [2.2349e-05],
          [3.0734e-05],
          [4.0067e-05],
          [4.0052e-05],
          [3.7979e-05],
          [3.8195e-05],
          [4.0076e-05],
          [2.9726e-05],
          [2.6470e-05],
          [2.0076e-05],
          [1.7816e-05],
          [1.8805e-05],
          [1.3582e-05],
          [1.5586e-05],
          [1.7112e-05],
          [1.9457e-05],
          [2.8731e-05],
          [3.3237e-05],
          [4.4533e-05],
          [4.7346e-05],
          [4.5674e-05],
          [4.7491e-05],
          [5.5130e-05],
          [5.0826e-05],
          [4.9900e-05],
          [4.1111e-05],
          [3.3849e-05],
          [3.0964e-05],
          [3.6593e-05],
          [2.3046e-05],
          [4.5575e-05],
          [3.2721e-05],
          [2.8098e-05],
          [2.6135e-05],
          [2.8280e-05],
          [2.6099e-05],
          [2.0483e-05],
          [1.7540e-05],
          [2.1016e-05],
          [1.9994e-04],
          [2.9755e-05],
          [1.2794e-04],
          [1.8770e-05],
          [1.9483e-05],
          [2.4576e-05],
          [1.9614e-05],
          [1.8019e-05],
          [2.9557e-05],
          [2.7359e-05],
          [1.7509e-05],
          [1.7215e-05],
          [1.7492e-05],
          [1.5727e-05],
          [1.5381e-05],
          [1.8207e-05],
          [2.0139e-05],
          [1.9358e-04],
          [8.2640e-05],
          [3.7589e-04],
          [1.6984e-05],
          [1.6471e-05],
          [1.8164e-05],
          [2.0772e-05],
          [2.4831e-04],
          [2.0088e-04],
          [3.0797e-05],
          [3.1544e-05],
          [3.3386e-05],
          [5.1140e-05],
          [4.4818e-05],
          [6.5172e-05],
          [7.2372e-05],
          [6.1519e-05],
          [5.1018e-05],
          [4.8785e-05],
          [4.2541e-05],
          [3.0481e-05],
          [3.1879e-05],
          [2.4290e-05],
          [3.1287e-05],
          [1.9443e-05],
          [1.8218e-05],
          [5.4086e-05],
          [3.2315e-05],
          [2.6946e-05],
          [8.0466e-05],
          [2.2540e-05],
          [2.9928e-05],
          [2.1597e-05],
          [2.1035e-05],
          [1.6214e-05],
          [1.8022e-04],
          [2.1306e-04],
          [1.8481e-05],
          [1.7845e-05],
          [2.0113e-05],
          [1.3996e-05],
          [2.5662e-05],
          [2.3296e-05],
          [3.1892e-05],
          [6.5099e-05],
          [4.4795e-05],
          [1.3215e-04],
          [1.0806e-04],
          [2.6383e-05],
          [1.6566e-05],
          [1.4179e-05],
          [2.0576e-05],
          [1.4102e-05],
          [2.7501e-04],
          [1.3198e-04],
          [1.9274e-05],
          [8.8077e-05],
          [1.0609e-04],
          [1.8134e-05],
          [2.5716e-04],
          [2.7253e-05],
          [2.3076e-04],
          [2.1983e-05],
          [1.2188e-05],
          [9.9311e-06],
          [1.3929e-05],
          [1.1507e-05],
          [2.1660e-05],
          [4.4435e-06]]]])
