# Using CPU
# Loading Embeddings...
# Making Predictions...
torch.Size([1, 1, 442, 264])
tensor([[[[1.2210e-04],
          [2.0100e-05],
          [5.9259e-05],
          [2.1572e-05],
          [8.6080e-06],
          [1.9669e-04],
          [2.0164e-04],
          [1.4182e-05],
          [1.4534e-04],
          [2.1161e-04],
          [1.7868e-05],
          [1.7232e-05],
          [3.0666e-04],
          [1.2703e-04],
          [1.9773e-05],
          [1.0854e-05],
          [1.3991e-05],
          [9.2663e-06],
          [1.0276e-05],
          [1.8979e-05],
          [1.6022e-04],
          [1.9722e-05],
          [1.3198e-04],
          [1.1748e-05],
          [1.7642e-05],
          [2.5432e-05],
          [3.6206e-05],
          [5.9894e-05],
          [6.8503e-05],
          [8.2239e-05],
          [8.3404e-05],
          [9.6629e-05],
          [8.5387e-05],
          [9.9254e-05],
          [7.4553e-05],
          [6.1723e-05],
          [3.3259e-04],
          [4.1786e-05],
          [9.4051e-05],
          [5.8188e-05],
          [1.2104e-04],
          [2.3173e-05],
          [2.3069e-05],
          [2.6155e-05],
          [1.8262e-05],
          [1.8456e-05],
          [1.4145e-05],
          [1.4840e-05],
          [1.4870e-05],
          [1.5672e-04],
          [1.2209e-04],
          [1.0489e-05],
          [1.0472e-05],
          [2.0950e-04],
          [1.1815e-04],
          [1.4485e-05],
          [1.5718e-05],
          [1.5749e-05],
          [2.0419e-05],
          [2.2608e-05],
          [2.1507e-05],
          [2.0112e-05],
          [2.4926e-04],
          [1.4622e-04],
          [1.6184e-05],
          [1.5882e-05],
          [1.8823e-05],
          [1.8579e-05],
          [1.7852e-05],
          [1.4628e-05],
          [1.4493e-05],
          [1.9707e-04],
          [2.2251e-05],
          [1.8288e-05],
          [1.3536e-05],
          [1.7483e-05],
          [2.6877e-04],
          [1.2490e-05],
          [1.3243e-05],
          [1.0899e-05],
          [1.9678e-04],
          [1.1424e-04],
          [1.2313e-05],
          [1.3562e-05],
          [1.5487e-05],
          [1.8334e-05],
          [2.0096e-05],
          [2.1994e-05],
          [1.8232e-05],
          [1.5741e-05],
          [1.4726e-04],
          [3.7951e-05],
          [1.4093e-04],
          [1.1949e-05],
          [1.3442e-05],
          [1.5720e-05],
          [1.5540e-05],
          [2.0061e-05],
          [1.5938e-05],
          [1.7182e-05],
          [3.0647e-05],
          [1.4425e-05],
          [1.1595e-05],
          [1.0489e-05],
          [1.1865e-05],
          [1.7645e-05],
          [2.0361e-05],
          [2.4691e-05],
          [2.5126e-05],
          [2.6635e-05],
          [2.1396e-05],
          [1.2530e-04],
          [1.3058e-04],
          [1.7813e-05],
          [1.5638e-04],
          [1.4288e-05],
          [1.2791e-05],
          [1.1486e-05],
          [1.3659e-05],
          [1.5676e-05],
          [1.5396e-05],
          [1.2073e-05],
          [1.7235e-05],
          [1.3554e-05],
          [1.4049e-05],
          [1.2665e-05],
          [1.3885e-05],
          [1.5108e-05],
          [1.8325e-05],
          [2.2672e-05],
          [2.7362e-05],
          [3.0881e-04],
          [2.3944e-04],
          [4.8443e-05],
          [2.8496e-05],
          [2.3290e-05],
          [1.9106e-05],
          [1.9780e-05],
          [1.7292e-05],
          [1.7383e-05],
          [1.5171e-05],
          [1.4389e-05],
          [1.0695e-05],
          [1.2301e-05],
          [1.4740e-05],
          [1.9997e-05],
          [2.0870e-05],
          [2.9550e-05],
          [3.5033e-05],
          [5.3452e-05],
          [5.3536e-05],
          [5.8111e-05],
          [5.5421e-05],
          [6.3948e-05],
          [5.4701e-05],
          [4.7380e-05],
          [2.3020e-04],
          [1.2871e-04],
          [9.0014e-05],
          [2.1738e-04],
          [2.1651e-05],
          [1.4726e-05],
          [1.6225e-05],
          [1.9292e-05],
          [2.0047e-05],
          [2.5201e-05],
          [2.2936e-05],
          [2.2896e-05],
          [2.5090e-05],
          [2.6653e-05],
          [2.1477e-05],
          [2.1683e-04],
          [1.8916e-04],
          [2.4491e-05],
          [2.8058e-05],
          [3.2074e-05],
          [3.6329e-05],
          [3.1234e-05],
          [1.4282e-04],
          [3.6162e-05],
          [1.6374e-04],
          [1.4270e-05],
          [1.6047e-05],
          [1.4871e-04],
          [1.5432e-05],
          [1.4754e-04],
          [1.4203e-05],
          [1.5717e-05],
          [1.3425e-05],
          [2.1728e-04],
          [2.8456e-05],
          [2.9381e-04],
          [1.8334e-05],
          [2.3496e-05],
          [2.4653e-05],
          [2.4965e-05],
          [2.7330e-05],
          [2.0714e-05],
          [1.6882e-04],
          [1.4810e-04],
          [1.7387e-05],
          [1.6025e-05],
          [1.5491e-05],
          [1.5062e-05],
          [1.8405e-05],
          [1.7663e-05],
          [1.5590e-05],
          [1.1930e-04],
          [1.3964e-04],
          [1.6683e-05],
          [1.6224e-05],
          [1.5472e-05],
          [1.2930e-05],
          [1.7612e-04],
          [3.3965e-05],
          [1.5593e-05],
          [2.9825e-04],
          [1.3817e-05],
          [1.4111e-05],
          [1.1513e-05],
          [1.3530e-05],
          [1.2796e-05],
          [1.3909e-05],
          [1.2763e-05],
          [1.5623e-05],
          [1.7351e-05],
          [2.1558e-05],
          [1.6017e-05],
          [1.7150e-05],
          [1.4075e-05],
          [1.2736e-05],
          [1.4675e-05],
          [1.2561e-05],
          [1.2064e-05],
          [1.4576e-04],
          [1.2510e-04],
          [1.4795e-05],
          [1.3606e-05],
          [1.1760e-05],
          [1.7537e-05],
          [1.8585e-05],
          [2.8564e-05],
          [1.3282e-05],
          [2.0790e-05],
          [1.7257e-05],
          [1.1743e-05],
          [1.8631e-04],
          [1.0642e-04],
          [2.6614e-05],
          [1.5162e-04],
          [9.9856e-06],
          [1.1409e-04],
          [8.5432e-05],
          [2.0342e-05],
          [2.4633e-05],
          [2.5694e-05],
          [2.2804e-05],
          [3.0005e-05],
          [3.3960e-05],
          [4.8418e-05],
          [4.7513e-05],
          [6.7969e-05],
          [7.7165e-05],
          [1.1189e-04],
          [8.9419e-05],
          [8.9331e-05],
          [6.4586e-05],
          [1.6907e-04],
          [2.8529e-05],
          [2.7125e-05],
          [1.5084e-04],
          [1.8088e-04],
          [2.1951e-05],
          [1.1200e-04],
          [1.0985e-04],
          [3.4518e-05],
          [1.5036e-04],
          [1.2223e-05],
          [1.1523e-05],
          [1.0201e-05],
          [9.3087e-06],
          [8.5747e-06],
          [9.2964e-06],
          [2.7540e-05],
          [1.0215e-05],
          [1.0613e-05],
          [1.0891e-05],
          [2.0002e-04],
          [2.5482e-05],
          [6.4800e-05],
          [7.5448e-05],
          [1.1191e-05],
          [1.1026e-05],
          [1.0892e-05],
          [1.0885e-05],
          [1.0592e-05],
          [1.0412e-05],
          [2.0141e-04],
          [1.6678e-05],
          [2.1857e-04],
          [1.1249e-05],
          [1.2658e-05],
          [1.2411e-05],
          [1.2177e-05],
          [1.2573e-05],
          [1.2065e-05],
          [1.2058e-05],
          [1.3694e-05],
          [1.3782e-05],
          [1.7865e-05],
          [2.0462e-05],
          [2.5090e-05],
          [1.7890e-04],
          [1.6639e-04],
          [2.0534e-05],
          [1.6205e-05],
          [1.7049e-05],
          [1.0327e-05],
          [1.2319e-05],
          [1.3380e-05],
          [1.3067e-05],
          [1.2015e-05],
          [1.3036e-05],
          [1.2199e-05],
          [1.2272e-05],
          [1.0849e-05],
          [1.1066e-05],
          [1.0049e-05],
          [1.3798e-05],
          [1.6267e-05],
          [1.2716e-05],
          [1.2543e-05],
          [1.4205e-05],
          [1.3961e-05],
          [1.4589e-05],
          [1.6598e-05],
          [1.5105e-05],
          [1.8465e-05],
          [1.5872e-05],
          [1.6467e-05],
          [1.6404e-05],
          [1.6402e-05],
          [1.4472e-05],
          [1.9131e-05],
          [2.0953e-05],
          [2.4244e-05],
          [1.3923e-05],
          [2.5321e-05],
          [2.2053e-05],
          [1.2401e-05],
          [1.4813e-05],
          [1.0483e-05],
          [1.5055e-05],
          [1.4492e-05],
          [1.4887e-05],
          [1.3313e-05],
          [2.0010e-04],
          [2.9043e-05],
          [3.3635e-04],
          [1.4890e-05],
          [1.5599e-05],
          [1.5229e-05],
          [1.4355e-05],
          [1.5500e-05],
          [1.4448e-05],
          [1.4406e-05],
          [1.2671e-05],
          [1.2200e-05],
          [1.1994e-05],
          [1.3390e-05],
          [1.1353e-05],
          [1.6160e-05],
          [1.4562e-05],
          [2.2187e-04],
          [6.6933e-05],
          [2.8649e-04],
          [1.1450e-05],
          [1.0215e-05],
          [1.0513e-05],
          [9.5344e-06],
          [1.9801e-04],
          [1.7525e-04],
          [1.1251e-05],
          [1.1296e-05],
          [1.1171e-05],
          [1.7167e-05],
          [2.0452e-05],
          [2.7165e-05],
          [2.6241e-05],
          [2.2830e-05],
          [1.9773e-05],
          [1.6617e-05],
          [1.4348e-05],
          [1.2483e-05],
          [1.0187e-05],
          [1.0186e-05],
          [1.0596e-05],
          [1.5253e-05],
          [1.2381e-05],
          [7.1138e-05],
          [2.2947e-05],
          [2.9832e-05],
          [4.4762e-05],
          [2.3055e-05],
          [3.5735e-05],
          [2.1161e-05],
          [3.0415e-05],
          [1.8413e-05],
          [1.2553e-04],
          [1.0342e-04],
          [2.0530e-05],
          [1.9131e-05],
          [1.6187e-05],
          [1.6736e-05],
          [2.1909e-05],
          [1.9339e-05],
          [2.3563e-05],
          [5.1956e-05],
          [3.6680e-05],
          [6.5794e-05],
          [1.0159e-04],
          [2.0712e-05],
          [1.6929e-05],
          [1.4406e-05],
          [1.6201e-05],
          [1.3140e-05],
          [1.9403e-04],
          [1.1052e-04],
          [1.4425e-05],
          [5.3899e-05],
          [1.0555e-04],
          [1.5315e-05],
          [1.6289e-04],
          [2.1157e-05],
          [2.3408e-04],
          [1.7828e-05],
          [1.4327e-05],
          [1.1229e-05],
          [1.2991e-05],
          [1.1735e-05],
          [2.0235e-05],
          [4.6880e-06]]]])
