# Using CPU
# Loading Embeddings...
# Making Predictions...
torch.Size([1, 1, 442, 274])
tensor([[[[1.4404e-04],
          [2.2332e-05],
          [9.3344e-05],
          [9.2749e-05],
          [8.3863e-06],
          [2.2599e-04],
          [8.4755e-05],
          [3.0585e-05],
          [1.5684e-04],
          [1.5681e-04],
          [1.4705e-05],
          [1.4040e-05],
          [6.1413e-04],
          [2.1872e-04],
          [4.2801e-05],
          [2.7070e-05],
          [2.7654e-05],
          [1.4589e-05],
          [1.5006e-05],
          [2.0292e-05],
          [2.7280e-04],
          [2.0950e-05],
          [3.1416e-04],
          [1.3204e-05],
          [1.4536e-05],
          [2.1052e-05],
          [2.7790e-05],
          [4.3828e-05],
          [4.9345e-05],
          [5.9266e-05],
          [5.9975e-05],
          [6.7755e-05],
          [6.0608e-05],
          [6.8698e-05],
          [5.2469e-05],
          [4.4626e-05],
          [1.3945e-03],
          [5.8129e-05],
          [1.8263e-04],
          [1.2048e-04],
          [2.0149e-04],
          [1.9353e-05],
          [1.8494e-05],
          [2.0449e-05],
          [1.5798e-05],
          [1.5931e-05],
          [1.2884e-05],
          [1.4126e-05],
          [2.4534e-05],
          [2.8814e-04],
          [1.6927e-04],
          [1.2035e-05],
          [1.1262e-05],
          [2.4543e-04],
          [1.8224e-04],
          [1.2399e-05],
          [1.3850e-05],
          [1.6239e-05],
          [1.6323e-05],
          [1.8063e-05],
          [1.7453e-05],
          [1.6761e-05],
          [2.7978e-04],
          [1.9086e-04],
          [1.4756e-05],
          [1.4957e-05],
          [1.4479e-05],
          [1.3554e-05],
          [1.4440e-05],
          [1.3304e-05],
          [1.3354e-05],
          [3.4105e-04],
          [2.4792e-05],
          [1.4712e-05],
          [1.2768e-05],
          [2.2854e-05],
          [6.5682e-04],
          [1.1973e-05],
          [1.2786e-05],
          [1.0591e-05],
          [3.9311e-04],
          [1.4796e-04],
          [1.0764e-05],
          [1.1350e-05],
          [1.2724e-05],
          [1.4728e-05],
          [1.5733e-05],
          [1.6903e-05],
          [1.4567e-05],
          [1.3317e-05],
          [1.9630e-04],
          [7.6938e-05],
          [1.9828e-04],
          [1.2247e-05],
          [1.0760e-05],
          [1.3179e-05],
          [1.2985e-05],
          [1.6772e-05],
          [1.5832e-05],
          [1.7176e-05],
          [2.2829e-05],
          [1.5602e-05],
          [1.0779e-05],
          [9.9860e-06],
          [1.0974e-05],
          [1.5542e-05],
          [1.6252e-05],
          [1.9729e-05],
          [2.0374e-05],
          [2.0559e-05],
          [1.6557e-05],
          [5.9875e-05],
          [1.5928e-04],
          [1.7116e-05],
          [1.9318e-04],
          [1.4584e-05],
          [1.1461e-05],
          [1.1209e-05],
          [1.2913e-05],
          [1.3927e-05],
          [1.4315e-05],
          [1.1821e-05],
          [1.6204e-05],
          [1.1098e-05],
          [1.1757e-05],
          [1.1796e-05],
          [1.1759e-05],
          [1.2322e-05],
          [1.4184e-05],
          [1.4625e-05],
          [1.3979e-05],
          [6.2079e-04],
          [3.3540e-04],
          [1.8694e-05],
          [1.8930e-05],
          [1.7584e-05],
          [1.6540e-05],
          [1.7796e-05],
          [1.5126e-05],
          [1.5994e-05],
          [1.3601e-05],
          [1.4147e-05],
          [1.0128e-05],
          [1.1155e-05],
          [1.1948e-05],
          [1.4848e-05],
          [1.6357e-05],
          [2.1533e-05],
          [2.5468e-05],
          [3.7470e-05],
          [3.9279e-05],
          [3.8703e-05],
          [3.8638e-05],
          [4.7884e-05],
          [4.0004e-05],
          [3.6310e-05],
          [1.3607e-04],
          [1.4545e-04],
          [1.0574e-04],
          [3.0854e-04],
          [4.1786e-05],
          [1.3899e-05],
          [1.4611e-05],
          [1.6764e-05],
          [1.5192e-05],
          [2.2461e-05],
          [1.6866e-05],
          [1.8138e-05],
          [1.7951e-05],
          [1.9041e-05],
          [1.5438e-05],
          [1.9474e-04],
          [2.4267e-04],
          [1.8513e-05],
          [2.1557e-05],
          [2.3260e-05],
          [2.5751e-05],
          [2.3613e-05],
          [2.5087e-04],
          [4.3959e-05],
          [2.6054e-04],
          [1.2830e-05],
          [1.2366e-05],
          [2.5301e-04],
          [1.7509e-05],
          [2.2176e-04],
          [1.3072e-05],
          [2.3881e-05],
          [1.3005e-05],
          [2.2476e-04],
          [1.4490e-05],
          [2.9829e-04],
          [1.5993e-05],
          [1.9532e-05],
          [2.0683e-05],
          [2.0739e-05],
          [2.4426e-05],
          [1.9790e-05],
          [2.6815e-04],
          [1.5572e-04],
          [1.5575e-05],
          [1.4150e-05],
          [1.3885e-05],
          [1.2311e-05],
          [1.6239e-05],
          [1.6974e-05],
          [3.5518e-05],
          [1.4654e-04],
          [2.1389e-04],
          [1.7768e-05],
          [1.6243e-05],
          [1.6135e-05],
          [1.3864e-05],
          [2.0715e-04],
          [3.0605e-05],
          [1.6296e-05],
          [4.2552e-04],
          [1.3923e-05],
          [1.4587e-05],
          [1.2544e-05],
          [1.4037e-05],
          [1.4621e-05],
          [1.2435e-05],
          [1.2508e-05],
          [1.3498e-05],
          [4.0917e-05],
          [1.7201e-05],
          [1.6297e-05],
          [1.4375e-05],
          [1.1089e-05],
          [1.1438e-05],
          [1.5497e-05],
          [1.1509e-05],
          [1.3201e-05],
          [1.7400e-04],
          [1.3373e-04],
          [1.3419e-05],
          [1.4895e-05],
          [1.2576e-05],
          [1.7372e-05],
          [1.8706e-05],
          [2.3010e-05],
          [1.3462e-05],
          [1.4824e-05],
          [1.6226e-05],
          [1.1880e-05],
          [1.4735e-04],
          [2.3529e-04],
          [1.8600e-05],
          [2.4126e-04],
          [1.1027e-05],
          [1.3793e-04],
          [1.3493e-04],
          [1.6825e-05],
          [2.2210e-05],
          [2.6874e-05],
          [2.5674e-05],
          [3.4037e-05],
          [4.1346e-05],
          [5.1813e-05],
          [4.5330e-05],
          [5.9488e-05],
          [6.2000e-05],
          [7.1905e-05],
          [5.7987e-05],
          [5.7462e-05],
          [4.0236e-05],
          [2.2360e-04],
          [2.6087e-05],
          [2.2956e-05],
          [2.3089e-04],
          [7.4713e-05],
          [3.0452e-05],
          [2.1419e-04],
          [1.4676e-04],
          [3.6581e-05],
          [2.2069e-04],
          [1.2300e-05],
          [1.1105e-05],
          [1.0409e-05],
          [9.3805e-06],
          [9.4476e-06],
          [9.7505e-06],
          [3.4196e-05],
          [1.0170e-05],
          [1.1791e-05],
          [1.0919e-05],
          [5.8842e-04],
          [3.1401e-05],
          [1.2725e-04],
          [5.0916e-05],
          [1.0023e-05],
          [9.8170e-06],
          [1.2177e-05],
          [9.5274e-06],
          [9.4206e-06],
          [1.0845e-05],
          [2.3201e-04],
          [1.6607e-05],
          [4.3215e-04],
          [1.3260e-05],
          [1.2165e-05],
          [1.3131e-05],
          [1.3100e-05],
          [1.3785e-05],
          [1.4010e-05],
          [1.4632e-05],
          [1.8642e-05],
          [1.6205e-05],
          [2.2548e-05],
          [2.7526e-05],
          [3.1844e-05],
          [2.1212e-04],
          [2.5000e-04],
          [1.9875e-05],
          [1.6447e-05],
          [2.3494e-05],
          [1.1290e-05],
          [1.1204e-05],
          [1.3777e-05],
          [1.5014e-05],
          [1.4958e-05],
          [1.4331e-05],
          [1.3395e-05],
          [1.4432e-05],
          [1.3229e-05],
          [1.5962e-05],
          [1.4656e-05],
          [1.6618e-05],
          [1.7250e-05],
          [1.6374e-05],
          [1.6107e-05],
          [2.2784e-05],
          [1.6640e-05],
          [1.5643e-05],
          [1.5808e-05],
          [1.6056e-05],
          [1.6006e-05],
          [1.5198e-05],
          [1.9790e-05],
          [2.0536e-05],
          [2.5409e-05],
          [1.8544e-05],
          [1.9130e-05],
          [2.0070e-05],
          [2.2026e-05],
          [1.5516e-05],
          [1.4700e-05],
          [1.5969e-05],
          [1.4940e-05],
          [1.3689e-05],
          [1.2729e-05],
          [1.6131e-05],
          [1.4926e-05],
          [1.4419e-05],
          [1.3932e-05],
          [1.0281e-04],
          [2.5259e-05],
          [2.2588e-04],
          [1.7152e-05],
          [1.8277e-05],
          [1.6284e-05],
          [1.5814e-05],
          [1.5702e-05],
          [1.5710e-05],
          [1.6740e-05],
          [1.5069e-05],
          [1.3508e-05],
          [1.4551e-05],
          [1.4061e-05],
          [1.4206e-05],
          [1.6367e-05],
          [1.4301e-05],
          [1.4126e-04],
          [1.1849e-04],
          [3.4971e-04],
          [1.1991e-05],
          [1.0552e-05],
          [9.5412e-06],
          [9.4596e-06],
          [2.8595e-04],
          [2.9262e-04],
          [1.1277e-05],
          [1.0846e-05],
          [1.0323e-05],
          [1.4993e-05],
          [1.9682e-05],
          [2.4319e-05],
          [3.0778e-05],
          [2.7748e-05],
          [2.3904e-05],
          [2.0603e-05],
          [2.0877e-05],
          [1.8159e-05],
          [1.8921e-05],
          [1.3245e-05],
          [1.3758e-05],
          [1.4109e-05],
          [1.3453e-05],
          [3.7364e-05],
          [2.9308e-05],
          [2.9441e-05],
          [3.4097e-05],
          [2.1024e-05],
          [2.6644e-05],
          [2.0871e-05],
          [1.9688e-05],
          [1.5052e-05],
          [2.8442e-04],
          [1.3118e-04],
          [1.7204e-05],
          [1.6321e-05],
          [1.4505e-05],
          [1.4851e-05],
          [1.8045e-05],
          [1.9139e-05],
          [2.0089e-05],
          [6.3487e-05],
          [3.0828e-05],
          [1.4082e-04],
          [1.4183e-04],
          [2.2445e-05],
          [1.3552e-05],
          [1.4033e-05],
          [1.5777e-05],
          [1.1876e-05],
          [2.2354e-04],
          [1.6005e-04],
          [1.4416e-05],
          [6.6559e-05],
          [9.6119e-05],
          [1.5309e-05],
          [3.5431e-04],
          [2.1053e-05],
          [2.8049e-04],
          [1.8428e-05],
          [1.1934e-05],
          [1.0158e-05],
          [1.1711e-05],
          [3.1486e-05],
          [1.7979e-05],
          [4.9108e-06]]]])
