# Using CPU
# Loading Embeddings...
# Making Predictions...
torch.Size([1, 1, 442, 283])
tensor([[[[1.0764e-04],
          [3.1712e-05],
          [8.3791e-05],
          [2.5279e-05],
          [2.3126e-05],
          [2.9134e-04],
          [3.8881e-04],
          [4.4907e-05],
          [1.9774e-04],
          [4.1593e-04],
          [3.3710e-05],
          [3.1858e-05],
          [4.3162e-04],
          [2.0959e-04],
          [5.8704e-05],
          [3.5690e-05],
          [4.1269e-05],
          [4.2002e-05],
          [3.8501e-05],
          [3.2496e-05],
          [4.6954e-04],
          [3.9450e-05],
          [3.1907e-04],
          [3.9359e-05],
          [3.8362e-05],
          [4.6282e-05],
          [4.1709e-05],
          [7.4592e-05],
          [9.2165e-05],
          [1.1991e-04],
          [1.0923e-04],
          [1.3011e-04],
          [1.1584e-04],
          [1.2829e-04],
          [9.8017e-05],
          [7.8571e-05],
          [2.0967e-03],
          [8.4472e-05],
          [2.6569e-04],
          [2.1245e-04],
          [2.5146e-04],
          [4.0721e-05],
          [3.3675e-05],
          [3.0376e-05],
          [3.3805e-05],
          [4.0227e-05],
          [3.0419e-05],
          [3.1447e-05],
          [2.9759e-05],
          [1.8311e-04],
          [2.4490e-04],
          [3.9703e-05],
          [3.6063e-05],
          [3.4824e-04],
          [2.5488e-04],
          [3.9223e-05],
          [3.6145e-05],
          [3.7948e-05],
          [3.7970e-05],
          [3.5583e-05],
          [3.4732e-05],
          [2.9151e-05],
          [5.4906e-04],
          [2.0547e-04],
          [5.1841e-05],
          [4.4786e-05],
          [4.7909e-05],
          [5.0834e-05],
          [5.7031e-05],
          [4.8390e-05],
          [3.3307e-05],
          [2.4508e-04],
          [3.7547e-05],
          [3.7555e-05],
          [3.8849e-05],
          [3.6905e-05],
          [7.4828e-04],
          [3.2425e-05],
          [3.3598e-05],
          [2.6895e-05],
          [1.8161e-04],
          [1.4411e-04],
          [2.8998e-05],
          [2.9279e-05],
          [2.8784e-05],
          [2.4323e-05],
          [3.1939e-05],
          [2.8585e-05],
          [2.9775e-05],
          [2.8482e-05],
          [3.3344e-04],
          [5.9421e-05],
          [1.9368e-04],
          [3.9125e-05],
          [3.2691e-05],
          [4.3839e-05],
          [4.7519e-05],
          [4.6003e-05],
          [4.7111e-05],
          [5.2238e-05],
          [5.1054e-05],
          [5.5808e-05],
          [4.3623e-05],
          [4.0737e-05],
          [4.2980e-05],
          [3.9728e-05],
          [3.3196e-05],
          [2.9726e-05],
          [3.2252e-05],
          [3.1821e-05],
          [2.4461e-05],
          [1.1740e-04],
          [1.1119e-04],
          [4.2971e-05],
          [1.6000e-04],
          [2.5665e-05],
          [2.6197e-05],
          [3.5178e-05],
          [2.2188e-05],
          [2.7089e-05],
          [3.1054e-05],
          [2.4755e-05],
          [3.2104e-05],
          [3.7337e-05],
          [4.2557e-05],
          [3.8755e-05],
          [4.5989e-05],
          [4.4877e-05],
          [5.1148e-05],
          [6.7167e-05],
          [4.8199e-05],
          [3.6138e-04],
          [3.7608e-04],
          [7.1565e-05],
          [5.3866e-05],
          [5.3078e-05],
          [4.3324e-05],
          [4.9462e-05],
          [4.4849e-05],
          [3.2867e-05],
          [3.7177e-05],
          [3.7026e-05],
          [3.3366e-05],
          [3.6985e-05],
          [3.7491e-05],
          [3.9620e-05],
          [4.3338e-05],
          [4.0485e-05],
          [4.3679e-05],
          [6.5917e-05],
          [7.2051e-05],
          [7.4631e-05],
          [7.2307e-05],
          [9.7311e-05],
          [7.5585e-05],
          [6.7576e-05],
          [4.4510e-04],
          [1.8588e-04],
          [1.8751e-04],
          [4.0839e-04],
          [4.5386e-05],
          [4.2054e-05],
          [4.8429e-05],
          [4.6537e-05],
          [5.4464e-05],
          [4.8613e-05],
          [4.6951e-05],
          [4.7023e-05],
          [4.4629e-05],
          [4.0658e-05],
          [3.8811e-05],
          [3.5976e-04],
          [2.8458e-04],
          [3.7364e-05],
          [4.0449e-05],
          [5.0046e-05],
          [3.9931e-05],
          [3.5319e-05],
          [4.2176e-04],
          [5.8547e-05],
          [2.5065e-04],
          [3.3692e-05],
          [2.5835e-05],
          [1.9482e-04],
          [3.3756e-05],
          [1.7623e-04],
          [3.6808e-05],
          [3.6306e-05],
          [3.1267e-05],
          [3.7165e-04],
          [3.8898e-05],
          [6.2749e-04],
          [3.5563e-05],
          [3.6864e-05],
          [3.3909e-05],
          [3.2019e-05],
          [2.9121e-05],
          [2.9660e-05],
          [4.0389e-04],
          [1.9906e-04],
          [3.0434e-05],
          [3.5592e-05],
          [3.2475e-05],
          [3.1447e-05],
          [3.6316e-05],
          [3.4496e-05],
          [3.4857e-05],
          [2.8908e-04],
          [2.9239e-04],
          [3.3333e-05],
          [3.2781e-05],
          [3.0881e-05],
          [2.9525e-05],
          [2.5165e-04],
          [4.4387e-05],
          [3.4517e-05],
          [5.0559e-04],
          [2.9715e-05],
          [2.8935e-05],
          [2.8887e-05],
          [3.9741e-05],
          [4.1464e-05],
          [4.8190e-05],
          [4.0276e-05],
          [3.6903e-05],
          [4.8097e-05],
          [5.8518e-05],
          [4.1542e-05],
          [5.0944e-05],
          [7.1372e-05],
          [3.8607e-05],
          [4.2085e-05],
          [3.5456e-05],
          [2.6543e-05],
          [2.9554e-04],
          [1.6977e-04],
          [4.1190e-05],
          [3.1505e-05],
          [3.1494e-05],
          [5.1236e-05],
          [7.3542e-05],
          [3.3724e-05],
          [3.7611e-05],
          [1.0343e-04],
          [3.4253e-05],
          [2.6992e-05],
          [3.8310e-04],
          [8.2689e-05],
          [3.5348e-05],
          [2.0242e-04],
          [2.6561e-05],
          [1.6928e-04],
          [1.4251e-04],
          [2.6901e-05],
          [2.7726e-05],
          [3.2140e-05],
          [3.2853e-05],
          [3.8256e-05],
          [4.0357e-05],
          [5.0769e-05],
          [4.6800e-05],
          [6.8630e-05],
          [7.8379e-05],
          [1.0873e-04],
          [1.6270e-04],
          [8.8897e-05],
          [1.2663e-04],
          [6.9176e-04],
          [5.5968e-05],
          [3.9904e-05],
          [1.8845e-04],
          [1.4137e-04],
          [2.7067e-05],
          [1.3064e-04],
          [1.8657e-04],
          [3.0671e-05],
          [1.8712e-04],
          [2.0128e-05],
          [2.6508e-05],
          [2.2628e-05],
          [2.0664e-05],
          [2.5369e-05],
          [2.7586e-05],
          [3.0778e-05],
          [3.3485e-05],
          [3.7073e-05],
          [2.6349e-05],
          [2.9210e-04],
          [2.9495e-05],
          [5.9436e-05],
          [1.3386e-04],
          [2.5018e-05],
          [2.0141e-05],
          [2.4714e-05],
          [2.5238e-05],
          [2.4878e-05],
          [2.4838e-05],
          [3.7923e-04],
          [3.6348e-05],
          [4.2632e-04],
          [3.1035e-05],
          [3.1211e-05],
          [2.8728e-05],
          [2.7890e-05],
          [3.0347e-05],
          [3.0450e-05],
          [3.1946e-05],
          [3.6162e-05],
          [4.5802e-05],
          [3.9542e-05],
          [4.0309e-05],
          [3.7001e-05],
          [5.1476e-04],
          [2.3522e-04],
          [3.3876e-05],
          [2.9609e-05],
          [2.2106e-05],
          [2.2202e-05],
          [2.0795e-05],
          [2.6649e-05],
          [2.7267e-05],
          [2.0707e-05],
          [1.6706e-05],
          [2.0389e-05],
          [1.8754e-05],
          [1.7284e-05],
          [2.0521e-05],
          [1.7466e-05],
          [2.3036e-05],
          [1.6905e-05],
          [2.5599e-05],
          [2.8454e-05],
          [2.9723e-05],
          [3.1654e-05],
          [4.6231e-05],
          [4.4161e-05],
          [4.5157e-05],
          [4.6043e-05],
          [4.3583e-05],
          [5.1178e-05],
          [6.5153e-05],
          [4.9323e-05],
          [3.7835e-05],
          [4.4319e-05],
          [5.0882e-05],
          [3.8306e-05],
          [2.7393e-05],
          [6.5374e-05],
          [3.4134e-05],
          [3.4300e-05],
          [3.4067e-05],
          [2.5270e-05],
          [3.1772e-05],
          [2.1890e-05],
          [3.0014e-05],
          [2.5618e-05],
          [2.6680e-04],
          [4.2309e-05],
          [6.6610e-04],
          [2.9751e-05],
          [2.8885e-05],
          [3.0403e-05],
          [3.0157e-05],
          [3.1238e-05],
          [3.0251e-05],
          [3.1828e-05],
          [2.4524e-05],
          [2.3273e-05],
          [3.0102e-05],
          [2.7718e-05],
          [2.2883e-05],
          [2.7884e-05],
          [2.4625e-05],
          [1.9568e-04],
          [5.2863e-05],
          [4.8251e-04],
          [3.0870e-05],
          [2.7641e-05],
          [2.1382e-05],
          [2.2134e-05],
          [3.4578e-04],
          [3.8754e-04],
          [2.3009e-05],
          [2.3779e-05],
          [2.7178e-05],
          [4.5476e-05],
          [4.1731e-05],
          [5.7428e-05],
          [5.8001e-05],
          [5.2764e-05],
          [4.0508e-05],
          [3.7915e-05],
          [3.9071e-05],
          [2.2786e-05],
          [2.4999e-05],
          [1.9708e-05],
          [3.1085e-05],
          [2.4894e-05],
          [2.1854e-05],
          [1.3973e-04],
          [3.9102e-05],
          [4.0585e-05],
          [8.1581e-05],
          [3.2212e-05],
          [4.0161e-05],
          [2.2232e-05],
          [2.2221e-05],
          [1.8368e-05],
          [2.8569e-04],
          [1.7644e-04],
          [3.7104e-05],
          [3.6176e-05],
          [4.4953e-05],
          [3.0911e-05],
          [4.4935e-05],
          [4.4846e-05],
          [4.2394e-05],
          [6.8935e-05],
          [8.2539e-05],
          [2.5955e-04],
          [2.6124e-04],
          [3.3176e-05],
          [2.1034e-05],
          [1.5558e-05],
          [1.8897e-05],
          [1.5674e-05],
          [2.8480e-04],
          [8.1397e-05],
          [1.5909e-05],
          [6.9427e-05],
          [1.4430e-04],
          [1.9260e-05],
          [1.5900e-04],
          [2.0668e-05],
          [2.7130e-04],
          [2.1601e-05],
          [2.6413e-05],
          [2.1621e-05],
          [3.0178e-05],
          [1.7462e-05],
          [4.6939e-05],
          [6.6158e-06]]]])
