# Using CPU
# Loading Embeddings...
# Making Predictions...
torch.Size([1, 1, 442, 252])
tensor([[[[1.5004e-04],
          [2.5725e-05],
          [1.0517e-04],
          [2.5633e-05],
          [1.0185e-05],
          [8.6456e-04],
          [7.4589e-04],
          [1.7939e-05],
          [6.3086e-04],
          [7.5921e-04],
          [1.5869e-05],
          [1.6604e-05],
          [4.7719e-04],
          [2.5871e-04],
          [1.6746e-05],
          [1.2121e-05],
          [1.2956e-05],
          [1.4012e-05],
          [1.7697e-05],
          [2.1826e-05],
          [1.3236e-03],
          [2.7601e-05],
          [4.4801e-04],
          [1.7118e-05],
          [1.5067e-05],
          [2.0559e-05],
          [2.8347e-05],
          [5.2839e-05],
          [6.8491e-05],
          [8.5246e-05],
          [8.8450e-05],
          [1.0361e-04],
          [1.0882e-04],
          [1.1390e-04],
          [8.9258e-05],
          [7.3175e-05],
          [2.7365e-03],
          [6.7590e-05],
          [2.4768e-04],
          [2.1707e-04],
          [3.3404e-04],
          [2.6339e-05],
          [2.3392e-05],
          [2.3729e-05],
          [1.7329e-05],
          [1.7096e-05],
          [1.3767e-05],
          [1.6924e-05],
          [2.1188e-05],
          [2.9841e-04],
          [3.5724e-04],
          [1.1387e-05],
          [1.2467e-05],
          [8.7612e-04],
          [4.3936e-04],
          [1.2570e-05],
          [1.2837e-05],
          [1.4342e-05],
          [1.5810e-05],
          [1.8613e-05],
          [1.9716e-05],
          [1.8069e-05],
          [4.0572e-04],
          [2.2353e-04],
          [1.4957e-05],
          [1.6900e-05],
          [1.7484e-05],
          [1.5793e-05],
          [1.6907e-05],
          [1.4887e-05],
          [1.4782e-05],
          [3.6023e-04],
          [3.1538e-05],
          [3.0740e-05],
          [1.3571e-05],
          [1.8595e-05],
          [1.0864e-03],
          [1.5624e-05],
          [1.4182e-05],
          [1.4351e-05],
          [2.4017e-04],
          [1.5570e-04],
          [1.3679e-05],
          [1.2805e-05],
          [1.4570e-05],
          [1.6830e-05],
          [1.7573e-05],
          [1.9757e-05],
          [1.7389e-05],
          [1.5594e-05],
          [8.6433e-04],
          [4.8679e-05],
          [2.2888e-04],
          [1.3029e-05],
          [2.2693e-05],
          [2.5922e-05],
          [3.0709e-05],
          [3.5038e-05],
          [3.4746e-05],
          [2.9326e-05],
          [2.8492e-05],
          [1.9405e-05],
          [1.5195e-05],
          [1.2864e-05],
          [1.2157e-05],
          [1.5679e-05],
          [1.6305e-05],
          [1.9961e-05],
          [2.2047e-05],
          [2.3848e-05],
          [1.7938e-05],
          [2.2436e-04],
          [1.7129e-04],
          [1.9518e-05],
          [1.9402e-04],
          [1.5230e-05],
          [1.3375e-05],
          [1.1369e-05],
          [1.3598e-05],
          [1.5611e-05],
          [1.4588e-05],
          [1.1614e-05],
          [1.2554e-05],
          [1.1051e-05],
          [1.2180e-05],
          [1.1788e-05],
          [1.2694e-05],
          [1.3819e-05],
          [1.5159e-05],
          [1.8336e-05],
          [1.6788e-05],
          [4.1005e-04],
          [3.9268e-04],
          [2.0395e-05],
          [2.1476e-05],
          [1.9891e-05],
          [1.8050e-05],
          [1.8671e-05],
          [1.6288e-05],
          [1.6220e-05],
          [1.4025e-05],
          [1.3673e-05],
          [1.0528e-05],
          [1.1568e-05],
          [1.3362e-05],
          [1.4563e-05],
          [1.5119e-05],
          [2.1223e-05],
          [2.5712e-05],
          [3.7689e-05],
          [3.8781e-05],
          [4.3309e-05],
          [4.4984e-05],
          [5.5236e-05],
          [5.5373e-05],
          [4.5431e-05],
          [8.2148e-04],
          [3.6731e-04],
          [4.2308e-04],
          [7.1743e-04],
          [1.6145e-05],
          [1.4312e-05],
          [1.4866e-05],
          [1.7209e-05],
          [1.7632e-05],
          [2.2889e-05],
          [1.9681e-05],
          [2.0029e-05],
          [2.0424e-05],
          [1.9957e-05],
          [1.8325e-05],
          [6.4775e-04],
          [5.7807e-04],
          [2.1931e-05],
          [2.3350e-05],
          [3.0307e-05],
          [2.4422e-05],
          [2.4347e-05],
          [3.2456e-04],
          [4.2222e-05],
          [2.5630e-04],
          [1.8908e-05],
          [1.4541e-05],
          [2.6776e-04],
          [1.4090e-05],
          [2.1207e-04],
          [1.4941e-05],
          [1.6112e-05],
          [1.4992e-05],
          [1.0561e-03],
          [2.4628e-05],
          [1.4222e-03],
          [1.6229e-05],
          [1.9632e-05],
          [1.9752e-05],
          [1.8797e-05],
          [2.1113e-05],
          [1.8538e-05],
          [3.5696e-04],
          [2.4721e-04],
          [1.6844e-05],
          [1.5610e-05],
          [1.6293e-05],
          [1.3359e-05],
          [1.3281e-05],
          [1.5033e-05],
          [1.5583e-05],
          [6.6131e-04],
          [4.9979e-04],
          [1.4123e-05],
          [1.2539e-05],
          [1.3156e-05],
          [1.4383e-05],
          [6.7840e-04],
          [4.6148e-05],
          [1.7337e-05],
          [7.8101e-04],
          [1.5343e-05],
          [1.4005e-05],
          [1.2449e-05],
          [1.3271e-05],
          [1.4736e-05],
          [1.4697e-05],
          [1.2850e-05],
          [1.3610e-05],
          [1.8694e-05],
          [1.5458e-05],
          [1.5975e-05],
          [1.3591e-05],
          [1.1774e-05],
          [1.1098e-05],
          [1.1730e-05],
          [1.1917e-05],
          [1.2107e-05],
          [7.3603e-04],
          [2.6947e-04],
          [1.4384e-05],
          [1.6485e-05],
          [1.3897e-05],
          [1.6758e-05],
          [1.6772e-05],
          [2.0727e-05],
          [1.5620e-05],
          [2.3016e-05],
          [2.1067e-05],
          [1.4052e-05],
          [5.6110e-04],
          [1.2230e-04],
          [1.6766e-05],
          [2.1860e-04],
          [1.1535e-05],
          [3.5274e-04],
          [1.8141e-04],
          [2.1708e-05],
          [2.3774e-05],
          [2.3040e-05],
          [2.0675e-05],
          [2.7367e-05],
          [2.7568e-05],
          [3.3414e-05],
          [3.0120e-05],
          [3.9912e-05],
          [4.6150e-05],
          [6.1491e-05],
          [7.6590e-05],
          [4.8971e-05],
          [6.4877e-05],
          [2.8991e-04],
          [2.6542e-05],
          [2.0660e-05],
          [2.4846e-04],
          [3.2378e-04],
          [2.6442e-05],
          [2.1078e-04],
          [1.7002e-04],
          [4.3056e-05],
          [1.8792e-04],
          [1.5228e-05],
          [1.1524e-05],
          [1.0022e-05],
          [9.2294e-06],
          [1.0156e-05],
          [9.4909e-06],
          [1.6589e-05],
          [1.4848e-05],
          [1.8770e-05],
          [1.5886e-05],
          [4.2511e-04],
          [2.4499e-05],
          [6.3563e-05],
          [1.2018e-04],
          [1.3263e-05],
          [1.1020e-05],
          [1.1181e-05],
          [1.0169e-05],
          [1.0336e-05],
          [1.4368e-05],
          [9.4055e-04],
          [2.2078e-05],
          [7.7120e-04],
          [1.2960e-05],
          [1.0750e-05],
          [1.3912e-05],
          [1.3318e-05],
          [1.4386e-05],
          [1.4446e-05],
          [1.5636e-05],
          [2.0272e-05],
          [1.8190e-05],
          [2.3551e-05],
          [2.4755e-05],
          [2.9806e-05],
          [5.4109e-04],
          [4.5280e-04],
          [2.4079e-05],
          [2.0172e-05],
          [2.5708e-05],
          [1.1835e-05],
          [1.3306e-05],
          [1.6604e-05],
          [1.8309e-05],
          [1.7304e-05],
          [2.1142e-05],
          [1.4531e-05],
          [1.5057e-05],
          [1.2229e-05],
          [1.1678e-05],
          [1.2019e-05],
          [1.2456e-05],
          [1.3288e-05],
          [1.3410e-05],
          [1.3108e-05],
          [1.5145e-05],
          [1.4515e-05],
          [1.3373e-05],
          [1.5044e-05],
          [2.0331e-05],
          [1.9506e-05],
          [1.6718e-05],
          [2.4388e-05],
          [2.2208e-05],
          [2.1849e-05],
          [1.9944e-05],
          [2.3110e-05],
          [2.3988e-05],
          [2.2961e-05],
          [2.2324e-05],
          [2.0069e-05],
          [2.1049e-05],
          [2.0409e-05],
          [2.0436e-05],
          [2.4107e-05],
          [1.3622e-05],
          [1.2684e-05],
          [1.8157e-05],
          [1.7636e-05],
          [5.7645e-04],
          [4.0871e-05],
          [1.2764e-03],
          [2.0715e-05],
          [2.2446e-05],
          [1.9101e-05],
          [2.0308e-05],
          [1.6513e-05],
          [1.3247e-05],
          [1.0552e-05],
          [1.0329e-05],
          [1.0569e-05],
          [1.1127e-05],
          [1.1146e-05],
          [1.2630e-05],
          [1.4904e-05],
          [1.5412e-05],
          [6.9789e-04],
          [7.2291e-05],
          [7.2984e-04],
          [1.3342e-05],
          [1.1085e-05],
          [9.6994e-06],
          [1.0869e-05],
          [8.4952e-04],
          [4.8164e-04],
          [1.2401e-05],
          [1.2145e-05],
          [1.1288e-05],
          [1.5335e-05],
          [1.8134e-05],
          [2.2671e-05],
          [2.9227e-05],
          [2.9506e-05],
          [2.7435e-05],
          [2.3092e-05],
          [1.8641e-05],
          [1.3429e-05],
          [1.1475e-05],
          [1.0244e-05],
          [1.1335e-05],
          [1.0714e-05],
          [1.0951e-05],
          [5.1280e-05],
          [2.7951e-05],
          [4.1265e-05],
          [3.5821e-05],
          [2.9417e-05],
          [3.3290e-05],
          [2.2257e-05],
          [2.1821e-05],
          [1.8200e-05],
          [3.4341e-04],
          [2.5326e-04],
          [2.1101e-05],
          [2.0160e-05],
          [1.8251e-05],
          [1.7331e-05],
          [2.2736e-05],
          [1.8940e-05],
          [2.6047e-05],
          [2.3277e-04],
          [9.2962e-05],
          [5.8427e-04],
          [3.9113e-04],
          [2.5204e-05],
          [1.8348e-05],
          [1.6981e-05],
          [2.1775e-05],
          [1.3804e-05],
          [5.6017e-04],
          [1.3096e-04],
          [1.5422e-05],
          [6.1672e-05],
          [1.3261e-04],
          [1.9056e-05],
          [3.2825e-04],
          [2.3554e-05],
          [2.2979e-04],
          [2.9110e-05],
          [1.6584e-05],
          [1.4781e-05],
          [1.3955e-05],
          [1.3427e-05],
          [1.1844e-04],
          [7.9132e-06]]]])
