# Using CPU
# Loading Embeddings...
# Making Predictions...
torch.Size([1, 1, 442, 221])
tensor([[[[9.7211e-05],
          [3.1814e-05],
          [6.0362e-05],
          [4.7117e-05],
          [9.7380e-06],
          [1.3304e-04],
          [1.0546e-04],
          [3.6138e-05],
          [1.0941e-04],
          [1.0242e-04],
          [1.3390e-05],
          [1.3950e-05],
          [2.1412e-04],
          [1.1848e-04],
          [3.7481e-05],
          [1.6299e-05],
          [1.2468e-05],
          [1.3693e-05],
          [1.4521e-05],
          [4.3391e-05],
          [9.4945e-05],
          [1.6939e-05],
          [1.1876e-04],
          [1.1831e-05],
          [1.4031e-05],
          [1.8873e-05],
          [2.1995e-05],
          [3.0818e-05],
          [3.5318e-05],
          [4.5542e-05],
          [4.1250e-05],
          [4.7790e-05],
          [4.3763e-05],
          [4.5745e-05],
          [3.9911e-05],
          [3.9803e-05],
          [6.8372e-04],
          [5.5514e-05],
          [1.5737e-04],
          [9.7715e-05],
          [1.4896e-04],
          [2.0048e-05],
          [1.6788e-05],
          [1.8355e-05],
          [1.5313e-05],
          [1.7381e-05],
          [1.6249e-05],
          [1.7849e-05],
          [1.7176e-05],
          [1.2393e-04],
          [8.0863e-05],
          [1.4600e-05],
          [1.1863e-05],
          [1.0468e-04],
          [6.8298e-05],
          [1.5738e-05],
          [1.2833e-05],
          [1.4449e-05],
          [1.4141e-05],
          [1.7089e-05],
          [1.6576e-05],
          [1.8675e-05],
          [3.5940e-04],
          [2.1149e-04],
          [1.7068e-05],
          [2.1311e-05],
          [2.1902e-05],
          [2.3050e-05],
          [2.3233e-05],
          [1.8976e-05],
          [1.4139e-05],
          [1.6630e-04],
          [2.0277e-05],
          [2.5636e-05],
          [1.2180e-05],
          [1.7663e-05],
          [1.0993e-04],
          [1.4734e-05],
          [1.3824e-05],
          [1.1935e-05],
          [1.0606e-04],
          [1.2373e-04],
          [1.0069e-05],
          [9.3177e-06],
          [1.1250e-05],
          [1.2626e-05],
          [1.1914e-05],
          [1.2950e-05],
          [1.3210e-05],
          [1.3300e-05],
          [9.9915e-05],
          [2.9410e-05],
          [1.1621e-04],
          [1.3653e-05],
          [1.9912e-05],
          [3.0009e-05],
          [3.0005e-05],
          [4.0060e-05],
          [3.3482e-05],
          [3.9696e-05],
          [4.1493e-05],
          [2.2765e-05],
          [1.5375e-05],
          [1.3866e-05],
          [1.4168e-05],
          [1.5042e-05],
          [1.5272e-05],
          [1.7348e-05],
          [1.7809e-05],
          [1.8043e-05],
          [1.5626e-05],
          [6.7523e-05],
          [7.8254e-05],
          [2.1817e-05],
          [1.8672e-04],
          [1.7553e-05],
          [1.4557e-05],
          [1.2970e-05],
          [1.3849e-05],
          [1.3340e-05],
          [1.3592e-05],
          [1.2054e-05],
          [1.9122e-05],
          [1.5969e-05],
          [1.5210e-05],
          [1.4470e-05],
          [1.5713e-05],
          [1.8445e-05],
          [2.7322e-05],
          [3.1093e-05],
          [2.7459e-05],
          [2.7487e-04],
          [1.5701e-04],
          [3.8366e-05],
          [2.2841e-05],
          [2.4461e-05],
          [2.2265e-05],
          [2.2434e-05],
          [1.7195e-05],
          [1.7911e-05],
          [1.3636e-05],
          [1.3833e-05],
          [1.3581e-05],
          [1.2087e-05],
          [1.3235e-05],
          [1.6249e-05],
          [1.8144e-05],
          [2.6024e-05],
          [3.1345e-05],
          [4.8903e-05],
          [4.9255e-05],
          [5.4269e-05],
          [4.7371e-05],
          [6.1666e-05],
          [5.0822e-05],
          [5.3211e-05],
          [1.9578e-04],
          [7.3956e-05],
          [7.7965e-05],
          [1.0068e-04],
          [2.5060e-05],
          [1.8184e-05],
          [2.1859e-05],
          [2.3937e-05],
          [2.9962e-05],
          [3.6279e-05],
          [3.5074e-05],
          [3.4951e-05],
          [3.6455e-05],
          [3.8230e-05],
          [2.8363e-05],
          [2.7259e-04],
          [1.4595e-04],
          [2.8058e-05],
          [2.7441e-05],
          [4.3139e-05],
          [3.3248e-05],
          [2.8707e-05],
          [3.2302e-04],
          [3.9058e-05],
          [2.3177e-04],
          [1.8035e-05],
          [1.8039e-05],
          [1.4047e-04],
          [1.3623e-05],
          [1.1858e-04],
          [1.8549e-05],
          [2.4520e-05],
          [1.7433e-05],
          [1.2683e-04],
          [2.3886e-05],
          [8.8594e-05],
          [1.7218e-05],
          [1.8923e-05],
          [1.9212e-05],
          [1.7951e-05],
          [1.9848e-05],
          [1.8181e-05],
          [2.6311e-04],
          [1.5097e-04],
          [1.6522e-05],
          [1.4543e-05],
          [1.5272e-05],
          [1.7159e-05],
          [2.3566e-05],
          [2.2653e-05],
          [1.9320e-05],
          [9.2906e-05],
          [5.8195e-05],
          [1.9214e-05],
          [1.8485e-05],
          [2.0201e-05],
          [1.5551e-05],
          [1.7117e-04],
          [2.8545e-05],
          [2.0491e-05],
          [1.5450e-04],
          [2.0762e-05],
          [1.4962e-05],
          [1.5438e-05],
          [1.6984e-05],
          [1.7683e-05],
          [1.9006e-05],
          [1.6871e-05],
          [1.7624e-05],
          [2.2590e-05],
          [2.1218e-05],
          [1.6032e-05],
          [1.5742e-05],
          [1.4210e-05],
          [1.3437e-05],
          [1.7441e-05],
          [1.6856e-05],
          [1.6644e-05],
          [1.4386e-04],
          [7.6132e-05],
          [1.8719e-05],
          [1.7976e-05],
          [1.8206e-05],
          [2.3497e-05],
          [2.4857e-05],
          [2.5317e-05],
          [1.7722e-05],
          [2.8129e-05],
          [2.7110e-05],
          [1.3148e-05],
          [6.5225e-05],
          [6.7247e-05],
          [2.1354e-05],
          [1.2623e-04],
          [1.0853e-05],
          [1.1741e-04],
          [9.8997e-05],
          [1.4316e-05],
          [1.4620e-05],
          [1.9789e-05],
          [1.6504e-05],
          [1.9387e-05],
          [2.2155e-05],
          [2.8937e-05],
          [2.9330e-05],
          [4.3084e-05],
          [6.4004e-05],
          [7.1789e-05],
          [1.4165e-04],
          [1.2156e-04],
          [1.2723e-04],
          [5.0487e-04],
          [3.7175e-05],
          [3.5858e-05],
          [2.2202e-04],
          [1.1700e-04],
          [1.9200e-05],
          [9.8809e-05],
          [1.8041e-04],
          [2.8449e-05],
          [1.6707e-04],
          [1.3963e-05],
          [1.1260e-05],
          [1.1486e-05],
          [9.6967e-06],
          [1.1529e-05],
          [1.2098e-05],
          [3.3564e-05],
          [1.4849e-05],
          [1.5126e-05],
          [1.2142e-05],
          [1.5097e-04],
          [2.3429e-05],
          [5.7177e-05],
          [3.7831e-05],
          [1.1056e-05],
          [1.1661e-05],
          [1.0274e-05],
          [1.0203e-05],
          [1.2167e-05],
          [1.6468e-05],
          [1.4239e-04],
          [1.8016e-05],
          [1.2026e-04],
          [1.5185e-05],
          [1.3759e-05],
          [1.2631e-05],
          [1.3647e-05],
          [1.2973e-05],
          [1.3186e-05],
          [1.3935e-05],
          [1.7784e-05],
          [1.7942e-05],
          [1.9746e-05],
          [2.1026e-05],
          [2.2505e-05],
          [2.9095e-04],
          [1.9374e-04],
          [1.6716e-05],
          [1.3352e-05],
          [2.1646e-05],
          [1.1487e-05],
          [1.5102e-05],
          [1.6044e-05],
          [1.6532e-05],
          [1.6609e-05],
          [3.3917e-05],
          [1.7798e-05],
          [1.6438e-05],
          [1.3159e-05],
          [1.4598e-05],
          [1.3982e-05],
          [1.7682e-05],
          [1.7933e-05],
          [1.6732e-05],
          [1.6434e-05],
          [1.9078e-05],
          [1.8638e-05],
          [1.8712e-05],
          [1.8633e-05],
          [2.0654e-05],
          [1.8506e-05],
          [1.8920e-05],
          [2.3400e-05],
          [2.7869e-05],
          [3.0875e-05],
          [2.5091e-05],
          [2.6115e-05],
          [3.2296e-05],
          [3.1132e-05],
          [2.2315e-05],
          [2.0421e-05],
          [2.7072e-05],
          [1.9362e-05],
          [2.0123e-05],
          [1.6098e-05],
          [1.3192e-05],
          [1.6377e-05],
          [1.3581e-05],
          [1.4650e-05],
          [6.8343e-05],
          [2.8078e-05],
          [9.8341e-05],
          [2.0258e-05],
          [2.2828e-05],
          [2.2886e-05],
          [2.3203e-05],
          [2.8116e-05],
          [2.5068e-05],
          [2.5542e-05],
          [2.2644e-05],
          [1.8154e-05],
          [1.6397e-05],
          [1.8941e-05],
          [1.5351e-05],
          [1.8660e-05],
          [1.8265e-05],
          [8.9193e-05],
          [4.5155e-05],
          [1.6180e-04],
          [1.4502e-05],
          [1.3066e-05],
          [1.0650e-05],
          [1.2022e-05],
          [1.2251e-04],
          [1.0675e-04],
          [1.2604e-05],
          [1.4205e-05],
          [1.5586e-05],
          [2.3522e-05],
          [3.4959e-05],
          [4.7182e-05],
          [5.0544e-05],
          [4.2108e-05],
          [3.0134e-05],
          [2.3002e-05],
          [2.0901e-05],
          [2.0483e-05],
          [1.3264e-05],
          [1.2750e-05],
          [1.4983e-05],
          [1.7515e-05],
          [1.6678e-05],
          [1.0170e-04],
          [3.3263e-05],
          [4.9562e-05],
          [9.0349e-05],
          [4.2812e-05],
          [3.9682e-05],
          [2.7811e-05],
          [3.1543e-05],
          [1.5837e-05],
          [1.4036e-04],
          [8.7401e-05],
          [2.0933e-05],
          [1.6472e-05],
          [1.7373e-05],
          [1.6093e-05],
          [2.4367e-05],
          [2.7527e-05],
          [4.9602e-05],
          [5.3250e-05],
          [5.9127e-05],
          [5.3114e-05],
          [5.6930e-05],
          [3.3500e-05],
          [1.8567e-05],
          [1.8040e-05],
          [2.0174e-05],
          [1.2233e-05],
          [1.5194e-04],
          [7.3162e-05],
          [1.5513e-05],
          [7.5216e-05],
          [8.7604e-05],
          [2.2687e-05],
          [1.4379e-04],
          [2.0488e-05],
          [2.1954e-04],
          [1.6175e-05],
          [1.1015e-05],
          [1.1144e-05],
          [1.6369e-05],
          [1.8452e-05],
          [9.3168e-06],
          [4.4632e-06]]]])
