# Using CPU
# Loading Embeddings...
# Making Predictions...
torch.Size([1, 1, 442, 333])
tensor([[[[9.0355e-05],
          [4.1669e-05],
          [7.4220e-05],
          [1.0452e-04],
          [4.5982e-05],
          [2.6572e-04],
          [1.4731e-04],
          [1.0631e-04],
          [2.6653e-04],
          [1.9899e-04],
          [1.0925e-04],
          [7.6845e-05],
          [4.4519e-04],
          [1.9377e-04],
          [8.1926e-05],
          [6.6904e-05],
          [6.0606e-05],
          [5.2165e-05],
          [6.8952e-05],
          [5.4285e-05],
          [4.1988e-04],
          [5.6220e-05],
          [1.1661e-04],
          [5.5448e-05],
          [6.8208e-05],
          [8.7624e-05],
          [8.1148e-05],
          [9.2246e-05],
          [9.7497e-05],
          [1.1844e-04],
          [1.1768e-04],
          [1.3015e-04],
          [1.3102e-04],
          [1.4071e-04],
          [1.0910e-04],
          [8.5837e-05],
          [2.3114e-03],
          [1.1542e-04],
          [2.2670e-04],
          [1.9571e-04],
          [1.6004e-04],
          [5.4871e-05],
          [4.8046e-05],
          [4.3183e-05],
          [4.3772e-05],
          [3.7950e-05],
          [3.4912e-05],
          [4.2115e-05],
          [3.7251e-05],
          [1.9089e-04],
          [1.0712e-04],
          [5.8822e-05],
          [5.4350e-05],
          [3.0201e-04],
          [1.0590e-04],
          [5.1695e-05],
          [3.8869e-05],
          [3.6448e-05],
          [3.9590e-05],
          [4.6274e-05],
          [5.2989e-05],
          [3.1328e-05],
          [5.1746e-04],
          [1.5762e-04],
          [8.8137e-05],
          [9.7328e-05],
          [1.4174e-04],
          [1.3505e-04],
          [1.3845e-04],
          [8.5150e-05],
          [5.6593e-05],
          [3.2447e-04],
          [4.3279e-05],
          [3.7026e-05],
          [3.7713e-05],
          [4.3346e-05],
          [1.7988e-04],
          [6.2268e-05],
          [7.0000e-05],
          [5.1877e-05],
          [1.8316e-04],
          [1.0595e-04],
          [5.5361e-05],
          [4.1829e-05],
          [4.3996e-05],
          [4.4149e-05],
          [4.8687e-05],
          [3.9456e-05],
          [5.0158e-05],
          [4.5708e-05],
          [2.8168e-04],
          [9.9035e-05],
          [1.6116e-04],
          [4.9146e-05],
          [5.7366e-05],
          [5.5719e-05],
          [6.5456e-05],
          [9.7119e-05],
          [7.5127e-05],
          [1.0408e-04],
          [8.7923e-05],
          [9.7958e-05],
          [9.2895e-05],
          [1.0086e-04],
          [8.4843e-05],
          [7.5714e-05],
          [6.4222e-05],
          [6.2903e-05],
          [6.7697e-05],
          [5.6272e-05],
          [4.0805e-05],
          [1.5194e-04],
          [1.3878e-04],
          [3.6713e-05],
          [1.7563e-04],
          [2.9379e-05],
          [3.2335e-05],
          [3.2328e-05],
          [4.0694e-05],
          [4.4836e-05],
          [5.3163e-05],
          [5.1696e-05],
          [6.7242e-05],
          [5.7936e-05],
          [7.0946e-05],
          [6.3054e-05],
          [7.9615e-05],
          [1.0103e-04],
          [1.0836e-04],
          [1.3358e-04],
          [9.7710e-05],
          [3.5480e-04],
          [2.3721e-04],
          [1.5995e-04],
          [1.1763e-04],
          [1.1792e-04],
          [8.9512e-05],
          [9.8401e-05],
          [8.3064e-05],
          [8.2042e-05],
          [7.0401e-05],
          [6.3586e-05],
          [4.8116e-05],
          [5.4614e-05],
          [5.3211e-05],
          [5.5503e-05],
          [4.5962e-05],
          [5.0899e-05],
          [7.2558e-05],
          [8.5157e-05],
          [9.6202e-05],
          [8.9870e-05],
          [1.1631e-04],
          [8.7737e-05],
          [7.9211e-05],
          [5.8863e-05],
          [5.0583e-04],
          [1.2906e-04],
          [1.6855e-04],
          [2.0218e-04],
          [1.0327e-04],
          [1.0102e-04],
          [1.2967e-04],
          [1.4173e-04],
          [1.4576e-04],
          [1.2748e-04],
          [1.1745e-04],
          [1.0230e-04],
          [9.2421e-05],
          [9.2503e-05],
          [6.9177e-05],
          [3.6459e-04],
          [1.0851e-04],
          [6.1218e-05],
          [5.9625e-05],
          [5.2847e-05],
          [5.7895e-05],
          [5.5560e-05],
          [3.9136e-04],
          [8.3350e-05],
          [2.2327e-04],
          [4.8947e-05],
          [3.4049e-05],
          [1.5936e-04],
          [3.5068e-05],
          [1.4255e-04],
          [5.1730e-05],
          [5.8652e-05],
          [5.0420e-05],
          [3.3601e-04],
          [5.4613e-05],
          [4.5345e-04],
          [6.0032e-05],
          [5.4789e-05],
          [5.0523e-05],
          [4.9690e-05],
          [5.1602e-05],
          [5.6998e-05],
          [3.7590e-04],
          [1.3212e-04],
          [6.0071e-05],
          [7.4079e-05],
          [6.9256e-05],
          [6.3800e-05],
          [7.4034e-05],
          [7.2926e-05],
          [6.5409e-05],
          [2.4290e-04],
          [1.0426e-04],
          [4.5619e-05],
          [3.8358e-05],
          [3.1306e-05],
          [2.5229e-05],
          [2.8056e-04],
          [4.7731e-05],
          [3.8225e-05],
          [1.5759e-04],
          [5.2262e-05],
          [6.5439e-05],
          [7.7518e-05],
          [9.1016e-05],
          [1.0688e-04],
          [1.3026e-04],
          [1.0880e-04],
          [1.0314e-04],
          [1.8041e-04],
          [8.9028e-05],
          [1.1231e-04],
          [1.3332e-04],
          [7.9154e-05],
          [6.4075e-05],
          [6.2217e-05],
          [5.1068e-05],
          [3.3531e-05],
          [2.1924e-04],
          [9.0781e-05],
          [4.0788e-05],
          [5.7896e-05],
          [7.5166e-05],
          [6.8443e-05],
          [1.0107e-04],
          [4.5374e-05],
          [5.0566e-05],
          [7.1403e-05],
          [2.8193e-05],
          [3.0503e-05],
          [3.2663e-04],
          [3.6205e-04],
          [3.8321e-05],
          [1.7836e-04],
          [3.6894e-05],
          [1.7112e-04],
          [8.0840e-05],
          [5.9953e-05],
          [8.0789e-05],
          [8.2896e-05],
          [9.0264e-05],
          [8.0235e-05],
          [6.6806e-05],
          [6.2371e-05],
          [4.9555e-05],
          [5.9723e-05],
          [6.8134e-05],
          [8.9665e-05],
          [1.4460e-04],
          [9.1168e-05],
          [1.1585e-04],
          [7.9097e-04],
          [5.6367e-05],
          [4.6894e-05],
          [2.0453e-04],
          [1.9268e-04],
          [3.5065e-05],
          [7.4263e-05],
          [1.8906e-04],
          [5.6436e-05],
          [2.4958e-04],
          [2.1198e-05],
          [2.3423e-05],
          [2.9283e-05],
          [2.5219e-05],
          [2.9029e-05],
          [2.6138e-05],
          [2.9878e-05],
          [3.0960e-05],
          [3.8243e-05],
          [2.6487e-05],
          [2.8047e-04],
          [2.8056e-05],
          [7.2327e-05],
          [4.7734e-05],
          [3.1260e-05],
          [3.2579e-05],
          [4.3711e-05],
          [4.3215e-05],
          [4.9804e-05],
          [4.9911e-05],
          [3.0603e-04],
          [5.1620e-05],
          [1.5721e-04],
          [6.1410e-05],
          [7.1358e-05],
          [6.9803e-05],
          [8.3410e-05],
          [6.8695e-05],
          [6.2048e-05],
          [7.0024e-05],
          [7.6718e-05],
          [9.5638e-05],
          [6.7640e-05],
          [8.0739e-05],
          [6.4661e-05],
          [4.1741e-04],
          [1.2301e-04],
          [7.9188e-05],
          [7.6641e-05],
          [5.7472e-05],
          [4.9350e-05],
          [4.6148e-05],
          [5.8386e-05],
          [3.5209e-05],
          [3.3164e-05],
          [2.8869e-05],
          [3.1157e-05],
          [2.8181e-05],
          [2.4386e-05],
          [2.2420e-05],
          [2.0744e-05],
          [2.7174e-05],
          [2.3368e-05],
          [3.1119e-05],
          [3.6717e-05],
          [4.3499e-05],
          [5.0630e-05],
          [5.9283e-05],
          [8.7349e-05],
          [8.7828e-05],
          [9.0741e-05],
          [8.1930e-05],
          [8.5743e-05],
          [6.7266e-05],
          [7.0771e-05],
          [4.8165e-05],
          [3.5812e-05],
          [4.1601e-05],
          [2.6721e-05],
          [2.2026e-05],
          [4.2882e-05],
          [2.0703e-05],
          [2.2133e-05],
          [2.3421e-05],
          [1.9228e-05],
          [2.7540e-05],
          [2.3505e-05],
          [3.1940e-05],
          [3.8285e-05],
          [2.7960e-04],
          [5.5839e-05],
          [6.3768e-04],
          [3.5028e-05],
          [4.5284e-05],
          [4.0696e-05],
          [3.7066e-05],
          [3.4484e-05],
          [4.7976e-05],
          [4.1987e-05],
          [2.6072e-05],
          [2.3526e-05],
          [2.3101e-05],
          [2.4803e-05],
          [2.6639e-05],
          [3.0800e-05],
          [2.0561e-05],
          [2.9868e-04],
          [7.7321e-05],
          [2.1138e-04],
          [2.5236e-05],
          [2.7525e-05],
          [2.2972e-05],
          [2.4956e-05],
          [4.6115e-04],
          [1.6383e-04],
          [3.9264e-05],
          [4.9811e-05],
          [9.5018e-05],
          [1.5127e-04],
          [1.6933e-04],
          [2.6026e-04],
          [2.0491e-04],
          [1.8424e-04],
          [1.3274e-04],
          [8.5031e-05],
          [1.0663e-04],
          [4.3184e-05],
          [3.7621e-05],
          [3.4724e-05],
          [3.8208e-05],
          [3.6268e-05],
          [2.5632e-05],
          [7.3871e-05],
          [3.6049e-05],
          [3.9269e-05],
          [3.4717e-05],
          [2.5078e-05],
          [2.5960e-05],
          [2.2225e-05],
          [2.2087e-05],
          [1.7797e-05],
          [2.5417e-04],
          [9.4909e-05],
          [3.8611e-05],
          [4.5345e-05],
          [5.5750e-05],
          [3.7481e-05],
          [4.5967e-05],
          [5.2512e-05],
          [2.8145e-05],
          [1.1890e-04],
          [7.1431e-05],
          [2.2551e-04],
          [1.4834e-04],
          [1.9945e-05],
          [1.9920e-05],
          [1.4632e-05],
          [1.8772e-05],
          [1.4368e-05],
          [3.0701e-04],
          [1.5986e-04],
          [2.0010e-05],
          [8.6815e-05],
          [8.3261e-05],
          [2.1510e-05],
          [1.6831e-04],
          [2.8245e-05],
          [2.6998e-04],
          [2.5781e-05],
          [2.9779e-05],
          [2.6831e-05],
          [3.3588e-05],
          [2.4699e-05],
          [4.5092e-05],
          [9.8024e-06]]]])
