# Using CPU
# Loading Embeddings...
# Making Predictions...
torch.Size([1, 1, 442, 171])
tensor([[[[1.5704e-04],
          [2.1661e-05],
          [6.9562e-05],
          [2.4943e-05],
          [1.6137e-05],
          [1.6476e-04],
          [7.5238e-04],
          [3.0452e-05],
          [1.5553e-04],
          [8.9039e-04],
          [2.6971e-05],
          [2.0135e-05],
          [2.3412e-04],
          [2.1952e-04],
          [4.6547e-05],
          [2.1292e-05],
          [2.4621e-05],
          [2.7855e-05],
          [2.4157e-05],
          [2.2759e-05],
          [1.7145e-04],
          [2.2306e-05],
          [4.6754e-04],
          [2.4589e-05],
          [2.1641e-05],
          [2.5609e-05],
          [2.2706e-05],
          [2.9086e-05],
          [2.9149e-05],
          [3.2737e-05],
          [2.8425e-05],
          [3.0341e-05],
          [2.5301e-05],
          [2.6680e-05],
          [2.0533e-05],
          [2.0928e-05],
          [3.3639e-04],
          [3.1778e-05],
          [2.0422e-04],
          [7.1730e-05],
          [3.8369e-04],
          [2.1588e-05],
          [2.0028e-05],
          [2.1015e-05],
          [2.2285e-05],
          [3.2110e-05],
          [2.2130e-05],
          [2.0971e-05],
          [2.0640e-05],
          [1.2944e-04],
          [3.4009e-04],
          [2.0949e-05],
          [2.1584e-05],
          [1.6890e-04],
          [3.9053e-04],
          [2.3566e-05],
          [1.9517e-05],
          [2.2727e-05],
          [3.2214e-05],
          [2.3232e-05],
          [2.1318e-05],
          [1.9295e-05],
          [2.1376e-04],
          [2.5527e-04],
          [3.4179e-05],
          [3.1581e-05],
          [2.6832e-05],
          [3.0519e-05],
          [3.2234e-05],
          [3.3381e-05],
          [2.2217e-05],
          [2.0749e-04],
          [2.2646e-05],
          [1.8712e-05],
          [2.2146e-05],
          [2.5458e-05],
          [1.0629e-03],
          [2.1693e-05],
          [2.0375e-05],
          [1.8114e-05],
          [1.7117e-04],
          [1.4511e-04],
          [2.1654e-05],
          [2.5149e-05],
          [1.9144e-05],
          [1.8504e-05],
          [1.9837e-05],
          [2.7316e-05],
          [2.3162e-05],
          [2.0238e-05],
          [1.1961e-04],
          [4.3264e-05],
          [2.1427e-04],
          [2.6351e-05],
          [2.0843e-05],
          [3.0137e-05],
          [3.0029e-05],
          [2.3458e-05],
          [2.9704e-05],
          [2.5428e-05],
          [3.1094e-05],
          [3.2492e-05],
          [2.1935e-05],
          [2.2458e-05],
          [2.2624e-05],
          [2.1316e-05],
          [2.1871e-05],
          [2.1777e-05],
          [2.4746e-05],
          [2.1394e-05],
          [1.6932e-05],
          [1.2378e-04],
          [1.0402e-04],
          [2.3008e-05],
          [1.7505e-04],
          [1.7560e-05],
          [2.0291e-05],
          [2.4376e-05],
          [1.7136e-05],
          [2.0044e-05],
          [1.9296e-05],
          [2.1182e-05],
          [1.9063e-05],
          [2.1348e-05],
          [2.6503e-05],
          [2.3602e-05],
          [2.3700e-05],
          [2.8339e-05],
          [3.2127e-05],
          [4.3683e-05],
          [2.9298e-05],
          [2.2758e-04],
          [3.8400e-04],
          [5.1250e-05],
          [3.6608e-05],
          [3.2728e-05],
          [3.0159e-05],
          [3.8212e-05],
          [3.6745e-05],
          [2.6196e-05],
          [2.1412e-05],
          [2.7913e-05],
          [1.9140e-05],
          [2.3476e-05],
          [1.9225e-05],
          [2.2126e-05],
          [2.3235e-05],
          [2.8658e-05],
          [3.0113e-05],
          [4.0139e-05],
          [3.4819e-05],
          [4.4814e-05],
          [4.6328e-05],
          [6.3442e-05],
          [3.3946e-05],
          [4.3811e-05],
          [2.3003e-04],
          [3.2601e-04],
          [8.4863e-05],
          [7.7600e-04],
          [2.5027e-05],
          [2.5172e-05],
          [2.8592e-05],
          [3.5249e-05],
          [3.7680e-05],
          [3.8383e-05],
          [3.7309e-05],
          [2.9374e-05],
          [3.9337e-05],
          [2.5194e-05],
          [2.2845e-05],
          [1.8425e-04],
          [5.1393e-04],
          [2.2777e-05],
          [2.4022e-05],
          [2.4932e-05],
          [2.4696e-05],
          [2.0506e-05],
          [1.4986e-04],
          [5.7999e-05],
          [1.9140e-04],
          [2.0353e-05],
          [2.1526e-05],
          [1.7923e-04],
          [2.1870e-05],
          [2.3200e-04],
          [2.5849e-05],
          [2.1187e-05],
          [2.1051e-05],
          [2.0626e-04],
          [3.1897e-05],
          [1.4322e-03],
          [2.3329e-05],
          [2.2872e-05],
          [2.1761e-05],
          [2.1278e-05],
          [2.4022e-05],
          [2.0613e-05],
          [1.6701e-04],
          [2.5636e-04],
          [2.5232e-05],
          [2.2647e-05],
          [2.4141e-05],
          [1.9997e-05],
          [2.1865e-05],
          [2.6160e-05],
          [1.9952e-05],
          [1.1677e-04],
          [4.8472e-04],
          [2.3529e-05],
          [2.0482e-05],
          [1.9903e-05],
          [1.9319e-05],
          [1.6064e-04],
          [2.5293e-05],
          [2.1648e-05],
          [8.5371e-04],
          [2.3166e-05],
          [1.9131e-05],
          [2.0165e-05],
          [2.3656e-05],
          [3.0744e-05],
          [2.5877e-05],
          [2.6803e-05],
          [2.2415e-05],
          [3.2257e-05],
          [3.2127e-05],
          [2.6651e-05],
          [3.2487e-05],
          [3.7037e-05],
          [2.1682e-05],
          [2.5586e-05],
          [2.0691e-05],
          [1.8847e-05],
          [1.5476e-04],
          [3.0120e-04],
          [3.5409e-05],
          [2.4040e-05],
          [2.3753e-05],
          [4.4520e-05],
          [3.2654e-05],
          [2.5404e-05],
          [2.8163e-05],
          [4.1773e-05],
          [2.5344e-05],
          [2.0193e-05],
          [1.6583e-04],
          [1.4975e-04],
          [2.0300e-05],
          [1.6116e-04],
          [1.3422e-05],
          [1.1004e-04],
          [1.9698e-04],
          [1.4114e-05],
          [1.7792e-05],
          [1.9803e-05],
          [1.6423e-05],
          [1.9887e-05],
          [2.0937e-05],
          [2.4536e-05],
          [2.4029e-05],
          [2.8343e-05],
          [2.8107e-05],
          [3.4731e-05],
          [4.6021e-05],
          [6.0012e-05],
          [4.9944e-05],
          [1.6938e-04],
          [1.9228e-05],
          [2.2864e-05],
          [2.5431e-04],
          [1.6488e-04],
          [2.4214e-05],
          [2.0392e-04],
          [1.1492e-04],
          [4.6390e-05],
          [1.9367e-04],
          [1.4065e-05],
          [1.7354e-05],
          [1.5941e-05],
          [1.4288e-05],
          [1.8568e-05],
          [2.0751e-05],
          [3.1132e-05],
          [2.3455e-05],
          [2.2636e-05],
          [1.7973e-05],
          [2.3171e-04],
          [1.9944e-05],
          [6.3541e-05],
          [1.4101e-04],
          [1.8237e-05],
          [1.9814e-05],
          [1.4450e-05],
          [1.6395e-05],
          [2.0545e-05],
          [1.7033e-05],
          [1.3685e-04],
          [2.2892e-05],
          [8.1107e-04],
          [2.0256e-05],
          [1.9180e-05],
          [2.2391e-05],
          [1.8705e-05],
          [2.0077e-05],
          [2.1639e-05],
          [2.2659e-05],
          [2.7031e-05],
          [2.8896e-05],
          [2.8396e-05],
          [3.0381e-05],
          [2.6301e-05],
          [1.7458e-04],
          [4.6902e-04],
          [2.9334e-05],
          [2.8691e-05],
          [2.2346e-05],
          [2.0463e-05],
          [2.5487e-05],
          [2.7777e-05],
          [2.6377e-05],
          [2.2561e-05],
          [2.0691e-05],
          [2.3156e-05],
          [1.9934e-05],
          [1.7965e-05],
          [1.8940e-05],
          [1.8201e-05],
          [1.9123e-05],
          [1.4624e-05],
          [1.9728e-05],
          [2.3134e-05],
          [2.3090e-05],
          [2.2469e-05],
          [3.2462e-05],
          [2.9974e-05],
          [2.8470e-05],
          [2.9232e-05],
          [3.2349e-05],
          [3.2720e-05],
          [3.5531e-05],
          [2.9836e-05],
          [3.2338e-05],
          [3.8515e-05],
          [4.0308e-05],
          [3.3665e-05],
          [2.5173e-05],
          [3.0520e-05],
          [2.3863e-05],
          [2.0497e-05],
          [2.4320e-05],
          [1.6272e-05],
          [1.9846e-05],
          [2.2931e-05],
          [3.1847e-05],
          [2.1667e-05],
          [2.7011e-04],
          [3.0553e-05],
          [1.4650e-03],
          [2.2566e-05],
          [2.8997e-05],
          [2.7993e-05],
          [2.5154e-05],
          [2.6033e-05],
          [2.6998e-05],
          [3.7152e-05],
          [2.6505e-05],
          [2.2929e-05],
          [2.9068e-05],
          [2.6617e-05],
          [1.9485e-05],
          [2.2888e-05],
          [1.9371e-05],
          [2.4421e-04],
          [4.6229e-05],
          [7.9017e-04],
          [2.4377e-05],
          [1.7153e-05],
          [1.5249e-05],
          [1.5721e-05],
          [1.6721e-04],
          [5.4377e-04],
          [1.9628e-05],
          [2.0686e-05],
          [2.3623e-05],
          [4.2196e-05],
          [4.5945e-05],
          [4.9101e-05],
          [6.9933e-05],
          [5.2383e-05],
          [3.6925e-05],
          [3.3802e-05],
          [4.5896e-05],
          [2.6055e-05],
          [2.5232e-05],
          [2.2594e-05],
          [4.2600e-05],
          [2.6348e-05],
          [2.0923e-05],
          [6.6367e-05],
          [3.0765e-05],
          [4.1873e-05],
          [7.5563e-05],
          [2.2701e-05],
          [2.4605e-05],
          [1.6770e-05],
          [1.6962e-05],
          [1.4644e-05],
          [1.1780e-04],
          [2.5241e-04],
          [2.6748e-05],
          [2.7053e-05],
          [2.6591e-05],
          [2.2333e-05],
          [2.5834e-05],
          [2.5450e-05],
          [4.0611e-05],
          [8.3186e-05],
          [9.7341e-05],
          [9.7605e-05],
          [4.8844e-04],
          [2.5255e-05],
          [1.8711e-05],
          [1.3312e-05],
          [1.6232e-05],
          [1.3046e-05],
          [2.1150e-04],
          [1.6648e-04],
          [1.3635e-05],
          [5.1000e-05],
          [1.3950e-04],
          [1.6019e-05],
          [2.1243e-04],
          [1.4261e-05],
          [3.4285e-04],
          [1.4239e-05],
          [1.4998e-05],
          [1.3802e-05],
          [2.0107e-05],
          [1.4465e-05],
          [3.1163e-05],
          [6.7731e-06]]]])
