# Using CPU
# Loading Embeddings...
# Making Predictions...
torch.Size([1, 1, 442, 265])
tensor([[[[2.4821e-04],
          [4.3019e-05],
          [1.1799e-04],
          [2.5248e-05],
          [1.0174e-05],
          [2.6932e-04],
          [5.2502e-04],
          [1.4878e-05],
          [2.2282e-04],
          [5.3494e-04],
          [1.9358e-05],
          [1.7288e-05],
          [3.1358e-04],
          [3.9154e-04],
          [1.4292e-05],
          [1.1283e-05],
          [1.0289e-05],
          [1.0111e-05],
          [1.0770e-05],
          [3.2983e-05],
          [4.0057e-04],
          [2.1550e-05],
          [4.2499e-04],
          [1.4906e-05],
          [2.0611e-05],
          [2.6788e-05],
          [3.8750e-05],
          [6.8201e-05],
          [8.4657e-05],
          [1.0942e-04],
          [1.0604e-04],
          [1.1362e-04],
          [1.2027e-04],
          [1.2806e-04],
          [9.9018e-05],
          [8.1702e-05],
          [1.8470e-03],
          [1.1221e-04],
          [2.8853e-04],
          [1.1629e-04],
          [4.8999e-04],
          [2.8291e-05],
          [2.5407e-05],
          [2.7045e-05],
          [1.9170e-05],
          [1.7063e-05],
          [1.4953e-05],
          [2.0798e-05],
          [2.2031e-05],
          [2.3707e-04],
          [3.3583e-04],
          [1.7041e-05],
          [1.4303e-05],
          [2.7335e-04],
          [3.4802e-04],
          [1.3688e-05],
          [1.5784e-05],
          [1.5833e-05],
          [2.0001e-05],
          [2.3085e-05],
          [2.2904e-05],
          [1.8744e-05],
          [3.6700e-04],
          [3.3736e-04],
          [1.6188e-05],
          [1.5283e-05],
          [1.5923e-05],
          [1.5309e-05],
          [1.6540e-05],
          [1.5194e-05],
          [1.4529e-05],
          [3.2871e-04],
          [3.9396e-05],
          [2.6534e-05],
          [1.3814e-05],
          [2.0510e-05],
          [1.5269e-03],
          [1.3929e-05],
          [1.4251e-05],
          [1.2370e-05],
          [3.0383e-04],
          [3.6025e-04],
          [1.3685e-05],
          [1.4431e-05],
          [1.6601e-05],
          [2.0348e-05],
          [1.9860e-05],
          [2.1443e-05],
          [1.8067e-05],
          [1.5802e-05],
          [2.5727e-04],
          [1.0781e-04],
          [4.4355e-04],
          [1.3503e-05],
          [2.3668e-05],
          [2.7121e-05],
          [3.3299e-05],
          [3.9258e-05],
          [2.8689e-05],
          [2.7588e-05],
          [2.1665e-05],
          [1.7049e-05],
          [1.2723e-05],
          [1.0272e-05],
          [1.2370e-05],
          [1.7169e-05],
          [1.8139e-05],
          [2.2579e-05],
          [2.4924e-05],
          [2.6354e-05],
          [1.9803e-05],
          [1.4811e-04],
          [2.1731e-04],
          [2.8969e-05],
          [4.5010e-04],
          [1.4567e-05],
          [1.1019e-05],
          [1.0519e-05],
          [1.4633e-05],
          [1.5910e-05],
          [1.4323e-05],
          [1.7400e-05],
          [1.5195e-05],
          [1.1295e-05],
          [1.2154e-05],
          [1.2470e-05],
          [1.2786e-05],
          [1.2763e-05],
          [1.5664e-05],
          [1.6298e-05],
          [2.3189e-05],
          [9.2913e-04],
          [1.3956e-03],
          [3.1325e-05],
          [2.0200e-05],
          [1.5237e-05],
          [1.3903e-05],
          [1.2389e-05],
          [1.1781e-05],
          [1.1982e-05],
          [1.1087e-05],
          [1.1142e-05],
          [1.1042e-05],
          [1.1770e-05],
          [1.2931e-05],
          [1.6524e-05],
          [1.7635e-05],
          [2.3957e-05],
          [3.0756e-05],
          [4.8744e-05],
          [5.4363e-05],
          [5.4053e-05],
          [5.8853e-05],
          [7.1975e-05],
          [7.3862e-05],
          [5.4054e-05],
          [3.0192e-04],
          [2.6093e-04],
          [1.3857e-04],
          [6.7916e-04],
          [1.7207e-05],
          [1.5288e-05],
          [1.6052e-05],
          [1.7626e-05],
          [1.6446e-05],
          [2.1145e-05],
          [1.8614e-05],
          [1.8284e-05],
          [1.8082e-05],
          [1.8780e-05],
          [1.4265e-05],
          [3.9016e-04],
          [4.2553e-04],
          [1.7683e-05],
          [2.0886e-05],
          [2.6105e-05],
          [2.6517e-05],
          [2.5629e-05],
          [2.8963e-04],
          [8.4869e-05],
          [6.6648e-04],
          [1.5551e-05],
          [2.2126e-05],
          [2.4317e-04],
          [2.4163e-05],
          [3.8185e-04],
          [1.1579e-05],
          [1.0400e-05],
          [1.1695e-05],
          [3.5224e-04],
          [2.9016e-05],
          [1.1717e-03],
          [1.7298e-05],
          [2.2428e-05],
          [2.2619e-05],
          [2.2124e-05],
          [2.3766e-05],
          [2.0445e-05],
          [2.5708e-04],
          [2.8546e-04],
          [1.6893e-05],
          [1.5415e-05],
          [1.4857e-05],
          [1.3206e-05],
          [1.4429e-05],
          [1.4027e-05],
          [1.1750e-05],
          [2.6789e-04],
          [4.7847e-04],
          [1.3709e-05],
          [1.3228e-05],
          [1.2757e-05],
          [1.3511e-05],
          [2.9081e-04],
          [3.7075e-05],
          [1.8221e-05],
          [1.0196e-03],
          [1.3508e-05],
          [1.2786e-05],
          [1.2708e-05],
          [1.2430e-05],
          [1.6871e-05],
          [1.3369e-05],
          [1.1568e-05],
          [1.2058e-05],
          [1.4582e-05],
          [1.4603e-05],
          [1.2186e-05],
          [1.2792e-05],
          [1.0576e-05],
          [1.0765e-05],
          [1.1713e-05],
          [1.1513e-05],
          [1.1542e-05],
          [3.2783e-04],
          [2.5358e-04],
          [1.6066e-05],
          [1.6295e-05],
          [1.4799e-05],
          [1.5902e-05],
          [1.4344e-05],
          [1.7603e-05],
          [1.6502e-05],
          [1.8927e-05],
          [1.8373e-05],
          [1.3649e-05],
          [1.7324e-04],
          [1.8945e-04],
          [2.9406e-05],
          [5.3189e-04],
          [1.1465e-05],
          [2.7553e-04],
          [2.5343e-04],
          [2.3718e-05],
          [2.8912e-05],
          [3.2462e-05],
          [3.0755e-05],
          [3.9330e-05],
          [4.4219e-05],
          [5.2665e-05],
          [4.2152e-05],
          [4.8879e-05],
          [4.4837e-05],
          [5.1475e-05],
          [5.0378e-05],
          [4.2011e-05],
          [5.2921e-05],
          [2.4373e-04],
          [2.7570e-05],
          [1.8814e-05],
          [3.8609e-04],
          [2.3203e-04],
          [3.7893e-05],
          [2.9146e-04],
          [1.7895e-04],
          [5.8504e-05],
          [4.9134e-04],
          [1.4562e-05],
          [1.0467e-05],
          [9.8408e-06],
          [1.0603e-05],
          [9.9238e-06],
          [1.0010e-05],
          [4.1192e-05],
          [1.1604e-05],
          [1.3949e-05],
          [1.0746e-05],
          [4.3622e-04],
          [3.5184e-05],
          [1.8405e-04],
          [1.4124e-04],
          [1.1119e-05],
          [1.1127e-05],
          [1.1116e-05],
          [1.0372e-05],
          [1.0429e-05],
          [9.8320e-06],
          [4.2518e-04],
          [2.7213e-05],
          [9.6154e-04],
          [1.4000e-05],
          [1.2016e-05],
          [1.5730e-05],
          [1.6186e-05],
          [1.6586e-05],
          [1.7484e-05],
          [1.7167e-05],
          [2.2916e-05],
          [1.9497e-05],
          [2.5517e-05],
          [2.9046e-05],
          [3.6627e-05],
          [3.9201e-04],
          [3.9754e-04],
          [2.5222e-05],
          [2.0832e-05],
          [1.6692e-05],
          [1.3196e-05],
          [1.1805e-05],
          [1.5190e-05],
          [1.9059e-05],
          [1.6373e-05],
          [1.3063e-05],
          [1.2468e-05],
          [1.1986e-05],
          [9.7605e-06],
          [1.2900e-05],
          [1.2866e-05],
          [1.5612e-05],
          [1.3578e-05],
          [1.4579e-05],
          [1.3982e-05],
          [1.6117e-05],
          [1.3630e-05],
          [1.3187e-05],
          [1.7130e-05],
          [1.7189e-05],
          [2.0863e-05],
          [1.7744e-05],
          [2.5330e-05],
          [2.4759e-05],
          [2.6116e-05],
          [1.8670e-05],
          [2.1332e-05],
          [2.6415e-05],
          [2.2163e-05],
          [2.1097e-05],
          [1.8222e-05],
          [1.8403e-05],
          [1.7998e-05],
          [1.7192e-05],
          [1.5892e-05],
          [1.5078e-05],
          [1.5357e-05],
          [1.7071e-05],
          [1.7298e-05],
          [2.2841e-04],
          [3.3450e-05],
          [1.3104e-03],
          [2.3334e-05],
          [2.3448e-05],
          [2.1180e-05],
          [1.8721e-05],
          [1.6483e-05],
          [1.3464e-05],
          [1.1079e-05],
          [9.8194e-06],
          [9.4778e-06],
          [1.0612e-05],
          [1.1215e-05],
          [1.2330e-05],
          [1.6518e-05],
          [1.6468e-05],
          [3.3613e-04],
          [1.1763e-04],
          [8.9304e-04],
          [1.2874e-05],
          [1.0767e-05],
          [9.9584e-06],
          [1.2701e-05],
          [4.9102e-04],
          [6.1395e-04],
          [1.6099e-05],
          [1.5871e-05],
          [1.4945e-05],
          [1.7054e-05],
          [2.0993e-05],
          [2.5434e-05],
          [3.3682e-05],
          [3.0965e-05],
          [2.6764e-05],
          [2.1581e-05],
          [1.7856e-05],
          [1.2711e-05],
          [1.1325e-05],
          [1.1237e-05],
          [1.0615e-05],
          [1.0711e-05],
          [1.1705e-05],
          [2.1647e-05],
          [3.0839e-05],
          [4.1268e-05],
          [4.5439e-05],
          [2.4778e-05],
          [2.5883e-05],
          [2.6882e-05],
          [2.2680e-05],
          [1.8099e-05],
          [1.8911e-04],
          [2.5981e-04],
          [2.1035e-05],
          [1.9435e-05],
          [1.7363e-05],
          [1.5172e-05],
          [1.6503e-05],
          [1.6565e-05],
          [1.5835e-05],
          [8.4681e-05],
          [5.3476e-05],
          [3.0750e-04],
          [3.3067e-04],
          [2.0211e-05],
          [1.7253e-05],
          [1.6925e-05],
          [1.4659e-05],
          [1.3896e-05],
          [3.0797e-04],
          [1.9199e-04],
          [2.0919e-05],
          [1.0176e-04],
          [2.6371e-04],
          [2.0864e-05],
          [4.3290e-04],
          [3.9605e-05],
          [5.5310e-04],
          [2.7789e-05],
          [1.5636e-05],
          [1.2657e-05],
          [1.2027e-05],
          [1.1798e-05],
          [2.7586e-05],
          [6.7135e-06]]]])
