# Using CPU
# Loading Embeddings...
# Making Predictions...
torch.Size([1, 1, 442, 290])
tensor([[[[1.4077e-04],
          [4.2234e-05],
          [9.6490e-05],
          [1.8315e-05],
          [1.0051e-05],
          [3.8187e-04],
          [2.7039e-04],
          [1.7219e-05],
          [2.5306e-04],
          [2.7430e-04],
          [1.5944e-05],
          [1.3632e-05],
          [3.3323e-04],
          [1.9861e-04],
          [1.4147e-05],
          [1.1421e-05],
          [1.2944e-05],
          [9.8064e-06],
          [1.2269e-05],
          [1.4770e-05],
          [5.1629e-04],
          [1.9933e-05],
          [1.8728e-04],
          [1.3657e-05],
          [2.1648e-05],
          [3.0044e-05],
          [3.5036e-05],
          [5.9054e-05],
          [6.8313e-05],
          [8.7232e-05],
          [1.0220e-04],
          [1.2746e-04],
          [1.2052e-04],
          [1.1758e-04],
          [9.1932e-05],
          [7.0153e-05],
          [1.5122e-03],
          [8.0375e-05],
          [1.7819e-04],
          [1.0411e-04],
          [1.8914e-04],
          [2.2408e-05],
          [2.2280e-05],
          [2.0988e-05],
          [1.4783e-05],
          [1.3556e-05],
          [1.1715e-05],
          [1.7687e-05],
          [2.8155e-05],
          [2.6582e-04],
          [1.4470e-04],
          [1.3668e-05],
          [1.6120e-05],
          [4.3825e-04],
          [1.5843e-04],
          [1.2668e-05],
          [1.3012e-05],
          [1.2818e-05],
          [1.5882e-05],
          [1.8685e-05],
          [1.8149e-05],
          [1.9816e-05],
          [4.3490e-04],
          [1.9032e-04],
          [1.4969e-05],
          [1.4553e-05],
          [1.5393e-05],
          [1.6037e-05],
          [1.6582e-05],
          [1.4634e-05],
          [1.3334e-05],
          [3.4008e-04],
          [3.4068e-05],
          [2.1290e-05],
          [1.4878e-05],
          [2.0728e-05],
          [4.2384e-04],
          [1.4479e-05],
          [1.1939e-05],
          [1.0980e-05],
          [2.2570e-04],
          [2.0356e-04],
          [1.4673e-05],
          [1.5143e-05],
          [1.8159e-05],
          [1.8034e-05],
          [1.9304e-05],
          [1.9442e-05],
          [1.7864e-05],
          [1.4817e-05],
          [4.3764e-04],
          [7.7014e-05],
          [1.9752e-04],
          [1.1039e-05],
          [1.1853e-05],
          [1.7222e-05],
          [1.9090e-05],
          [2.4628e-05],
          [1.7066e-05],
          [1.7732e-05],
          [1.7994e-05],
          [1.5681e-05],
          [1.1887e-05],
          [1.1575e-05],
          [1.1275e-05],
          [1.6769e-05],
          [1.8779e-05],
          [2.4019e-05],
          [2.2784e-05],
          [2.2743e-05],
          [2.0074e-05],
          [1.0510e-04],
          [1.5540e-04],
          [2.2028e-05],
          [2.1919e-04],
          [1.5255e-05],
          [1.2114e-05],
          [1.1052e-05],
          [1.2299e-05],
          [1.3492e-05],
          [1.3942e-05],
          [9.9934e-06],
          [1.7467e-05],
          [1.0914e-05],
          [1.3590e-05],
          [1.2063e-05],
          [1.4315e-05],
          [1.4421e-05],
          [2.6909e-05],
          [5.8368e-05],
          [4.1967e-04],
          [8.9880e-03],
          [2.2881e-03],
          [6.9316e-04],
          [3.1495e-04],
          [1.7461e-04],
          [8.9400e-05],
          [3.3116e-05],
          [1.6316e-05],
          [1.6310e-05],
          [1.5708e-05],
          [1.4441e-05],
          [1.0493e-05],
          [1.1453e-05],
          [1.3912e-05],
          [2.0246e-05],
          [2.0657e-05],
          [3.3081e-05],
          [3.6753e-05],
          [6.1754e-05],
          [5.2124e-05],
          [7.0726e-05],
          [5.0302e-05],
          [7.2430e-05],
          [5.4368e-05],
          [4.7559e-05],
          [3.3660e-04],
          [1.3026e-04],
          [1.9752e-04],
          [2.4521e-04],
          [2.3065e-05],
          [5.9310e-05],
          [9.2439e-05],
          [1.0149e-04],
          [3.8199e-05],
          [4.2836e-05],
          [3.9346e-05],
          [2.6312e-05],
          [2.1025e-05],
          [2.0950e-05],
          [1.9611e-05],
          [4.6881e-04],
          [1.8917e-04],
          [3.2419e-05],
          [4.2749e-05],
          [4.6364e-05],
          [4.6019e-05],
          [3.6583e-05],
          [3.7825e-04],
          [8.9674e-05],
          [2.7868e-04],
          [1.3211e-05],
          [1.4253e-05],
          [2.0288e-04],
          [1.8383e-05],
          [2.0246e-04],
          [1.5386e-05],
          [1.6275e-05],
          [1.5069e-05],
          [3.7170e-04],
          [1.6619e-05],
          [3.7214e-04],
          [1.7411e-05],
          [2.2038e-05],
          [2.3572e-05],
          [2.1820e-05],
          [2.6113e-05],
          [2.3041e-05],
          [3.5400e-04],
          [1.5071e-04],
          [1.7450e-05],
          [1.6206e-05],
          [1.5564e-05],
          [1.6632e-05],
          [2.0163e-05],
          [2.2794e-05],
          [2.1199e-05],
          [3.8210e-04],
          [1.5897e-04],
          [2.0322e-05],
          [1.6282e-05],
          [1.6177e-05],
          [1.3370e-05],
          [4.5989e-04],
          [3.3177e-05],
          [1.7466e-05],
          [3.0900e-04],
          [1.5181e-05],
          [1.4911e-05],
          [1.4294e-05],
          [1.4157e-05],
          [1.6425e-05],
          [1.7624e-05],
          [1.4818e-05],
          [1.6594e-05],
          [1.8916e-05],
          [2.1205e-05],
          [1.8308e-05],
          [1.4698e-05],
          [1.2621e-05],
          [1.2035e-05],
          [1.3058e-05],
          [1.4363e-05],
          [1.4153e-05],
          [3.1980e-04],
          [1.0496e-04],
          [1.4651e-05],
          [1.5502e-05],
          [1.5514e-05],
          [2.0050e-05],
          [1.7627e-05],
          [1.7202e-05],
          [1.7677e-05],
          [2.3579e-05],
          [1.7993e-05],
          [1.1117e-05],
          [2.1786e-04],
          [1.4913e-04],
          [1.9827e-05],
          [2.2248e-04],
          [1.1008e-05],
          [2.4292e-04],
          [1.1078e-04],
          [2.3399e-05],
          [3.0189e-05],
          [3.2645e-05],
          [2.6443e-05],
          [3.2947e-05],
          [3.7453e-05],
          [4.4706e-05],
          [3.7891e-05],
          [5.9108e-05],
          [9.0092e-05],
          [1.1944e-04],
          [1.5349e-04],
          [1.4270e-04],
          [1.4058e-04],
          [1.5444e-03],
          [5.2538e-05],
          [6.3076e-05],
          [2.4408e-04],
          [1.6860e-04],
          [3.5676e-05],
          [1.5959e-04],
          [1.7578e-04],
          [5.3915e-05],
          [2.4346e-04],
          [1.4740e-05],
          [1.1718e-05],
          [1.0560e-05],
          [8.4622e-06],
          [9.3547e-06],
          [8.9214e-06],
          [3.0422e-05],
          [1.0378e-05],
          [1.3579e-05],
          [1.1194e-05],
          [2.6382e-04],
          [2.3174e-05],
          [9.7160e-05],
          [5.3422e-05],
          [1.1247e-05],
          [1.1119e-05],
          [1.1472e-05],
          [1.1388e-05],
          [1.2693e-05],
          [1.0557e-05],
          [4.2302e-04],
          [1.8224e-05],
          [2.3753e-04],
          [1.3250e-05],
          [1.2062e-05],
          [1.4940e-05],
          [1.4947e-05],
          [1.4946e-05],
          [1.4478e-05],
          [1.4170e-05],
          [1.9939e-05],
          [1.7858e-05],
          [2.4684e-05],
          [2.8722e-05],
          [3.7333e-05],
          [4.1739e-04],
          [1.6510e-04],
          [2.2501e-05],
          [1.9081e-05],
          [1.5469e-05],
          [1.2020e-05],
          [1.2208e-05],
          [1.6671e-05],
          [1.7156e-05],
          [1.4600e-05],
          [1.5317e-05],
          [1.5652e-05],
          [1.7679e-05],
          [1.3128e-05],
          [1.5410e-05],
          [1.6527e-05],
          [1.6777e-05],
          [1.6487e-05],
          [1.7133e-05],
          [1.5721e-05],
          [1.7987e-05],
          [1.7278e-05],
          [1.4480e-05],
          [1.7643e-05],
          [1.6896e-05],
          [1.9505e-05],
          [1.7695e-05],
          [2.1819e-05],
          [2.5029e-05],
          [2.5902e-05],
          [2.2574e-05],
          [2.7432e-05],
          [3.1956e-05],
          [3.3742e-05],
          [1.9107e-05],
          [1.7189e-05],
          [2.8957e-05],
          [1.8080e-05],
          [1.7689e-05],
          [1.4438e-05],
          [1.4836e-05],
          [1.7259e-05],
          [1.5554e-05],
          [1.6963e-05],
          [2.2470e-04],
          [2.5375e-05],
          [3.9878e-04],
          [2.1159e-05],
          [2.2175e-05],
          [1.8457e-05],
          [1.8007e-05],
          [2.2388e-05],
          [1.9262e-05],
          [2.0143e-05],
          [1.7909e-05],
          [1.6988e-05],
          [1.4756e-05],
          [1.8113e-05],
          [1.5615e-05],
          [1.8175e-05],
          [1.8560e-05],
          [2.9580e-04],
          [5.9509e-05],
          [3.0839e-04],
          [1.3373e-05],
          [1.1678e-05],
          [9.7341e-06],
          [1.0442e-05],
          [3.7608e-04],
          [1.8390e-04],
          [1.2975e-05],
          [1.3657e-05],
          [1.6834e-05],
          [2.7083e-05],
          [3.5217e-05],
          [4.3385e-05],
          [4.4043e-05],
          [3.3007e-05],
          [3.1911e-05],
          [2.4679e-05],
          [2.2282e-05],
          [2.0720e-05],
          [1.5003e-05],
          [1.3436e-05],
          [1.3692e-05],
          [1.4243e-05],
          [1.2143e-05],
          [2.3175e-05],
          [2.9521e-05],
          [3.8375e-05],
          [3.6804e-05],
          [2.9048e-05],
          [2.9191e-05],
          [2.4872e-05],
          [2.7595e-05],
          [1.7499e-05],
          [2.5956e-04],
          [1.3604e-04],
          [1.7587e-05],
          [1.8645e-05],
          [1.6246e-05],
          [1.4036e-05],
          [1.7132e-05],
          [2.0274e-05],
          [3.0409e-05],
          [6.5689e-05],
          [6.3164e-05],
          [2.8638e-04],
          [1.5300e-04],
          [1.9806e-05],
          [1.4923e-05],
          [1.6307e-05],
          [1.6394e-05],
          [1.4987e-05],
          [4.3574e-04],
          [1.2601e-04],
          [2.0297e-05],
          [9.5053e-05],
          [9.9799e-05],
          [1.8510e-05],
          [2.1725e-04],
          [2.6221e-05],
          [2.5100e-04],
          [1.9344e-05],
          [1.4709e-05],
          [1.3704e-05],
          [1.4322e-05],
          [1.3814e-05],
          [3.3162e-05],
          [5.3387e-06]]]])
