# Using CPU
# Loading Embeddings...
# Making Predictions...
torch.Size([1, 1, 442, 267])
tensor([[[[1.1673e-04],
          [2.1010e-05],
          [5.7296e-05],
          [4.1782e-05],
          [9.4953e-06],
          [3.3849e-04],
          [2.5092e-04],
          [2.5148e-05],
          [2.5619e-04],
          [2.6556e-04],
          [1.5959e-05],
          [1.4704e-05],
          [2.2304e-04],
          [1.2738e-04],
          [6.9246e-05],
          [9.7446e-06],
          [1.1280e-05],
          [1.0610e-05],
          [1.3616e-05],
          [1.5021e-05],
          [4.2255e-04],
          [1.8210e-05],
          [1.3767e-04],
          [1.4105e-05],
          [1.8793e-05],
          [2.8875e-05],
          [4.1948e-05],
          [7.0357e-05],
          [9.1241e-05],
          [1.2705e-04],
          [1.1711e-04],
          [1.3965e-04],
          [1.3231e-04],
          [1.4737e-04],
          [1.1831e-04],
          [8.6824e-05],
          [5.6967e-04],
          [5.3233e-05],
          [1.2550e-04],
          [1.3042e-04],
          [1.0467e-04],
          [2.6294e-05],
          [2.2622e-05],
          [2.5383e-05],
          [1.8053e-05],
          [1.7347e-05],
          [1.4244e-05],
          [1.3090e-05],
          [1.1932e-05],
          [2.2593e-04],
          [9.5547e-05],
          [1.2135e-05],
          [1.0768e-05],
          [4.8462e-04],
          [1.2997e-04],
          [1.3476e-05],
          [1.5257e-05],
          [1.4966e-05],
          [1.8305e-05],
          [2.2854e-05],
          [2.2791e-05],
          [2.0334e-05],
          [2.8034e-04],
          [1.7778e-04],
          [1.5632e-05],
          [1.5639e-05],
          [1.6042e-05],
          [1.3720e-05],
          [1.4814e-05],
          [1.4309e-05],
          [1.3322e-05],
          [2.3839e-04],
          [2.0762e-05],
          [1.5160e-05],
          [1.2718e-05],
          [1.8638e-05],
          [3.0798e-04],
          [1.3125e-05],
          [1.2096e-05],
          [1.0912e-05],
          [2.0259e-04],
          [8.3305e-05],
          [1.1154e-05],
          [1.1894e-05],
          [1.4100e-05],
          [1.8283e-05],
          [1.8832e-05],
          [1.9233e-05],
          [1.6449e-05],
          [1.4476e-05],
          [2.6248e-04],
          [3.9115e-05],
          [1.1805e-04],
          [1.6524e-05],
          [2.7397e-05],
          [4.1501e-05],
          [4.5915e-05],
          [7.0342e-05],
          [4.6747e-05],
          [4.8123e-05],
          [4.1379e-05],
          [2.3483e-05],
          [1.5269e-05],
          [1.2557e-05],
          [1.1924e-05],
          [1.6450e-05],
          [1.7660e-05],
          [2.2903e-05],
          [2.2296e-05],
          [2.4170e-05],
          [2.1878e-05],
          [1.1635e-04],
          [1.1404e-04],
          [2.2143e-05],
          [1.5409e-04],
          [1.6055e-05],
          [1.3909e-05],
          [1.2229e-05],
          [1.4464e-05],
          [1.6049e-05],
          [1.5518e-05],
          [1.2393e-05],
          [1.4391e-05],
          [1.1430e-05],
          [1.2112e-05],
          [1.2239e-05],
          [1.4881e-05],
          [1.4087e-05],
          [1.7784e-05],
          [2.0021e-05],
          [2.5500e-05],
          [5.1998e-04],
          [2.2716e-04],
          [3.8505e-05],
          [2.4732e-05],
          [2.5888e-05],
          [2.1456e-05],
          [2.3721e-05],
          [2.0239e-05],
          [1.9431e-05],
          [1.6252e-05],
          [1.4569e-05],
          [1.0452e-05],
          [1.2349e-05],
          [1.5380e-05],
          [2.0112e-05],
          [2.1304e-05],
          [3.1717e-05],
          [4.2419e-05],
          [7.0955e-05],
          [7.6946e-05],
          [9.5716e-05],
          [9.8003e-05],
          [1.2350e-04],
          [9.6886e-05],
          [8.0232e-05],
          [3.5344e-04],
          [1.4106e-04],
          [1.4046e-04],
          [2.0838e-04],
          [1.7380e-05],
          [1.5499e-05],
          [1.8189e-05],
          [1.8743e-05],
          [1.8643e-05],
          [2.4522e-05],
          [2.5886e-05],
          [2.5292e-05],
          [2.6952e-05],
          [2.6837e-05],
          [2.0566e-05],
          [4.9400e-04],
          [1.4383e-04],
          [3.1803e-05],
          [3.6345e-05],
          [3.8427e-05],
          [4.1336e-05],
          [3.6363e-05],
          [2.4314e-04],
          [5.0144e-05],
          [2.3160e-04],
          [1.8208e-05],
          [1.4599e-05],
          [2.0000e-04],
          [1.3829e-05],
          [9.3053e-05],
          [1.6496e-05],
          [1.9067e-05],
          [1.4402e-05],
          [3.4891e-04],
          [3.3114e-05],
          [4.1125e-04],
          [1.7454e-05],
          [2.2886e-05],
          [2.3872e-05],
          [2.2135e-05],
          [2.7580e-05],
          [2.0690e-05],
          [2.7102e-04],
          [1.3195e-04],
          [1.6439e-05],
          [1.5590e-05],
          [1.4991e-05],
          [1.3206e-05],
          [1.6296e-05],
          [1.5712e-05],
          [1.5795e-05],
          [2.4795e-04],
          [1.4308e-04],
          [1.6840e-05],
          [1.6257e-05],
          [1.8259e-05],
          [1.3781e-05],
          [2.8259e-04],
          [2.5231e-05],
          [2.0172e-05],
          [2.1432e-04],
          [1.4358e-05],
          [1.2139e-05],
          [1.2035e-05],
          [1.3146e-05],
          [1.2583e-05],
          [1.1483e-05],
          [1.1284e-05],
          [1.2347e-05],
          [1.7064e-05],
          [1.6918e-05],
          [1.5077e-05],
          [1.4555e-05],
          [1.2419e-05],
          [1.0665e-05],
          [1.1145e-05],
          [1.0323e-05],
          [1.1842e-05],
          [4.0227e-04],
          [8.8153e-05],
          [1.4272e-05],
          [1.4107e-05],
          [1.1921e-05],
          [1.5553e-05],
          [2.1360e-05],
          [2.3005e-05],
          [1.7110e-05],
          [2.9809e-05],
          [3.1470e-05],
          [1.2913e-05],
          [3.1152e-04],
          [1.1883e-04],
          [2.2032e-05],
          [1.4120e-04],
          [1.1220e-05],
          [2.3512e-04],
          [9.3392e-05],
          [1.7939e-05],
          [2.0577e-05],
          [2.3844e-05],
          [2.2728e-05],
          [2.9028e-05],
          [3.5727e-05],
          [4.5924e-05],
          [4.2265e-05],
          [6.9418e-05],
          [8.5494e-05],
          [1.4205e-04],
          [1.1879e-04],
          [1.2186e-04],
          [7.7822e-05],
          [3.6601e-04],
          [3.7448e-05],
          [3.3186e-05],
          [1.8237e-04],
          [2.2428e-04],
          [2.9010e-05],
          [8.5735e-05],
          [1.3572e-04],
          [3.8564e-05],
          [1.7879e-04],
          [1.2807e-05],
          [1.1056e-05],
          [9.1169e-06],
          [9.0752e-06],
          [9.1637e-06],
          [9.1419e-06],
          [2.2698e-05],
          [1.0729e-05],
          [1.5765e-05],
          [1.3012e-05],
          [2.5467e-04],
          [2.1281e-05],
          [7.3334e-05],
          [5.5691e-05],
          [1.0182e-05],
          [1.0270e-05],
          [1.0069e-05],
          [9.9701e-06],
          [9.2315e-06],
          [9.7350e-06],
          [3.9115e-04],
          [1.8137e-05],
          [2.3699e-04],
          [1.2085e-05],
          [1.1408e-05],
          [1.1359e-05],
          [1.1070e-05],
          [1.0396e-05],
          [1.1039e-05],
          [1.1409e-05],
          [1.4948e-05],
          [1.3745e-05],
          [1.9927e-05],
          [2.5530e-05],
          [3.0310e-05],
          [2.8456e-04],
          [1.4953e-04],
          [1.9576e-05],
          [1.6873e-05],
          [1.2875e-05],
          [1.0763e-05],
          [1.1645e-05],
          [1.4941e-05],
          [1.6685e-05],
          [1.3211e-05],
          [1.9011e-05],
          [1.3345e-05],
          [1.3815e-05],
          [1.1609e-05],
          [1.0239e-05],
          [1.0089e-05],
          [1.1039e-05],
          [1.1245e-05],
          [1.0445e-05],
          [1.1480e-05],
          [1.3572e-05],
          [1.4079e-05],
          [1.4948e-05],
          [1.9862e-05],
          [1.8074e-05],
          [2.0159e-05],
          [1.8081e-05],
          [2.4226e-05],
          [2.6913e-05],
          [2.5483e-05],
          [2.7787e-05],
          [4.1852e-05],
          [4.9441e-05],
          [5.0401e-05],
          [2.6748e-05],
          [4.2007e-05],
          [3.8069e-05],
          [2.2394e-05],
          [2.3477e-05],
          [1.7100e-05],
          [1.7560e-05],
          [1.6826e-05],
          [1.4663e-05],
          [1.4299e-05],
          [3.0957e-04],
          [2.8320e-05],
          [4.0197e-04],
          [1.5391e-05],
          [1.6929e-05],
          [1.4300e-05],
          [1.4608e-05],
          [1.5161e-05],
          [1.3335e-05],
          [1.2417e-05],
          [1.1663e-05],
          [1.0208e-05],
          [1.0499e-05],
          [1.0357e-05],
          [1.1154e-05],
          [1.4342e-05],
          [1.3668e-05],
          [4.5990e-04],
          [6.3505e-05],
          [2.1499e-04],
          [1.2374e-05],
          [1.0386e-05],
          [1.0235e-05],
          [1.0529e-05],
          [2.9259e-04],
          [1.6478e-04],
          [1.0987e-05],
          [1.3984e-05],
          [1.6935e-05],
          [2.8096e-05],
          [3.7137e-05],
          [4.5937e-05],
          [4.6733e-05],
          [3.7213e-05],
          [2.6965e-05],
          [1.8812e-05],
          [1.7039e-05],
          [1.1696e-05],
          [1.1984e-05],
          [9.5774e-06],
          [1.1090e-05],
          [1.1600e-05],
          [1.3382e-05],
          [5.5398e-05],
          [3.7988e-05],
          [5.2428e-05],
          [1.0385e-04],
          [3.1794e-05],
          [4.3894e-05],
          [2.2909e-05],
          [2.2700e-05],
          [1.6908e-05],
          [2.3188e-04],
          [9.3903e-05],
          [2.1005e-05],
          [1.9409e-05],
          [1.7772e-05],
          [1.4257e-05],
          [2.9397e-05],
          [2.8671e-05],
          [2.9507e-05],
          [8.3095e-05],
          [7.1256e-05],
          [1.6445e-04],
          [1.1957e-04],
          [2.5468e-05],
          [1.6807e-05],
          [1.6543e-05],
          [2.0177e-05],
          [1.3115e-05],
          [3.5029e-04],
          [9.0181e-05],
          [1.4685e-05],
          [5.4871e-05],
          [6.3846e-05],
          [1.6061e-05],
          [2.1775e-04],
          [1.6820e-05],
          [2.0238e-04],
          [1.6305e-05],
          [1.2545e-05],
          [9.5004e-06],
          [1.1079e-05],
          [9.6132e-06],
          [4.0288e-05],
          [6.5504e-06]]]])
