# Using CPU
# Loading Embeddings...
# Making Predictions...
torch.Size([1, 1, 442, 263])
tensor([[[[1.9771e-04],
          [2.7305e-05],
          [7.2079e-05],
          [2.3269e-05],
          [1.0051e-05],
          [3.1049e-04],
          [1.7661e-04],
          [1.4242e-05],
          [2.9951e-04],
          [2.0803e-04],
          [1.6421e-05],
          [1.5429e-05],
          [4.5527e-04],
          [1.5290e-04],
          [2.1371e-05],
          [1.6297e-05],
          [1.5256e-05],
          [1.8636e-05],
          [1.5802e-05],
          [2.3274e-05],
          [3.3275e-04],
          [2.2440e-05],
          [1.6284e-04],
          [1.3701e-05],
          [1.6875e-05],
          [2.2578e-05],
          [2.8325e-05],
          [4.5473e-05],
          [5.4393e-05],
          [6.5375e-05],
          [6.5504e-05],
          [7.8624e-05],
          [7.2610e-05],
          [7.8668e-05],
          [6.3668e-05],
          [5.6006e-05],
          [3.2176e-04],
          [3.8828e-05],
          [1.3895e-04],
          [8.4703e-05],
          [1.5077e-04],
          [2.1278e-05],
          [2.0428e-05],
          [2.2305e-05],
          [1.6651e-05],
          [1.6099e-05],
          [1.2989e-05],
          [1.3879e-05],
          [1.5995e-05],
          [2.1289e-04],
          [1.4139e-04],
          [1.3769e-05],
          [1.5694e-05],
          [2.8776e-04],
          [1.4107e-04],
          [1.7037e-05],
          [1.4450e-05],
          [1.3736e-05],
          [1.7001e-05],
          [1.9746e-05],
          [1.9568e-05],
          [1.9269e-05],
          [2.6662e-04],
          [1.6727e-04],
          [1.6671e-05],
          [1.8550e-05],
          [2.3503e-05],
          [2.1874e-05],
          [2.3586e-05],
          [2.1413e-05],
          [1.4297e-05],
          [2.4065e-04],
          [1.9348e-05],
          [2.3003e-05],
          [1.4984e-05],
          [1.5218e-05],
          [2.4592e-04],
          [1.6766e-05],
          [1.5849e-05],
          [1.3579e-05],
          [2.6162e-04],
          [1.1661e-04],
          [1.2236e-05],
          [1.1192e-05],
          [1.2696e-05],
          [1.6030e-05],
          [1.5795e-05],
          [1.7698e-05],
          [1.6381e-05],
          [1.5235e-05],
          [2.9103e-04],
          [4.8907e-05],
          [1.7831e-04],
          [1.2945e-05],
          [1.8908e-05],
          [3.4642e-05],
          [4.0556e-05],
          [5.7288e-05],
          [5.3261e-05],
          [4.9576e-05],
          [4.1910e-05],
          [2.7662e-05],
          [1.6427e-05],
          [1.6085e-05],
          [1.6010e-05],
          [1.7163e-05],
          [2.0061e-05],
          [2.3831e-05],
          [2.3847e-05],
          [2.3737e-05],
          [2.1795e-05],
          [1.0583e-04],
          [1.3757e-04],
          [2.5006e-05],
          [1.4781e-04],
          [1.7222e-05],
          [1.4024e-05],
          [1.2110e-05],
          [1.3655e-05],
          [1.6020e-05],
          [1.5970e-05],
          [1.2253e-05],
          [1.7350e-05],
          [1.5626e-05],
          [1.5924e-05],
          [1.7076e-05],
          [1.8121e-05],
          [2.2031e-05],
          [2.5333e-05],
          [2.8545e-05],
          [2.2835e-05],
          [3.2619e-04],
          [2.5345e-04],
          [4.3235e-05],
          [2.8516e-05],
          [2.3341e-05],
          [1.9266e-05],
          [2.1556e-05],
          [1.7794e-05],
          [1.9324e-05],
          [1.5079e-05],
          [1.5859e-05],
          [1.4615e-05],
          [1.5323e-05],
          [1.6410e-05],
          [2.2346e-05],
          [2.3755e-05],
          [3.2445e-05],
          [3.8708e-05],
          [5.3112e-05],
          [5.6776e-05],
          [5.9538e-05],
          [6.1240e-05],
          [7.3800e-05],
          [5.2604e-05],
          [4.8541e-05],
          [6.9380e-04],
          [9.3383e-05],
          [2.3171e-04],
          [2.0147e-04],
          [1.6982e-05],
          [1.5922e-05],
          [2.1673e-05],
          [2.1871e-05],
          [2.4540e-05],
          [2.2678e-05],
          [2.2616e-05],
          [2.0548e-05],
          [2.3404e-05],
          [2.2218e-05],
          [1.9605e-05],
          [3.9153e-04],
          [1.6972e-04],
          [2.4717e-05],
          [3.3173e-05],
          [3.7349e-05],
          [3.1743e-05],
          [3.0023e-05],
          [2.4762e-04],
          [3.7881e-05],
          [2.1302e-04],
          [1.5945e-05],
          [1.3122e-05],
          [2.2285e-04],
          [1.3668e-05],
          [1.7657e-04],
          [1.8315e-05],
          [2.0533e-05],
          [1.5851e-05],
          [3.3893e-04],
          [2.8100e-05],
          [2.1833e-04],
          [1.8901e-05],
          [2.1600e-05],
          [2.2185e-05],
          [2.3239e-05],
          [2.4082e-05],
          [2.4635e-05],
          [2.4566e-04],
          [1.2731e-04],
          [1.8606e-05],
          [1.6794e-05],
          [1.5226e-05],
          [1.4101e-05],
          [1.8659e-05],
          [2.2803e-05],
          [2.1701e-05],
          [2.4984e-04],
          [1.0231e-04],
          [1.7902e-05],
          [1.3686e-05],
          [1.3046e-05],
          [1.3153e-05],
          [3.6565e-04],
          [2.1604e-05],
          [1.8593e-05],
          [2.1931e-04],
          [1.2854e-05],
          [1.7670e-05],
          [1.3983e-05],
          [1.7290e-05],
          [1.8309e-05],
          [1.8697e-05],
          [1.7298e-05],
          [1.8974e-05],
          [2.2297e-05],
          [2.1355e-05],
          [2.0470e-05],
          [2.0488e-05],
          [1.8603e-05],
          [1.6820e-05],
          [2.0146e-05],
          [1.6694e-05],
          [1.3226e-05],
          [3.2281e-04],
          [8.3735e-05],
          [1.6344e-05],
          [1.6654e-05],
          [1.5712e-05],
          [2.6649e-05],
          [3.1664e-05],
          [2.2878e-05],
          [1.8422e-05],
          [4.4042e-05],
          [2.5984e-05],
          [1.2635e-05],
          [1.3600e-04],
          [1.2270e-04],
          [2.2304e-05],
          [1.5180e-04],
          [1.1010e-05],
          [2.1562e-04],
          [8.4816e-05],
          [1.8747e-05],
          [2.3838e-05],
          [2.5082e-05],
          [2.5703e-05],
          [3.2385e-05],
          [3.6061e-05],
          [4.5295e-05],
          [4.3516e-05],
          [6.1356e-05],
          [7.4876e-05],
          [1.1241e-04],
          [9.5638e-05],
          [8.9941e-05],
          [8.0022e-05],
          [2.1950e-04],
          [2.6571e-05],
          [2.6852e-05],
          [1.8557e-04],
          [1.5941e-04],
          [3.0214e-05],
          [1.5050e-04],
          [1.7592e-04],
          [4.0539e-05],
          [1.7746e-04],
          [1.2893e-05],
          [1.1451e-05],
          [1.0582e-05],
          [1.1025e-05],
          [1.3260e-05],
          [1.4127e-05],
          [2.5473e-05],
          [1.6428e-05],
          [1.7309e-05],
          [1.4986e-05],
          [3.4802e-04],
          [2.6957e-05],
          [6.3499e-05],
          [5.0114e-05],
          [1.0468e-05],
          [1.0893e-05],
          [1.0577e-05],
          [1.0820e-05],
          [1.3196e-05],
          [1.2222e-05],
          [2.7830e-04],
          [1.9029e-05],
          [1.9908e-04],
          [1.5061e-05],
          [1.3953e-05],
          [1.4982e-05],
          [1.4686e-05],
          [1.5903e-05],
          [1.6396e-05],
          [1.7116e-05],
          [2.0496e-05],
          [1.8305e-05],
          [2.0097e-05],
          [2.3196e-05],
          [2.8826e-05],
          [3.9431e-04],
          [1.1964e-04],
          [2.1045e-05],
          [1.8293e-05],
          [1.4854e-05],
          [1.4967e-05],
          [1.7755e-05],
          [1.9671e-05],
          [1.9278e-05],
          [1.7541e-05],
          [1.8086e-05],
          [1.9269e-05],
          [1.9569e-05],
          [1.3639e-05],
          [1.6301e-05],
          [1.4584e-05],
          [1.5861e-05],
          [1.6264e-05],
          [1.5874e-05],
          [1.9446e-05],
          [2.0638e-05],
          [2.0532e-05],
          [2.8656e-05],
          [2.6009e-05],
          [2.3546e-05],
          [2.7159e-05],
          [2.2764e-05],
          [2.7552e-05],
          [3.1256e-05],
          [3.0052e-05],
          [2.7852e-05],
          [2.5630e-05],
          [3.6170e-05],
          [3.5480e-05],
          [2.0797e-05],
          [3.9572e-05],
          [3.2902e-05],
          [2.2045e-05],
          [2.2416e-05],
          [1.7274e-05],
          [1.9324e-05],
          [1.5083e-05],
          [1.6574e-05],
          [1.9926e-05],
          [1.4371e-04],
          [2.9172e-05],
          [2.7679e-04],
          [1.9663e-05],
          [2.3642e-05],
          [2.4307e-05],
          [2.3723e-05],
          [2.6203e-05],
          [2.0111e-05],
          [1.8579e-05],
          [1.5664e-05],
          [1.3897e-05],
          [1.1997e-05],
          [1.4125e-05],
          [1.2547e-05],
          [1.5635e-05],
          [1.5476e-05],
          [2.1057e-04],
          [8.2493e-05],
          [2.4744e-04],
          [1.4999e-05],
          [1.3767e-05],
          [1.2104e-05],
          [1.2402e-05],
          [2.7697e-04],
          [1.8882e-04],
          [1.4088e-05],
          [1.7215e-05],
          [2.3850e-05],
          [3.1094e-05],
          [3.6854e-05],
          [4.5332e-05],
          [5.1215e-05],
          [4.4624e-05],
          [3.2381e-05],
          [2.8612e-05],
          [2.2392e-05],
          [1.8047e-05],
          [1.2112e-05],
          [1.3199e-05],
          [1.2838e-05],
          [1.8517e-05],
          [1.6056e-05],
          [9.1299e-05],
          [3.0083e-05],
          [3.8384e-05],
          [4.3099e-05],
          [2.2057e-05],
          [2.6995e-05],
          [2.3715e-05],
          [2.3615e-05],
          [1.8811e-05],
          [2.0736e-04],
          [1.2021e-04],
          [1.9610e-05],
          [1.8147e-05],
          [2.3217e-05],
          [1.8594e-05],
          [2.7259e-05],
          [3.2483e-05],
          [4.5344e-05],
          [6.4467e-05],
          [6.6043e-05],
          [1.8309e-04],
          [1.6382e-04],
          [3.0632e-05],
          [2.1337e-05],
          [1.5618e-05],
          [1.8540e-05],
          [1.4079e-05],
          [3.0952e-04],
          [1.3817e-04],
          [1.7334e-05],
          [5.1389e-05],
          [1.0920e-04],
          [1.7191e-05],
          [2.2495e-04],
          [2.2726e-05],
          [3.3088e-04],
          [1.7604e-05],
          [1.3431e-05],
          [1.0883e-05],
          [1.7991e-05],
          [1.2048e-05],
          [2.8864e-05],
          [6.4132e-06]]]])
