# Using CPU
# Loading Embeddings...
# Making Predictions...
torch.Size([1, 1, 442, 416])
tensor([[[[1.5483e-04],
          [3.0164e-05],
          [8.4297e-05],
          [7.4422e-05],
          [1.1295e-05],
          [1.4360e-04],
          [8.9565e-05],
          [1.5946e-05],
          [9.8453e-05],
          [7.8958e-05],
          [1.6170e-05],
          [1.3939e-05],
          [1.9449e-04],
          [1.6278e-04],
          [3.1704e-05],
          [1.4944e-05],
          [1.5046e-05],
          [1.8703e-05],
          [2.2685e-05],
          [1.9828e-05],
          [1.5221e-04],
          [2.8329e-05],
          [6.6318e-05],
          [1.5624e-05],
          [1.4749e-05],
          [1.5732e-05],
          [1.9369e-05],
          [2.5208e-05],
          [3.0037e-05],
          [3.6684e-05],
          [3.4339e-05],
          [3.4479e-05],
          [3.1332e-05],
          [2.6963e-05],
          [2.2516e-05],
          [1.8296e-05],
          [1.8378e-04],
          [1.9106e-05],
          [9.2583e-05],
          [3.6019e-05],
          [9.5665e-05],
          [1.3711e-05],
          [1.2429e-05],
          [1.1793e-05],
          [1.1209e-05],
          [1.0806e-05],
          [1.0780e-05],
          [1.1307e-05],
          [1.1465e-05],
          [1.1920e-04],
          [8.9875e-05],
          [1.4441e-05],
          [1.2007e-05],
          [1.1346e-04],
          [6.5652e-05],
          [1.4960e-05],
          [1.2498e-05],
          [1.1784e-05],
          [1.1736e-05],
          [1.2710e-05],
          [1.3130e-05],
          [1.2151e-05],
          [1.6127e-04],
          [1.3416e-04],
          [1.4807e-05],
          [1.4776e-05],
          [1.4877e-05],
          [1.3752e-05],
          [1.5694e-05],
          [1.5818e-05],
          [1.3166e-05],
          [1.3288e-04],
          [1.6637e-05],
          [1.6303e-05],
          [1.2517e-05],
          [1.4753e-05],
          [1.1800e-04],
          [1.1775e-05],
          [1.1570e-05],
          [1.0933e-05],
          [1.8535e-04],
          [1.0235e-04],
          [1.1469e-05],
          [1.0649e-05],
          [1.1548e-05],
          [1.3596e-05],
          [1.3613e-05],
          [1.3440e-05],
          [1.3655e-05],
          [1.3003e-05],
          [1.0486e-04],
          [3.8154e-05],
          [1.2729e-04],
          [1.8857e-05],
          [2.1927e-05],
          [2.1908e-05],
          [2.4076e-05],
          [3.0832e-05],
          [2.8058e-05],
          [4.1322e-05],
          [4.1968e-05],
          [3.4965e-05],
          [2.3436e-05],
          [2.0247e-05],
          [1.8750e-05],
          [1.7584e-05],
          [1.6412e-05],
          [1.6873e-05],
          [1.6978e-05],
          [1.8145e-05],
          [1.4667e-05],
          [7.2779e-05],
          [7.4971e-05],
          [1.7157e-05],
          [1.3307e-04],
          [1.1871e-05],
          [1.1699e-05],
          [1.0575e-05],
          [1.5354e-05],
          [1.4000e-05],
          [1.4741e-05],
          [1.7661e-05],
          [1.6917e-05],
          [1.4706e-05],
          [1.6088e-05],
          [1.5752e-05],
          [1.5835e-05],
          [1.6286e-05],
          [1.7417e-05],
          [2.1119e-05],
          [1.7199e-05],
          [1.5049e-04],
          [1.4474e-04],
          [1.9786e-05],
          [1.7763e-05],
          [1.8572e-05],
          [1.7235e-05],
          [1.6648e-05],
          [1.5094e-05],
          [1.4910e-05],
          [1.5732e-05],
          [1.2088e-05],
          [1.1835e-05],
          [1.1546e-05],
          [1.2441e-05],
          [1.5218e-05],
          [1.5267e-05],
          [1.6514e-05],
          [2.0756e-05],
          [2.8797e-05],
          [3.0424e-05],
          [3.5107e-05],
          [2.9109e-05],
          [3.6897e-05],
          [2.7592e-05],
          [2.4312e-05],
          [1.0493e-04],
          [4.7943e-05],
          [6.4597e-05],
          [9.9652e-05],
          [1.4720e-05],
          [1.4359e-05],
          [1.6151e-05],
          [1.4383e-05],
          [1.4920e-05],
          [1.6682e-05],
          [1.4304e-05],
          [1.5190e-05],
          [1.5477e-05],
          [1.5746e-05],
          [1.4933e-05],
          [1.4259e-04],
          [6.8369e-05],
          [1.8210e-05],
          [2.0187e-05],
          [2.3732e-05],
          [1.9961e-05],
          [1.6864e-05],
          [9.0666e-05],
          [3.1598e-05],
          [2.0597e-04],
          [1.4108e-05],
          [1.3414e-05],
          [1.4437e-04],
          [2.3121e-05],
          [1.7608e-04],
          [2.1984e-05],
          [2.2404e-05],
          [1.8837e-05],
          [1.3262e-04],
          [2.1431e-05],
          [9.3453e-05],
          [1.5504e-05],
          [1.6597e-05],
          [1.4060e-05],
          [1.4522e-05],
          [1.5335e-05],
          [1.4426e-05],
          [1.2033e-04],
          [1.0867e-04],
          [1.5281e-05],
          [1.4935e-05],
          [1.3208e-05],
          [1.2648e-05],
          [1.3134e-05],
          [1.3458e-05],
          [1.3407e-05],
          [9.9348e-05],
          [8.0618e-05],
          [1.4399e-05],
          [1.2220e-05],
          [1.2827e-05],
          [1.2117e-05],
          [1.1747e-04],
          [2.3468e-05],
          [1.4815e-05],
          [1.3799e-04],
          [1.5725e-05],
          [1.3321e-05],
          [1.1543e-05],
          [1.5610e-05],
          [1.3498e-05],
          [1.4879e-05],
          [1.4877e-05],
          [1.3955e-05],
          [1.9061e-05],
          [2.0854e-05],
          [1.3402e-05],
          [1.4481e-05],
          [1.5311e-05],
          [1.0935e-05],
          [1.3454e-05],
          [1.1634e-05],
          [1.1201e-05],
          [1.5761e-04],
          [6.6187e-05],
          [1.5229e-05],
          [1.2559e-05],
          [1.4642e-05],
          [1.7864e-05],
          [2.5862e-05],
          [2.9563e-05],
          [2.0290e-05],
          [3.3709e-05],
          [3.4957e-05],
          [1.6315e-05],
          [1.1858e-04],
          [1.7310e-04],
          [2.5762e-05],
          [1.4926e-04],
          [1.0833e-05],
          [1.1127e-04],
          [7.4501e-05],
          [1.3055e-05],
          [1.4482e-05],
          [1.5423e-05],
          [1.3881e-05],
          [1.5851e-05],
          [1.7026e-05],
          [2.2691e-05],
          [3.0380e-05],
          [3.5806e-05],
          [3.4247e-05],
          [4.7635e-05],
          [6.7962e-05],
          [7.0722e-05],
          [5.8438e-05],
          [1.1421e-04],
          [1.9289e-05],
          [1.6733e-05],
          [1.3859e-04],
          [5.4268e-05],
          [1.8859e-05],
          [8.7980e-05],
          [5.8538e-05],
          [3.1901e-05],
          [1.7961e-04],
          [1.0686e-05],
          [1.0925e-05],
          [9.7061e-06],
          [1.0616e-05],
          [1.1137e-05],
          [1.2309e-05],
          [2.8341e-05],
          [1.7401e-05],
          [2.1890e-05],
          [1.6663e-05],
          [4.5836e-04],
          [2.8524e-05],
          [7.9604e-05],
          [3.9610e-05],
          [1.0684e-05],
          [9.7501e-06],
          [9.8092e-06],
          [1.0024e-05],
          [1.1135e-05],
          [1.3236e-05],
          [1.4760e-04],
          [2.7176e-05],
          [1.2876e-04],
          [1.9577e-05],
          [1.5719e-05],
          [1.3899e-05],
          [1.4866e-05],
          [1.3205e-05],
          [1.3407e-05],
          [1.1367e-05],
          [1.1849e-05],
          [1.3141e-05],
          [1.2974e-05],
          [1.3312e-05],
          [1.2983e-05],
          [1.3470e-04],
          [8.3101e-05],
          [1.2236e-05],
          [1.2319e-05],
          [1.2170e-05],
          [1.2022e-05],
          [1.5995e-05],
          [2.2818e-05],
          [2.8736e-05],
          [2.3051e-05],
          [2.1778e-05],
          [2.0066e-05],
          [1.8687e-05],
          [1.3452e-05],
          [1.2569e-05],
          [1.9996e-05],
          [1.9206e-05],
          [2.2464e-05],
          [1.2609e-05],
          [1.2663e-05],
          [1.1726e-05],
          [1.1118e-05],
          [1.5222e-05],
          [1.8400e-05],
          [2.2874e-05],
          [2.0972e-05],
          [2.0581e-05],
          [2.9718e-05],
          [3.2575e-05],
          [3.2583e-05],
          [2.1962e-05],
          [2.3245e-05],
          [2.1600e-05],
          [2.5281e-05],
          [2.0000e-05],
          [3.0685e-05],
          [3.0587e-05],
          [2.2639e-05],
          [2.1102e-05],
          [2.4000e-05],
          [1.8190e-05],
          [1.7701e-05],
          [1.3274e-05],
          [1.2685e-05],
          [1.0963e-04],
          [1.9031e-05],
          [1.0080e-04],
          [1.4841e-05],
          [1.3072e-05],
          [1.3029e-05],
          [1.2681e-05],
          [1.4603e-05],
          [1.2679e-05],
          [1.2686e-05],
          [1.0807e-05],
          [9.9291e-06],
          [1.2394e-05],
          [1.0535e-05],
          [1.0295e-05],
          [1.1026e-05],
          [1.0552e-05],
          [1.4663e-04],
          [5.8531e-05],
          [2.0553e-04],
          [1.2836e-05],
          [1.0898e-05],
          [1.0163e-05],
          [1.3039e-05],
          [2.1153e-04],
          [1.4706e-04],
          [1.2637e-05],
          [1.2637e-05],
          [1.1335e-05],
          [1.4298e-05],
          [1.8034e-05],
          [2.6863e-05],
          [3.1428e-05],
          [2.8629e-05],
          [2.9117e-05],
          [2.4756e-05],
          [2.1812e-05],
          [1.4932e-05],
          [1.1891e-05],
          [1.2047e-05],
          [1.0598e-05],
          [1.2816e-05],
          [1.2646e-05],
          [6.4230e-05],
          [4.5437e-05],
          [5.7851e-05],
          [8.3621e-05],
          [3.5523e-05],
          [3.3827e-05],
          [2.5262e-05],
          [2.4150e-05],
          [1.3538e-05],
          [9.4673e-05],
          [7.4465e-05],
          [1.5078e-05],
          [1.4598e-05],
          [1.3625e-05],
          [1.3321e-05],
          [1.8076e-05],
          [1.8260e-05],
          [3.1204e-05],
          [3.8296e-05],
          [5.2309e-05],
          [1.1620e-04],
          [1.0460e-04],
          [2.7029e-05],
          [2.1898e-05],
          [1.6165e-05],
          [2.4201e-05],
          [1.1882e-05],
          [1.1387e-04],
          [1.0664e-04],
          [1.3846e-05],
          [6.4590e-05],
          [6.4479e-05],
          [1.4551e-05],
          [2.1748e-04],
          [1.9789e-05],
          [1.9710e-04],
          [1.3054e-05],
          [1.0866e-05],
          [1.0545e-05],
          [1.6548e-05],
          [1.0900e-05],
          [1.2063e-05],
          [3.8898e-06]]]])
