# Using CPU
# Loading Embeddings...
# Making Predictions...
torch.Size([1, 1, 442, 282])
tensor([[[[1.3430e-04],
          [2.6490e-05],
          [7.1810e-05],
          [2.7232e-05],
          [1.5114e-05],
          [2.2978e-04],
          [3.1754e-04],
          [2.8662e-05],
          [1.5703e-04],
          [4.1898e-04],
          [1.8058e-05],
          [1.5441e-05],
          [2.3256e-04],
          [1.7780e-04],
          [2.8291e-05],
          [1.8594e-05],
          [1.7733e-05],
          [1.8123e-05],
          [2.0398e-05],
          [3.8684e-05],
          [1.9135e-04],
          [2.0853e-05],
          [2.4974e-04],
          [1.8845e-05],
          [1.7585e-05],
          [2.5043e-05],
          [3.4283e-05],
          [6.2057e-05],
          [8.7231e-05],
          [1.1344e-04],
          [1.1972e-04],
          [1.2842e-04],
          [1.2799e-04],
          [1.3512e-04],
          [1.0636e-04],
          [7.4722e-05],
          [3.5167e-04],
          [4.6295e-05],
          [1.0671e-04],
          [7.8500e-05],
          [2.2039e-04],
          [2.0737e-05],
          [2.0471e-05],
          [2.1289e-05],
          [1.5760e-05],
          [1.4442e-05],
          [1.4337e-05],
          [1.5775e-05],
          [1.7670e-05],
          [1.8178e-04],
          [2.0285e-04],
          [1.7712e-05],
          [1.5879e-05],
          [2.2913e-04],
          [1.8775e-04],
          [1.5214e-05],
          [1.5018e-05],
          [1.5557e-05],
          [1.6959e-05],
          [1.9300e-05],
          [2.0868e-05],
          [1.8153e-05],
          [2.1725e-04],
          [1.5419e-04],
          [1.9690e-05],
          [2.2406e-05],
          [2.3221e-05],
          [2.6823e-05],
          [3.0147e-05],
          [3.0681e-05],
          [1.7971e-05],
          [2.8447e-04],
          [2.3968e-05],
          [1.5266e-05],
          [1.4884e-05],
          [1.6099e-05],
          [6.3863e-04],
          [1.5325e-05],
          [1.5333e-05],
          [1.5056e-05],
          [1.7485e-04],
          [1.2497e-04],
          [1.4918e-05],
          [1.2834e-05],
          [1.3238e-05],
          [1.5977e-05],
          [1.6663e-05],
          [1.8874e-05],
          [1.5697e-05],
          [1.4255e-05],
          [1.9422e-04],
          [5.3201e-05],
          [1.6614e-04],
          [1.7677e-05],
          [1.7287e-05],
          [1.8444e-05],
          [1.7456e-05],
          [2.2994e-05],
          [1.8205e-05],
          [2.1354e-05],
          [2.2287e-05],
          [2.1497e-05],
          [2.0414e-05],
          [1.9027e-05],
          [1.7596e-05],
          [1.8442e-05],
          [1.9676e-05],
          [2.4315e-05],
          [2.6425e-05],
          [2.8118e-05],
          [2.1566e-05],
          [6.6815e-05],
          [1.3034e-04],
          [2.0095e-05],
          [1.3731e-04],
          [1.3811e-05],
          [1.2559e-05],
          [1.1655e-05],
          [1.3704e-05],
          [1.3545e-05],
          [1.4469e-05],
          [1.4061e-05],
          [1.4988e-05],
          [1.6794e-05],
          [1.9652e-05],
          [2.0647e-05],
          [2.0901e-05],
          [2.3010e-05],
          [2.4029e-05],
          [3.4459e-05],
          [2.8413e-05],
          [3.6317e-04],
          [2.7585e-04],
          [5.9868e-05],
          [3.0427e-05],
          [2.6965e-05],
          [2.1429e-05],
          [2.2479e-05],
          [1.9110e-05],
          [1.6899e-05],
          [1.4534e-05],
          [1.4850e-05],
          [1.5455e-05],
          [1.6655e-05],
          [1.6652e-05],
          [2.1704e-05],
          [2.3954e-05],
          [2.8891e-05],
          [3.6733e-05],
          [5.7215e-05],
          [6.0649e-05],
          [6.8413e-05],
          [6.7177e-05],
          [7.7710e-05],
          [7.8767e-05],
          [5.3689e-05],
          [1.5525e-04],
          [1.7062e-04],
          [1.2156e-04],
          [4.6855e-04],
          [1.7530e-05],
          [1.7545e-05],
          [2.2434e-05],
          [2.7132e-05],
          [2.7590e-05],
          [2.2241e-05],
          [2.2509e-05],
          [2.0141e-05],
          [2.1235e-05],
          [1.9567e-05],
          [1.8594e-05],
          [2.0032e-04],
          [2.2638e-04],
          [2.5900e-05],
          [3.2862e-05],
          [3.6320e-05],
          [3.6947e-05],
          [3.2957e-05],
          [2.0069e-04],
          [4.6245e-05],
          [1.4225e-04],
          [1.4315e-05],
          [2.2320e-05],
          [1.7748e-04],
          [1.7989e-05],
          [2.3887e-04],
          [2.0734e-05],
          [2.1509e-05],
          [1.6381e-05],
          [2.0018e-04],
          [2.9366e-05],
          [6.0006e-04],
          [1.7204e-05],
          [2.2202e-05],
          [2.3997e-05],
          [2.4172e-05],
          [2.7395e-05],
          [2.1738e-05],
          [1.7427e-04],
          [1.5554e-04],
          [2.0113e-05],
          [1.7280e-05],
          [1.6227e-05],
          [1.6568e-05],
          [2.0000e-05],
          [1.7979e-05],
          [1.8215e-05],
          [1.4719e-04],
          [2.6628e-04],
          [1.8188e-05],
          [1.6588e-05],
          [1.4171e-05],
          [1.3411e-05],
          [1.7768e-04],
          [3.6377e-05],
          [2.2849e-05],
          [5.6200e-04],
          [1.9492e-05],
          [1.4653e-05],
          [1.4559e-05],
          [1.6682e-05],
          [1.8896e-05],
          [2.1305e-05],
          [1.9153e-05],
          [1.9410e-05],
          [2.8696e-05],
          [2.8334e-05],
          [2.3528e-05],
          [3.2153e-05],
          [2.5814e-05],
          [1.9795e-05],
          [1.7974e-05],
          [1.4507e-05],
          [1.4278e-05],
          [1.7831e-04],
          [1.7778e-04],
          [1.7393e-05],
          [1.4965e-05],
          [1.7739e-05],
          [2.0834e-05],
          [3.1803e-05],
          [2.0060e-05],
          [1.8527e-05],
          [4.1177e-05],
          [2.3149e-05],
          [1.3264e-05],
          [1.4523e-04],
          [1.0553e-04],
          [1.7563e-05],
          [1.2539e-04],
          [1.1170e-05],
          [1.4659e-04],
          [1.2646e-04],
          [1.8552e-05],
          [2.3073e-05],
          [2.4103e-05],
          [2.3589e-05],
          [2.8176e-05],
          [2.9644e-05],
          [4.1453e-05],
          [4.2056e-05],
          [6.5660e-05],
          [7.7020e-05],
          [1.1564e-04],
          [1.0247e-04],
          [1.1257e-04],
          [6.5876e-05],
          [1.2591e-04],
          [3.0618e-05],
          [2.8948e-05],
          [1.8583e-04],
          [1.2780e-04],
          [2.1583e-05],
          [1.1680e-04],
          [1.2723e-04],
          [4.5112e-05],
          [1.3460e-04],
          [1.1583e-05],
          [1.0290e-05],
          [1.0087e-05],
          [1.1076e-05],
          [1.3034e-05],
          [1.4681e-05],
          [2.5447e-05],
          [1.6701e-05],
          [1.9153e-05],
          [1.8080e-05],
          [2.9849e-04],
          [2.7679e-05],
          [6.1193e-05],
          [1.3761e-04],
          [1.2380e-05],
          [1.0460e-05],
          [1.1569e-05],
          [1.1855e-05],
          [1.2978e-05],
          [1.2666e-05],
          [2.0928e-04],
          [1.8894e-05],
          [5.2295e-04],
          [1.4184e-05],
          [1.4926e-05],
          [1.3449e-05],
          [1.2673e-05],
          [1.4210e-05],
          [1.3989e-05],
          [1.6251e-05],
          [1.8138e-05],
          [2.1106e-05],
          [2.0842e-05],
          [2.2354e-05],
          [2.4766e-05],
          [2.0752e-04],
          [2.6561e-04],
          [1.7926e-05],
          [1.5792e-05],
          [1.4807e-05],
          [1.3696e-05],
          [1.6392e-05],
          [1.9631e-05],
          [1.8050e-05],
          [1.6313e-05],
          [1.7108e-05],
          [1.5741e-05],
          [1.4976e-05],
          [1.3525e-05],
          [1.4233e-05],
          [1.4665e-05],
          [1.7821e-05],
          [1.7281e-05],
          [1.8018e-05],
          [1.6924e-05],
          [1.8632e-05],
          [1.8771e-05],
          [2.0931e-05],
          [2.5295e-05],
          [2.3742e-05],
          [2.4736e-05],
          [2.2693e-05],
          [2.4772e-05],
          [2.5846e-05],
          [2.4385e-05],
          [2.8475e-05],
          [2.7278e-05],
          [3.0389e-05],
          [3.4266e-05],
          [1.9111e-05],
          [3.3182e-05],
          [2.9669e-05],
          [2.0241e-05],
          [1.8163e-05],
          [1.4276e-05],
          [1.9101e-05],
          [1.4384e-05],
          [1.5477e-05],
          [1.6137e-05],
          [1.1211e-04],
          [3.2248e-05],
          [6.7589e-04],
          [1.6917e-05],
          [1.9536e-05],
          [1.9877e-05],
          [1.8171e-05],
          [2.0288e-05],
          [1.9718e-05],
          [2.8149e-05],
          [1.6672e-05],
          [1.6267e-05],
          [1.5353e-05],
          [2.0620e-05],
          [1.8929e-05],
          [2.1987e-05],
          [2.1391e-05],
          [1.4709e-04],
          [8.4623e-05],
          [5.1010e-04],
          [1.4246e-05],
          [1.2327e-05],
          [1.1444e-05],
          [1.4041e-05],
          [1.9931e-04],
          [3.3497e-04],
          [1.3815e-05],
          [1.6187e-05],
          [1.9043e-05],
          [3.9051e-05],
          [2.7339e-05],
          [4.0271e-05],
          [3.9087e-05],
          [3.0985e-05],
          [2.5472e-05],
          [2.4168e-05],
          [2.5328e-05],
          [1.8960e-05],
          [1.7490e-05],
          [1.2997e-05],
          [2.1056e-05],
          [1.5091e-05],
          [1.4680e-05],
          [7.6684e-05],
          [2.6983e-05],
          [2.5399e-05],
          [9.2430e-05],
          [2.2058e-05],
          [2.7779e-05],
          [2.2167e-05],
          [2.0076e-05],
          [1.6946e-05],
          [1.5245e-04],
          [1.7239e-04],
          [1.8506e-05],
          [1.7426e-05],
          [2.1282e-05],
          [1.6582e-05],
          [2.2170e-05],
          [2.2993e-05],
          [2.7014e-05],
          [5.1112e-05],
          [4.8552e-05],
          [8.7287e-05],
          [2.7308e-04],
          [2.5851e-05],
          [1.7688e-05],
          [1.4211e-05],
          [1.6210e-05],
          [1.2331e-05],
          [2.4746e-04],
          [1.9814e-04],
          [1.3888e-05],
          [1.0362e-04],
          [1.3784e-04],
          [1.7431e-05],
          [2.6791e-04],
          [1.9519e-05],
          [1.9306e-04],
          [1.5343e-05],
          [1.2349e-05],
          [1.0190e-05],
          [1.5055e-05],
          [1.1844e-05],
          [3.3936e-05],
          [8.0114e-06]]]])
