# Using CPU
# Loading Embeddings...
# Making Predictions...
torch.Size([1, 1, 442, 421])
tensor([[[[2.8465e-04],
          [3.8666e-05],
          [1.0233e-04],
          [7.0842e-05],
          [1.0660e-05],
          [2.0293e-04],
          [1.3510e-04],
          [2.9797e-05],
          [1.4622e-04],
          [1.1498e-04],
          [1.3790e-05],
          [1.2715e-05],
          [2.9628e-04],
          [3.2416e-04],
          [2.4426e-05],
          [1.3240e-05],
          [1.5049e-05],
          [1.9216e-05],
          [2.1974e-05],
          [3.0247e-05],
          [2.3405e-04],
          [2.2618e-05],
          [9.7433e-05],
          [2.3523e-05],
          [2.5537e-05],
          [3.4906e-05],
          [5.5314e-05],
          [1.1300e-04],
          [1.1187e-04],
          [1.2418e-04],
          [1.1891e-04],
          [1.4628e-04],
          [1.7084e-04],
          [1.6063e-04],
          [8.6936e-05],
          [6.2662e-05],
          [1.1198e-03],
          [6.4897e-05],
          [1.6937e-04],
          [1.5767e-04],
          [1.5154e-04],
          [2.4374e-05],
          [2.2299e-05],
          [2.3258e-05],
          [2.2693e-05],
          [1.9928e-05],
          [1.1777e-05],
          [1.2721e-05],
          [1.0716e-05],
          [2.8445e-04],
          [1.9605e-04],
          [1.1634e-05],
          [1.0995e-05],
          [2.0239e-04],
          [8.4637e-05],
          [1.8579e-05],
          [1.8261e-05],
          [2.8397e-05],
          [2.9550e-05],
          [2.7788e-05],
          [2.7809e-05],
          [2.6359e-05],
          [6.1600e-04],
          [2.1128e-04],
          [2.2233e-05],
          [2.1995e-05],
          [1.8213e-05],
          [1.5879e-05],
          [1.7261e-05],
          [1.5618e-05],
          [1.5430e-05],
          [2.5269e-04],
          [3.4520e-05],
          [2.0423e-05],
          [1.8667e-05],
          [2.1538e-05],
          [2.9714e-04],
          [2.0837e-05],
          [1.4069e-05],
          [1.2777e-05],
          [2.7261e-04],
          [2.2358e-04],
          [1.1361e-05],
          [1.2844e-05],
          [1.5454e-05],
          [1.7093e-05],
          [1.8340e-05],
          [1.9595e-05],
          [1.7261e-05],
          [1.5003e-05],
          [1.6515e-04],
          [5.3451e-05],
          [2.7744e-04],
          [1.5408e-05],
          [1.4786e-05],
          [2.1755e-05],
          [2.8945e-05],
          [3.5540e-05],
          [3.9295e-05],
          [3.8140e-05],
          [6.6103e-05],
          [4.0476e-05],
          [2.5882e-05],
          [1.5472e-05],
          [1.5702e-05],
          [2.4591e-05],
          [2.9703e-05],
          [3.7090e-05],
          [3.7829e-05],
          [3.9484e-05],
          [2.9794e-05],
          [8.2426e-05],
          [1.4046e-04],
          [2.4705e-05],
          [2.7627e-04],
          [2.1572e-05],
          [1.9316e-05],
          [1.5155e-05],
          [1.7791e-05],
          [2.0316e-05],
          [2.0153e-05],
          [1.3775e-05],
          [1.5691e-05],
          [1.2799e-05],
          [1.5785e-05],
          [1.5960e-05],
          [1.9454e-05],
          [2.0925e-05],
          [2.5996e-05],
          [3.1276e-05],
          [3.0343e-05],
          [5.4377e-04],
          [3.9774e-04],
          [3.4932e-05],
          [4.1711e-05],
          [4.1323e-05],
          [3.6340e-05],
          [3.7597e-05],
          [2.8355e-05],
          [2.8172e-05],
          [2.1877e-05],
          [1.9128e-05],
          [1.1942e-05],
          [1.4544e-05],
          [1.7439e-05],
          [2.7493e-05],
          [3.0829e-05],
          [5.1389e-05],
          [6.8262e-05],
          [1.2199e-04],
          [1.2253e-04],
          [1.4345e-04],
          [1.1727e-04],
          [1.4242e-04],
          [9.8366e-05],
          [7.9109e-05],
          [3.0808e-04],
          [6.9218e-05],
          [9.7788e-05],
          [1.2012e-04],
          [1.7934e-05],
          [2.0459e-05],
          [1.8545e-05],
          [2.2327e-05],
          [2.3771e-05],
          [3.0257e-05],
          [2.8137e-05],
          [2.8326e-05],
          [2.9368e-05],
          [3.1057e-05],
          [2.7605e-05],
          [4.2861e-04],
          [1.6087e-04],
          [4.4410e-05],
          [5.8999e-05],
          [7.7403e-05],
          [6.7710e-05],
          [5.7315e-05],
          [4.8653e-04],
          [7.7593e-05],
          [2.7061e-04],
          [1.8418e-05],
          [1.8667e-05],
          [4.3114e-04],
          [1.6863e-05],
          [2.9882e-04],
          [1.4574e-05],
          [1.2830e-05],
          [1.4087e-05],
          [1.8874e-04],
          [1.7247e-05],
          [1.1773e-04],
          [2.5384e-05],
          [3.3929e-05],
          [3.6037e-05],
          [3.5550e-05],
          [4.3379e-05],
          [3.2163e-05],
          [4.5872e-04],
          [1.8993e-04],
          [2.4971e-05],
          [2.0298e-05],
          [1.8587e-05],
          [1.3337e-05],
          [1.3147e-05],
          [1.1721e-05],
          [1.0503e-05],
          [1.6474e-04],
          [9.3437e-05],
          [1.2137e-05],
          [1.2766e-05],
          [1.4466e-05],
          [1.4738e-05],
          [2.4368e-04],
          [4.6843e-05],
          [2.3189e-05],
          [2.9600e-04],
          [1.7840e-05],
          [1.3950e-05],
          [1.4199e-05],
          [1.3008e-05],
          [1.5659e-05],
          [1.2526e-05],
          [1.1768e-05],
          [1.1799e-05],
          [2.0321e-05],
          [1.4290e-05],
          [1.2302e-05],
          [1.7298e-05],
          [2.1530e-05],
          [1.3375e-05],
          [1.3816e-05],
          [1.0416e-05],
          [1.2792e-05],
          [2.5033e-04],
          [7.5772e-05],
          [1.4808e-05],
          [1.7977e-05],
          [1.3898e-05],
          [2.3173e-05],
          [2.2768e-05],
          [3.3615e-05],
          [2.8224e-05],
          [4.1193e-05],
          [3.9295e-05],
          [2.3452e-05],
          [9.3422e-05],
          [2.6039e-04],
          [2.4224e-05],
          [3.3975e-04],
          [1.4993e-05],
          [1.4687e-04],
          [1.4829e-04],
          [1.9458e-05],
          [2.2772e-05],
          [2.5097e-05],
          [2.5631e-05],
          [3.5068e-05],
          [4.2373e-05],
          [7.0046e-05],
          [7.8370e-05],
          [1.4312e-04],
          [1.7908e-04],
          [3.1424e-04],
          [4.1275e-04],
          [2.8973e-04],
          [2.7050e-04],
          [1.5267e-03],
          [1.0245e-04],
          [8.0516e-05],
          [2.6925e-04],
          [1.1017e-04],
          [3.7371e-05],
          [1.6580e-04],
          [1.9431e-04],
          [3.5984e-05],
          [2.5527e-04],
          [1.8502e-05],
          [1.3153e-05],
          [1.1865e-05],
          [1.0703e-05],
          [1.1397e-05],
          [1.1107e-05],
          [2.5691e-05],
          [1.6934e-05],
          [2.6612e-05],
          [2.0129e-05],
          [9.3451e-04],
          [2.3483e-05],
          [8.3948e-05],
          [4.9903e-05],
          [1.4032e-05],
          [1.0980e-05],
          [1.1092e-05],
          [1.0696e-05],
          [9.4637e-06],
          [1.0351e-05],
          [2.5397e-04],
          [1.7046e-05],
          [1.5600e-04],
          [1.5216e-05],
          [1.1129e-05],
          [1.2107e-05],
          [1.1737e-05],
          [1.1259e-05],
          [1.1852e-05],
          [1.2143e-05],
          [1.4686e-05],
          [1.4703e-05],
          [2.2561e-05],
          [2.7402e-05],
          [3.5298e-05],
          [3.9574e-04],
          [1.5296e-04],
          [2.1589e-05],
          [1.7855e-05],
          [2.0314e-05],
          [1.0216e-05],
          [1.4060e-05],
          [2.3408e-05],
          [3.1725e-05],
          [2.3868e-05],
          [2.0835e-05],
          [1.8514e-05],
          [1.8217e-05],
          [1.1749e-05],
          [1.0492e-05],
          [9.1666e-06],
          [1.0839e-05],
          [1.0190e-05],
          [9.6301e-06],
          [9.5501e-06],
          [1.1188e-05],
          [1.0413e-05],
          [1.4043e-05],
          [1.9074e-05],
          [2.0424e-05],
          [2.3087e-05],
          [2.1846e-05],
          [3.6235e-05],
          [3.5500e-05],
          [3.7982e-05],
          [2.2988e-05],
          [2.7296e-05],
          [1.9474e-05],
          [2.5224e-05],
          [1.5602e-05],
          [1.7746e-05],
          [1.5364e-05],
          [1.9598e-05],
          [1.7591e-05],
          [2.4798e-05],
          [1.6993e-05],
          [1.3325e-05],
          [1.6906e-05],
          [1.6210e-05],
          [8.6536e-05],
          [3.9881e-05],
          [1.2540e-04],
          [1.9250e-05],
          [2.1034e-05],
          [1.6766e-05],
          [1.8122e-05],
          [1.6852e-05],
          [1.4443e-05],
          [1.3094e-05],
          [1.1732e-05],
          [1.0046e-05],
          [1.1835e-05],
          [1.0213e-05],
          [1.0551e-05],
          [1.3677e-05],
          [1.4530e-05],
          [9.9315e-05],
          [8.6879e-05],
          [2.1392e-04],
          [1.4316e-05],
          [1.1538e-05],
          [1.0119e-05],
          [1.3455e-05],
          [3.3385e-04],
          [1.8019e-04],
          [1.6316e-05],
          [1.7430e-05],
          [1.5242e-05],
          [1.5947e-05],
          [2.1104e-05],
          [2.9577e-05],
          [4.9573e-05],
          [3.9946e-05],
          [3.2110e-05],
          [2.1778e-05],
          [1.8211e-05],
          [1.3057e-05],
          [9.8787e-06],
          [1.0681e-05],
          [1.3760e-05],
          [1.0049e-05],
          [1.5947e-05],
          [3.6910e-05],
          [4.9233e-05],
          [5.9041e-05],
          [4.4424e-05],
          [3.4550e-05],
          [2.8817e-05],
          [2.5025e-05],
          [2.5114e-05],
          [1.9778e-05],
          [2.0712e-04],
          [1.3953e-04],
          [2.3291e-05],
          [2.1115e-05],
          [1.9642e-05],
          [1.8118e-05],
          [1.9339e-05],
          [1.9484e-05],
          [1.7484e-05],
          [4.7870e-05],
          [2.7646e-05],
          [1.1439e-04],
          [8.7675e-05],
          [2.0076e-05],
          [1.9680e-05],
          [2.5479e-05],
          [1.9450e-05],
          [1.6229e-05],
          [2.4480e-04],
          [9.3656e-05],
          [2.1483e-05],
          [6.5871e-05],
          [1.2541e-04],
          [2.1528e-05],
          [3.6337e-04],
          [2.3161e-05],
          [3.8378e-04],
          [2.0200e-05],
          [1.4269e-05],
          [1.0780e-05],
          [1.1714e-05],
          [1.2388e-05],
          [1.3256e-05],
          [4.0530e-06]]]])
