# Using CPU
# Loading Embeddings...
# Making Predictions...
torch.Size([1, 1, 442, 537])
tensor([[[[3.5595e-04],
          [3.7864e-05],
          [1.0797e-04],
          [1.5450e-05],
          [1.4834e-05],
          [1.5342e-04],
          [7.2817e-05],
          [1.5938e-05],
          [8.5646e-05],
          [7.2830e-05],
          [1.5864e-05],
          [1.3955e-05],
          [4.7186e-04],
          [1.6895e-04],
          [1.9439e-05],
          [1.8051e-05],
          [2.0585e-05],
          [3.5569e-05],
          [4.9254e-05],
          [5.6442e-05],
          [3.4935e-04],
          [2.2784e-05],
          [1.0374e-04],
          [1.7140e-05],
          [1.7502e-05],
          [1.9910e-05],
          [1.8289e-05],
          [1.9314e-05],
          [1.8957e-05],
          [2.1487e-05],
          [2.1068e-05],
          [2.2823e-05],
          [2.0293e-05],
          [1.9709e-05],
          [1.6956e-05],
          [1.3717e-05],
          [5.8896e-04],
          [1.9536e-05],
          [8.5805e-05],
          [6.2258e-05],
          [1.0867e-04],
          [1.1103e-05],
          [1.1482e-05],
          [1.0354e-05],
          [8.2864e-06],
          [9.6663e-06],
          [9.8597e-06],
          [1.0017e-05],
          [9.7591e-06],
          [3.7851e-04],
          [1.2180e-04],
          [1.3764e-05],
          [1.4190e-05],
          [1.3981e-04],
          [8.2072e-05],
          [1.2048e-05],
          [9.8541e-06],
          [9.3745e-06],
          [1.1772e-05],
          [1.0899e-05],
          [1.0706e-05],
          [1.1441e-05],
          [4.9370e-04],
          [1.5360e-04],
          [1.4661e-05],
          [1.6125e-05],
          [1.2975e-05],
          [1.2736e-05],
          [1.3250e-05],
          [1.6708e-05],
          [1.5446e-05],
          [3.8205e-04],
          [2.5593e-05],
          [2.4347e-05],
          [1.5047e-05],
          [2.5317e-05],
          [1.2480e-04],
          [1.4722e-05],
          [1.4962e-05],
          [1.2617e-05],
          [8.2100e-04],
          [2.8925e-04],
          [1.3784e-05],
          [1.3163e-05],
          [1.4194e-05],
          [1.3531e-05],
          [1.5170e-05],
          [1.3415e-05],
          [1.5717e-05],
          [1.6165e-05],
          [1.2854e-04],
          [4.3072e-05],
          [2.4296e-04],
          [1.7363e-05],
          [1.6776e-05],
          [1.9111e-05],
          [2.7594e-05],
          [5.5556e-05],
          [6.9261e-05],
          [7.8221e-05],
          [8.8742e-05],
          [6.4807e-05],
          [3.6127e-05],
          [2.0651e-05],
          [1.7810e-05],
          [1.7736e-05],
          [1.7361e-05],
          [1.7311e-05],
          [1.6068e-05],
          [1.6024e-05],
          [1.2437e-05],
          [3.9909e-05],
          [2.3829e-04],
          [1.7154e-05],
          [1.9903e-04],
          [1.6034e-05],
          [1.0487e-05],
          [1.0565e-05],
          [9.2007e-06],
          [9.7947e-06],
          [1.0345e-05],
          [1.1836e-05],
          [1.9993e-05],
          [1.1687e-05],
          [1.3647e-05],
          [1.5354e-05],
          [1.6230e-05],
          [1.6717e-05],
          [1.7066e-05],
          [1.6788e-05],
          [1.9967e-05],
          [7.0707e-04],
          [2.4339e-04],
          [3.2150e-05],
          [2.2773e-05],
          [1.7367e-05],
          [1.3848e-05],
          [1.3115e-05],
          [1.0935e-05],
          [1.1458e-05],
          [1.2356e-05],
          [1.3106e-05],
          [1.0766e-05],
          [1.1661e-05],
          [1.3510e-05],
          [1.1735e-05],
          [1.0660e-05],
          [1.2868e-05],
          [1.4599e-05],
          [2.1224e-05],
          [2.1126e-05],
          [2.4370e-05],
          [2.1826e-05],
          [2.4964e-05],
          [2.2855e-05],
          [2.4621e-05],
          [7.5588e-05],
          [4.0745e-05],
          [7.7303e-05],
          [9.5301e-05],
          [1.4011e-05],
          [1.6181e-05],
          [1.6010e-05],
          [1.6042e-05],
          [1.4737e-05],
          [1.5197e-05],
          [1.3727e-05],
          [1.3867e-05],
          [1.5259e-05],
          [1.3452e-05],
          [1.5549e-05],
          [2.6820e-04],
          [1.1193e-04],
          [1.4085e-05],
          [1.4053e-05],
          [1.2951e-05],
          [1.3256e-05],
          [1.3011e-05],
          [3.1732e-04],
          [3.8047e-05],
          [2.3816e-04],
          [1.1355e-05],
          [1.2397e-05],
          [2.7329e-04],
          [2.1183e-05],
          [3.0075e-04],
          [2.8520e-05],
          [3.5864e-05],
          [2.7125e-05],
          [1.1413e-04],
          [2.0240e-05],
          [5.5106e-05],
          [1.6846e-05],
          [1.5956e-05],
          [1.4828e-05],
          [1.4270e-05],
          [1.5581e-05],
          [1.2282e-05],
          [3.5181e-04],
          [1.3036e-04],
          [1.5620e-05],
          [1.5911e-05],
          [1.6795e-05],
          [1.3837e-05],
          [1.6004e-05],
          [1.6894e-05],
          [2.7366e-05],
          [2.1488e-04],
          [8.8341e-05],
          [1.3582e-05],
          [1.4559e-05],
          [1.4783e-05],
          [1.3527e-05],
          [3.0092e-04],
          [3.9582e-05],
          [1.8900e-05],
          [2.3293e-04],
          [1.3147e-05],
          [1.5054e-05],
          [1.5137e-05],
          [1.7223e-05],
          [2.2061e-05],
          [1.9129e-05],
          [2.1707e-05],
          [2.3813e-05],
          [4.2448e-05],
          [2.1919e-05],
          [2.1101e-05],
          [2.1736e-05],
          [2.2686e-05],
          [1.8467e-05],
          [1.7441e-05],
          [1.5887e-05],
          [1.4022e-05],
          [1.8627e-04],
          [7.4343e-05],
          [1.2781e-05],
          [1.6511e-05],
          [1.6694e-05],
          [2.5576e-05],
          [3.4444e-05],
          [4.7834e-05],
          [3.3337e-05],
          [4.7977e-05],
          [4.6171e-05],
          [2.2411e-05],
          [7.5527e-05],
          [1.6931e-04],
          [2.3694e-05],
          [2.1335e-04],
          [1.4023e-05],
          [1.5410e-04],
          [1.0354e-04],
          [1.7541e-05],
          [1.9944e-05],
          [1.5605e-05],
          [1.3322e-05],
          [1.6690e-05],
          [1.8392e-05],
          [1.9902e-05],
          [1.8148e-05],
          [2.1430e-05],
          [2.5802e-05],
          [3.6677e-05],
          [3.2264e-05],
          [3.2703e-05],
          [2.4217e-05],
          [3.5891e-04],
          [2.4490e-05],
          [2.3115e-05],
          [2.0819e-04],
          [4.5170e-05],
          [3.5452e-05],
          [8.4500e-05],
          [1.2579e-04],
          [3.8295e-05],
          [2.5368e-04],
          [1.1475e-05],
          [1.0707e-05],
          [1.3130e-05],
          [1.1704e-05],
          [1.6841e-05],
          [1.6964e-05],
          [2.7396e-05],
          [2.2251e-05],
          [4.9473e-05],
          [3.3193e-05],
          [1.7994e-03],
          [1.9920e-05],
          [1.4512e-04],
          [3.1880e-05],
          [1.1892e-05],
          [1.0518e-05],
          [1.2083e-05],
          [1.3606e-05],
          [1.4378e-05],
          [1.5085e-05],
          [2.9399e-04],
          [2.2182e-05],
          [1.5907e-04],
          [1.6134e-05],
          [1.6258e-05],
          [1.7642e-05],
          [1.6202e-05],
          [1.5988e-05],
          [1.4284e-05],
          [1.5296e-05],
          [1.6047e-05],
          [1.2971e-05],
          [1.4594e-05],
          [1.3094e-05],
          [1.3682e-05],
          [3.6485e-04],
          [1.1809e-04],
          [1.3976e-05],
          [1.2991e-05],
          [3.3156e-05],
          [1.1716e-05],
          [1.3545e-05],
          [1.8508e-05],
          [1.8265e-05],
          [1.7465e-05],
          [2.0730e-05],
          [1.6891e-05],
          [1.6826e-05],
          [1.8508e-05],
          [1.8694e-05],
          [2.8057e-05],
          [2.5678e-05],
          [2.5237e-05],
          [1.7343e-05],
          [1.4980e-05],
          [1.4283e-05],
          [1.4972e-05],
          [1.6490e-05],
          [2.1247e-05],
          [2.0563e-05],
          [2.3469e-05],
          [2.4511e-05],
          [2.5621e-05],
          [2.5139e-05],
          [2.4445e-05],
          [1.8605e-05],
          [2.2489e-05],
          [2.1394e-05],
          [2.6342e-05],
          [4.1786e-05],
          [5.3968e-05],
          [3.6960e-05],
          [2.6755e-05],
          [2.4883e-05],
          [2.7904e-05],
          [1.7688e-05],
          [1.5058e-05],
          [1.7254e-05],
          [1.2132e-05],
          [8.0859e-05],
          [2.2913e-05],
          [6.3911e-05],
          [1.3603e-05],
          [1.3937e-05],
          [1.2800e-05],
          [1.1923e-05],
          [1.2836e-05],
          [1.2377e-05],
          [1.2701e-05],
          [1.1071e-05],
          [1.2077e-05],
          [1.2490e-05],
          [1.2012e-05],
          [1.2462e-05],
          [1.0464e-05],
          [1.1863e-05],
          [9.8907e-05],
          [1.3226e-04],
          [2.0573e-04],
          [1.2409e-05],
          [1.3534e-05],
          [1.2571e-05],
          [1.3859e-05],
          [5.0679e-04],
          [1.8555e-04],
          [1.3329e-05],
          [1.3173e-05],
          [1.1980e-05],
          [1.4355e-05],
          [1.6113e-05],
          [2.2719e-05],
          [2.9347e-05],
          [2.9312e-05],
          [2.7875e-05],
          [2.7684e-05],
          [2.2461e-05],
          [1.5567e-05],
          [1.1663e-05],
          [1.0550e-05],
          [1.2049e-05],
          [1.0970e-05],
          [1.4083e-05],
          [4.5083e-05],
          [6.9587e-05],
          [1.0408e-04],
          [8.8887e-05],
          [6.9792e-05],
          [5.1453e-05],
          [3.8834e-05],
          [2.8473e-05],
          [1.8182e-05],
          [2.9891e-04],
          [1.1593e-04],
          [1.7291e-05],
          [1.5209e-05],
          [1.5889e-05],
          [1.7213e-05],
          [2.0275e-05],
          [2.1756e-05],
          [2.2080e-05],
          [5.0649e-05],
          [3.9248e-05],
          [1.3350e-04],
          [8.4704e-05],
          [3.4750e-05],
          [3.3701e-05],
          [3.8650e-05],
          [2.8629e-05],
          [2.1123e-05],
          [2.7046e-04],
          [1.1257e-04],
          [1.6301e-05],
          [6.6508e-05],
          [1.3407e-04],
          [1.7947e-05],
          [2.1932e-04],
          [2.4709e-05],
          [2.3114e-04],
          [1.7777e-05],
          [1.6695e-05],
          [1.6503e-05],
          [1.7753e-05],
          [3.0442e-05],
          [7.8220e-06],
          [3.9834e-06]]]])
