# Using CPU
# Loading Embeddings...
# Making Predictions...
torch.Size([1, 1, 442, 252])
tensor([[[[1.3975e-04],
          [3.2311e-05],
          [9.8234e-05],
          [2.1777e-05],
          [1.0398e-05],
          [5.5188e-04],
          [4.1693e-04],
          [1.7413e-05],
          [3.9626e-04],
          [3.8983e-04],
          [1.5705e-05],
          [1.5275e-05],
          [4.9365e-04],
          [2.3936e-04],
          [1.9900e-05],
          [1.2695e-05],
          [1.2451e-05],
          [1.3472e-05],
          [1.6916e-05],
          [2.3239e-05],
          [1.0030e-03],
          [2.8140e-05],
          [2.1342e-04],
          [1.7982e-05],
          [1.5384e-05],
          [2.0207e-05],
          [2.7196e-05],
          [5.0517e-05],
          [6.6363e-05],
          [8.2540e-05],
          [8.6417e-05],
          [1.0096e-04],
          [1.0686e-04],
          [1.0947e-04],
          [8.6236e-05],
          [6.7923e-05],
          [2.6682e-03],
          [6.5255e-05],
          [2.3617e-04],
          [2.1353e-04],
          [2.0309e-04],
          [2.4818e-05],
          [2.2512e-05],
          [2.5806e-05],
          [1.8724e-05],
          [1.8245e-05],
          [1.4875e-05],
          [1.9311e-05],
          [2.4813e-05],
          [2.5801e-04],
          [1.7440e-04],
          [1.4292e-05],
          [1.4215e-05],
          [5.7684e-04],
          [2.3082e-04],
          [1.2677e-05],
          [1.2898e-05],
          [1.3699e-05],
          [1.7676e-05],
          [2.1682e-05],
          [2.1664e-05],
          [1.9928e-05],
          [4.1616e-04],
          [2.4599e-04],
          [1.6057e-05],
          [1.7176e-05],
          [1.7700e-05],
          [1.5863e-05],
          [1.7168e-05],
          [1.5901e-05],
          [1.4922e-05],
          [3.0401e-04],
          [3.1489e-05],
          [3.1760e-05],
          [1.4144e-05],
          [1.8325e-05],
          [5.2193e-04],
          [1.6069e-05],
          [1.4981e-05],
          [1.4489e-05],
          [3.0982e-04],
          [1.4955e-04],
          [1.4077e-05],
          [1.2827e-05],
          [1.4607e-05],
          [1.6862e-05],
          [1.7531e-05],
          [1.9641e-05],
          [1.7254e-05],
          [1.5749e-05],
          [5.3067e-04],
          [6.5070e-05],
          [2.1119e-04],
          [1.2919e-05],
          [2.3729e-05],
          [2.6364e-05],
          [3.1112e-05],
          [3.5353e-05],
          [3.4543e-05],
          [2.8673e-05],
          [2.7078e-05],
          [1.8499e-05],
          [1.3107e-05],
          [1.1667e-05],
          [1.2253e-05],
          [1.5772e-05],
          [1.6577e-05],
          [2.0056e-05],
          [2.2181e-05],
          [2.4047e-05],
          [1.8338e-05],
          [1.5232e-04],
          [1.8255e-04],
          [1.6134e-05],
          [2.2689e-04],
          [1.6143e-05],
          [1.3657e-05],
          [1.1340e-05],
          [1.4242e-05],
          [1.6334e-05],
          [1.5437e-05],
          [1.2000e-05],
          [1.2944e-05],
          [1.1912e-05],
          [1.3002e-05],
          [1.2686e-05],
          [1.2993e-05],
          [1.4637e-05],
          [1.6845e-05],
          [1.9714e-05],
          [1.8431e-05],
          [3.6125e-04],
          [3.5714e-04],
          [2.0838e-05],
          [2.1012e-05],
          [2.1003e-05],
          [1.9222e-05],
          [1.8506e-05],
          [1.6116e-05],
          [1.6450e-05],
          [1.4279e-05],
          [1.3803e-05],
          [1.0258e-05],
          [1.1633e-05],
          [1.3159e-05],
          [1.5117e-05],
          [1.4716e-05],
          [2.0745e-05],
          [2.4515e-05],
          [3.5045e-05],
          [3.5983e-05],
          [4.2145e-05],
          [4.3642e-05],
          [5.4197e-05],
          [5.4822e-05],
          [4.6927e-05],
          [4.9588e-04],
          [2.0934e-04],
          [2.9542e-04],
          [3.4819e-04],
          [1.6564e-05],
          [1.5070e-05],
          [1.5784e-05],
          [1.7970e-05],
          [1.9016e-05],
          [2.4485e-05],
          [2.2183e-05],
          [2.2421e-05],
          [2.3932e-05],
          [2.3752e-05],
          [2.0690e-05],
          [4.4201e-04],
          [3.1642e-04],
          [2.4584e-05],
          [2.4471e-05],
          [2.7083e-05],
          [2.5393e-05],
          [2.6893e-05],
          [2.9927e-04],
          [8.6289e-05],
          [3.2529e-04],
          [1.6710e-05],
          [1.5672e-05],
          [2.3583e-04],
          [1.6689e-05],
          [1.6732e-04],
          [1.3056e-05],
          [1.4570e-05],
          [1.2938e-05],
          [6.2467e-04],
          [2.1364e-05],
          [6.9570e-04],
          [1.7413e-05],
          [2.0096e-05],
          [2.0306e-05],
          [2.1050e-05],
          [2.4111e-05],
          [1.9773e-05],
          [3.6402e-04],
          [1.8041e-04],
          [1.9174e-05],
          [1.7317e-05],
          [1.9157e-05],
          [1.5676e-05],
          [1.6041e-05],
          [1.8374e-05],
          [1.7880e-05],
          [4.7722e-04],
          [2.2787e-04],
          [1.6744e-05],
          [1.4277e-05],
          [1.5201e-05],
          [1.5223e-05],
          [4.8566e-04],
          [4.5730e-05],
          [1.7808e-05],
          [3.9695e-04],
          [1.5762e-05],
          [1.4859e-05],
          [1.3262e-05],
          [1.4460e-05],
          [1.6018e-05],
          [1.7209e-05],
          [1.4524e-05],
          [1.4826e-05],
          [1.6539e-05],
          [1.6477e-05],
          [1.7177e-05],
          [1.4235e-05],
          [1.2451e-05],
          [1.2614e-05],
          [1.2932e-05],
          [1.2836e-05],
          [1.3448e-05],
          [5.5796e-04],
          [1.6151e-04],
          [1.5407e-05],
          [1.8487e-05],
          [1.5260e-05],
          [1.8112e-05],
          [1.6351e-05],
          [1.9511e-05],
          [1.5156e-05],
          [2.1238e-05],
          [1.9714e-05],
          [1.2676e-05],
          [2.9516e-04],
          [1.6795e-04],
          [1.9813e-05],
          [2.1582e-04],
          [1.1815e-05],
          [2.3663e-04],
          [1.1949e-04],
          [2.2858e-05],
          [2.6393e-05],
          [2.4999e-05],
          [2.3199e-05],
          [3.1874e-05],
          [2.9928e-05],
          [3.4615e-05],
          [2.8853e-05],
          [3.9984e-05],
          [4.5683e-05],
          [5.8505e-05],
          [4.9968e-05],
          [4.9042e-05],
          [5.3055e-05],
          [2.7888e-04],
          [2.5734e-05],
          [2.1213e-05],
          [2.2185e-04],
          [2.2763e-04],
          [2.6128e-05],
          [1.4928e-04],
          [1.3817e-04],
          [5.3469e-05],
          [2.6607e-04],
          [1.6211e-05],
          [1.1955e-05],
          [1.0500e-05],
          [9.7902e-06],
          [9.6598e-06],
          [9.5695e-06],
          [2.0751e-05],
          [1.4283e-05],
          [1.8062e-05],
          [1.5663e-05],
          [4.2859e-04],
          [2.5917e-05],
          [5.9110e-05],
          [6.9117e-05],
          [1.3859e-05],
          [1.1026e-05],
          [1.1329e-05],
          [1.1086e-05],
          [1.0563e-05],
          [1.0534e-05],
          [5.7800e-04],
          [2.1434e-05],
          [3.3742e-04],
          [1.3564e-05],
          [1.2739e-05],
          [1.5821e-05],
          [1.5605e-05],
          [1.6242e-05],
          [1.5861e-05],
          [1.6405e-05],
          [2.2525e-05],
          [2.0504e-05],
          [2.7151e-05],
          [2.9004e-05],
          [3.4975e-05],
          [4.2169e-04],
          [2.2947e-04],
          [2.8501e-05],
          [2.2460e-05],
          [2.2245e-05],
          [1.2919e-05],
          [1.3521e-05],
          [1.7453e-05],
          [1.8794e-05],
          [1.7865e-05],
          [1.7091e-05],
          [1.6003e-05],
          [1.6891e-05],
          [1.4555e-05],
          [1.3883e-05],
          [1.4332e-05],
          [1.5458e-05],
          [1.5543e-05],
          [1.5543e-05],
          [1.4888e-05],
          [1.7167e-05],
          [1.5262e-05],
          [1.4273e-05],
          [1.5908e-05],
          [1.7153e-05],
          [1.9928e-05],
          [1.7096e-05],
          [2.5960e-05],
          [2.3312e-05],
          [2.5642e-05],
          [1.9874e-05],
          [2.2115e-05],
          [2.4171e-05],
          [2.2887e-05],
          [2.2472e-05],
          [1.9243e-05],
          [2.0411e-05],
          [2.0135e-05],
          [1.9269e-05],
          [1.4260e-05],
          [1.3804e-05],
          [1.3306e-05],
          [1.6723e-05],
          [1.7574e-05],
          [3.5099e-04],
          [4.3290e-05],
          [5.7193e-04],
          [2.2898e-05],
          [2.4409e-05],
          [2.1358e-05],
          [2.1467e-05],
          [1.8507e-05],
          [1.4324e-05],
          [1.1109e-05],
          [1.1405e-05],
          [1.0360e-05],
          [1.1239e-05],
          [1.3419e-05],
          [1.4422e-05],
          [1.7018e-05],
          [1.7775e-05],
          [4.1605e-04],
          [7.2516e-05],
          [3.2894e-04],
          [1.4110e-05],
          [1.1504e-05],
          [1.0002e-05],
          [1.1965e-05],
          [5.7845e-04],
          [2.2695e-04],
          [1.2557e-05],
          [1.2597e-05],
          [1.1651e-05],
          [1.5366e-05],
          [2.0711e-05],
          [2.5627e-05],
          [3.1117e-05],
          [3.0007e-05],
          [2.8559e-05],
          [2.0327e-05],
          [2.1309e-05],
          [1.6235e-05],
          [1.3425e-05],
          [1.2723e-05],
          [1.3105e-05],
          [1.1990e-05],
          [1.1988e-05],
          [4.1113e-05],
          [2.3938e-05],
          [3.3293e-05],
          [3.0850e-05],
          [2.4348e-05],
          [3.1510e-05],
          [2.5556e-05],
          [2.6260e-05],
          [2.0140e-05],
          [3.1952e-04],
          [1.3951e-04],
          [2.3490e-05],
          [1.9706e-05],
          [1.6811e-05],
          [1.7083e-05],
          [2.2335e-05],
          [1.9471e-05],
          [2.6100e-05],
          [1.5403e-04],
          [6.4155e-05],
          [3.3986e-04],
          [1.8869e-04],
          [2.3918e-05],
          [1.7905e-05],
          [1.7120e-05],
          [2.1574e-05],
          [1.4156e-05],
          [3.8672e-04],
          [1.5827e-04],
          [1.4149e-05],
          [7.0673e-05],
          [1.1890e-04],
          [1.7239e-05],
          [3.1748e-04],
          [2.6180e-05],
          [3.5994e-04],
          [2.8490e-05],
          [1.6496e-05],
          [1.3177e-05],
          [1.2080e-05],
          [1.2079e-05],
          [4.6242e-05],
          [5.8281e-06]]]])
