# Using CPU
# Loading Embeddings...
# Making Predictions...
torch.Size([1, 1, 442, 257])
tensor([[[[1.5854e-04],
          [2.5991e-05],
          [1.3653e-04],
          [1.8422e-05],
          [9.0152e-06],
          [3.4804e-04],
          [1.0054e-04],
          [1.6720e-05],
          [2.7222e-04],
          [1.1580e-04],
          [1.9114e-05],
          [1.7651e-05],
          [3.1597e-04],
          [3.0143e-04],
          [4.3812e-05],
          [1.2587e-05],
          [1.1589e-05],
          [1.0603e-05],
          [1.1581e-05],
          [3.1369e-05],
          [3.5242e-04],
          [2.3459e-05],
          [1.4599e-04],
          [1.6039e-05],
          [2.3437e-05],
          [3.2364e-05],
          [4.4211e-05],
          [7.8269e-05],
          [1.0210e-04],
          [1.2982e-04],
          [1.3277e-04],
          [1.4348e-04],
          [1.3779e-04],
          [1.5392e-04],
          [1.2113e-04],
          [9.1039e-05],
          [4.1332e-04],
          [6.4997e-05],
          [1.6565e-04],
          [6.4268e-05],
          [1.9508e-04],
          [2.4010e-05],
          [2.9041e-05],
          [2.6446e-05],
          [2.5732e-05],
          [2.5801e-05],
          [2.0014e-05],
          [1.9548e-05],
          [1.8527e-05],
          [1.8844e-04],
          [1.7192e-04],
          [1.7685e-05],
          [1.7467e-05],
          [3.3415e-04],
          [9.8309e-05],
          [2.1774e-05],
          [2.1191e-05],
          [1.7532e-05],
          [2.1466e-05],
          [2.3968e-05],
          [3.3957e-05],
          [2.4305e-05],
          [2.6936e-04],
          [2.5012e-04],
          [2.2958e-05],
          [2.5914e-05],
          [2.5553e-05],
          [2.4205e-05],
          [2.7049e-05],
          [2.1623e-05],
          [2.1128e-05],
          [2.8536e-04],
          [2.3136e-05],
          [2.2107e-05],
          [1.7028e-05],
          [2.3374e-05],
          [2.3071e-04],
          [1.8561e-05],
          [1.9539e-05],
          [1.7236e-05],
          [2.3933e-04],
          [2.3931e-04],
          [1.9857e-05],
          [1.9126e-05],
          [2.1036e-05],
          [2.4941e-05],
          [3.0407e-05],
          [2.9652e-05],
          [2.5501e-05],
          [2.2181e-05],
          [2.8204e-04],
          [8.3905e-05],
          [4.0415e-04],
          [1.2766e-05],
          [1.4200e-05],
          [1.5488e-05],
          [1.6442e-05],
          [1.8966e-05],
          [1.5677e-05],
          [1.7699e-05],
          [2.1040e-05],
          [1.5053e-05],
          [1.4194e-05],
          [1.8178e-05],
          [1.9080e-05],
          [2.5602e-05],
          [2.8635e-05],
          [3.3220e-05],
          [3.3276e-05],
          [3.4946e-05],
          [2.9172e-05],
          [2.7594e-04],
          [1.4398e-04],
          [2.0700e-05],
          [3.2700e-04],
          [1.8719e-05],
          [1.8900e-05],
          [1.6701e-05],
          [2.1722e-05],
          [2.4845e-05],
          [2.7101e-05],
          [2.1681e-05],
          [2.1513e-05],
          [1.8750e-05],
          [2.4324e-05],
          [1.9830e-05],
          [2.2245e-05],
          [2.5194e-05],
          [2.5497e-05],
          [3.0884e-05],
          [4.5855e-05],
          [3.9837e-04],
          [3.7577e-04],
          [1.1734e-04],
          [4.2578e-05],
          [4.3720e-05],
          [4.0057e-05],
          [4.2905e-05],
          [3.4980e-05],
          [3.0378e-05],
          [2.3598e-05],
          [2.1842e-05],
          [1.5509e-05],
          [2.0456e-05],
          [2.0262e-05],
          [2.5950e-05],
          [3.3580e-05],
          [4.2093e-05],
          [5.2880e-05],
          [9.5504e-05],
          [1.0072e-04],
          [9.4159e-05],
          [8.7851e-05],
          [1.0476e-04],
          [9.5448e-05],
          [6.4966e-05],
          [3.7122e-04],
          [7.9745e-05],
          [1.5990e-04],
          [1.1092e-04],
          [2.2760e-05],
          [2.7767e-05],
          [2.9404e-05],
          [3.2115e-05],
          [3.1842e-05],
          [3.5904e-05],
          [3.5588e-05],
          [3.2232e-05],
          [3.6727e-05],
          [3.5886e-05],
          [2.8120e-05],
          [2.9104e-04],
          [1.4747e-04],
          [3.4055e-05],
          [4.3025e-05],
          [4.8873e-05],
          [5.0257e-05],
          [4.3929e-05],
          [1.7929e-04],
          [6.8170e-05],
          [3.4736e-04],
          [2.1584e-05],
          [1.7370e-05],
          [1.9444e-04],
          [2.0786e-05],
          [3.2073e-04],
          [1.7226e-05],
          [1.7915e-05],
          [1.5061e-05],
          [5.1949e-04],
          [3.2454e-05],
          [2.5693e-04],
          [2.4704e-05],
          [3.2989e-05],
          [3.3522e-05],
          [3.6167e-05],
          [3.5509e-05],
          [3.0211e-05],
          [2.0335e-04],
          [1.7980e-04],
          [2.2942e-05],
          [2.1545e-05],
          [1.9023e-05],
          [1.9870e-05],
          [1.8775e-05],
          [1.6843e-05],
          [1.5935e-05],
          [2.2215e-04],
          [1.1761e-04],
          [1.8984e-05],
          [1.5738e-05],
          [1.7213e-05],
          [1.5749e-05],
          [2.5137e-04],
          [2.4896e-05],
          [2.7070e-05],
          [4.0512e-04],
          [1.6341e-05],
          [1.5943e-05],
          [1.5414e-05],
          [1.7362e-05],
          [1.7220e-05],
          [1.5875e-05],
          [1.5860e-05],
          [1.5800e-05],
          [1.5189e-05],
          [1.6387e-05],
          [1.5151e-05],
          [1.4011e-05],
          [1.3632e-05],
          [1.5141e-05],
          [1.3576e-05],
          [1.4487e-05],
          [1.6567e-05],
          [2.6512e-04],
          [1.3147e-04],
          [1.5826e-05],
          [1.7516e-05],
          [1.6848e-05],
          [1.9365e-05],
          [1.9617e-05],
          [1.7271e-05],
          [1.5108e-05],
          [2.7560e-05],
          [1.8777e-05],
          [1.1601e-05],
          [6.6972e-04],
          [3.7479e-04],
          [3.0726e-05],
          [3.4882e-04],
          [1.2565e-05],
          [2.0351e-04],
          [1.3070e-04],
          [2.2460e-05],
          [2.8236e-05],
          [2.7858e-05],
          [2.7072e-05],
          [3.8763e-05],
          [4.1414e-05],
          [5.8719e-05],
          [5.5974e-05],
          [7.9392e-05],
          [9.2925e-05],
          [1.5867e-04],
          [1.6716e-04],
          [1.1892e-04],
          [1.0713e-04],
          [2.1651e-04],
          [3.8172e-05],
          [3.2664e-05],
          [2.3290e-04],
          [2.9299e-04],
          [4.2863e-05],
          [1.8649e-04],
          [1.4685e-04],
          [3.8156e-05],
          [3.6853e-04],
          [1.4783e-05],
          [1.4520e-05],
          [1.4758e-05],
          [1.1697e-05],
          [1.0704e-05],
          [9.4026e-06],
          [3.0550e-05],
          [1.0991e-05],
          [1.2382e-05],
          [1.0967e-05],
          [3.0885e-04],
          [3.8367e-05],
          [1.5369e-04],
          [4.0623e-05],
          [1.2126e-05],
          [1.3791e-05],
          [1.4344e-05],
          [1.5872e-05],
          [1.4425e-05],
          [1.2869e-05],
          [3.0342e-04],
          [2.7253e-05],
          [2.0570e-04],
          [1.3923e-05],
          [1.5433e-05],
          [1.5487e-05],
          [1.7983e-05],
          [1.7787e-05],
          [1.5868e-05],
          [1.7908e-05],
          [1.8929e-05],
          [1.7194e-05],
          [2.1273e-05],
          [2.5830e-05],
          [2.9519e-05],
          [2.0618e-04],
          [1.5567e-04],
          [2.1229e-05],
          [1.8427e-05],
          [1.6687e-05],
          [1.3398e-05],
          [1.2987e-05],
          [1.7174e-05],
          [2.0701e-05],
          [1.8515e-05],
          [1.4841e-05],
          [1.4031e-05],
          [1.6232e-05],
          [1.2493e-05],
          [1.2923e-05],
          [1.3716e-05],
          [1.5258e-05],
          [1.7981e-05],
          [1.4186e-05],
          [1.4871e-05],
          [1.6245e-05],
          [1.5340e-05],
          [1.3727e-05],
          [1.5767e-05],
          [1.5039e-05],
          [1.7427e-05],
          [1.5725e-05],
          [2.1318e-05],
          [2.0432e-05],
          [2.2488e-05],
          [2.1512e-05],
          [2.7970e-05],
          [3.2707e-05],
          [3.1428e-05],
          [2.0616e-05],
          [2.0985e-05],
          [2.1905e-05],
          [1.7053e-05],
          [1.4500e-05],
          [1.2506e-05],
          [1.9141e-05],
          [1.4707e-05],
          [1.9928e-05],
          [1.5894e-05],
          [6.3452e-04],
          [4.3653e-05],
          [3.9648e-04],
          [1.7626e-05],
          [2.3811e-05],
          [1.6502e-05],
          [1.8662e-05],
          [2.0256e-05],
          [1.7974e-05],
          [1.7156e-05],
          [1.6241e-05],
          [1.4712e-05],
          [1.3473e-05],
          [1.6906e-05],
          [1.3659e-05],
          [1.7863e-05],
          [1.6110e-05],
          [4.6566e-04],
          [1.0489e-04],
          [2.7778e-04],
          [1.2115e-05],
          [1.2562e-05],
          [1.0513e-05],
          [1.0687e-05],
          [3.1207e-04],
          [1.6829e-04],
          [1.2047e-05],
          [1.3380e-05],
          [1.8260e-05],
          [2.2034e-05],
          [2.8632e-05],
          [3.5789e-05],
          [4.9767e-05],
          [4.1208e-05],
          [3.8744e-05],
          [2.7508e-05],
          [1.9343e-05],
          [1.7223e-05],
          [1.2574e-05],
          [1.3930e-05],
          [1.3078e-05],
          [1.4099e-05],
          [1.2802e-05],
          [4.9156e-05],
          [2.6468e-05],
          [3.3877e-05],
          [3.2647e-05],
          [2.5046e-05],
          [2.7235e-05],
          [3.0886e-05],
          [2.9926e-05],
          [2.6835e-05],
          [1.4720e-04],
          [1.6785e-04],
          [2.9353e-05],
          [2.4260e-05],
          [2.4187e-05],
          [2.1639e-05],
          [2.4089e-05],
          [2.3188e-05],
          [2.8865e-05],
          [1.2457e-04],
          [4.7886e-05],
          [1.6511e-04],
          [1.1074e-04],
          [2.2054e-05],
          [2.0005e-05],
          [1.9635e-05],
          [2.1404e-05],
          [1.9553e-05],
          [1.7101e-04],
          [1.1022e-04],
          [1.8357e-05],
          [5.0476e-05],
          [1.6406e-04],
          [2.0976e-05],
          [2.7601e-04],
          [2.3594e-05],
          [4.1553e-04],
          [2.4940e-05],
          [1.6285e-05],
          [1.4064e-05],
          [1.4336e-05],
          [1.5803e-05],
          [8.7262e-05],
          [7.8224e-06]]]])
