# Using CPU
# Loading Embeddings...
# Making Predictions...
torch.Size([1, 1, 442, 252])
tensor([[[[1.0079e-04],
          [4.9820e-05],
          [7.3731e-05],
          [3.4638e-05],
          [1.0220e-05],
          [4.1678e-04],
          [2.7449e-04],
          [2.0276e-05],
          [3.0262e-04],
          [3.1432e-04],
          [1.5676e-05],
          [1.6410e-05],
          [4.3219e-04],
          [1.9532e-04],
          [2.7787e-05],
          [1.1777e-05],
          [9.7814e-06],
          [1.1225e-05],
          [1.4455e-05],
          [1.8284e-05],
          [4.8947e-04],
          [2.4413e-05],
          [2.2677e-04],
          [1.5828e-05],
          [1.8490e-05],
          [2.4298e-05],
          [3.6269e-05],
          [7.1229e-05],
          [9.5988e-05],
          [1.2533e-04],
          [1.3157e-04],
          [1.5543e-04],
          [1.5028e-04],
          [1.6324e-04],
          [1.2398e-04],
          [9.6396e-05],
          [2.7920e-03],
          [9.0054e-05],
          [1.9411e-04],
          [1.9594e-04],
          [1.9482e-04],
          [2.3326e-05],
          [2.2762e-05],
          [2.4079e-05],
          [1.6718e-05],
          [1.6690e-05],
          [1.3689e-05],
          [1.1646e-05],
          [1.0955e-05],
          [2.0777e-04],
          [2.0027e-04],
          [1.1002e-05],
          [9.8486e-06],
          [5.0439e-04],
          [2.0762e-04],
          [1.3713e-05],
          [1.3800e-05],
          [1.4193e-05],
          [1.7706e-05],
          [2.0579e-05],
          [2.1379e-05],
          [2.1489e-05],
          [5.1519e-04],
          [1.9419e-04],
          [1.7268e-05],
          [1.6223e-05],
          [1.4283e-05],
          [1.5968e-05],
          [1.3839e-05],
          [1.3018e-05],
          [1.3215e-05],
          [3.5555e-04],
          [3.6873e-05],
          [2.0853e-05],
          [1.5547e-05],
          [2.1315e-05],
          [4.0574e-04],
          [1.2446e-05],
          [1.2900e-05],
          [1.1324e-05],
          [1.7039e-04],
          [1.3283e-04],
          [1.3565e-05],
          [1.3509e-05],
          [1.3575e-05],
          [1.7827e-05],
          [1.9646e-05],
          [2.0826e-05],
          [1.7342e-05],
          [1.5444e-05],
          [3.9325e-04],
          [1.4258e-04],
          [2.1526e-04],
          [1.1345e-05],
          [1.4091e-05],
          [1.7423e-05],
          [2.3078e-05],
          [2.9750e-05],
          [2.4045e-05],
          [2.3832e-05],
          [2.4165e-05],
          [1.5844e-05],
          [1.2670e-05],
          [1.1860e-05],
          [1.3257e-05],
          [1.8905e-05],
          [2.1879e-05],
          [2.6198e-05],
          [2.6808e-05],
          [2.7382e-05],
          [2.2162e-05],
          [1.5060e-04],
          [1.6740e-04],
          [1.9077e-05],
          [2.0449e-04],
          [1.6077e-05],
          [1.3840e-05],
          [1.1650e-05],
          [1.4210e-05],
          [1.4198e-05],
          [1.4164e-05],
          [1.0878e-05],
          [1.4603e-05],
          [1.0936e-05],
          [1.3057e-05],
          [1.2704e-05],
          [1.5003e-05],
          [1.5290e-05],
          [1.8720e-05],
          [1.8989e-05],
          [1.8523e-05],
          [4.0416e-04],
          [3.6090e-04],
          [2.1651e-05],
          [2.6314e-05],
          [2.4625e-05],
          [2.0378e-05],
          [2.0123e-05],
          [1.6474e-05],
          [1.6386e-05],
          [1.3892e-05],
          [1.3440e-05],
          [1.0700e-05],
          [1.1542e-05],
          [1.5030e-05],
          [2.0717e-05],
          [2.3362e-05],
          [3.3230e-05],
          [4.3203e-05],
          [6.6818e-05],
          [6.9547e-05],
          [7.3967e-05],
          [7.5716e-05],
          [9.3712e-05],
          [8.4656e-05],
          [6.4442e-05],
          [3.2927e-04],
          [1.8474e-04],
          [1.9848e-04],
          [3.1614e-04],
          [1.6464e-05],
          [1.5001e-05],
          [1.4856e-05],
          [1.7438e-05],
          [1.6723e-05],
          [2.3476e-05],
          [2.0590e-05],
          [2.1195e-05],
          [2.5433e-05],
          [2.1636e-05],
          [1.8340e-05],
          [3.6630e-04],
          [1.9023e-04],
          [2.6862e-05],
          [3.7769e-05],
          [4.0490e-05],
          [3.8749e-05],
          [3.5449e-05],
          [3.6895e-04],
          [9.2158e-05],
          [2.0047e-04],
          [2.2014e-05],
          [1.4762e-05],
          [1.8116e-04],
          [1.3644e-05],
          [1.7480e-04],
          [2.1850e-05],
          [2.1916e-05],
          [1.7530e-05],
          [4.5250e-04],
          [3.5332e-05],
          [6.6621e-04],
          [1.7986e-05],
          [2.2813e-05],
          [2.4316e-05],
          [2.4171e-05],
          [2.7609e-05],
          [2.2874e-05],
          [3.8404e-04],
          [1.4282e-04],
          [1.8096e-05],
          [1.5575e-05],
          [1.5755e-05],
          [1.2139e-05],
          [1.6228e-05],
          [1.6098e-05],
          [1.4124e-05],
          [2.4904e-04],
          [1.9356e-04],
          [1.4881e-05],
          [1.4127e-05],
          [1.5100e-05],
          [1.3467e-05],
          [2.5590e-04],
          [4.8389e-05],
          [2.0711e-05],
          [3.1623e-04],
          [1.4132e-05],
          [1.2653e-05],
          [1.2191e-05],
          [1.4210e-05],
          [1.5507e-05],
          [1.5470e-05],
          [1.2299e-05],
          [1.3103e-05],
          [1.5193e-05],
          [1.5391e-05],
          [1.3292e-05],
          [1.3496e-05],
          [1.2872e-05],
          [1.1924e-05],
          [1.2360e-05],
          [1.2205e-05],
          [1.2659e-05],
          [2.6071e-04],
          [1.1964e-04],
          [1.5163e-05],
          [1.6692e-05],
          [1.5619e-05],
          [1.6883e-05],
          [1.9156e-05],
          [1.7805e-05],
          [1.4739e-05],
          [2.7213e-05],
          [2.0712e-05],
          [1.1090e-05],
          [2.6056e-04],
          [5.5300e-04],
          [1.4538e-05],
          [1.2617e-04],
          [1.0243e-05],
          [2.5117e-04],
          [1.0935e-04],
          [2.1195e-05],
          [2.5656e-05],
          [2.9086e-05],
          [2.6392e-05],
          [3.6832e-05],
          [4.6326e-05],
          [5.4017e-05],
          [4.4553e-05],
          [6.8688e-05],
          [8.0185e-05],
          [1.2988e-04],
          [1.1713e-04],
          [1.2679e-04],
          [8.1959e-05],
          [9.3478e-04],
          [5.5110e-05],
          [3.8451e-05],
          [1.7609e-04],
          [2.6093e-04],
          [3.3308e-05],
          [1.0766e-04],
          [1.7803e-04],
          [8.7706e-05],
          [1.7590e-04],
          [1.5040e-05],
          [1.1566e-05],
          [9.7757e-06],
          [9.2079e-06],
          [8.6994e-06],
          [9.0251e-06],
          [1.7489e-05],
          [9.6376e-06],
          [1.0822e-05],
          [1.0725e-05],
          [2.2816e-04],
          [1.9674e-05],
          [6.5049e-05],
          [5.7173e-05],
          [1.2170e-05],
          [1.0720e-05],
          [1.0458e-05],
          [1.0106e-05],
          [9.5837e-06],
          [1.0006e-05],
          [4.5271e-04],
          [2.1934e-05],
          [3.0167e-04],
          [1.4415e-05],
          [1.3625e-05],
          [1.3619e-05],
          [1.5057e-05],
          [1.4263e-05],
          [1.7555e-05],
          [1.6186e-05],
          [2.0138e-05],
          [2.1487e-05],
          [2.7598e-05],
          [3.2101e-05],
          [3.8079e-05],
          [3.4505e-04],
          [1.6801e-04],
          [2.4476e-05],
          [2.1325e-05],
          [1.5485e-05],
          [1.2909e-05],
          [1.1194e-05],
          [1.3798e-05],
          [1.5875e-05],
          [1.3286e-05],
          [1.4811e-05],
          [1.4227e-05],
          [1.3601e-05],
          [1.0705e-05],
          [1.2031e-05],
          [1.3510e-05],
          [1.5037e-05],
          [1.2580e-05],
          [1.3281e-05],
          [1.2272e-05],
          [1.3946e-05],
          [1.1581e-05],
          [1.3433e-05],
          [1.4532e-05],
          [1.5797e-05],
          [1.9376e-05],
          [1.6719e-05],
          [2.4311e-05],
          [2.4235e-05],
          [2.3196e-05],
          [2.0782e-05],
          [2.8620e-05],
          [2.7874e-05],
          [2.5823e-05],
          [2.2492e-05],
          [2.5321e-05],
          [2.8659e-05],
          [1.6875e-05],
          [1.7938e-05],
          [1.6829e-05],
          [1.5780e-05],
          [1.3732e-05],
          [1.4383e-05],
          [1.5135e-05],
          [4.1289e-04],
          [4.4870e-05],
          [1.0492e-03],
          [1.9576e-05],
          [2.1040e-05],
          [1.8765e-05],
          [1.7439e-05],
          [1.8504e-05],
          [1.5244e-05],
          [1.3338e-05],
          [1.2202e-05],
          [1.2470e-05],
          [1.4614e-05],
          [1.2676e-05],
          [1.3612e-05],
          [1.7566e-05],
          [1.6609e-05],
          [3.7156e-04],
          [6.8827e-05],
          [4.4100e-04],
          [1.2715e-05],
          [1.1018e-05],
          [8.6325e-06],
          [9.1973e-06],
          [3.6959e-04],
          [2.4198e-04],
          [1.2840e-05],
          [1.4406e-05],
          [1.8409e-05],
          [2.3414e-05],
          [3.0038e-05],
          [3.4837e-05],
          [4.3253e-05],
          [2.7987e-05],
          [2.6383e-05],
          [2.0398e-05],
          [1.9240e-05],
          [1.6423e-05],
          [1.5311e-05],
          [1.1789e-05],
          [1.3192e-05],
          [1.2656e-05],
          [1.5528e-05],
          [9.2544e-05],
          [2.8444e-05],
          [3.9046e-05],
          [6.1769e-05],
          [2.3398e-05],
          [3.2477e-05],
          [2.2188e-05],
          [2.3392e-05],
          [1.8083e-05],
          [2.8227e-04],
          [1.5457e-04],
          [2.2526e-05],
          [1.8979e-05],
          [1.5832e-05],
          [1.5371e-05],
          [2.2703e-05],
          [2.2247e-05],
          [3.3484e-05],
          [9.0409e-05],
          [6.9056e-05],
          [1.7976e-04],
          [2.4478e-04],
          [3.0602e-05],
          [1.7718e-05],
          [1.4311e-05],
          [1.9379e-05],
          [1.3267e-05],
          [3.5669e-04],
          [3.5484e-04],
          [1.9215e-05],
          [9.8499e-05],
          [1.3590e-04],
          [1.8979e-05],
          [2.3161e-04],
          [3.6226e-05],
          [2.9518e-04],
          [2.8715e-05],
          [1.5571e-05],
          [1.1110e-05],
          [1.0825e-05],
          [1.0817e-05],
          [7.2681e-05],
          [8.4053e-06]]]])
