# Using CPU
# Loading Embeddings...
# Making Predictions...
torch.Size([1, 1, 442, 329])
tensor([[[[1.1205e-04],
          [2.8352e-05],
          [7.6812e-05],
          [4.4889e-05],
          [2.8772e-05],
          [2.5603e-04],
          [1.7593e-04],
          [5.6426e-05],
          [2.4506e-04],
          [2.4507e-04],
          [4.9488e-05],
          [4.6522e-05],
          [3.0228e-04],
          [1.6536e-04],
          [5.4958e-05],
          [2.3467e-05],
          [2.1945e-05],
          [2.0431e-05],
          [1.7822e-05],
          [1.6580e-05],
          [3.7008e-04],
          [3.2927e-05],
          [9.0358e-05],
          [3.1800e-05],
          [4.4384e-05],
          [4.9646e-05],
          [4.8372e-05],
          [7.8930e-05],
          [1.0579e-04],
          [1.4065e-04],
          [1.4490e-04],
          [1.7268e-04],
          [1.6628e-04],
          [1.7760e-04],
          [1.3656e-04],
          [9.7103e-05],
          [4.5671e-04],
          [1.3321e-04],
          [1.0501e-04],
          [8.2060e-05],
          [9.8661e-05],
          [3.9849e-05],
          [3.4870e-05],
          [3.7265e-05],
          [3.7846e-05],
          [4.5340e-05],
          [3.2907e-05],
          [3.8201e-05],
          [3.7560e-05],
          [1.9662e-04],
          [9.1333e-05],
          [4.2322e-05],
          [3.9215e-05],
          [3.1916e-04],
          [1.2059e-04],
          [3.8053e-05],
          [3.3553e-05],
          [3.4925e-05],
          [3.6166e-05],
          [3.4885e-05],
          [3.7911e-05],
          [3.0985e-05],
          [2.9703e-04],
          [1.4556e-04],
          [4.5774e-05],
          [4.2821e-05],
          [4.2755e-05],
          [4.4443e-05],
          [5.2713e-05],
          [5.1681e-05],
          [3.9287e-05],
          [3.2843e-04],
          [5.1681e-05],
          [5.5293e-05],
          [5.2020e-05],
          [4.3885e-05],
          [1.5589e-04],
          [3.1060e-05],
          [3.2787e-05],
          [2.8651e-05],
          [1.8112e-04],
          [1.0340e-04],
          [3.9537e-05],
          [3.6566e-05],
          [3.2879e-05],
          [3.1961e-05],
          [3.6664e-05],
          [3.8428e-05],
          [3.7906e-05],
          [3.4389e-05],
          [2.5192e-04],
          [1.3183e-04],
          [1.3945e-04],
          [5.0389e-05],
          [4.5265e-05],
          [4.6529e-05],
          [5.1532e-05],
          [3.5273e-05],
          [2.7387e-05],
          [2.6266e-05],
          [2.1677e-05],
          [2.8048e-05],
          [2.7268e-05],
          [3.2223e-05],
          [3.6341e-05],
          [5.0760e-05],
          [4.2064e-05],
          [4.1515e-05],
          [4.2283e-05],
          [3.6343e-05],
          [3.4245e-05],
          [1.2731e-04],
          [1.0253e-04],
          [5.3236e-05],
          [1.5053e-04],
          [3.7599e-05],
          [4.4576e-05],
          [5.2034e-05],
          [2.8959e-05],
          [3.4183e-05],
          [3.5820e-05],
          [3.2909e-05],
          [3.6189e-05],
          [4.0444e-05],
          [4.5650e-05],
          [4.4586e-05],
          [5.0549e-05],
          [5.6304e-05],
          [5.7867e-05],
          [8.7467e-05],
          [1.4229e-04],
          [3.3003e-04],
          [4.5251e-04],
          [2.0585e-04],
          [7.4458e-05],
          [7.4687e-05],
          [5.5152e-05],
          [5.1650e-05],
          [4.1332e-05],
          [3.6850e-05],
          [3.9125e-05],
          [4.1604e-05],
          [3.7503e-05],
          [4.1335e-05],
          [3.8851e-05],
          [4.4163e-05],
          [4.6210e-05],
          [4.2266e-05],
          [4.6254e-05],
          [6.2382e-05],
          [7.1939e-05],
          [8.4247e-05],
          [8.9226e-05],
          [1.1054e-04],
          [9.9290e-05],
          [6.9310e-05],
          [4.6836e-04],
          [1.4403e-04],
          [1.6494e-04],
          [2.4873e-04],
          [5.1342e-05],
          [5.1095e-05],
          [5.6639e-05],
          [5.4397e-05],
          [5.4720e-05],
          [5.0357e-05],
          [5.0557e-05],
          [4.6736e-05],
          [4.3090e-05],
          [4.1033e-05],
          [4.2155e-05],
          [3.4623e-04],
          [1.1852e-04],
          [4.1883e-05],
          [4.3276e-05],
          [4.3752e-05],
          [3.9705e-05],
          [3.3414e-05],
          [2.2683e-04],
          [9.7437e-05],
          [2.0169e-04],
          [4.0553e-05],
          [3.3847e-05],
          [1.8036e-04],
          [3.9011e-05],
          [1.2813e-04],
          [3.0047e-05],
          [2.6914e-05],
          [2.8203e-05],
          [3.0858e-04],
          [5.0459e-05],
          [4.7432e-04],
          [3.8618e-05],
          [3.8700e-05],
          [3.9148e-05],
          [3.7131e-05],
          [3.4423e-05],
          [3.9262e-05],
          [2.6088e-04],
          [1.0776e-04],
          [3.9099e-05],
          [3.9449e-05],
          [3.7043e-05],
          [3.4019e-05],
          [4.0471e-05],
          [3.8062e-05],
          [3.3133e-05],
          [2.3323e-04],
          [1.1697e-04],
          [3.5654e-05],
          [3.6409e-05],
          [3.8122e-05],
          [3.4335e-05],
          [2.6316e-04],
          [4.5120e-05],
          [6.4751e-05],
          [1.2830e-04],
          [3.5605e-05],
          [3.5634e-05],
          [3.2658e-05],
          [4.0025e-05],
          [4.1392e-05],
          [4.6053e-05],
          [3.7983e-05],
          [3.2140e-05],
          [5.2335e-05],
          [3.6929e-05],
          [3.5653e-05],
          [4.5230e-05],
          [3.9067e-05],
          [3.3985e-05],
          [4.0838e-05],
          [3.9022e-05],
          [3.1504e-05],
          [2.3257e-04],
          [9.6316e-05],
          [3.7603e-05],
          [3.0901e-05],
          [2.9710e-05],
          [3.1853e-05],
          [3.9566e-05],
          [1.9958e-05],
          [1.8237e-05],
          [4.2013e-05],
          [2.3155e-05],
          [1.6972e-05],
          [2.7699e-04],
          [3.6102e-04],
          [3.4486e-05],
          [1.5537e-04],
          [3.1586e-05],
          [1.6565e-04],
          [8.6681e-05],
          [3.4910e-05],
          [3.9799e-05],
          [4.2038e-05],
          [3.6829e-05],
          [4.0039e-05],
          [4.2656e-05],
          [4.3753e-05],
          [3.9117e-05],
          [5.7840e-05],
          [7.6818e-05],
          [1.2892e-04],
          [1.0877e-04],
          [1.0054e-04],
          [6.6824e-05],
          [3.1184e-04],
          [2.8787e-05],
          [3.3109e-05],
          [1.4850e-04],
          [1.7298e-04],
          [3.7259e-05],
          [6.8562e-05],
          [1.7004e-04],
          [6.4869e-05],
          [2.0261e-04],
          [2.4031e-05],
          [3.1186e-05],
          [2.4521e-05],
          [1.7125e-05],
          [1.1950e-05],
          [1.0314e-05],
          [2.4183e-05],
          [1.2076e-05],
          [1.6083e-05],
          [1.2175e-05],
          [2.6906e-04],
          [3.5801e-05],
          [7.4253e-05],
          [4.7442e-05],
          [2.6683e-05],
          [2.4962e-05],
          [2.6013e-05],
          [2.6129e-05],
          [2.6163e-05],
          [2.3546e-05],
          [2.8438e-04],
          [3.5997e-05],
          [1.2247e-04],
          [2.9755e-05],
          [3.1941e-05],
          [3.5894e-05],
          [3.5716e-05],
          [3.6904e-05],
          [3.5778e-05],
          [3.6071e-05],
          [4.0256e-05],
          [4.5315e-05],
          [4.4949e-05],
          [4.7303e-05],
          [4.6155e-05],
          [3.0251e-04],
          [1.0674e-04],
          [2.9508e-05],
          [3.0264e-05],
          [3.5520e-05],
          [2.0075e-05],
          [1.2884e-05],
          [1.8501e-05],
          [2.2950e-05],
          [2.2229e-05],
          [2.0536e-05],
          [1.6641e-05],
          [1.6098e-05],
          [1.8699e-05],
          [2.5044e-05],
          [2.3399e-05],
          [2.8615e-05],
          [1.7268e-05],
          [2.1173e-05],
          [2.2972e-05],
          [2.6307e-05],
          [2.9783e-05],
          [3.2484e-05],
          [3.1698e-05],
          [3.1618e-05],
          [3.6082e-05],
          [3.2249e-05],
          [3.0307e-05],
          [2.9044e-05],
          [3.2103e-05],
          [2.8769e-05],
          [2.6199e-05],
          [2.3715e-05],
          [2.8155e-05],
          [2.1709e-05],
          [3.9675e-05],
          [2.3401e-05],
          [1.8688e-05],
          [2.0359e-05],
          [1.6732e-05],
          [2.5714e-05],
          [2.2129e-05],
          [2.9109e-05],
          [2.6073e-05],
          [2.6254e-04],
          [5.8614e-05],
          [6.7144e-04],
          [2.7434e-05],
          [2.9474e-05],
          [4.0414e-05],
          [3.2883e-05],
          [3.3687e-05],
          [3.8341e-05],
          [4.5359e-05],
          [3.6919e-05],
          [3.1280e-05],
          [3.1127e-05],
          [2.7226e-05],
          [2.5110e-05],
          [3.2216e-05],
          [2.6365e-05],
          [2.4437e-04],
          [6.8536e-05],
          [1.8587e-04],
          [2.2899e-05],
          [2.0303e-05],
          [1.5600e-05],
          [1.6485e-05],
          [4.0668e-04],
          [1.3996e-04],
          [1.2360e-05],
          [1.6444e-05],
          [2.3505e-05],
          [4.4588e-05],
          [4.2788e-05],
          [5.6475e-05],
          [5.7713e-05],
          [5.0029e-05],
          [4.9972e-05],
          [4.0045e-05],
          [5.3849e-05],
          [3.7301e-05],
          [4.2311e-05],
          [4.8651e-05],
          [3.9292e-05],
          [2.8784e-05],
          [2.3352e-05],
          [1.6446e-04],
          [2.9766e-05],
          [3.6142e-05],
          [6.2029e-05],
          [2.2490e-05],
          [2.5473e-05],
          [2.2273e-05],
          [2.4858e-05],
          [1.6568e-05],
          [1.7743e-04],
          [8.5417e-05],
          [2.8474e-05],
          [3.3679e-05],
          [3.8521e-05],
          [2.5037e-05],
          [3.2791e-05],
          [2.6488e-05],
          [2.3353e-05],
          [1.0349e-04],
          [8.8632e-05],
          [1.8581e-04],
          [1.4632e-04],
          [2.0198e-05],
          [1.9609e-05],
          [1.4886e-05],
          [1.8262e-05],
          [1.6960e-05],
          [3.1515e-04],
          [1.7314e-04],
          [2.2908e-05],
          [5.8242e-05],
          [7.9649e-05],
          [1.6459e-05],
          [2.1613e-04],
          [2.0920e-05],
          [2.5239e-04],
          [2.1693e-05],
          [2.6595e-05],
          [2.2065e-05],
          [3.7407e-05],
          [1.6947e-05],
          [4.1358e-05],
          [9.6285e-06]]]])
