# Using CPU
# Loading Embeddings...
# Making Predictions...
torch.Size([1, 1, 442, 256])
tensor([[[[1.0059e-04],
          [2.2491e-05],
          [1.0479e-04],
          [2.8433e-05],
          [1.0275e-05],
          [1.9440e-04],
          [4.1327e-04],
          [1.2689e-05],
          [1.0995e-04],
          [5.3194e-04],
          [1.3728e-05],
          [1.1180e-05],
          [2.3990e-04],
          [1.9802e-04],
          [3.4793e-05],
          [1.0866e-05],
          [1.0027e-05],
          [1.0351e-05],
          [1.1662e-05],
          [1.5407e-05],
          [2.0061e-04],
          [2.0516e-05],
          [3.1883e-04],
          [1.3821e-05],
          [1.4797e-05],
          [2.3543e-05],
          [2.4923e-05],
          [3.8618e-05],
          [4.7356e-05],
          [6.1690e-05],
          [5.5144e-05],
          [6.7324e-05],
          [6.1535e-05],
          [7.2920e-05],
          [5.9606e-05],
          [5.2492e-05],
          [4.5142e-04],
          [6.9646e-05],
          [1.9020e-04],
          [6.4055e-05],
          [2.7963e-04],
          [1.8820e-05],
          [1.6087e-05],
          [1.8983e-05],
          [1.3793e-05],
          [1.4466e-05],
          [1.1812e-05],
          [1.5937e-05],
          [2.3805e-05],
          [1.5494e-04],
          [2.4734e-04],
          [1.6558e-05],
          [1.6002e-05],
          [1.7231e-04],
          [2.4714e-04],
          [1.5509e-05],
          [1.6175e-05],
          [1.2297e-05],
          [1.4381e-05],
          [1.7034e-05],
          [1.8169e-05],
          [1.8060e-05],
          [2.4729e-04],
          [2.2851e-04],
          [1.7594e-05],
          [1.6680e-05],
          [1.6319e-05],
          [1.6731e-05],
          [2.0025e-05],
          [1.5188e-05],
          [1.4137e-05],
          [2.6529e-04],
          [2.2277e-05],
          [2.2218e-05],
          [1.3803e-05],
          [1.7812e-05],
          [8.4599e-04],
          [1.4168e-05],
          [1.3682e-05],
          [1.2864e-05],
          [1.3652e-04],
          [1.4544e-04],
          [1.2858e-05],
          [1.1528e-05],
          [1.3054e-05],
          [1.3261e-05],
          [1.5153e-05],
          [1.3530e-05],
          [1.3308e-05],
          [1.2697e-05],
          [1.5253e-04],
          [3.6902e-05],
          [2.1198e-04],
          [1.1815e-05],
          [1.0638e-05],
          [1.1317e-05],
          [1.1200e-05],
          [1.2859e-05],
          [1.1673e-05],
          [1.3787e-05],
          [1.5583e-05],
          [1.4329e-05],
          [1.2590e-05],
          [1.3132e-05],
          [1.2920e-05],
          [1.6644e-05],
          [1.7053e-05],
          [1.6835e-05],
          [1.7854e-05],
          [1.8576e-05],
          [1.6525e-05],
          [7.0231e-05],
          [1.0908e-04],
          [2.4649e-05],
          [1.9459e-04],
          [1.9541e-05],
          [1.2669e-05],
          [1.0847e-05],
          [1.2517e-05],
          [1.2875e-05],
          [1.3991e-05],
          [1.2999e-05],
          [1.4268e-05],
          [1.2451e-05],
          [1.6234e-05],
          [1.3741e-05],
          [1.5248e-05],
          [1.7602e-05],
          [1.8377e-05],
          [2.4297e-05],
          [2.2122e-05],
          [3.3944e-04],
          [4.0618e-04],
          [3.3660e-05],
          [2.4477e-05],
          [2.3763e-05],
          [1.9831e-05],
          [2.2147e-05],
          [1.7566e-05],
          [1.8326e-05],
          [1.4231e-05],
          [1.3962e-05],
          [1.1202e-05],
          [1.3371e-05],
          [1.4562e-05],
          [1.9241e-05],
          [1.9534e-05],
          [2.9731e-05],
          [3.7910e-05],
          [6.5213e-05],
          [6.8277e-05],
          [7.8086e-05],
          [6.9703e-05],
          [9.0464e-05],
          [6.5410e-05],
          [5.7045e-05],
          [1.4465e-04],
          [2.2834e-04],
          [9.7469e-05],
          [5.3634e-04],
          [1.6569e-05],
          [1.8611e-05],
          [1.8693e-05],
          [1.8948e-05],
          [2.1877e-05],
          [2.0794e-05],
          [2.0480e-05],
          [1.9688e-05],
          [2.0837e-05],
          [2.2944e-05],
          [2.3883e-05],
          [2.2791e-04],
          [3.1610e-04],
          [3.2128e-05],
          [3.3324e-05],
          [4.1426e-05],
          [4.0593e-05],
          [3.3303e-05],
          [1.8822e-04],
          [5.7757e-05],
          [2.8799e-04],
          [1.4131e-05],
          [2.1123e-05],
          [1.6824e-04],
          [1.2751e-05],
          [2.1891e-04],
          [1.6363e-05],
          [1.6853e-05],
          [1.4017e-05],
          [1.5765e-04],
          [3.4398e-05],
          [7.0408e-04],
          [1.7738e-05],
          [1.9776e-05],
          [1.9368e-05],
          [1.8630e-05],
          [2.0492e-05],
          [1.7196e-05],
          [2.0170e-04],
          [1.9974e-04],
          [1.6650e-05],
          [1.5110e-05],
          [1.3763e-05],
          [1.5130e-05],
          [1.4337e-05],
          [1.4241e-05],
          [1.3514e-05],
          [1.0577e-04],
          [3.0114e-04],
          [1.3936e-05],
          [1.2160e-05],
          [1.2686e-05],
          [1.2854e-05],
          [2.1098e-04],
          [3.4093e-05],
          [2.1631e-05],
          [6.1839e-04],
          [1.8001e-05],
          [1.4308e-05],
          [1.3075e-05],
          [1.5963e-05],
          [1.5135e-05],
          [1.5373e-05],
          [1.5466e-05],
          [1.5806e-05],
          [1.4798e-05],
          [2.4104e-05],
          [1.7696e-05],
          [1.4690e-05],
          [1.4059e-05],
          [1.4043e-05],
          [1.3411e-05],
          [1.2517e-05],
          [1.3616e-05],
          [1.5372e-04],
          [1.7618e-04],
          [1.7051e-05],
          [1.4870e-05],
          [1.4341e-05],
          [1.7730e-05],
          [2.1482e-05],
          [2.2290e-05],
          [1.3904e-05],
          [1.9307e-05],
          [2.8241e-05],
          [1.1776e-05],
          [1.3343e-04],
          [8.3842e-05],
          [2.3660e-05],
          [1.5019e-04],
          [1.0260e-05],
          [1.4850e-04],
          [1.7647e-04],
          [1.6683e-05],
          [1.6477e-05],
          [2.0257e-05],
          [2.0824e-05],
          [2.6954e-05],
          [2.3700e-05],
          [3.5748e-05],
          [3.4795e-05],
          [5.1454e-05],
          [6.8371e-05],
          [9.6577e-05],
          [1.1966e-04],
          [9.9700e-05],
          [9.2038e-05],
          [4.5167e-04],
          [6.3362e-05],
          [4.3100e-05],
          [2.3364e-04],
          [1.1714e-04],
          [2.5250e-05],
          [1.5697e-04],
          [1.4967e-04],
          [4.0331e-05],
          [1.8656e-04],
          [1.4709e-05],
          [1.1180e-05],
          [1.0942e-05],
          [9.2072e-06],
          [1.0033e-05],
          [9.7298e-06],
          [2.3786e-05],
          [1.0185e-05],
          [1.2483e-05],
          [9.4611e-06],
          [2.2478e-04],
          [2.1536e-05],
          [4.7080e-05],
          [1.1467e-04],
          [1.1329e-05],
          [1.0139e-05],
          [1.1219e-05],
          [1.1633e-05],
          [1.1764e-05],
          [1.0250e-05],
          [1.8740e-04],
          [1.7797e-05],
          [6.0695e-04],
          [1.6945e-05],
          [1.3934e-05],
          [1.4958e-05],
          [1.6552e-05],
          [1.6303e-05],
          [1.6067e-05],
          [1.6609e-05],
          [1.6882e-05],
          [1.5752e-05],
          [1.9283e-05],
          [1.9573e-05],
          [2.1129e-05],
          [1.8534e-04],
          [3.2316e-04],
          [1.7108e-05],
          [1.6539e-05],
          [1.5918e-05],
          [1.3586e-05],
          [1.3770e-05],
          [1.4267e-05],
          [1.5833e-05],
          [1.4100e-05],
          [1.5152e-05],
          [1.3534e-05],
          [1.3383e-05],
          [1.2137e-05],
          [1.1922e-05],
          [1.2976e-05],
          [1.3842e-05],
          [1.3284e-05],
          [1.3816e-05],
          [1.3631e-05],
          [1.4104e-05],
          [1.4136e-05],
          [1.3685e-05],
          [1.7506e-05],
          [1.5628e-05],
          [1.7383e-05],
          [1.5603e-05],
          [1.7799e-05],
          [1.9611e-05],
          [1.9015e-05],
          [2.0228e-05],
          [2.4279e-05],
          [2.7568e-05],
          [3.7785e-05],
          [1.6942e-05],
          [2.4009e-05],
          [3.2717e-05],
          [1.5452e-05],
          [1.9327e-05],
          [1.1108e-05],
          [1.4169e-05],
          [1.4593e-05],
          [1.8236e-05],
          [1.5337e-05],
          [1.0696e-04],
          [3.5578e-05],
          [7.6433e-04],
          [1.6109e-05],
          [2.0413e-05],
          [1.5473e-05],
          [1.6566e-05],
          [1.6505e-05],
          [1.5027e-05],
          [1.4676e-05],
          [1.3840e-05],
          [1.2865e-05],
          [1.2690e-05],
          [1.4979e-05],
          [1.3610e-05],
          [1.5607e-05],
          [1.5054e-05],
          [1.5327e-04],
          [5.6191e-05],
          [5.5571e-04],
          [1.3456e-05],
          [1.1591e-05],
          [1.0704e-05],
          [1.2038e-05],
          [2.0121e-04],
          [3.7342e-04],
          [1.2762e-05],
          [1.3149e-05],
          [1.4464e-05],
          [2.4841e-05],
          [3.5011e-05],
          [4.3414e-05],
          [4.4296e-05],
          [3.6992e-05],
          [2.5347e-05],
          [1.9692e-05],
          [1.8563e-05],
          [1.6724e-05],
          [1.2405e-05],
          [1.2207e-05],
          [1.2922e-05],
          [1.2840e-05],
          [1.3782e-05],
          [7.7735e-05],
          [2.5249e-05],
          [2.9069e-05],
          [4.7532e-05],
          [2.1141e-05],
          [2.6529e-05],
          [1.6931e-05],
          [1.7048e-05],
          [1.1694e-05],
          [1.2899e-04],
          [1.9733e-04],
          [1.5388e-05],
          [1.4152e-05],
          [1.4627e-05],
          [1.4945e-05],
          [2.0726e-05],
          [1.9928e-05],
          [3.9487e-05],
          [6.3157e-05],
          [6.0458e-05],
          [1.9696e-04],
          [2.7294e-04],
          [2.4857e-05],
          [1.7993e-05],
          [1.5014e-05],
          [1.9065e-05],
          [1.3393e-05],
          [2.1170e-04],
          [1.1019e-04],
          [2.0632e-05],
          [6.3954e-05],
          [1.7344e-04],
          [1.5836e-05],
          [2.4482e-04],
          [2.6960e-05],
          [2.3416e-04],
          [1.6199e-05],
          [1.1416e-05],
          [1.1129e-05],
          [1.1214e-05],
          [1.1702e-05],
          [1.7182e-05],
          [7.4047e-06]]]])
