# Using CPU
# Loading Embeddings...
# Making Predictions...
torch.Size([1, 1, 442, 314])
tensor([[[[1.0726e-04],
          [3.0528e-05],
          [6.4423e-05],
          [3.3955e-05],
          [1.9926e-05],
          [1.7123e-04],
          [7.9743e-05],
          [4.3591e-05],
          [1.5126e-04],
          [9.1520e-05],
          [4.6653e-05],
          [3.3384e-05],
          [2.9066e-04],
          [1.4186e-04],
          [4.6775e-05],
          [2.8666e-05],
          [3.5344e-05],
          [6.0068e-05],
          [5.1677e-05],
          [4.6168e-05],
          [3.5251e-04],
          [3.7154e-05],
          [7.6447e-05],
          [2.2810e-05],
          [4.3192e-05],
          [5.9007e-05],
          [6.5822e-05],
          [1.0006e-04],
          [1.1244e-04],
          [1.2891e-04],
          [1.2576e-04],
          [1.2389e-04],
          [1.1749e-04],
          [1.1617e-04],
          [8.9187e-05],
          [5.5603e-05],
          [1.4008e-03],
          [8.7274e-05],
          [1.8884e-04],
          [1.3839e-04],
          [1.1956e-04],
          [3.6526e-05],
          [3.9192e-05],
          [4.5530e-05],
          [3.6294e-05],
          [4.3775e-05],
          [3.8576e-05],
          [3.9878e-05],
          [3.2064e-05],
          [1.2896e-04],
          [9.0372e-05],
          [3.6300e-05],
          [3.0601e-05],
          [1.5300e-04],
          [7.1080e-05],
          [4.0972e-05],
          [3.4186e-05],
          [3.2888e-05],
          [3.9221e-05],
          [4.9534e-05],
          [4.8069e-05],
          [3.3593e-05],
          [3.9770e-04],
          [1.7255e-04],
          [4.5382e-05],
          [4.4357e-05],
          [5.4239e-05],
          [4.5325e-05],
          [5.6245e-05],
          [5.0021e-05],
          [3.6785e-05],
          [2.0098e-04],
          [3.8503e-05],
          [2.6656e-05],
          [2.5391e-05],
          [2.5301e-05],
          [1.6351e-04],
          [2.9334e-05],
          [3.5480e-05],
          [2.3532e-05],
          [1.3392e-04],
          [1.0623e-04],
          [2.9564e-05],
          [2.9598e-05],
          [3.2857e-05],
          [3.5655e-05],
          [4.1803e-05],
          [4.1973e-05],
          [4.1621e-05],
          [3.4834e-05],
          [1.8500e-04],
          [4.7294e-05],
          [1.5486e-04],
          [2.3828e-05],
          [2.7066e-05],
          [3.3245e-05],
          [4.1670e-05],
          [4.3934e-05],
          [5.6094e-05],
          [6.1333e-05],
          [6.5399e-05],
          [6.8640e-05],
          [4.4747e-05],
          [3.3626e-05],
          [3.3441e-05],
          [4.9314e-05],
          [4.8072e-05],
          [5.3443e-05],
          [5.5686e-05],
          [5.3536e-05],
          [4.0899e-05],
          [7.8036e-05],
          [9.2399e-05],
          [3.6501e-05],
          [1.4901e-04],
          [2.9797e-05],
          [2.5369e-05],
          [2.3319e-05],
          [3.3447e-05],
          [4.1758e-05],
          [4.3229e-05],
          [3.4251e-05],
          [4.2087e-05],
          [3.6735e-05],
          [3.8208e-05],
          [4.5089e-05],
          [4.3073e-05],
          [4.7709e-05],
          [5.4061e-05],
          [5.9168e-05],
          [7.5504e-05],
          [3.3549e-04],
          [2.6821e-04],
          [2.6466e-04],
          [6.1681e-05],
          [5.7966e-05],
          [4.5555e-05],
          [5.7572e-05],
          [5.3837e-05],
          [4.9678e-05],
          [4.3579e-05],
          [4.0047e-05],
          [3.2388e-05],
          [3.4516e-05],
          [3.8296e-05],
          [4.6210e-05],
          [4.5792e-05],
          [6.1999e-05],
          [7.2732e-05],
          [1.0960e-04],
          [1.1022e-04],
          [1.2179e-04],
          [1.0166e-04],
          [1.1877e-04],
          [9.1156e-05],
          [8.1218e-05],
          [1.9903e-04],
          [7.5964e-05],
          [1.0418e-04],
          [9.5308e-05],
          [5.1318e-05],
          [4.6336e-05],
          [5.1578e-05],
          [7.0640e-05],
          [5.8938e-05],
          [6.5746e-05],
          [6.1745e-05],
          [5.8600e-05],
          [5.8557e-05],
          [6.3586e-05],
          [4.4509e-05],
          [2.7561e-04],
          [1.0619e-04],
          [5.5800e-05],
          [5.4581e-05],
          [8.2652e-05],
          [6.9210e-05],
          [4.9860e-05],
          [3.0072e-04],
          [8.2694e-05],
          [2.2134e-04],
          [3.6090e-05],
          [3.2040e-05],
          [1.4566e-04],
          [2.7185e-05],
          [1.1319e-04],
          [3.6027e-05],
          [4.0519e-05],
          [3.4985e-05],
          [1.6982e-04],
          [3.9780e-05],
          [6.6331e-05],
          [5.0174e-05],
          [5.1669e-05],
          [4.6948e-05],
          [5.2596e-05],
          [6.2327e-05],
          [4.2507e-05],
          [3.1377e-04],
          [1.1591e-04],
          [3.9159e-05],
          [3.9021e-05],
          [3.6939e-05],
          [3.4470e-05],
          [4.3444e-05],
          [3.7040e-05],
          [3.5275e-05],
          [1.8050e-04],
          [6.8260e-05],
          [3.9240e-05],
          [3.6681e-05],
          [3.2094e-05],
          [2.7026e-05],
          [2.0864e-04],
          [4.0718e-05],
          [3.1129e-05],
          [1.5670e-04],
          [3.0032e-05],
          [2.5106e-05],
          [3.1762e-05],
          [3.5106e-05],
          [4.5525e-05],
          [4.4587e-05],
          [3.4915e-05],
          [3.1652e-05],
          [3.7816e-05],
          [3.1619e-05],
          [3.3611e-05],
          [2.9122e-05],
          [2.8143e-05],
          [3.2822e-05],
          [3.7042e-05],
          [3.2826e-05],
          [2.5117e-05],
          [1.8637e-04],
          [7.2491e-05],
          [3.5538e-05],
          [4.1041e-05],
          [3.1266e-05],
          [3.7760e-05],
          [3.1591e-05],
          [2.6006e-05],
          [3.2889e-05],
          [4.4119e-05],
          [2.6265e-05],
          [1.8362e-05],
          [1.6139e-04],
          [1.2619e-04],
          [2.1943e-05],
          [1.6767e-04],
          [2.1123e-05],
          [1.2309e-04],
          [8.9276e-05],
          [3.9266e-05],
          [5.1168e-05],
          [5.5467e-05],
          [5.2291e-05],
          [6.3601e-05],
          [7.3410e-05],
          [8.1886e-05],
          [8.3452e-05],
          [1.0791e-04],
          [7.2804e-05],
          [9.9496e-05],
          [9.8025e-05],
          [9.9232e-05],
          [8.6455e-05],
          [5.6793e-04],
          [3.3304e-05],
          [2.9392e-05],
          [1.8685e-04],
          [8.2244e-05],
          [2.8292e-05],
          [8.5442e-05],
          [1.6486e-04],
          [3.2776e-05],
          [1.9493e-04],
          [2.3197e-05],
          [2.3598e-05],
          [1.8815e-05],
          [1.4121e-05],
          [1.7130e-05],
          [2.0732e-05],
          [3.3568e-05],
          [2.9306e-05],
          [3.6758e-05],
          [2.3714e-05],
          [1.7476e-04],
          [2.5838e-05],
          [6.0327e-05],
          [4.3909e-05],
          [2.4550e-05],
          [2.3202e-05],
          [2.5174e-05],
          [2.6185e-05],
          [2.5039e-05],
          [2.4136e-05],
          [2.7126e-04],
          [2.9227e-05],
          [1.0074e-04],
          [2.6598e-05],
          [3.0989e-05],
          [2.8771e-05],
          [3.8683e-05],
          [3.2486e-05],
          [3.5017e-05],
          [3.5785e-05],
          [4.2916e-05],
          [4.0758e-05],
          [4.8051e-05],
          [5.1985e-05],
          [5.0283e-05],
          [2.6087e-04],
          [1.6397e-04],
          [3.4157e-05],
          [2.8445e-05],
          [2.2942e-05],
          [2.4089e-05],
          [3.7459e-05],
          [6.4985e-05],
          [6.3329e-05],
          [4.5771e-05],
          [3.7028e-05],
          [3.1763e-05],
          [2.4364e-05],
          [1.5710e-05],
          [1.3937e-05],
          [1.6878e-05],
          [2.2956e-05],
          [1.6075e-05],
          [2.1135e-05],
          [2.0915e-05],
          [2.6616e-05],
          [3.2688e-05],
          [3.1474e-05],
          [3.7953e-05],
          [4.0901e-05],
          [4.3433e-05],
          [3.8403e-05],
          [6.1903e-05],
          [6.0537e-05],
          [5.4543e-05],
          [3.6013e-05],
          [2.9890e-05],
          [3.5070e-05],
          [4.3495e-05],
          [2.3803e-05],
          [3.8871e-05],
          [3.4263e-05],
          [1.8900e-05],
          [2.5354e-05],
          [1.6070e-05],
          [2.0014e-05],
          [2.0039e-05],
          [2.4097e-05],
          [2.8254e-05],
          [1.4145e-04],
          [3.0552e-05],
          [7.3639e-05],
          [2.6690e-05],
          [2.9548e-05],
          [3.0896e-05],
          [2.8639e-05],
          [2.9200e-05],
          [2.9461e-05],
          [2.6803e-05],
          [2.3074e-05],
          [2.4456e-05],
          [2.3063e-05],
          [2.9458e-05],
          [2.7315e-05],
          [3.1543e-05],
          [2.1683e-05],
          [1.2311e-04],
          [4.5144e-05],
          [1.5699e-04],
          [2.1636e-05],
          [1.7647e-05],
          [1.2340e-05],
          [1.7639e-05],
          [3.8805e-04],
          [8.4964e-05],
          [2.6211e-05],
          [3.8338e-05],
          [4.8115e-05],
          [7.1161e-05],
          [9.5474e-05],
          [1.3258e-04],
          [1.7369e-04],
          [1.4331e-04],
          [9.3165e-05],
          [5.6082e-05],
          [3.7696e-05],
          [2.5503e-05],
          [2.0491e-05],
          [2.0546e-05],
          [2.2786e-05],
          [2.7907e-05],
          [1.9788e-05],
          [1.6426e-04],
          [3.0045e-05],
          [3.7099e-05],
          [4.0188e-05],
          [2.4966e-05],
          [2.7706e-05],
          [2.1929e-05],
          [2.1270e-05],
          [1.7606e-05],
          [1.8713e-04],
          [8.9375e-05],
          [3.1321e-05],
          [3.8324e-05],
          [4.6057e-05],
          [2.5879e-05],
          [3.2727e-05],
          [3.5328e-05],
          [3.0390e-05],
          [4.7910e-05],
          [1.3012e-04],
          [3.6592e-04],
          [8.4547e-05],
          [2.6134e-05],
          [2.4969e-05],
          [1.3513e-05],
          [2.1781e-05],
          [1.3009e-05],
          [1.7506e-04],
          [1.2957e-04],
          [1.6961e-05],
          [7.0714e-05],
          [7.4835e-05],
          [1.5698e-05],
          [1.8908e-04],
          [1.5912e-05],
          [2.9325e-04],
          [1.9742e-05],
          [1.9830e-05],
          [1.7059e-05],
          [2.8889e-05],
          [1.8246e-05],
          [1.1808e-05],
          [4.5246e-06]]]])
