# Using CPU
# Loading Embeddings...
# Making Predictions...
torch.Size([1, 1, 442, 267])
tensor([[[[1.2169e-04],
          [3.4781e-05],
          [2.3246e-04],
          [2.0964e-05],
          [1.0158e-05],
          [5.1082e-04],
          [4.4843e-04],
          [1.5207e-05],
          [3.1842e-04],
          [4.7075e-04],
          [1.9167e-05],
          [1.7966e-05],
          [2.8262e-04],
          [3.7168e-04],
          [1.2393e-05],
          [1.0827e-05],
          [1.1358e-05],
          [1.3852e-05],
          [1.6518e-05],
          [2.2429e-05],
          [9.2400e-04],
          [3.4605e-05],
          [3.2649e-04],
          [1.3269e-05],
          [1.9752e-05],
          [2.7820e-05],
          [4.1710e-05],
          [7.6979e-05],
          [9.0402e-05],
          [1.2086e-04],
          [1.0954e-04],
          [1.2830e-04],
          [1.1086e-04],
          [1.2298e-04],
          [9.5680e-05],
          [7.9593e-05],
          [3.4348e-04],
          [5.2324e-05],
          [2.4986e-04],
          [8.6431e-05],
          [3.3593e-04],
          [2.8675e-05],
          [2.7469e-05],
          [2.9470e-05],
          [2.0003e-05],
          [1.9896e-05],
          [1.3743e-05],
          [1.9465e-05],
          [2.0340e-05],
          [2.5184e-04],
          [3.1650e-04],
          [1.5537e-05],
          [1.3981e-05],
          [7.1264e-04],
          [2.9783e-04],
          [1.2299e-05],
          [1.4470e-05],
          [1.4249e-05],
          [1.9736e-05],
          [2.2418e-05],
          [2.3536e-05],
          [1.9794e-05],
          [2.6712e-04],
          [3.2546e-04],
          [1.3702e-05],
          [1.4555e-05],
          [1.4636e-05],
          [1.4625e-05],
          [1.6495e-05],
          [1.6248e-05],
          [1.4854e-05],
          [3.5830e-04],
          [2.3320e-05],
          [2.3134e-05],
          [1.7638e-05],
          [2.2604e-05],
          [1.1669e-03],
          [1.4688e-05],
          [1.3608e-05],
          [1.2520e-05],
          [1.6917e-04],
          [4.0291e-04],
          [1.3481e-05],
          [1.5268e-05],
          [1.7121e-05],
          [2.0332e-05],
          [2.1721e-05],
          [2.4009e-05],
          [1.8790e-05],
          [1.5849e-05],
          [6.1158e-04],
          [3.7283e-05],
          [5.2341e-04],
          [1.3417e-05],
          [2.0759e-05],
          [2.5119e-05],
          [2.7773e-05],
          [3.7643e-05],
          [3.5334e-05],
          [3.7119e-05],
          [3.7720e-05],
          [2.3214e-05],
          [1.6488e-05],
          [1.2180e-05],
          [1.2035e-05],
          [1.7110e-05],
          [1.9903e-05],
          [2.4622e-05],
          [2.3453e-05],
          [2.5627e-05],
          [1.9739e-05],
          [1.9342e-04],
          [7.6488e-05],
          [2.1203e-05],
          [4.6302e-04],
          [1.3502e-05],
          [1.0459e-05],
          [1.0381e-05],
          [1.2418e-05],
          [1.4071e-05],
          [1.4559e-05],
          [1.1879e-05],
          [1.5803e-05],
          [1.1781e-05],
          [1.2411e-05],
          [1.2613e-05],
          [1.3552e-05],
          [1.2545e-05],
          [1.4639e-05],
          [1.8061e-05],
          [5.0767e-05],
          [2.1981e-03],
          [3.2415e-03],
          [7.4965e-05],
          [3.5999e-05],
          [2.5201e-05],
          [1.7242e-05],
          [1.5060e-05],
          [1.1533e-05],
          [1.3031e-05],
          [1.2083e-05],
          [1.0500e-05],
          [9.6894e-06],
          [1.1321e-05],
          [1.2421e-05],
          [1.4691e-05],
          [1.6493e-05],
          [2.0334e-05],
          [3.4201e-05],
          [4.4785e-05],
          [5.5055e-05],
          [6.0272e-05],
          [6.6958e-05],
          [7.2980e-05],
          [6.8517e-05],
          [5.4456e-05],
          [4.6251e-04],
          [2.3467e-04],
          [2.7216e-04],
          [5.0298e-04],
          [1.5656e-05],
          [1.7319e-05],
          [2.4385e-05],
          [2.8807e-05],
          [1.6557e-05],
          [1.8301e-05],
          [1.6650e-05],
          [1.7687e-05],
          [1.7130e-05],
          [1.7378e-05],
          [1.4559e-05],
          [5.1762e-04],
          [3.8314e-04],
          [1.7955e-05],
          [2.1369e-05],
          [2.7600e-05],
          [2.7629e-05],
          [2.3142e-05],
          [2.4636e-04],
          [2.8642e-05],
          [6.2443e-04],
          [1.3182e-05],
          [1.4318e-05],
          [2.1009e-04],
          [1.8750e-05],
          [4.3980e-04],
          [1.4580e-05],
          [1.2389e-05],
          [1.5255e-05],
          [7.6876e-04],
          [2.3361e-05],
          [6.8207e-04],
          [1.4736e-05],
          [2.0325e-05],
          [2.1897e-05],
          [2.2473e-05],
          [2.3623e-05],
          [1.7989e-05],
          [1.9336e-04],
          [3.0875e-04],
          [1.5349e-05],
          [1.4484e-05],
          [1.4553e-05],
          [1.1906e-05],
          [1.2345e-05],
          [1.2578e-05],
          [1.2201e-05],
          [5.5919e-04],
          [3.4333e-04],
          [1.1716e-05],
          [1.2028e-05],
          [1.2598e-05],
          [1.1986e-05],
          [3.8911e-04],
          [2.5073e-05],
          [1.9177e-05],
          [8.0028e-04],
          [1.5230e-05],
          [1.8400e-05],
          [1.2993e-05],
          [1.3183e-05],
          [1.4588e-05],
          [1.2178e-05],
          [1.1601e-05],
          [1.1599e-05],
          [1.2965e-05],
          [1.5016e-05],
          [1.4149e-05],
          [1.2111e-05],
          [1.0829e-05],
          [1.0664e-05],
          [1.1141e-05],
          [1.0311e-05],
          [1.1021e-05],
          [5.2386e-04],
          [1.9439e-04],
          [1.6632e-05],
          [1.4333e-05],
          [1.3417e-05],
          [1.9976e-05],
          [2.3929e-05],
          [2.1273e-05],
          [1.7113e-05],
          [3.0740e-05],
          [2.5830e-05],
          [1.2508e-05],
          [5.7652e-04],
          [1.1535e-04],
          [2.1943e-05],
          [4.7296e-04],
          [1.0834e-05],
          [3.2079e-04],
          [2.1592e-04],
          [2.3603e-05],
          [2.8482e-05],
          [3.1353e-05],
          [3.1037e-05],
          [3.7009e-05],
          [3.6668e-05],
          [4.2856e-05],
          [3.6804e-05],
          [4.4159e-05],
          [4.7915e-05],
          [5.9724e-05],
          [5.5192e-05],
          [4.4339e-05],
          [3.7291e-05],
          [1.4279e-04],
          [1.7232e-05],
          [1.6658e-05],
          [3.7438e-04],
          [2.0645e-04],
          [2.4188e-05],
          [3.0030e-04],
          [2.3229e-04],
          [3.0340e-05],
          [5.3671e-04],
          [1.4313e-05],
          [1.0230e-05],
          [1.0734e-05],
          [1.0312e-05],
          [1.0654e-05],
          [1.1494e-05],
          [2.8612e-05],
          [1.3340e-05],
          [1.5842e-05],
          [1.3782e-05],
          [2.9082e-04],
          [2.8340e-05],
          [1.2519e-04],
          [8.2079e-05],
          [1.1258e-05],
          [9.9131e-06],
          [1.0205e-05],
          [9.8849e-06],
          [9.7589e-06],
          [1.1930e-05],
          [6.2891e-04],
          [3.6546e-05],
          [7.3334e-04],
          [1.4450e-05],
          [1.0920e-05],
          [1.4092e-05],
          [1.3644e-05],
          [1.4438e-05],
          [1.4979e-05],
          [1.5288e-05],
          [1.9585e-05],
          [1.8014e-05],
          [2.3290e-05],
          [2.5653e-05],
          [3.2193e-05],
          [5.1958e-04],
          [3.1168e-04],
          [2.5424e-05],
          [1.9992e-05],
          [1.9352e-05],
          [1.2406e-05],
          [1.1601e-05],
          [1.8269e-05],
          [2.2488e-05],
          [1.9769e-05],
          [1.6238e-05],
          [1.4128e-05],
          [1.3827e-05],
          [1.0318e-05],
          [1.1754e-05],
          [1.1753e-05],
          [1.3724e-05],
          [1.2711e-05],
          [1.3213e-05],
          [1.2950e-05],
          [1.4832e-05],
          [1.3165e-05],
          [1.4145e-05],
          [1.6267e-05],
          [1.8437e-05],
          [2.2231e-05],
          [1.9934e-05],
          [3.0282e-05],
          [2.9414e-05],
          [3.0166e-05],
          [1.8139e-05],
          [2.1871e-05],
          [2.1795e-05],
          [3.4017e-05],
          [1.9360e-05],
          [2.4458e-05],
          [2.6249e-05],
          [1.9597e-05],
          [1.7363e-05],
          [1.7515e-05],
          [1.5814e-05],
          [1.6798e-05],
          [1.6100e-05],
          [1.6186e-05],
          [5.5175e-04],
          [3.1936e-05],
          [7.3311e-04],
          [1.9208e-05],
          [1.9918e-05],
          [1.7334e-05],
          [1.6714e-05],
          [1.5398e-05],
          [1.3261e-05],
          [1.2275e-05],
          [1.0117e-05],
          [9.3248e-06],
          [1.0807e-05],
          [1.2311e-05],
          [1.2251e-05],
          [1.4979e-05],
          [1.5023e-05],
          [6.0313e-04],
          [1.0353e-04],
          [6.6451e-04],
          [1.3643e-05],
          [1.3291e-05],
          [1.4061e-05],
          [1.2852e-05],
          [8.2782e-04],
          [4.1556e-04],
          [1.5717e-05],
          [1.4701e-05],
          [1.5979e-05],
          [1.7580e-05],
          [2.2821e-05],
          [3.0479e-05],
          [4.8355e-05],
          [4.2538e-05],
          [3.6556e-05],
          [2.7662e-05],
          [1.9393e-05],
          [1.2707e-05],
          [1.4385e-05],
          [1.1749e-05],
          [1.0933e-05],
          [1.0626e-05],
          [1.5419e-05],
          [6.4248e-05],
          [3.4664e-05],
          [4.2690e-05],
          [5.0623e-05],
          [2.6943e-05],
          [3.4494e-05],
          [2.3164e-05],
          [2.4512e-05],
          [1.8466e-05],
          [2.5748e-04],
          [2.2785e-04],
          [2.1257e-05],
          [2.0673e-05],
          [1.8637e-05],
          [1.6600e-05],
          [2.4908e-05],
          [2.1407e-05],
          [2.8951e-05],
          [2.1605e-04],
          [6.3910e-05],
          [5.0794e-04],
          [3.0247e-04],
          [4.4146e-05],
          [2.7294e-05],
          [1.6025e-05],
          [2.0530e-05],
          [1.3923e-05],
          [3.2799e-04],
          [1.5320e-04],
          [1.5691e-05],
          [5.4785e-05],
          [2.4350e-04],
          [1.4944e-05],
          [2.8910e-04],
          [1.9581e-05],
          [4.6058e-04],
          [2.0811e-05],
          [1.6653e-05],
          [1.2382e-05],
          [1.5080e-05],
          [1.2881e-05],
          [9.8703e-05],
          [8.4030e-06]]]])
