# Using CPU
# Loading Embeddings...
# Making Predictions...
torch.Size([1, 1, 442, 255])
tensor([[[[1.2402e-04],
          [4.2506e-05],
          [6.7968e-05],
          [3.0913e-05],
          [1.6165e-05],
          [3.1824e-04],
          [1.6645e-04],
          [3.0787e-05],
          [1.9798e-04],
          [2.2674e-04],
          [2.2249e-05],
          [1.8505e-05],
          [4.1541e-04],
          [1.6190e-04],
          [4.1474e-05],
          [1.5862e-05],
          [1.5925e-05],
          [1.3526e-05],
          [2.0191e-05],
          [4.0521e-05],
          [5.8537e-04],
          [2.2867e-05],
          [1.0874e-04],
          [1.7211e-05],
          [2.1977e-05],
          [3.0563e-05],
          [4.5019e-05],
          [7.9471e-05],
          [9.9007e-05],
          [1.2582e-04],
          [1.1955e-04],
          [1.2212e-04],
          [1.1557e-04],
          [1.1495e-04],
          [8.6933e-05],
          [6.5320e-05],
          [2.3100e-04],
          [5.0242e-05],
          [1.4576e-04],
          [5.4298e-05],
          [1.1793e-04],
          [2.6872e-05],
          [2.5660e-05],
          [2.6625e-05],
          [1.9641e-05],
          [2.4836e-05],
          [1.7449e-05],
          [1.7761e-05],
          [1.7956e-05],
          [1.8879e-04],
          [1.1223e-04],
          [2.1893e-05],
          [1.9976e-05],
          [3.7821e-04],
          [1.0790e-04],
          [2.3822e-05],
          [2.1156e-05],
          [2.0351e-05],
          [2.4799e-05],
          [2.2803e-05],
          [2.2494e-05],
          [2.2571e-05],
          [1.8015e-04],
          [2.4339e-04],
          [3.4624e-05],
          [2.9602e-05],
          [2.6337e-05],
          [3.1270e-05],
          [3.7198e-05],
          [2.5682e-05],
          [2.1919e-05],
          [2.5126e-04],
          [2.6149e-05],
          [2.0107e-05],
          [2.1707e-05],
          [2.2654e-05],
          [1.8585e-04],
          [1.9704e-05],
          [1.7353e-05],
          [1.5563e-05],
          [2.4946e-04],
          [1.1956e-04],
          [1.6150e-05],
          [1.7572e-05],
          [1.7634e-05],
          [2.2024e-05],
          [2.3089e-05],
          [2.6325e-05],
          [2.1417e-05],
          [1.8591e-05],
          [3.7277e-04],
          [5.8811e-05],
          [1.5681e-04],
          [2.1169e-05],
          [2.6546e-05],
          [4.6381e-05],
          [4.8492e-05],
          [6.1717e-05],
          [4.7598e-05],
          [5.2156e-05],
          [4.2742e-05],
          [3.6904e-05],
          [2.2623e-05],
          [1.9154e-05],
          [2.0610e-05],
          [2.3919e-05],
          [2.5293e-05],
          [3.1350e-05],
          [3.3189e-05],
          [3.4156e-05],
          [2.6775e-05],
          [1.3276e-04],
          [9.3614e-05],
          [1.8756e-05],
          [1.8739e-04],
          [1.6842e-05],
          [1.4709e-05],
          [2.3878e-05],
          [1.5087e-05],
          [1.5521e-05],
          [1.7062e-05],
          [1.5750e-05],
          [1.7826e-05],
          [2.0101e-05],
          [2.3834e-05],
          [2.2632e-05],
          [2.6642e-05],
          [2.9100e-05],
          [3.1027e-05],
          [4.2482e-05],
          [2.8842e-05],
          [3.4047e-04],
          [2.2243e-04],
          [3.9271e-05],
          [3.5091e-05],
          [2.8579e-05],
          [2.1085e-05],
          [2.6412e-05],
          [2.6725e-05],
          [1.9783e-05],
          [1.8281e-05],
          [2.1791e-05],
          [1.8485e-05],
          [2.1058e-05],
          [1.9120e-05],
          [2.4170e-05],
          [2.8143e-05],
          [3.9156e-05],
          [5.3694e-05],
          [8.1722e-05],
          [8.6029e-05],
          [8.0921e-05],
          [8.2141e-05],
          [7.9498e-05],
          [7.9477e-05],
          [6.5256e-05],
          [1.8464e-04],
          [1.5493e-04],
          [1.7892e-04],
          [2.3399e-04],
          [2.2263e-05],
          [2.0479e-05],
          [2.5312e-05],
          [2.8927e-05],
          [3.2129e-05],
          [2.7882e-05],
          [2.4784e-05],
          [2.4289e-05],
          [2.6499e-05],
          [2.7692e-05],
          [2.2924e-05],
          [2.6336e-04],
          [1.1295e-04],
          [2.9835e-05],
          [4.1622e-05],
          [4.0544e-05],
          [3.9630e-05],
          [3.7974e-05],
          [1.6171e-04],
          [5.1101e-05],
          [3.1243e-04],
          [1.7716e-05],
          [1.5506e-05],
          [2.2650e-04],
          [1.3757e-05],
          [1.5188e-04],
          [3.0215e-05],
          [3.6555e-05],
          [2.3892e-05],
          [3.1655e-04],
          [3.3603e-05],
          [5.9271e-04],
          [2.3547e-05],
          [3.1242e-05],
          [3.1966e-05],
          [3.2043e-05],
          [3.3728e-05],
          [2.8595e-05],
          [1.9078e-04],
          [1.7652e-04],
          [2.1603e-05],
          [1.8417e-05],
          [2.1348e-05],
          [1.5931e-05],
          [1.9349e-05],
          [2.0530e-05],
          [2.2369e-05],
          [3.2365e-04],
          [1.2903e-04],
          [1.8305e-05],
          [1.5564e-05],
          [1.4395e-05],
          [1.5506e-05],
          [2.3321e-04],
          [2.3922e-05],
          [2.1943e-05],
          [1.6877e-04],
          [2.0953e-05],
          [1.9481e-05],
          [1.7902e-05],
          [2.4890e-05],
          [2.7434e-05],
          [2.8451e-05],
          [2.2412e-05],
          [2.0705e-05],
          [2.6973e-05],
          [3.0004e-05],
          [2.9530e-05],
          [3.3618e-05],
          [4.5291e-05],
          [2.4478e-05],
          [2.6601e-05],
          [2.0777e-05],
          [1.7486e-05],
          [2.1604e-04],
          [6.8538e-05],
          [2.7182e-05],
          [1.8564e-05],
          [1.7795e-05],
          [3.2404e-05],
          [3.2997e-05],
          [2.4883e-05],
          [2.2932e-05],
          [4.4744e-05],
          [2.5114e-05],
          [1.4845e-05],
          [4.4106e-04],
          [2.1485e-04],
          [1.9676e-05],
          [1.9472e-04],
          [1.5788e-05],
          [1.3325e-04],
          [8.7680e-05],
          [2.0570e-05],
          [2.6493e-05],
          [2.7008e-05],
          [2.1933e-05],
          [2.6009e-05],
          [2.8745e-05],
          [4.1852e-05],
          [4.2445e-05],
          [6.0337e-05],
          [6.6362e-05],
          [8.6709e-05],
          [8.4508e-05],
          [8.3450e-05],
          [5.1873e-05],
          [9.5516e-05],
          [2.6277e-05],
          [2.5072e-05],
          [2.7418e-04],
          [1.3725e-04],
          [2.6298e-05],
          [8.7414e-05],
          [9.2943e-05],
          [3.8377e-05],
          [2.4439e-04],
          [1.3318e-05],
          [1.4459e-05],
          [1.3140e-05],
          [9.5085e-06],
          [9.4028e-06],
          [1.3224e-05],
          [4.2375e-05],
          [1.4755e-05],
          [2.0696e-05],
          [1.6841e-05],
          [3.1162e-04],
          [2.0825e-05],
          [5.8078e-05],
          [4.4606e-05],
          [1.5295e-05],
          [1.4704e-05],
          [1.3123e-05],
          [1.2887e-05],
          [1.4149e-05],
          [1.2995e-05],
          [3.6128e-04],
          [1.7851e-05],
          [1.5457e-04],
          [1.7032e-05],
          [1.6540e-05],
          [2.0616e-05],
          [1.7303e-05],
          [1.9038e-05],
          [2.0002e-05],
          [2.0569e-05],
          [2.5757e-05],
          [2.8687e-05],
          [2.5266e-05],
          [2.6647e-05],
          [2.7696e-05],
          [2.2190e-04],
          [1.1499e-04],
          [2.2765e-05],
          [2.1469e-05],
          [2.4934e-05],
          [1.6013e-05],
          [1.8961e-05],
          [2.6518e-05],
          [3.3515e-05],
          [2.8095e-05],
          [2.9048e-05],
          [2.9760e-05],
          [2.6962e-05],
          [1.8522e-05],
          [1.5482e-05],
          [1.6960e-05],
          [1.7460e-05],
          [1.5528e-05],
          [1.6776e-05],
          [2.0014e-05],
          [2.0748e-05],
          [2.1727e-05],
          [2.9488e-05],
          [2.8196e-05],
          [3.3082e-05],
          [2.7689e-05],
          [3.0234e-05],
          [3.8613e-05],
          [4.0152e-05],
          [3.8673e-05],
          [3.3536e-05],
          [3.1832e-05],
          [3.4815e-05],
          [2.9943e-05],
          [2.5032e-05],
          [4.7830e-05],
          [2.8141e-05],
          [2.8128e-05],
          [2.4227e-05],
          [2.1478e-05],
          [2.3880e-05],
          [1.6836e-05],
          [2.4676e-05],
          [2.3552e-05],
          [5.1551e-04],
          [4.6685e-05],
          [1.0396e-03],
          [2.2778e-05],
          [2.5994e-05],
          [2.5169e-05],
          [2.3798e-05],
          [2.4013e-05],
          [2.3445e-05],
          [2.9237e-05],
          [2.0809e-05],
          [1.6294e-05],
          [2.1548e-05],
          [1.9172e-05],
          [1.5315e-05],
          [1.8214e-05],
          [1.4999e-05],
          [2.8060e-04],
          [5.4236e-05],
          [2.0205e-04],
          [2.3710e-05],
          [1.7067e-05],
          [1.4291e-05],
          [1.4601e-05],
          [4.2318e-04],
          [1.3478e-04],
          [1.5015e-05],
          [1.7931e-05],
          [2.8289e-05],
          [3.4986e-05],
          [5.1154e-05],
          [5.6963e-05],
          [6.0291e-05],
          [5.3865e-05],
          [3.7158e-05],
          [2.9495e-05],
          [2.8640e-05],
          [1.9288e-05],
          [2.2001e-05],
          [2.1198e-05],
          [3.2594e-05],
          [2.1674e-05],
          [1.7899e-05],
          [1.6686e-04],
          [4.4533e-05],
          [4.3500e-05],
          [7.4657e-05],
          [2.9991e-05],
          [2.8481e-05],
          [2.3292e-05],
          [2.5215e-05],
          [2.2739e-05],
          [2.1813e-04],
          [1.0302e-04],
          [2.4832e-05],
          [2.3334e-05],
          [2.2033e-05],
          [1.8917e-05],
          [3.3841e-05],
          [2.9696e-05],
          [3.8764e-05],
          [1.0720e-04],
          [9.1444e-05],
          [2.1120e-04],
          [2.2979e-04],
          [2.2604e-05],
          [2.0094e-05],
          [1.7808e-05],
          [1.6600e-05],
          [1.4257e-05],
          [1.9895e-04],
          [1.5415e-04],
          [1.2563e-05],
          [4.2708e-05],
          [7.9431e-05],
          [2.0356e-05],
          [1.6617e-04],
          [2.1033e-05],
          [2.6324e-04],
          [2.3685e-05],
          [1.6849e-05],
          [1.3570e-05],
          [2.3717e-05],
          [1.3131e-05],
          [1.2549e-04],
          [7.6305e-06]]]])
