# Using CPU
# Loading Embeddings...
# Making Predictions...
torch.Size([1, 1, 442, 314])
tensor([[[[2.0351e-04],
          [4.2118e-05],
          [9.6350e-05],
          [1.6484e-05],
          [9.3978e-06],
          [4.4361e-04],
          [1.3262e-04],
          [1.7882e-05],
          [4.6251e-04],
          [1.6815e-04],
          [2.0091e-05],
          [2.0945e-05],
          [4.4172e-04],
          [2.1710e-04],
          [1.3696e-05],
          [1.1928e-05],
          [1.1900e-05],
          [1.2375e-05],
          [1.7206e-05],
          [2.2515e-05],
          [5.2851e-04],
          [2.2432e-05],
          [1.0820e-04],
          [1.3114e-05],
          [1.9432e-05],
          [2.5949e-05],
          [3.7338e-05],
          [5.8300e-05],
          [7.3881e-05],
          [1.0270e-04],
          [9.7113e-05],
          [1.0490e-04],
          [1.0295e-04],
          [1.0652e-04],
          [8.3903e-05],
          [6.6064e-05],
          [4.2246e-04],
          [3.7892e-05],
          [1.3748e-04],
          [8.0020e-05],
          [1.6924e-04],
          [2.5616e-05],
          [2.5572e-05],
          [2.8158e-05],
          [2.0594e-05],
          [2.0151e-05],
          [1.7392e-05],
          [1.4414e-05],
          [1.3437e-05],
          [2.9211e-04],
          [1.3784e-04],
          [1.1921e-05],
          [1.2990e-05],
          [4.2314e-04],
          [1.2893e-04],
          [1.6820e-05],
          [1.8427e-05],
          [1.8919e-05],
          [2.4370e-05],
          [2.8420e-05],
          [2.8215e-05],
          [2.6023e-05],
          [3.2396e-04],
          [2.4770e-04],
          [1.9095e-05],
          [2.0189e-05],
          [1.7657e-05],
          [1.6294e-05],
          [1.6541e-05],
          [1.6258e-05],
          [1.5550e-05],
          [3.5453e-04],
          [2.6278e-05],
          [2.0741e-05],
          [1.7866e-05],
          [1.8717e-05],
          [2.2729e-04],
          [1.6882e-05],
          [1.7109e-05],
          [1.3841e-05],
          [2.3703e-04],
          [1.2589e-04],
          [1.4589e-05],
          [1.5921e-05],
          [1.7537e-05],
          [2.0859e-05],
          [2.3164e-05],
          [2.6790e-05],
          [2.3495e-05],
          [2.0243e-05],
          [3.8667e-04],
          [8.3057e-05],
          [1.9357e-04],
          [1.8348e-05],
          [2.4201e-05],
          [2.9724e-05],
          [3.0027e-05],
          [3.9514e-05],
          [2.5994e-05],
          [3.0783e-05],
          [2.4238e-05],
          [2.0060e-05],
          [1.2127e-05],
          [1.2186e-05],
          [1.4473e-05],
          [2.0244e-05],
          [2.1721e-05],
          [2.7107e-05],
          [3.0148e-05],
          [3.0145e-05],
          [2.4632e-05],
          [8.9517e-05],
          [1.6519e-04],
          [1.5743e-05],
          [2.3343e-04],
          [1.7839e-05],
          [1.5359e-05],
          [1.3723e-05],
          [1.7349e-05],
          [1.8410e-05],
          [1.7918e-05],
          [1.5349e-05],
          [1.5564e-05],
          [1.2999e-05],
          [1.5290e-05],
          [1.5644e-05],
          [1.7958e-05],
          [1.7554e-05],
          [2.0437e-05],
          [2.4461e-05],
          [2.3313e-05],
          [4.3546e-04],
          [2.1858e-04],
          [2.6500e-05],
          [3.0078e-05],
          [3.0092e-05],
          [2.4829e-05],
          [2.5565e-05],
          [1.9195e-05],
          [2.1540e-05],
          [1.7895e-05],
          [1.5980e-05],
          [1.2233e-05],
          [1.3059e-05],
          [1.5947e-05],
          [1.9835e-05],
          [2.1414e-05],
          [2.8787e-05],
          [3.9411e-05],
          [5.3711e-05],
          [5.7447e-05],
          [6.8050e-05],
          [6.1765e-05],
          [8.1286e-05],
          [6.2637e-05],
          [5.7854e-05],
          [4.0898e-04],
          [1.2079e-04],
          [2.5503e-04],
          [1.4589e-04],
          [1.6909e-05],
          [1.8608e-05],
          [1.7433e-05],
          [1.8597e-05],
          [2.1079e-05],
          [2.3986e-05],
          [2.5314e-05],
          [2.5589e-05],
          [2.7611e-05],
          [2.5432e-05],
          [2.4575e-05],
          [3.0011e-04],
          [1.5442e-04],
          [3.3898e-05],
          [3.8866e-05],
          [4.1970e-05],
          [4.2668e-05],
          [3.9478e-05],
          [2.4256e-04],
          [5.0850e-05],
          [3.0645e-04],
          [1.8753e-05],
          [1.5477e-05],
          [2.6654e-04],
          [2.0197e-05],
          [2.1531e-04],
          [1.9569e-05],
          [2.0498e-05],
          [1.6763e-05],
          [3.4895e-04],
          [2.2241e-05],
          [3.3986e-04],
          [2.2697e-05],
          [2.9677e-05],
          [2.9191e-05],
          [2.9437e-05],
          [3.2963e-05],
          [2.7213e-05],
          [2.8214e-04],
          [1.5521e-04],
          [2.4358e-05],
          [2.0305e-05],
          [2.0456e-05],
          [1.5689e-05],
          [1.4414e-05],
          [1.4012e-05],
          [1.4456e-05],
          [2.7726e-04],
          [1.7387e-04],
          [1.4187e-05],
          [1.5469e-05],
          [1.7275e-05],
          [1.7632e-05],
          [3.5749e-04],
          [3.6237e-05],
          [2.1421e-05],
          [4.8826e-04],
          [1.7181e-05],
          [1.4186e-05],
          [1.3200e-05],
          [1.2709e-05],
          [1.5610e-05],
          [1.2934e-05],
          [1.1962e-05],
          [1.4718e-05],
          [1.4912e-05],
          [2.6832e-05],
          [2.0060e-05],
          [1.8918e-05],
          [1.3764e-05],
          [1.3971e-05],
          [1.2383e-05],
          [1.3017e-05],
          [1.3948e-05],
          [4.7005e-04],
          [1.4689e-04],
          [1.5384e-05],
          [1.8601e-05],
          [1.3344e-05],
          [1.6741e-05],
          [1.7957e-05],
          [3.1500e-05],
          [2.0531e-05],
          [2.7162e-05],
          [3.1715e-05],
          [1.4672e-05],
          [2.3092e-04],
          [1.6992e-04],
          [1.8384e-05],
          [2.3688e-04],
          [1.1693e-05],
          [2.5560e-04],
          [1.7980e-04],
          [2.0505e-05],
          [2.3287e-05],
          [2.6093e-05],
          [2.4392e-05],
          [2.9733e-05],
          [3.2133e-05],
          [4.3341e-05],
          [4.1553e-05],
          [5.7886e-05],
          [6.7976e-05],
          [9.8792e-05],
          [1.0439e-04],
          [1.1221e-04],
          [6.7091e-05],
          [2.3674e-04],
          [3.4632e-05],
          [3.7585e-05],
          [3.0070e-04],
          [2.1187e-04],
          [2.4258e-05],
          [1.3862e-04],
          [1.5758e-04],
          [4.3435e-05],
          [2.6012e-04],
          [1.6264e-05],
          [1.4518e-05],
          [1.2966e-05],
          [1.0038e-05],
          [9.1568e-06],
          [9.9152e-06],
          [2.2874e-05],
          [1.3106e-05],
          [1.6058e-05],
          [1.3741e-05],
          [4.4626e-04],
          [2.4671e-05],
          [1.0254e-04],
          [4.3539e-05],
          [1.3436e-05],
          [1.3520e-05],
          [1.2677e-05],
          [1.1818e-05],
          [1.0752e-05],
          [9.6916e-06],
          [3.9040e-04],
          [1.8951e-05],
          [1.8601e-04],
          [1.2519e-05],
          [1.1585e-05],
          [1.3286e-05],
          [1.2236e-05],
          [1.2866e-05],
          [1.2428e-05],
          [1.3849e-05],
          [1.5428e-05],
          [1.5989e-05],
          [2.1618e-05],
          [2.3904e-05],
          [2.9623e-05],
          [3.5423e-04],
          [2.1118e-04],
          [2.1389e-05],
          [1.7570e-05],
          [1.6946e-05],
          [1.0772e-05],
          [1.4521e-05],
          [1.6682e-05],
          [1.9678e-05],
          [1.8493e-05],
          [1.5161e-05],
          [1.4216e-05],
          [1.4716e-05],
          [1.0542e-05],
          [1.0381e-05],
          [1.1403e-05],
          [1.2442e-05],
          [1.2200e-05],
          [1.2218e-05],
          [1.2745e-05],
          [1.3829e-05],
          [1.2923e-05],
          [1.3898e-05],
          [1.9190e-05],
          [1.9628e-05],
          [2.2805e-05],
          [2.0011e-05],
          [2.7476e-05],
          [2.8598e-05],
          [2.6025e-05],
          [1.9055e-05],
          [2.5407e-05],
          [2.5602e-05],
          [4.8937e-05],
          [2.1198e-05],
          [2.1713e-05],
          [4.0076e-05],
          [2.7943e-05],
          [2.9550e-05],
          [1.7915e-05],
          [1.7598e-05],
          [1.5394e-05],
          [1.8137e-05],
          [1.6386e-05],
          [2.1823e-04],
          [2.7406e-05],
          [4.5934e-04],
          [1.6535e-05],
          [1.9406e-05],
          [1.4666e-05],
          [1.6880e-05],
          [1.4191e-05],
          [1.3179e-05],
          [1.1559e-05],
          [1.1733e-05],
          [9.6293e-06],
          [1.0847e-05],
          [1.1285e-05],
          [1.2498e-05],
          [1.5051e-05],
          [1.5495e-05],
          [2.9676e-04],
          [8.8052e-05],
          [2.6162e-04],
          [1.2170e-05],
          [1.1285e-05],
          [8.4087e-06],
          [1.0598e-05],
          [3.5443e-04],
          [1.5273e-04],
          [1.3761e-05],
          [1.9107e-05],
          [2.4217e-05],
          [3.4295e-05],
          [4.1769e-05],
          [5.2539e-05],
          [5.7326e-05],
          [4.6718e-05],
          [3.2759e-05],
          [2.3591e-05],
          [1.8102e-05],
          [1.2844e-05],
          [1.0756e-05],
          [1.0918e-05],
          [1.0875e-05],
          [1.2953e-05],
          [1.4705e-05],
          [1.0600e-04],
          [4.6709e-05],
          [5.3170e-05],
          [2.1027e-04],
          [3.8889e-05],
          [4.0527e-05],
          [2.3228e-05],
          [2.4486e-05],
          [2.0094e-05],
          [2.6315e-04],
          [1.2732e-04],
          [2.2256e-05],
          [2.1316e-05],
          [1.8126e-05],
          [1.5165e-05],
          [1.6960e-05],
          [1.7694e-05],
          [3.5793e-05],
          [1.1433e-04],
          [7.5710e-05],
          [1.5425e-04],
          [1.6595e-04],
          [2.7128e-05],
          [1.5398e-05],
          [1.8969e-05],
          [1.9432e-05],
          [1.5420e-05],
          [4.7833e-04],
          [8.6216e-05],
          [1.6985e-05],
          [4.5803e-05],
          [1.0915e-04],
          [2.0480e-05],
          [2.2457e-04],
          [2.0697e-05],
          [2.3452e-04],
          [1.9638e-05],
          [1.5203e-05],
          [1.1442e-05],
          [1.2238e-05],
          [1.2024e-05],
          [3.6188e-05],
          [5.1014e-06]]]])
