# Using CPU
# Loading Embeddings...
# Making Predictions...
torch.Size([1, 1, 442, 631])
tensor([[[[1.3654e-04],
          [3.0330e-05],
          [7.9460e-05],
          [2.3567e-05],
          [1.4190e-05],
          [2.2792e-04],
          [1.3987e-04],
          [1.6776e-05],
          [1.9856e-04],
          [1.3805e-04],
          [1.7860e-05],
          [1.7563e-05],
          [3.2193e-04],
          [1.7271e-04],
          [1.3849e-05],
          [1.2512e-05],
          [1.2225e-05],
          [1.0113e-05],
          [1.1903e-05],
          [2.3248e-05],
          [1.9605e-04],
          [1.8371e-05],
          [1.1266e-04],
          [2.1418e-05],
          [1.6415e-05],
          [2.4643e-05],
          [3.6066e-05],
          [6.3775e-05],
          [7.5851e-05],
          [9.3214e-05],
          [9.4700e-05],
          [1.1357e-04],
          [9.8685e-05],
          [1.0121e-04],
          [7.8397e-05],
          [5.8793e-05],
          [5.8932e-04],
          [5.3469e-05],
          [1.4042e-04],
          [9.6118e-05],
          [1.1425e-04],
          [1.8046e-05],
          [1.7258e-05],
          [1.7370e-05],
          [1.4345e-05],
          [1.2952e-05],
          [1.3868e-05],
          [1.3469e-05],
          [1.4348e-05],
          [1.5562e-04],
          [1.0377e-04],
          [1.2900e-05],
          [1.1651e-05],
          [1.9153e-04],
          [1.0369e-04],
          [1.6478e-05],
          [1.3986e-05],
          [1.3297e-05],
          [1.6205e-05],
          [1.8886e-05],
          [1.8713e-05],
          [1.7052e-05],
          [3.1059e-04],
          [2.0738e-04],
          [1.6915e-05],
          [1.7852e-05],
          [1.7842e-05],
          [1.5259e-05],
          [1.7631e-05],
          [1.5595e-05],
          [1.4219e-05],
          [2.0577e-04],
          [2.2858e-05],
          [3.5532e-05],
          [1.4291e-05],
          [2.4591e-05],
          [1.9035e-04],
          [1.8001e-05],
          [1.4798e-05],
          [1.4947e-05],
          [1.6661e-04],
          [1.1995e-04],
          [1.4756e-05],
          [1.0590e-05],
          [1.1909e-05],
          [1.4206e-05],
          [1.5329e-05],
          [1.7069e-05],
          [1.5205e-05],
          [1.4707e-05],
          [1.9355e-04],
          [4.0845e-05],
          [1.6271e-04],
          [1.4980e-05],
          [1.1221e-05],
          [1.0876e-05],
          [1.0416e-05],
          [1.4395e-05],
          [1.3638e-05],
          [1.9344e-05],
          [1.7799e-05],
          [1.6597e-05],
          [1.3827e-05],
          [1.5060e-05],
          [1.8445e-05],
          [2.0592e-05],
          [2.0525e-05],
          [2.3521e-05],
          [2.3587e-05],
          [2.5188e-05],
          [2.0223e-05],
          [8.6137e-05],
          [1.5035e-04],
          [2.3345e-05],
          [1.8118e-04],
          [1.5694e-05],
          [1.4055e-05],
          [1.3316e-05],
          [1.3791e-05],
          [1.6178e-05],
          [1.6479e-05],
          [1.4046e-05],
          [1.7170e-05],
          [1.3600e-05],
          [1.5763e-05],
          [1.3837e-05],
          [1.6641e-05],
          [1.8334e-05],
          [2.3223e-05],
          [3.3745e-05],
          [1.2848e-04],
          [1.1206e-03],
          [1.2439e-03],
          [3.1585e-04],
          [1.2415e-04],
          [5.9953e-05],
          [3.5467e-05],
          [2.8165e-05],
          [1.9816e-05],
          [2.0361e-05],
          [1.7159e-05],
          [1.5278e-05],
          [1.2403e-05],
          [1.2698e-05],
          [1.3943e-05],
          [1.8864e-05],
          [2.2549e-05],
          [3.5652e-05],
          [4.3941e-05],
          [7.4795e-05],
          [7.7394e-05],
          [8.7347e-05],
          [7.5155e-05],
          [9.0510e-05],
          [6.7002e-05],
          [4.9743e-05],
          [4.0501e-04],
          [1.0344e-04],
          [1.8701e-04],
          [1.4525e-04],
          [2.4125e-05],
          [2.7302e-05],
          [5.5473e-05],
          [6.8216e-05],
          [2.4199e-05],
          [2.8141e-05],
          [2.4740e-05],
          [2.0969e-05],
          [2.1514e-05],
          [2.2424e-05],
          [1.9607e-05],
          [4.0953e-04],
          [1.3737e-04],
          [2.6462e-05],
          [3.1187e-05],
          [3.9003e-05],
          [3.4295e-05],
          [3.0303e-05],
          [2.9117e-04],
          [4.3181e-05],
          [2.9467e-04],
          [2.0559e-05],
          [2.1627e-05],
          [2.2484e-04],
          [1.6065e-05],
          [1.4401e-04],
          [2.0690e-05],
          [1.7107e-05],
          [1.6848e-05],
          [2.3317e-04],
          [2.4607e-05],
          [1.2621e-04],
          [2.4509e-05],
          [2.0322e-05],
          [2.1139e-05],
          [2.1737e-05],
          [2.4023e-05],
          [2.0097e-05],
          [2.8398e-04],
          [1.5116e-04],
          [1.7666e-05],
          [1.4810e-05],
          [1.5677e-05],
          [1.4875e-05],
          [1.5976e-05],
          [1.4908e-05],
          [1.4348e-05],
          [1.6519e-04],
          [1.0517e-04],
          [1.7044e-05],
          [1.3353e-05],
          [1.2904e-05],
          [1.5675e-05],
          [2.3631e-04],
          [3.1450e-05],
          [1.9409e-05],
          [1.9233e-04],
          [1.8098e-05],
          [1.3935e-05],
          [1.4266e-05],
          [1.2579e-05],
          [1.3738e-05],
          [1.2443e-05],
          [1.0475e-05],
          [1.0254e-05],
          [1.6003e-05],
          [1.1158e-05],
          [1.1121e-05],
          [1.2018e-05],
          [1.2221e-05],
          [1.2085e-05],
          [1.0808e-05],
          [1.0500e-05],
          [1.1012e-05],
          [2.2406e-04],
          [6.8347e-05],
          [1.4701e-05],
          [1.1809e-05],
          [1.4713e-05],
          [1.5150e-05],
          [2.6729e-05],
          [2.1832e-05],
          [1.2977e-05],
          [2.1691e-05],
          [2.0832e-05],
          [1.1532e-05],
          [1.2461e-04],
          [1.0343e-04],
          [3.2395e-05],
          [2.1889e-04],
          [1.3243e-05],
          [1.4829e-04],
          [8.5115e-05],
          [2.1767e-05],
          [2.3770e-05],
          [2.4431e-05],
          [2.5364e-05],
          [2.5581e-05],
          [2.3393e-05],
          [3.4847e-05],
          [3.8603e-05],
          [5.8136e-05],
          [7.2682e-05],
          [1.1800e-04],
          [1.0817e-04],
          [1.1568e-04],
          [6.8601e-05],
          [2.6384e-04],
          [3.0270e-05],
          [2.9166e-05],
          [2.0121e-04],
          [1.2914e-04],
          [3.9819e-05],
          [1.3846e-04],
          [1.2514e-04],
          [2.8864e-05],
          [2.3994e-04],
          [1.6736e-05],
          [1.2210e-05],
          [1.0723e-05],
          [9.9110e-06],
          [9.7514e-06],
          [9.3859e-06],
          [2.4851e-05],
          [9.5016e-06],
          [9.8498e-06],
          [1.0030e-05],
          [2.2763e-04],
          [2.2241e-05],
          [6.7716e-05],
          [5.1716e-05],
          [1.2034e-05],
          [1.2102e-05],
          [1.2176e-05],
          [1.1356e-05],
          [1.0308e-05],
          [1.2004e-05],
          [2.2197e-04],
          [1.9308e-05],
          [1.4552e-04],
          [1.6202e-05],
          [1.4182e-05],
          [1.4934e-05],
          [1.5107e-05],
          [1.3764e-05],
          [1.3099e-05],
          [1.3075e-05],
          [1.1766e-05],
          [1.5379e-05],
          [1.5289e-05],
          [1.7386e-05],
          [2.0941e-05],
          [2.0407e-04],
          [9.0256e-05],
          [1.8408e-05],
          [1.3242e-05],
          [1.5358e-05],
          [1.0673e-05],
          [1.0690e-05],
          [1.1020e-05],
          [1.2935e-05],
          [1.1664e-05],
          [1.3537e-05],
          [1.0829e-05],
          [1.0795e-05],
          [1.0593e-05],
          [1.1900e-05],
          [1.4869e-05],
          [1.8242e-05],
          [1.5263e-05],
          [1.2518e-05],
          [1.1772e-05],
          [1.1744e-05],
          [1.1127e-05],
          [1.3071e-05],
          [1.3461e-05],
          [1.4309e-05],
          [1.4399e-05],
          [1.4400e-05],
          [1.8803e-05],
          [2.0832e-05],
          [3.1021e-05],
          [1.6318e-05],
          [1.9492e-05],
          [2.0433e-05],
          [2.1129e-05],
          [1.5626e-05],
          [3.2539e-05],
          [2.3140e-05],
          [1.5274e-05],
          [1.6010e-05],
          [1.3080e-05],
          [1.4821e-05],
          [1.6435e-05],
          [1.5554e-05],
          [1.4762e-05],
          [1.0822e-04],
          [2.8031e-05],
          [1.8132e-04],
          [1.8159e-05],
          [1.6482e-05],
          [1.4209e-05],
          [1.5632e-05],
          [1.3918e-05],
          [1.4094e-05],
          [1.1197e-05],
          [1.0493e-05],
          [9.6019e-06],
          [1.4572e-05],
          [1.0828e-05],
          [1.1555e-05],
          [1.2080e-05],
          [1.2095e-05],
          [1.3807e-04],
          [6.0981e-05],
          [1.7110e-04],
          [1.5291e-05],
          [1.2316e-05],
          [1.1040e-05],
          [1.1871e-05],
          [2.8457e-04],
          [1.2737e-04],
          [1.2910e-05],
          [1.1392e-05],
          [1.1356e-05],
          [1.4311e-05],
          [1.6573e-05],
          [2.1038e-05],
          [2.7955e-05],
          [2.2843e-05],
          [2.0402e-05],
          [1.4608e-05],
          [1.4308e-05],
          [1.3742e-05],
          [1.0154e-05],
          [9.1386e-06],
          [1.0716e-05],
          [1.0260e-05],
          [1.3513e-05],
          [6.5250e-05],
          [2.6094e-05],
          [3.1820e-05],
          [3.9634e-05],
          [2.3276e-05],
          [2.2939e-05],
          [2.0950e-05],
          [1.9518e-05],
          [1.5014e-05],
          [1.9669e-04],
          [1.0266e-04],
          [1.8789e-05],
          [1.7839e-05],
          [2.0052e-05],
          [1.9359e-05],
          [2.2674e-05],
          [2.3491e-05],
          [2.2584e-05],
          [6.9955e-05],
          [7.8527e-05],
          [1.8151e-04],
          [1.3308e-04],
          [2.4956e-05],
          [2.0564e-05],
          [1.7948e-05],
          [2.1098e-05],
          [1.4317e-05],
          [2.1701e-04],
          [1.1650e-04],
          [1.6518e-05],
          [6.6075e-05],
          [8.2430e-05],
          [1.6336e-05],
          [2.1561e-04],
          [2.3898e-05],
          [2.9509e-04],
          [1.9268e-05],
          [1.3073e-05],
          [1.0430e-05],
          [1.9104e-05],
          [1.4207e-05],
          [1.7344e-05],
          [4.9253e-06]]]])
