# Using CPU
# Loading Embeddings...
# Making Predictions...
torch.Size([1, 1, 442, 258])
tensor([[[[2.3062e-04],
          [4.2418e-05],
          [7.9668e-05],
          [3.3242e-05],
          [8.8686e-06],
          [8.6450e-04],
          [3.4570e-04],
          [1.3711e-05],
          [7.3228e-04],
          [4.4343e-04],
          [1.6416e-05],
          [1.5738e-05],
          [8.3842e-04],
          [1.7589e-04],
          [1.7105e-05],
          [1.0866e-05],
          [1.1125e-05],
          [1.0922e-05],
          [1.4198e-05],
          [1.6012e-05],
          [9.5334e-04],
          [3.2503e-05],
          [2.6568e-04],
          [1.2837e-05],
          [1.5155e-05],
          [1.9811e-05],
          [2.5366e-05],
          [3.8346e-05],
          [4.2621e-05],
          [5.6873e-05],
          [5.2886e-05],
          [5.8804e-05],
          [5.3276e-05],
          [5.6806e-05],
          [4.6468e-05],
          [3.7367e-05],
          [1.1773e-03],
          [3.7360e-05],
          [1.3213e-04],
          [1.4091e-04],
          [2.4975e-04],
          [1.5621e-05],
          [1.5355e-05],
          [1.6711e-05],
          [1.3587e-05],
          [1.3826e-05],
          [1.2009e-05],
          [1.2462e-05],
          [1.4867e-05],
          [3.1637e-04],
          [2.1274e-04],
          [1.1506e-05],
          [1.3497e-05],
          [8.8259e-04],
          [2.4383e-04],
          [1.4254e-05],
          [1.4157e-05],
          [1.3235e-05],
          [1.5366e-05],
          [1.8730e-05],
          [1.7519e-05],
          [1.7594e-05],
          [6.0218e-04],
          [1.8217e-04],
          [1.6691e-05],
          [1.5643e-05],
          [1.8140e-05],
          [1.3082e-05],
          [1.4590e-05],
          [1.3775e-05],
          [1.4060e-05],
          [3.9306e-04],
          [2.9614e-05],
          [2.9951e-05],
          [1.4800e-05],
          [3.1849e-05],
          [4.6652e-04],
          [1.2347e-05],
          [1.9721e-05],
          [1.1392e-05],
          [4.0987e-04],
          [1.4605e-04],
          [1.0914e-05],
          [1.1561e-05],
          [1.2850e-05],
          [1.3784e-05],
          [1.5564e-05],
          [1.7854e-05],
          [1.6181e-05],
          [1.4989e-05],
          [7.9119e-04],
          [7.7571e-05],
          [2.7865e-04],
          [2.1390e-05],
          [2.6089e-05],
          [3.0734e-05],
          [2.8881e-05],
          [4.2549e-05],
          [2.5394e-05],
          [2.9397e-05],
          [2.4750e-05],
          [2.0140e-05],
          [1.4874e-05],
          [1.3431e-05],
          [1.2887e-05],
          [1.7247e-05],
          [1.9484e-05],
          [2.2802e-05],
          [2.3298e-05],
          [2.4574e-05],
          [2.2294e-05],
          [3.7493e-04],
          [2.3267e-04],
          [2.6640e-05],
          [2.1314e-04],
          [1.5131e-05],
          [1.2955e-05],
          [1.0922e-05],
          [1.2775e-05],
          [1.3838e-05],
          [1.4671e-05],
          [1.2179e-05],
          [1.7568e-05],
          [2.3225e-05],
          [1.4360e-05],
          [1.4512e-05],
          [1.7666e-05],
          [1.7201e-05],
          [2.1083e-05],
          [2.1360e-05],
          [2.2360e-05],
          [9.1141e-04],
          [3.0750e-04],
          [2.1426e-05],
          [2.4764e-05],
          [2.2941e-05],
          [1.8417e-05],
          [1.8574e-05],
          [1.5104e-05],
          [1.6907e-05],
          [1.5077e-05],
          [1.4282e-05],
          [1.0987e-05],
          [1.2788e-05],
          [1.5055e-05],
          [1.8385e-05],
          [1.8968e-05],
          [2.4447e-05],
          [3.0189e-05],
          [3.7479e-05],
          [3.7271e-05],
          [3.5145e-05],
          [3.7601e-05],
          [4.1656e-05],
          [3.2701e-05],
          [3.1415e-05],
          [1.2304e-03],
          [3.1619e-04],
          [4.3394e-04],
          [4.7487e-04],
          [3.7964e-05],
          [1.3797e-05],
          [1.3759e-05],
          [1.5047e-05],
          [1.5428e-05],
          [1.8620e-05],
          [1.6517e-05],
          [1.7371e-05],
          [1.8437e-05],
          [2.1502e-05],
          [1.9657e-05],
          [9.2103e-04],
          [2.6385e-04],
          [2.3177e-05],
          [3.0745e-05],
          [5.1326e-05],
          [3.0754e-05],
          [2.7484e-05],
          [4.1563e-04],
          [5.1498e-05],
          [2.8021e-04],
          [1.6940e-05],
          [1.4572e-05],
          [2.7698e-04],
          [2.0766e-05],
          [2.5447e-04],
          [1.9475e-05],
          [2.0524e-05],
          [1.7408e-05],
          [1.0962e-03],
          [3.1681e-05],
          [1.2265e-03],
          [1.7033e-05],
          [1.9963e-05],
          [2.1141e-05],
          [2.0257e-05],
          [2.4367e-05],
          [2.2462e-05],
          [4.0711e-04],
          [1.5877e-04],
          [2.1597e-05],
          [1.8826e-05],
          [1.7589e-05],
          [1.9161e-05],
          [2.0904e-05],
          [2.2941e-05],
          [3.6169e-05],
          [7.6396e-04],
          [2.9299e-04],
          [1.9674e-05],
          [1.5174e-05],
          [1.4584e-05],
          [1.5061e-05],
          [7.2587e-04],
          [3.9529e-05],
          [2.2486e-05],
          [4.4050e-04],
          [1.3742e-05],
          [1.4157e-05],
          [2.3048e-05],
          [2.3866e-05],
          [1.3137e-05],
          [1.4608e-05],
          [1.2189e-05],
          [1.2241e-05],
          [1.9516e-05],
          [1.5403e-05],
          [1.2571e-05],
          [1.1690e-05],
          [1.3871e-05],
          [1.0979e-05],
          [1.0856e-05],
          [1.0851e-05],
          [1.1570e-05],
          [1.0022e-03],
          [1.5997e-04],
          [1.3704e-05],
          [1.5029e-05],
          [1.3068e-05],
          [1.7234e-05],
          [2.7970e-05],
          [1.7670e-05],
          [1.8655e-05],
          [4.3660e-05],
          [2.1536e-05],
          [1.2427e-05],
          [6.8720e-04],
          [4.1324e-04],
          [1.7637e-05],
          [2.0312e-04],
          [1.1269e-05],
          [4.6751e-04],
          [1.1667e-04],
          [1.4989e-05],
          [1.6255e-05],
          [1.7916e-05],
          [1.9559e-05],
          [2.5162e-05],
          [2.9263e-05],
          [3.3387e-05],
          [3.4846e-05],
          [5.4558e-05],
          [6.2867e-05],
          [7.0807e-05],
          [1.5493e-04],
          [9.3915e-05],
          [1.2981e-04],
          [5.2010e-04],
          [4.6760e-05],
          [4.3734e-05],
          [1.3874e-04],
          [4.8827e-04],
          [2.9041e-05],
          [1.1571e-04],
          [1.7645e-04],
          [4.4853e-05],
          [2.1699e-04],
          [1.2505e-05],
          [1.1655e-05],
          [1.0997e-05],
          [9.5296e-06],
          [9.5722e-06],
          [1.0462e-05],
          [1.8883e-05],
          [1.1770e-05],
          [1.4653e-05],
          [1.1954e-05],
          [9.4459e-04],
          [5.1263e-05],
          [1.5512e-04],
          [7.9232e-05],
          [1.1040e-05],
          [1.0738e-05],
          [1.9506e-05],
          [1.0088e-05],
          [9.8029e-06],
          [1.1528e-05],
          [6.8781e-04],
          [2.2050e-05],
          [3.9984e-04],
          [1.2917e-05],
          [1.1319e-05],
          [1.1732e-05],
          [1.2845e-05],
          [1.2523e-05],
          [1.3287e-05],
          [1.3048e-05],
          [1.4088e-05],
          [1.2794e-05],
          [1.5573e-05],
          [1.8810e-05],
          [1.9052e-05],
          [7.8300e-04],
          [2.3277e-04],
          [1.5317e-05],
          [1.3675e-05],
          [1.2282e-05],
          [1.1044e-05],
          [1.4580e-05],
          [2.1341e-05],
          [1.9043e-05],
          [1.8100e-05],
          [1.9123e-05],
          [1.9695e-05],
          [1.8713e-05],
          [1.5025e-05],
          [1.3418e-05],
          [1.3736e-05],
          [1.2917e-05],
          [1.4355e-05],
          [1.5176e-05],
          [1.5211e-05],
          [1.8304e-05],
          [1.5989e-05],
          [1.3790e-05],
          [1.5575e-05],
          [1.6769e-05],
          [1.8144e-05],
          [1.7832e-05],
          [2.4027e-05],
          [2.3203e-05],
          [2.3961e-05],
          [1.8140e-05],
          [1.7855e-05],
          [1.8738e-05],
          [1.9924e-05],
          [1.6790e-05],
          [2.0496e-05],
          [2.2917e-05],
          [1.8124e-05],
          [1.8348e-05],
          [1.6386e-05],
          [1.6380e-05],
          [1.3135e-05],
          [1.4623e-05],
          [1.4561e-05],
          [9.1853e-04],
          [3.2978e-05],
          [1.9567e-03],
          [1.5576e-05],
          [1.5678e-05],
          [2.6416e-05],
          [1.4274e-05],
          [1.5071e-05],
          [1.5149e-05],
          [1.4530e-05],
          [1.4115e-05],
          [1.4203e-05],
          [1.2905e-05],
          [1.4216e-05],
          [1.1799e-05],
          [1.1822e-05],
          [1.1641e-05],
          [1.2558e-03],
          [1.0622e-04],
          [5.2391e-04],
          [1.2048e-05],
          [1.1266e-05],
          [9.7770e-06],
          [1.0841e-05],
          [5.7193e-04],
          [3.3327e-04],
          [1.4743e-05],
          [1.5429e-05],
          [1.6949e-05],
          [2.3559e-05],
          [2.9603e-05],
          [3.6983e-05],
          [3.6701e-05],
          [3.1944e-05],
          [2.5994e-05],
          [2.8407e-05],
          [3.0191e-05],
          [2.1868e-05],
          [1.6882e-05],
          [1.5195e-05],
          [1.6309e-05],
          [2.2490e-05],
          [1.2076e-05],
          [5.2630e-05],
          [3.1200e-05],
          [4.4889e-05],
          [5.7890e-05],
          [4.2356e-05],
          [4.2086e-05],
          [2.7059e-05],
          [2.0461e-05],
          [1.7859e-05],
          [3.8975e-04],
          [1.9056e-04],
          [1.6017e-05],
          [1.6294e-05],
          [1.3535e-05],
          [1.2084e-05],
          [1.8698e-05],
          [1.9194e-05],
          [2.2165e-05],
          [2.3456e-04],
          [1.0179e-04],
          [4.4375e-04],
          [3.9244e-04],
          [2.0572e-05],
          [2.0697e-05],
          [1.7612e-05],
          [1.5131e-05],
          [1.5419e-05],
          [5.3927e-04],
          [3.2004e-04],
          [1.6375e-05],
          [6.2687e-05],
          [1.5196e-04],
          [1.8584e-05],
          [3.9806e-04],
          [1.8676e-05],
          [3.1394e-04],
          [1.4747e-05],
          [1.2143e-05],
          [1.0455e-05],
          [1.3031e-05],
          [2.0857e-05],
          [1.8624e-04],
          [7.7560e-06]]]])
