# Using CPU
# Loading Embeddings...
# Making Predictions...
torch.Size([1, 1, 442, 277])
tensor([[[[9.7872e-05],
          [3.5876e-05],
          [8.5300e-05],
          [1.8832e-05],
          [1.0472e-05],
          [2.6140e-04],
          [4.3430e-04],
          [1.5034e-05],
          [2.0795e-04],
          [5.4594e-04],
          [1.8389e-05],
          [1.6875e-05],
          [4.5533e-04],
          [2.0179e-04],
          [1.6082e-05],
          [1.1994e-05],
          [1.8853e-05],
          [1.2251e-05],
          [1.4044e-05],
          [2.7343e-05],
          [3.1596e-04],
          [2.0270e-05],
          [2.0484e-04],
          [1.3877e-05],
          [1.9668e-05],
          [2.9809e-05],
          [4.2833e-05],
          [8.2788e-05],
          [1.0082e-04],
          [1.3104e-04],
          [1.2292e-04],
          [1.3985e-04],
          [1.3258e-04],
          [1.4727e-04],
          [1.1020e-04],
          [8.5055e-05],
          [3.6269e-04],
          [5.8346e-05],
          [1.3793e-04],
          [6.8453e-05],
          [1.2881e-04],
          [2.7607e-05],
          [2.8730e-05],
          [3.0249e-05],
          [2.0116e-05],
          [1.8172e-05],
          [1.3517e-05],
          [1.2452e-05],
          [1.5369e-05],
          [1.5164e-04],
          [1.0599e-04],
          [1.1958e-05],
          [1.3223e-05],
          [2.9389e-04],
          [2.5792e-04],
          [1.3479e-05],
          [1.4058e-05],
          [1.4125e-05],
          [1.8152e-05],
          [2.1285e-05],
          [2.2263e-05],
          [1.7253e-05],
          [1.9671e-04],
          [2.1819e-04],
          [1.6886e-05],
          [1.6638e-05],
          [1.7993e-05],
          [2.0437e-05],
          [2.1090e-05],
          [1.9237e-05],
          [1.3833e-05],
          [2.1729e-04],
          [1.7203e-05],
          [2.0410e-05],
          [1.2541e-05],
          [1.7031e-05],
          [6.3841e-04],
          [1.2846e-05],
          [1.4200e-05],
          [1.1729e-05],
          [2.7026e-04],
          [1.2619e-04],
          [1.3107e-05],
          [1.5052e-05],
          [1.7960e-05],
          [2.2042e-05],
          [2.2854e-05],
          [2.3647e-05],
          [1.9657e-05],
          [1.5853e-05],
          [2.3223e-04],
          [9.3260e-05],
          [1.6028e-04],
          [1.2091e-05],
          [1.2680e-05],
          [1.9132e-05],
          [2.1764e-05],
          [3.0552e-05],
          [2.2686e-05],
          [2.6139e-05],
          [2.4498e-05],
          [1.9057e-05],
          [1.3658e-05],
          [1.2143e-05],
          [1.2913e-05],
          [1.8189e-05],
          [2.0678e-05],
          [2.4603e-05],
          [2.4908e-05],
          [2.5870e-05],
          [2.0891e-05],
          [1.0741e-04],
          [1.2711e-04],
          [1.9483e-05],
          [2.4548e-04],
          [1.5445e-05],
          [1.2425e-05],
          [1.1275e-05],
          [1.2697e-05],
          [1.4997e-05],
          [1.4256e-05],
          [1.2450e-05],
          [1.6803e-05],
          [1.2621e-05],
          [1.3948e-05],
          [1.3309e-05],
          [1.4598e-05],
          [1.4503e-05],
          [2.3080e-05],
          [1.0386e-04],
          [1.1618e-03],
          [3.6877e-03],
          [6.2593e-03],
          [2.5382e-03],
          [7.6390e-04],
          [2.5803e-04],
          [8.9034e-05],
          [2.4203e-05],
          [1.7857e-05],
          [2.0005e-05],
          [1.5206e-05],
          [1.4772e-05],
          [1.0613e-05],
          [1.2066e-05],
          [1.4822e-05],
          [1.8950e-05],
          [2.1125e-05],
          [3.1351e-05],
          [4.4333e-05],
          [6.8973e-05],
          [7.3894e-05],
          [7.8588e-05],
          [7.0843e-05],
          [8.6131e-05],
          [8.4468e-05],
          [5.9459e-05],
          [1.7990e-04],
          [3.0729e-04],
          [1.1576e-04],
          [5.2796e-04],
          [1.6948e-05],
          [7.0473e-05],
          [1.8773e-04],
          [1.6080e-04],
          [4.7164e-05],
          [4.4699e-05],
          [5.2358e-05],
          [2.1301e-05],
          [2.2109e-05],
          [2.1982e-05],
          [1.8460e-05],
          [1.8143e-04],
          [1.9207e-04],
          [2.4525e-05],
          [3.1669e-05],
          [3.3650e-05],
          [3.5826e-05],
          [3.1608e-05],
          [2.3181e-04],
          [3.2622e-05],
          [3.2323e-04],
          [1.4029e-05],
          [1.5093e-05],
          [1.6980e-04],
          [1.2439e-05],
          [1.4051e-04],
          [2.1333e-05],
          [2.5139e-05],
          [1.9243e-05],
          [2.7421e-04],
          [2.9704e-05],
          [1.4271e-03],
          [1.7199e-05],
          [2.1890e-05],
          [2.2384e-05],
          [2.3174e-05],
          [2.3257e-05],
          [2.3243e-05],
          [2.2097e-04],
          [1.7672e-04],
          [1.6886e-05],
          [1.4592e-05],
          [1.4103e-05],
          [1.2771e-05],
          [1.5029e-05],
          [1.6275e-05],
          [2.4361e-05],
          [1.5480e-04],
          [2.5950e-04],
          [1.4463e-05],
          [1.3221e-05],
          [1.3141e-05],
          [1.1966e-05],
          [1.9056e-04],
          [2.1181e-05],
          [1.5785e-05],
          [2.2223e-04],
          [1.3122e-05],
          [1.6343e-05],
          [1.2331e-05],
          [1.7054e-05],
          [1.4581e-05],
          [1.3403e-05],
          [1.4749e-05],
          [1.4376e-05],
          [3.1295e-05],
          [1.9681e-05],
          [1.6533e-05],
          [1.6098e-05],
          [1.7650e-05],
          [1.3577e-05],
          [1.4998e-05],
          [1.2045e-05],
          [1.2751e-05],
          [1.9059e-04],
          [1.3856e-04],
          [1.5654e-05],
          [1.4097e-05],
          [1.5080e-05],
          [1.8353e-05],
          [1.6393e-05],
          [2.0422e-05],
          [2.1905e-05],
          [2.6154e-05],
          [2.5907e-05],
          [1.4823e-05],
          [2.0454e-04],
          [6.7125e-04],
          [2.3475e-05],
          [2.3300e-04],
          [1.0393e-05],
          [1.7113e-04],
          [1.0218e-04],
          [2.2596e-05],
          [2.8471e-05],
          [3.0383e-05],
          [2.5850e-05],
          [3.1035e-05],
          [3.1777e-05],
          [4.5137e-05],
          [4.4894e-05],
          [7.2402e-05],
          [8.6494e-05],
          [1.3340e-04],
          [1.1098e-04],
          [1.1462e-04],
          [7.0873e-05],
          [1.4591e-04],
          [2.8565e-05],
          [2.7793e-05],
          [2.3811e-04],
          [2.4838e-04],
          [2.0850e-05],
          [9.6866e-05],
          [1.5028e-04],
          [7.9541e-05],
          [3.1639e-04],
          [1.5518e-05],
          [1.1972e-05],
          [1.2442e-05],
          [9.1521e-06],
          [1.1408e-05],
          [1.0719e-05],
          [2.4521e-05],
          [1.1616e-05],
          [1.3839e-05],
          [1.2014e-05],
          [2.7073e-04],
          [2.6867e-05],
          [8.6593e-05],
          [7.1601e-05],
          [1.1222e-05],
          [1.0668e-05],
          [1.2048e-05],
          [1.0693e-05],
          [1.0261e-05],
          [2.3500e-05],
          [3.1477e-04],
          [1.9081e-05],
          [3.5120e-04],
          [1.4699e-05],
          [1.3947e-05],
          [1.2349e-05],
          [1.3499e-05],
          [1.3996e-05],
          [1.3109e-05],
          [1.4256e-05],
          [1.5944e-05],
          [1.5065e-05],
          [2.0622e-05],
          [2.3032e-05],
          [2.6807e-05],
          [1.8958e-04],
          [1.7909e-04],
          [2.0005e-05],
          [1.6981e-05],
          [4.4406e-05],
          [1.2228e-05],
          [1.1800e-05],
          [1.6389e-05],
          [2.1561e-05],
          [1.9417e-05],
          [1.6631e-05],
          [1.4629e-05],
          [1.4415e-05],
          [1.2486e-05],
          [1.3515e-05],
          [1.2961e-05],
          [1.4558e-05],
          [1.3971e-05],
          [1.5532e-05],
          [1.4915e-05],
          [2.0416e-05],
          [1.5213e-05],
          [1.5760e-05],
          [1.4819e-05],
          [1.7305e-05],
          [2.0980e-05],
          [1.8582e-05],
          [2.6194e-05],
          [2.3495e-05],
          [2.3288e-05],
          [1.8669e-05],
          [2.0964e-05],
          [2.2557e-05],
          [2.6166e-05],
          [1.7775e-05],
          [2.4495e-05],
          [2.2688e-05],
          [1.4507e-05],
          [1.5357e-05],
          [1.4796e-05],
          [1.4140e-05],
          [1.5549e-05],
          [1.5427e-05],
          [1.5712e-05],
          [1.6856e-04],
          [3.1462e-05],
          [2.0215e-03],
          [1.8848e-05],
          [1.8813e-05],
          [1.7082e-05],
          [1.5640e-05],
          [1.6478e-05],
          [1.6975e-05],
          [1.7676e-05],
          [1.6149e-05],
          [1.5948e-05],
          [1.5202e-05],
          [1.6888e-05],
          [1.5941e-05],
          [1.6887e-05],
          [1.7115e-05],
          [2.6890e-04],
          [5.2793e-05],
          [2.1931e-04],
          [1.2997e-05],
          [1.1128e-05],
          [9.6905e-06],
          [1.2247e-05],
          [2.2659e-04],
          [2.3639e-04],
          [1.1763e-05],
          [1.3278e-05],
          [1.6831e-05],
          [2.5927e-05],
          [3.8174e-05],
          [5.6888e-05],
          [5.9057e-05],
          [4.6036e-05],
          [3.5045e-05],
          [2.5103e-05],
          [2.2705e-05],
          [2.0173e-05],
          [1.6410e-05],
          [1.5072e-05],
          [1.4644e-05],
          [1.4498e-05],
          [1.5042e-05],
          [1.2620e-04],
          [4.8367e-05],
          [3.2909e-05],
          [8.9164e-05],
          [2.1301e-05],
          [2.6085e-05],
          [2.4589e-05],
          [2.4610e-05],
          [1.9538e-05],
          [1.2316e-04],
          [8.9942e-05],
          [2.2644e-05],
          [2.1550e-05],
          [1.9494e-05],
          [1.6969e-05],
          [2.4672e-05],
          [2.2236e-05],
          [4.4909e-05],
          [6.4954e-05],
          [1.1928e-04],
          [1.1169e-04],
          [3.2057e-04],
          [2.2826e-05],
          [1.8857e-05],
          [1.6693e-05],
          [1.9048e-05],
          [1.3878e-05],
          [2.4459e-04],
          [4.9480e-04],
          [1.3712e-05],
          [5.5166e-05],
          [1.0900e-04],
          [1.7781e-05],
          [2.6602e-04],
          [1.4642e-05],
          [2.9296e-04],
          [1.9791e-05],
          [1.6389e-05],
          [1.2849e-05],
          [1.5760e-05],
          [2.4269e-05],
          [2.3673e-05],
          [8.7749e-06]]]])
