# Using CPU
# Loading Embeddings...
# Making Predictions...
torch.Size([1, 1, 442, 303])
tensor([[[[1.3204e-04],
          [4.3185e-05],
          [8.5887e-05],
          [3.2335e-05],
          [3.8179e-05],
          [4.4381e-04],
          [1.6412e-04],
          [3.9075e-05],
          [2.1963e-04],
          [2.4037e-04],
          [3.9407e-05],
          [3.1216e-05],
          [3.5004e-04],
          [2.1956e-04],
          [8.8790e-05],
          [4.1013e-05],
          [4.8881e-05],
          [7.9242e-05],
          [7.1122e-05],
          [6.0480e-05],
          [6.4828e-04],
          [5.7615e-05],
          [1.8687e-04],
          [4.1365e-05],
          [4.1600e-05],
          [4.2854e-05],
          [6.1618e-05],
          [1.0549e-04],
          [1.3629e-04],
          [1.8440e-04],
          [1.7487e-04],
          [1.7242e-04],
          [1.5314e-04],
          [1.3130e-04],
          [9.2942e-05],
          [6.7827e-05],
          [7.1025e-04],
          [4.6531e-05],
          [2.3155e-04],
          [7.7264e-05],
          [2.1411e-04],
          [3.2389e-05],
          [2.9047e-05],
          [2.7658e-05],
          [2.3822e-05],
          [3.2203e-05],
          [2.4151e-05],
          [3.0582e-05],
          [3.6964e-05],
          [2.5850e-04],
          [1.7654e-04],
          [4.7961e-05],
          [3.7974e-05],
          [4.3570e-04],
          [2.0066e-04],
          [3.6167e-05],
          [2.9824e-05],
          [2.2160e-05],
          [2.3741e-05],
          [2.7449e-05],
          [2.8609e-05],
          [2.7790e-05],
          [2.3015e-04],
          [1.6062e-04],
          [4.3428e-05],
          [5.2205e-05],
          [4.6139e-05],
          [4.6847e-05],
          [8.2188e-05],
          [4.8672e-05],
          [3.0519e-05],
          [3.2641e-04],
          [3.0040e-05],
          [2.2547e-05],
          [2.2928e-05],
          [2.9023e-05],
          [3.8954e-04],
          [3.1719e-05],
          [2.8994e-05],
          [2.8635e-05],
          [1.9649e-04],
          [1.4122e-04],
          [2.0959e-05],
          [2.0311e-05],
          [2.1586e-05],
          [2.1801e-05],
          [2.4971e-05],
          [2.6223e-05],
          [2.5138e-05],
          [2.6251e-05],
          [4.5147e-04],
          [4.9982e-05],
          [2.1984e-04],
          [5.1674e-05],
          [4.7367e-05],
          [7.0447e-05],
          [7.8058e-05],
          [7.8112e-05],
          [9.5813e-05],
          [8.2644e-05],
          [1.1003e-04],
          [1.0072e-04],
          [6.9399e-05],
          [5.4676e-05],
          [3.6324e-05],
          [3.1696e-05],
          [2.8658e-05],
          [3.1949e-05],
          [3.2246e-05],
          [2.9411e-05],
          [2.4466e-05],
          [9.0585e-05],
          [1.1948e-04],
          [2.8382e-05],
          [1.9850e-04],
          [2.0815e-05],
          [2.2234e-05],
          [1.8827e-05],
          [2.2380e-05],
          [2.4230e-05],
          [2.6066e-05],
          [2.4720e-05],
          [3.2986e-05],
          [3.6291e-05],
          [4.5428e-05],
          [5.6172e-05],
          [5.7835e-05],
          [5.6598e-05],
          [5.6667e-05],
          [6.7048e-05],
          [9.3566e-05],
          [8.2631e-04],
          [6.7376e-04],
          [1.4272e-04],
          [5.1211e-05],
          [4.8837e-05],
          [4.1112e-05],
          [4.3344e-05],
          [3.4355e-05],
          [3.3062e-05],
          [3.2511e-05],
          [3.0193e-05],
          [3.3898e-05],
          [4.3689e-05],
          [3.6350e-05],
          [2.8122e-05],
          [3.3202e-05],
          [5.2160e-05],
          [6.9928e-05],
          [1.2264e-04],
          [1.4256e-04],
          [1.6418e-04],
          [1.3778e-04],
          [1.7136e-04],
          [1.2007e-04],
          [9.4554e-05],
          [2.6280e-04],
          [1.1277e-04],
          [2.2636e-04],
          [2.7823e-04],
          [3.4032e-05],
          [3.4579e-05],
          [5.4720e-05],
          [4.3715e-05],
          [4.5950e-05],
          [4.3186e-05],
          [4.8377e-05],
          [4.7351e-05],
          [5.3192e-05],
          [3.9558e-05],
          [3.1187e-05],
          [3.2774e-04],
          [1.6603e-04],
          [4.5529e-05],
          [5.7384e-05],
          [6.2891e-05],
          [5.7005e-05],
          [4.8586e-05],
          [2.4842e-04],
          [4.2665e-05],
          [2.5652e-04],
          [2.9234e-05],
          [2.7748e-05],
          [2.3458e-04],
          [3.8309e-05],
          [2.0787e-04],
          [5.6440e-05],
          [5.9030e-05],
          [4.3053e-05],
          [4.1491e-04],
          [3.6598e-05],
          [2.0418e-04],
          [2.8905e-05],
          [3.7677e-05],
          [3.6018e-05],
          [3.8845e-05],
          [4.0984e-05],
          [3.5587e-05],
          [1.9064e-04],
          [1.4335e-04],
          [2.8892e-05],
          [3.1259e-05],
          [3.6360e-05],
          [3.4278e-05],
          [5.0948e-05],
          [4.5896e-05],
          [4.2236e-05],
          [4.6432e-04],
          [1.1198e-04],
          [4.1353e-05],
          [3.8824e-05],
          [3.4801e-05],
          [2.7455e-05],
          [3.1893e-04],
          [3.0313e-05],
          [2.8851e-05],
          [3.1790e-04],
          [3.0640e-05],
          [3.0378e-05],
          [3.3960e-05],
          [4.3999e-05],
          [4.4641e-05],
          [6.2457e-05],
          [5.9884e-05],
          [4.9430e-05],
          [5.0462e-05],
          [7.5497e-05],
          [5.2302e-05],
          [6.0618e-05],
          [7.0089e-05],
          [5.7665e-05],
          [6.1009e-05],
          [3.7868e-05],
          [3.4952e-05],
          [3.5815e-04],
          [1.0230e-04],
          [3.1431e-05],
          [3.2246e-05],
          [3.6746e-05],
          [4.6871e-05],
          [1.1154e-04],
          [6.1042e-05],
          [5.9035e-05],
          [1.6095e-04],
          [5.7173e-05],
          [4.6841e-05],
          [2.2638e-04],
          [1.9333e-04],
          [4.0430e-05],
          [1.7387e-04],
          [3.1549e-05],
          [2.2574e-04],
          [1.3725e-04],
          [2.8884e-05],
          [3.1429e-05],
          [3.3023e-05],
          [3.1351e-05],
          [3.7211e-05],
          [4.0536e-05],
          [5.3589e-05],
          [6.0998e-05],
          [6.5682e-05],
          [7.6339e-05],
          [5.5979e-05],
          [1.2923e-04],
          [3.8075e-05],
          [3.5269e-05],
          [2.2532e-04],
          [1.7861e-05],
          [2.5926e-05],
          [2.0002e-04],
          [1.1730e-04],
          [2.6835e-05],
          [1.2155e-04],
          [9.9459e-05],
          [3.0318e-05],
          [1.8801e-04],
          [1.6358e-05],
          [1.8609e-05],
          [1.5135e-05],
          [2.1606e-05],
          [3.2733e-05],
          [3.7240e-05],
          [5.8453e-05],
          [6.3003e-05],
          [7.7834e-05],
          [4.4512e-05],
          [4.4366e-04],
          [4.0833e-05],
          [8.9684e-05],
          [4.7098e-05],
          [2.4613e-05],
          [1.6017e-05],
          [2.5448e-05],
          [2.7769e-05],
          [3.6223e-05],
          [3.1862e-05],
          [5.9686e-04],
          [4.7167e-05],
          [2.6481e-04],
          [4.2305e-05],
          [4.0631e-05],
          [3.5293e-05],
          [3.5190e-05],
          [4.1916e-05],
          [4.6146e-05],
          [3.2267e-05],
          [3.8728e-05],
          [4.2645e-05],
          [4.2954e-05],
          [2.5312e-05],
          [2.7636e-05],
          [2.2388e-04],
          [1.7424e-04],
          [2.4917e-05],
          [3.7359e-05],
          [2.7744e-05],
          [3.8160e-05],
          [5.5665e-05],
          [6.4933e-05],
          [6.6877e-05],
          [5.9642e-05],
          [5.7732e-05],
          [5.9061e-05],
          [4.0904e-05],
          [3.0172e-05],
          [2.4797e-05],
          [2.2578e-05],
          [2.4822e-05],
          [1.9001e-05],
          [2.1023e-05],
          [2.6637e-05],
          [3.1084e-05],
          [3.8621e-05],
          [5.8098e-05],
          [5.9181e-05],
          [6.8263e-05],
          [9.1759e-05],
          [6.1850e-05],
          [8.9256e-05],
          [9.0966e-05],
          [7.4847e-05],
          [3.8270e-05],
          [3.5419e-05],
          [3.7803e-05],
          [3.4551e-05],
          [2.2831e-05],
          [6.2003e-05],
          [2.8654e-05],
          [4.7916e-05],
          [5.0571e-05],
          [4.1835e-05],
          [3.7668e-05],
          [2.4800e-05],
          [2.6703e-05],
          [3.0557e-05],
          [2.0477e-04],
          [3.6254e-05],
          [2.4577e-04],
          [3.2709e-05],
          [4.0051e-05],
          [3.6621e-05],
          [3.7505e-05],
          [3.5668e-05],
          [3.0839e-05],
          [3.0169e-05],
          [2.2259e-05],
          [2.1146e-05],
          [2.0885e-05],
          [2.1205e-05],
          [1.8650e-05],
          [2.4880e-05],
          [2.3763e-05],
          [2.4192e-04],
          [6.3867e-05],
          [4.4342e-04],
          [2.7768e-05],
          [2.5288e-05],
          [2.7498e-05],
          [3.5149e-05],
          [7.3343e-04],
          [2.5681e-04],
          [4.8786e-05],
          [3.9753e-05],
          [3.6184e-05],
          [5.0414e-05],
          [6.2604e-05],
          [7.0470e-05],
          [1.3174e-04],
          [1.0826e-04],
          [8.1916e-05],
          [7.3691e-05],
          [3.6319e-05],
          [2.9977e-05],
          [4.1520e-05],
          [2.8904e-05],
          [3.0844e-05],
          [2.8189e-05],
          [2.2915e-05],
          [1.6723e-04],
          [4.3440e-05],
          [4.6752e-05],
          [9.3828e-05],
          [3.2319e-05],
          [4.0529e-05],
          [2.2870e-05],
          [2.1230e-05],
          [1.8938e-05],
          [2.1991e-04],
          [1.6006e-04],
          [2.4619e-05],
          [2.6044e-05],
          [3.7890e-05],
          [2.5050e-05],
          [6.0672e-05],
          [4.6996e-05],
          [4.4028e-05],
          [8.6678e-05],
          [1.2452e-04],
          [3.7934e-04],
          [2.6396e-04],
          [4.1428e-05],
          [4.3280e-05],
          [1.9640e-05],
          [3.1266e-05],
          [1.9059e-05],
          [1.9318e-04],
          [1.8764e-04],
          [1.5149e-05],
          [8.6474e-05],
          [1.3662e-04],
          [1.7639e-05],
          [2.6799e-04],
          [1.5810e-05],
          [3.3639e-04],
          [2.4367e-05],
          [2.4055e-05],
          [2.0413e-05],
          [2.6804e-05],
          [1.8140e-05],
          [3.8054e-05],
          [5.6372e-06]]]])
