# Using CPU
# Loading Embeddings...
# Making Predictions...
torch.Size([1, 1, 442, 683])
tensor([[[[5.7524e-04],
          [7.1463e-05],
          [1.1452e-04],
          [1.2028e-04],
          [7.4975e-05],
          [2.4742e-04],
          [1.6162e-04],
          [9.9060e-05],
          [1.8776e-04],
          [1.3039e-04],
          [4.8473e-05],
          [3.0908e-05],
          [3.1711e-04],
          [1.6654e-04],
          [1.1377e-04],
          [6.3233e-05],
          [7.6100e-05],
          [1.1739e-04],
          [1.8985e-04],
          [2.8972e-04],
          [3.5028e-04],
          [1.5885e-04],
          [1.6409e-04],
          [6.3701e-05],
          [3.3634e-05],
          [3.0048e-05],
          [2.7219e-05],
          [4.3661e-05],
          [5.3368e-05],
          [6.5407e-05],
          [6.3266e-05],
          [7.4881e-05],
          [7.0157e-05],
          [7.8995e-05],
          [6.5441e-05],
          [5.0466e-05],
          [5.5779e-04],
          [4.0491e-05],
          [1.0316e-04],
          [7.1842e-05],
          [1.0016e-04],
          [1.9621e-05],
          [1.7980e-05],
          [2.0924e-05],
          [2.1166e-05],
          [3.5755e-05],
          [2.9615e-05],
          [3.2389e-05],
          [3.1845e-05],
          [1.7472e-04],
          [1.0209e-04],
          [3.8819e-05],
          [2.6652e-05],
          [1.9634e-04],
          [8.5393e-05],
          [2.9940e-05],
          [2.4369e-05],
          [2.0902e-05],
          [3.3100e-05],
          [2.9365e-05],
          [2.4866e-05],
          [2.3489e-05],
          [2.5137e-04],
          [1.5066e-04],
          [4.8152e-05],
          [4.6886e-05],
          [6.3149e-05],
          [5.8270e-05],
          [7.8299e-05],
          [4.5892e-05],
          [2.8811e-05],
          [1.9902e-04],
          [2.4944e-05],
          [2.1686e-05],
          [1.4862e-05],
          [1.7286e-05],
          [1.6005e-04],
          [2.6300e-05],
          [3.1787e-05],
          [2.6962e-05],
          [2.6363e-04],
          [1.9993e-04],
          [3.3595e-05],
          [2.7865e-05],
          [2.7158e-05],
          [2.1482e-05],
          [2.6542e-05],
          [2.8752e-05],
          [4.9263e-05],
          [7.5258e-05],
          [3.1584e-04],
          [1.8102e-04],
          [4.6476e-04],
          [1.2018e-04],
          [8.8609e-05],
          [9.5273e-05],
          [1.0598e-04],
          [2.4875e-04],
          [2.8654e-04],
          [3.5800e-04],
          [3.9167e-04],
          [3.6285e-04],
          [2.0501e-04],
          [1.1633e-04],
          [8.9692e-05],
          [4.3956e-05],
          [3.0920e-05],
          [3.2440e-05],
          [3.0788e-05],
          [2.7692e-05],
          [2.2030e-05],
          [6.5588e-05],
          [1.0830e-04],
          [2.6391e-05],
          [1.4546e-04],
          [1.8178e-05],
          [1.9789e-05],
          [2.6674e-05],
          [2.2845e-05],
          [2.5925e-05],
          [2.9061e-05],
          [4.3338e-05],
          [4.4575e-05],
          [5.1099e-05],
          [5.6453e-05],
          [9.3563e-05],
          [6.7680e-05],
          [5.1808e-05],
          [5.0547e-05],
          [5.0811e-05],
          [5.5964e-05],
          [2.9617e-04],
          [1.7366e-04],
          [1.1883e-04],
          [4.0967e-05],
          [3.4330e-05],
          [2.8683e-05],
          [4.5506e-05],
          [5.4857e-05],
          [4.1000e-05],
          [4.3012e-05],
          [3.9477e-05],
          [5.1090e-05],
          [4.9561e-05],
          [6.0433e-05],
          [3.5811e-05],
          [2.6337e-05],
          [3.1325e-05],
          [3.9745e-05],
          [6.8724e-05],
          [7.0530e-05],
          [8.6278e-05],
          [8.4388e-05],
          [1.1603e-04],
          [8.8092e-05],
          [8.7676e-05],
          [3.2920e-04],
          [9.2285e-05],
          [1.1850e-04],
          [1.0164e-04],
          [4.3651e-05],
          [4.5227e-05],
          [5.4333e-05],
          [5.6591e-05],
          [6.1870e-05],
          [5.1840e-05],
          [5.1389e-05],
          [4.5701e-05],
          [4.8661e-05],
          [4.2388e-05],
          [3.3692e-05],
          [2.2342e-04],
          [9.3227e-05],
          [3.0246e-05],
          [3.8222e-05],
          [3.9994e-05],
          [4.0815e-05],
          [3.6248e-05],
          [1.7965e-04],
          [5.1239e-05],
          [1.8791e-04],
          [3.7449e-05],
          [4.2315e-05],
          [4.6451e-04],
          [1.1201e-04],
          [1.0517e-03],
          [3.0320e-04],
          [3.7481e-04],
          [2.1619e-04],
          [6.1698e-04],
          [1.0037e-04],
          [1.4716e-04],
          [3.4926e-05],
          [2.9300e-05],
          [2.5257e-05],
          [2.6335e-05],
          [3.8257e-05],
          [2.4154e-05],
          [2.2307e-04],
          [1.1318e-04],
          [3.7660e-05],
          [4.5266e-05],
          [4.1193e-05],
          [5.1418e-05],
          [7.8815e-05],
          [7.1348e-05],
          [7.0581e-05],
          [2.0074e-04],
          [1.3114e-04],
          [7.1095e-05],
          [5.8542e-05],
          [5.6092e-05],
          [4.6591e-05],
          [1.8901e-04],
          [3.5671e-05],
          [2.6865e-05],
          [1.3112e-04],
          [2.9075e-05],
          [2.9735e-05],
          [3.4734e-05],
          [5.0251e-05],
          [6.5114e-05],
          [7.0157e-05],
          [7.2862e-05],
          [5.7509e-05],
          [6.7685e-05],
          [6.3777e-05],
          [5.5495e-05],
          [5.8326e-05],
          [7.3404e-05],
          [4.3456e-05],
          [5.2223e-05],
          [4.0920e-05],
          [3.3470e-05],
          [2.0213e-04],
          [8.4649e-05],
          [4.3904e-05],
          [4.0733e-05],
          [5.4579e-05],
          [5.1515e-05],
          [7.8778e-05],
          [4.9524e-05],
          [5.5927e-05],
          [8.5865e-05],
          [8.2910e-05],
          [4.3547e-05],
          [1.0985e-04],
          [1.5384e-04],
          [3.6099e-05],
          [2.0833e-04],
          [1.9775e-05],
          [1.3279e-04],
          [8.4597e-05],
          [2.3691e-05],
          [2.6774e-05],
          [3.8984e-05],
          [3.2438e-05],
          [2.9958e-05],
          [3.1616e-05],
          [4.4280e-05],
          [4.2764e-05],
          [6.9428e-05],
          [8.9810e-05],
          [1.4873e-04],
          [1.2571e-04],
          [1.3602e-04],
          [8.6760e-05],
          [2.0421e-04],
          [3.7873e-05],
          [3.8338e-05],
          [2.2990e-04],
          [6.3503e-05],
          [2.7633e-05],
          [1.2559e-04],
          [7.7339e-05],
          [4.1238e-05],
          [1.3885e-04],
          [1.5168e-05],
          [2.2989e-05],
          [2.2274e-05],
          [2.5161e-05],
          [3.6135e-05],
          [4.4458e-05],
          [7.1764e-05],
          [6.7053e-05],
          [9.3443e-05],
          [6.3687e-05],
          [7.2425e-04],
          [4.1894e-05],
          [1.3298e-04],
          [5.8711e-05],
          [2.0963e-05],
          [1.8535e-05],
          [2.8670e-05],
          [3.4476e-05],
          [4.8199e-05],
          [5.9722e-05],
          [2.7449e-04],
          [9.3819e-05],
          [1.8982e-04],
          [6.1990e-05],
          [6.7791e-05],
          [4.1659e-05],
          [5.0133e-05],
          [5.0959e-05],
          [4.6952e-05],
          [4.4392e-05],
          [5.9540e-05],
          [6.1925e-05],
          [5.2616e-05],
          [4.1186e-05],
          [2.9013e-05],
          [1.9068e-04],
          [9.9706e-05],
          [3.1382e-05],
          [3.3526e-05],
          [3.0558e-05],
          [3.7919e-05],
          [6.3797e-05],
          [6.7080e-05],
          [6.4668e-05],
          [8.1681e-05],
          [8.3275e-05],
          [7.1432e-05],
          [5.0022e-05],
          [3.0032e-05],
          [2.9007e-05],
          [2.5761e-05],
          [2.3151e-05],
          [2.5750e-05],
          [3.1670e-05],
          [3.5750e-05],
          [3.7162e-05],
          [4.2568e-05],
          [5.4193e-05],
          [5.7181e-05],
          [5.6742e-05],
          [6.5546e-05],
          [6.1503e-05],
          [1.7896e-04],
          [1.5895e-04],
          [1.0228e-04],
          [5.3654e-05],
          [4.6763e-05],
          [3.5167e-05],
          [6.0110e-05],
          [2.2310e-05],
          [5.6201e-05],
          [3.7265e-05],
          [4.4359e-05],
          [5.0863e-05],
          [7.9740e-05],
          [4.5849e-05],
          [2.9820e-05],
          [3.6552e-05],
          [3.0370e-05],
          [1.0235e-04],
          [2.9453e-05],
          [7.9619e-05],
          [3.2921e-05],
          [3.8825e-05],
          [3.1378e-05],
          [3.5160e-05],
          [4.1435e-05],
          [4.7687e-05],
          [4.6734e-05],
          [3.0503e-05],
          [2.7522e-05],
          [3.5549e-05],
          [3.7291e-05],
          [2.6532e-05],
          [2.9921e-05],
          [2.4333e-05],
          [1.2312e-04],
          [6.0663e-05],
          [1.4487e-04],
          [2.7453e-05],
          [4.1195e-05],
          [6.5903e-05],
          [2.3648e-04],
          [3.3868e-04],
          [1.2723e-04],
          [6.1539e-05],
          [5.0717e-05],
          [4.4368e-05],
          [7.0645e-05],
          [7.4445e-05],
          [7.8757e-05],
          [1.2489e-04],
          [1.0722e-04],
          [8.9851e-05],
          [7.9323e-05],
          [5.6094e-05],
          [5.0955e-05],
          [3.6547e-05],
          [3.6453e-05],
          [5.4705e-05],
          [3.6796e-05],
          [3.5540e-05],
          [6.7513e-05],
          [6.0608e-05],
          [8.4635e-05],
          [8.7287e-05],
          [5.3185e-05],
          [6.6925e-05],
          [3.1017e-05],
          [2.0756e-05],
          [1.4638e-05],
          [1.4763e-04],
          [7.6983e-05],
          [2.2574e-05],
          [2.2359e-05],
          [2.4772e-05],
          [1.9807e-05],
          [2.7779e-05],
          [2.5992e-05],
          [2.5901e-05],
          [5.0490e-05],
          [7.8148e-05],
          [1.8199e-04],
          [1.2927e-04],
          [4.1874e-05],
          [3.2328e-05],
          [4.4372e-05],
          [2.8719e-05],
          [1.9997e-05],
          [1.6759e-04],
          [9.7732e-05],
          [1.9040e-05],
          [1.1515e-04],
          [1.2454e-04],
          [1.6565e-05],
          [2.4916e-04],
          [2.1197e-05],
          [1.5802e-04],
          [1.6459e-05],
          [1.5691e-05],
          [1.5551e-05],
          [2.1649e-05],
          [1.6107e-05],
          [1.4774e-05],
          [6.7891e-06]]]])
