# Using CPU
# Loading Embeddings...
# Making Predictions...
torch.Size([1, 1, 442, 276])
tensor([[[[2.2487e-04],
          [4.7448e-05],
          [1.5948e-04],
          [1.9969e-05],
          [8.8646e-06],
          [5.1063e-04],
          [1.7257e-04],
          [1.2300e-05],
          [3.7716e-04],
          [2.3243e-04],
          [1.7983e-05],
          [1.6777e-05],
          [7.6911e-04],
          [3.8578e-04],
          [1.9737e-05],
          [1.1617e-05],
          [1.0359e-05],
          [1.1291e-05],
          [1.5040e-05],
          [2.9689e-05],
          [5.6744e-04],
          [2.7014e-05],
          [1.5943e-04],
          [1.3886e-05],
          [1.8093e-05],
          [2.7497e-05],
          [3.8670e-05],
          [7.0076e-05],
          [9.1305e-05],
          [1.2454e-04],
          [1.2030e-04],
          [1.3451e-04],
          [1.2178e-04],
          [1.2309e-04],
          [9.3865e-05],
          [6.5872e-05],
          [1.1415e-03],
          [4.3480e-05],
          [1.6698e-04],
          [2.0426e-04],
          [2.6491e-04],
          [2.2246e-05],
          [2.2148e-05],
          [2.4134e-05],
          [1.8146e-05],
          [1.6656e-05],
          [1.3442e-05],
          [1.2350e-05],
          [1.1178e-05],
          [3.6160e-04],
          [1.7629e-04],
          [1.2971e-05],
          [1.0824e-05],
          [5.1906e-04],
          [1.4629e-04],
          [1.6578e-05],
          [1.8091e-05],
          [1.7309e-05],
          [2.0276e-05],
          [2.5113e-05],
          [2.5669e-05],
          [2.6556e-05],
          [4.6848e-04],
          [2.1864e-04],
          [1.8797e-05],
          [1.8657e-05],
          [1.6438e-05],
          [1.4440e-05],
          [1.5587e-05],
          [1.4002e-05],
          [1.4230e-05],
          [5.3172e-04],
          [2.3299e-05],
          [2.9895e-05],
          [1.6396e-05],
          [2.5953e-05],
          [3.0451e-04],
          [1.4311e-05],
          [1.3436e-05],
          [1.1188e-05],
          [4.7303e-04],
          [3.3946e-04],
          [1.1987e-05],
          [1.3007e-05],
          [1.4999e-05],
          [1.8399e-05],
          [1.8782e-05],
          [1.9740e-05],
          [1.6708e-05],
          [1.5350e-05],
          [4.4522e-04],
          [5.9075e-05],
          [5.4961e-04],
          [1.5591e-05],
          [1.7983e-05],
          [2.8222e-05],
          [2.4878e-05],
          [3.4803e-05],
          [2.6592e-05],
          [2.7622e-05],
          [2.4583e-05],
          [1.8882e-05],
          [1.2625e-05],
          [1.1203e-05],
          [1.3910e-05],
          [2.0375e-05],
          [2.4113e-05],
          [2.9844e-05],
          [3.0042e-05],
          [3.1160e-05],
          [2.5626e-05],
          [1.9641e-04],
          [2.4623e-04],
          [2.3328e-05],
          [4.5320e-04],
          [2.0407e-05],
          [1.6242e-05],
          [1.1963e-05],
          [1.6065e-05],
          [2.0129e-05],
          [1.7864e-05],
          [2.0653e-05],
          [1.4433e-05],
          [1.2552e-05],
          [1.4444e-05],
          [1.3671e-05],
          [1.6273e-05],
          [1.6911e-05],
          [2.2616e-05],
          [2.3331e-05],
          [7.9027e-05],
          [7.4091e-04],
          [5.7861e-04],
          [1.2045e-04],
          [4.4571e-05],
          [3.8026e-05],
          [3.1691e-05],
          [3.5306e-05],
          [2.5552e-05],
          [2.6937e-05],
          [1.9655e-05],
          [1.7910e-05],
          [1.1510e-05],
          [1.3454e-05],
          [1.6195e-05],
          [2.2988e-05],
          [2.4880e-05],
          [3.7429e-05],
          [5.0747e-05],
          [9.0015e-05],
          [9.8534e-05],
          [1.1660e-04],
          [1.0242e-04],
          [1.2736e-04],
          [8.8529e-05],
          [6.9308e-05],
          [5.6795e-04],
          [9.8090e-05],
          [2.4555e-04],
          [2.2309e-04],
          [1.6607e-05],
          [1.7519e-05],
          [2.7862e-05],
          [3.5821e-05],
          [2.4250e-05],
          [3.2576e-05],
          [2.6919e-05],
          [2.7421e-05],
          [2.6653e-05],
          [2.8454e-05],
          [2.4004e-05],
          [6.1678e-04],
          [1.6021e-04],
          [3.2789e-05],
          [4.2756e-05],
          [6.3512e-05],
          [5.3614e-05],
          [4.5465e-05],
          [4.0502e-04],
          [3.7217e-05],
          [4.3750e-04],
          [1.7992e-05],
          [1.9120e-05],
          [4.1288e-04],
          [2.1063e-05],
          [5.9089e-04],
          [1.2770e-05],
          [1.3364e-05],
          [1.1640e-05],
          [5.2124e-04],
          [3.5095e-05],
          [2.5759e-04],
          [2.2090e-05],
          [2.8372e-05],
          [3.0260e-05],
          [3.0171e-05],
          [3.6606e-05],
          [2.9604e-05],
          [4.1141e-04],
          [2.3290e-04],
          [2.0621e-05],
          [1.7205e-05],
          [1.5899e-05],
          [1.2658e-05],
          [1.2310e-05],
          [1.1759e-05],
          [1.0793e-05],
          [4.0533e-04],
          [1.7039e-04],
          [1.3130e-05],
          [1.2319e-05],
          [1.3127e-05],
          [1.3980e-05],
          [4.1264e-04],
          [3.2734e-05],
          [3.6892e-05],
          [4.3442e-04],
          [1.4455e-05],
          [1.3069e-05],
          [1.3073e-05],
          [1.1504e-05],
          [1.4719e-05],
          [1.2121e-05],
          [1.0780e-05],
          [1.0626e-05],
          [1.8113e-05],
          [1.3189e-05],
          [1.0829e-05],
          [1.4198e-05],
          [1.0906e-05],
          [1.0352e-05],
          [1.0747e-05],
          [1.1184e-05],
          [1.2152e-05],
          [4.4026e-04],
          [1.6611e-04],
          [1.6092e-05],
          [1.5973e-05],
          [1.2938e-05],
          [1.6399e-05],
          [2.1844e-05],
          [2.2241e-05],
          [2.0157e-05],
          [2.2051e-05],
          [2.0699e-05],
          [1.4479e-05],
          [3.4878e-04],
          [2.1381e-04],
          [2.7178e-05],
          [5.1283e-04],
          [1.1477e-05],
          [2.9475e-04],
          [2.1959e-04],
          [1.9354e-05],
          [2.6016e-05],
          [3.2442e-05],
          [3.1818e-05],
          [4.2897e-05],
          [4.7510e-05],
          [6.6170e-05],
          [6.3017e-05],
          [9.6191e-05],
          [1.0590e-04],
          [1.5239e-04],
          [2.3704e-04],
          [1.6133e-04],
          [1.8179e-04],
          [4.1022e-04],
          [4.9317e-05],
          [4.2811e-05],
          [1.8718e-04],
          [2.5673e-04],
          [3.6490e-05],
          [1.6732e-04],
          [2.0944e-04],
          [2.8709e-05],
          [5.0103e-04],
          [1.5044e-05],
          [1.2244e-05],
          [1.1600e-05],
          [8.9438e-06],
          [8.5539e-06],
          [8.9987e-06],
          [4.3372e-05],
          [1.3579e-05],
          [1.6674e-05],
          [1.3550e-05],
          [8.0409e-04],
          [5.6755e-05],
          [2.1103e-04],
          [5.4800e-05],
          [1.0709e-05],
          [1.1034e-05],
          [1.0627e-05],
          [1.0514e-05],
          [9.4115e-06],
          [1.1017e-05],
          [3.9493e-04],
          [3.4091e-05],
          [3.9390e-04],
          [1.3097e-05],
          [1.0662e-05],
          [1.2501e-05],
          [1.2862e-05],
          [1.2730e-05],
          [1.2905e-05],
          [1.3690e-05],
          [1.7374e-05],
          [1.6774e-05],
          [2.3707e-05],
          [2.9236e-05],
          [3.3556e-05],
          [5.3609e-04],
          [3.2905e-04],
          [2.3973e-05],
          [1.8605e-05],
          [1.4741e-05],
          [1.0935e-05],
          [1.1268e-05],
          [1.5974e-05],
          [1.7191e-05],
          [1.4653e-05],
          [1.6441e-05],
          [1.2237e-05],
          [1.1358e-05],
          [1.0174e-05],
          [1.2312e-05],
          [1.2847e-05],
          [1.4061e-05],
          [1.2512e-05],
          [1.3634e-05],
          [1.2268e-05],
          [1.2766e-05],
          [1.1354e-05],
          [1.4683e-05],
          [1.7099e-05],
          [1.7766e-05],
          [2.3866e-05],
          [2.0785e-05],
          [3.1636e-05],
          [3.6161e-05],
          [2.9431e-05],
          [1.9348e-05],
          [1.8367e-05],
          [2.0774e-05],
          [2.1613e-05],
          [1.5352e-05],
          [1.6673e-05],
          [1.8065e-05],
          [2.3148e-05],
          [2.1692e-05],
          [1.8033e-05],
          [1.7342e-05],
          [1.4339e-05],
          [1.4896e-05],
          [1.4546e-05],
          [4.5110e-04],
          [4.4459e-05],
          [3.0643e-04],
          [1.6630e-05],
          [1.8201e-05],
          [1.5850e-05],
          [1.5633e-05],
          [1.5149e-05],
          [1.4535e-05],
          [1.3836e-05],
          [1.1872e-05],
          [1.2226e-05],
          [1.1405e-05],
          [1.3022e-05],
          [1.2294e-05],
          [1.4630e-05],
          [1.5031e-05],
          [4.4904e-04],
          [8.2381e-05],
          [3.5701e-04],
          [1.3616e-05],
          [1.1188e-05],
          [1.0279e-05],
          [1.1438e-05],
          [3.9488e-04],
          [3.0703e-04],
          [1.3295e-05],
          [1.1830e-05],
          [1.1968e-05],
          [1.7692e-05],
          [2.4073e-05],
          [3.1092e-05],
          [3.7167e-05],
          [3.1300e-05],
          [2.8614e-05],
          [2.3477e-05],
          [1.7912e-05],
          [1.3284e-05],
          [1.0154e-05],
          [1.0656e-05],
          [1.1396e-05],
          [1.0214e-05],
          [1.2047e-05],
          [2.4862e-05],
          [3.5916e-05],
          [4.4337e-05],
          [4.6818e-05],
          [3.4545e-05],
          [2.7669e-05],
          [1.9743e-05],
          [2.0095e-05],
          [1.7277e-05],
          [3.3290e-04],
          [2.2366e-04],
          [2.0269e-05],
          [1.8159e-05],
          [1.5852e-05],
          [1.4026e-05],
          [1.7120e-05],
          [1.7204e-05],
          [2.0469e-05],
          [1.5571e-04],
          [4.9973e-05],
          [3.2677e-04],
          [1.7637e-04],
          [1.5415e-05],
          [1.4031e-05],
          [1.5476e-05],
          [1.5430e-05],
          [1.4386e-05],
          [3.3004e-04],
          [8.8325e-05],
          [1.4425e-05],
          [4.9991e-05],
          [1.8017e-04],
          [1.9541e-05],
          [7.5708e-04],
          [1.7655e-05],
          [6.2259e-04],
          [1.6524e-05],
          [1.3007e-05],
          [1.0191e-05],
          [1.0535e-05],
          [1.7794e-05],
          [6.8074e-05],
          [6.0840e-06]]]])
