# Using CPU
# Loading Embeddings...
# Making Predictions...
torch.Size([1, 1, 442, 259])
tensor([[[[2.0100e-04],
          [3.0675e-05],
          [1.0553e-04],
          [6.7724e-05],
          [9.5809e-06],
          [4.2573e-04],
          [3.1218e-04],
          [4.6825e-05],
          [3.8934e-04],
          [3.1549e-04],
          [2.1825e-05],
          [2.0368e-05],
          [1.0780e-03],
          [2.0459e-04],
          [2.6812e-05],
          [1.2889e-05],
          [1.3091e-05],
          [1.0608e-05],
          [1.3046e-05],
          [2.0052e-05],
          [5.7359e-04],
          [2.8306e-05],
          [2.0819e-04],
          [1.6552e-05],
          [2.1250e-05],
          [3.1742e-05],
          [4.7699e-05],
          [9.1080e-05],
          [1.1554e-04],
          [1.5628e-04],
          [1.6252e-04],
          [1.9751e-04],
          [1.9327e-04],
          [2.0552e-04],
          [1.6151e-04],
          [1.1553e-04],
          [6.8514e-04],
          [6.8619e-05],
          [1.6252e-04],
          [1.0660e-04],
          [2.0777e-04],
          [3.2369e-05],
          [3.2053e-05],
          [3.5860e-05],
          [2.4839e-05],
          [2.3180e-05],
          [1.8089e-05],
          [1.5313e-05],
          [1.2911e-05],
          [5.8427e-04],
          [1.8546e-04],
          [1.1104e-05],
          [1.0365e-05],
          [6.2796e-04],
          [1.7985e-04],
          [1.6913e-05],
          [1.8651e-05],
          [1.8772e-05],
          [2.5849e-05],
          [3.3235e-05],
          [3.4146e-05],
          [2.9728e-05],
          [4.0044e-04],
          [2.4543e-04],
          [2.1646e-05],
          [2.1447e-05],
          [1.8846e-05],
          [1.6411e-05],
          [1.7955e-05],
          [1.5901e-05],
          [1.5500e-05],
          [8.0289e-04],
          [2.6627e-05],
          [3.1622e-05],
          [1.8064e-05],
          [2.6753e-05],
          [4.7908e-04],
          [1.7948e-05],
          [1.6163e-05],
          [1.2415e-05],
          [7.7992e-04],
          [1.8205e-04],
          [1.6702e-05],
          [1.8880e-05],
          [2.1326e-05],
          [2.4233e-05],
          [2.6690e-05],
          [2.9309e-05],
          [2.2605e-05],
          [1.8550e-05],
          [4.6128e-04],
          [1.9904e-04],
          [2.9643e-04],
          [1.7005e-05],
          [2.1358e-05],
          [2.9318e-05],
          [3.0552e-05],
          [3.7467e-05],
          [2.9067e-05],
          [2.5003e-05],
          [2.0894e-05],
          [1.6253e-05],
          [1.3573e-05],
          [1.5732e-05],
          [1.5584e-05],
          [2.0649e-05],
          [2.3598e-05],
          [3.1302e-05],
          [3.4109e-05],
          [3.5893e-05],
          [2.8734e-05],
          [2.9332e-04],
          [2.7944e-04],
          [2.2208e-05],
          [2.6985e-04],
          [2.1871e-05],
          [1.6477e-05],
          [1.3918e-05],
          [1.8043e-05],
          [2.1368e-05],
          [1.9757e-05],
          [1.7109e-05],
          [1.8735e-05],
          [1.2661e-05],
          [1.5762e-05],
          [1.5553e-05],
          [1.7425e-05],
          [1.8905e-05],
          [2.1548e-05],
          [2.6135e-05],
          [7.0253e-05],
          [1.5133e-03],
          [3.2458e-04],
          [1.1313e-04],
          [3.4444e-05],
          [3.2341e-05],
          [2.6270e-05],
          [2.8332e-05],
          [2.3700e-05],
          [2.4792e-05],
          [1.8410e-05],
          [1.7948e-05],
          [1.1553e-05],
          [1.3877e-05],
          [1.7061e-05],
          [2.5375e-05],
          [2.8014e-05],
          [4.3476e-05],
          [5.9042e-05],
          [9.2237e-05],
          [1.0044e-04],
          [1.1123e-04],
          [1.0548e-04],
          [1.2619e-04],
          [1.0140e-04],
          [8.3486e-05],
          [7.9641e-04],
          [2.0679e-04],
          [3.1225e-04],
          [3.7349e-04],
          [1.8148e-05],
          [1.9176e-05],
          [3.4423e-05],
          [3.6740e-05],
          [2.3576e-05],
          [2.8569e-05],
          [3.0764e-05],
          [3.0497e-05],
          [3.0348e-05],
          [2.9363e-05],
          [2.6233e-05],
          [6.1275e-04],
          [3.0882e-04],
          [4.0051e-05],
          [4.7338e-05],
          [5.4230e-05],
          [6.0864e-05],
          [5.2318e-05],
          [4.7906e-04],
          [5.1653e-05],
          [2.4449e-04],
          [1.9351e-05],
          [1.5225e-05],
          [4.7802e-04],
          [2.5271e-05],
          [3.0884e-04],
          [1.2651e-05],
          [1.8191e-05],
          [1.2347e-05],
          [7.4469e-04],
          [6.3596e-05],
          [9.5224e-04],
          [2.5247e-05],
          [3.2742e-05],
          [3.3840e-05],
          [3.3519e-05],
          [3.8488e-05],
          [3.2247e-05],
          [6.6095e-04],
          [2.4486e-04],
          [2.4266e-05],
          [2.0576e-05],
          [1.9573e-05],
          [1.5024e-05],
          [1.4940e-05],
          [1.3557e-05],
          [2.0134e-05],
          [4.6559e-04],
          [1.5793e-04],
          [1.3149e-05],
          [1.3829e-05],
          [1.5362e-05],
          [1.5555e-05],
          [5.7646e-04],
          [3.1880e-05],
          [1.8743e-05],
          [4.5670e-04],
          [1.6230e-05],
          [1.4798e-05],
          [1.3474e-05],
          [1.2979e-05],
          [1.5702e-05],
          [1.2077e-05],
          [1.1040e-05],
          [1.1219e-05],
          [1.2963e-05],
          [1.4449e-05],
          [1.2065e-05],
          [1.1888e-05],
          [1.1523e-05],
          [1.1910e-05],
          [1.1400e-05],
          [1.1311e-05],
          [1.3079e-05],
          [3.9109e-04],
          [1.3194e-04],
          [1.5663e-05],
          [1.7805e-05],
          [1.3699e-05],
          [1.8217e-05],
          [3.8723e-05],
          [1.9472e-05],
          [1.8760e-05],
          [2.1703e-05],
          [1.9142e-05],
          [1.5094e-05],
          [7.3333e-04],
          [9.1929e-04],
          [1.4770e-05],
          [3.0537e-04],
          [1.1321e-05],
          [3.3239e-04],
          [2.1803e-04],
          [2.8106e-05],
          [3.6642e-05],
          [3.5686e-05],
          [3.2352e-05],
          [4.1020e-05],
          [4.9658e-05],
          [6.7782e-05],
          [6.5428e-05],
          [9.8801e-05],
          [1.2326e-04],
          [1.9584e-04],
          [1.6992e-04],
          [1.7030e-04],
          [1.0235e-04],
          [2.8742e-04],
          [4.9118e-05],
          [4.7338e-05],
          [2.3080e-04],
          [3.5937e-04],
          [7.1243e-05],
          [1.2002e-04],
          [1.9574e-04],
          [6.7098e-05],
          [2.6641e-04],
          [1.4296e-05],
          [1.3225e-05],
          [1.0587e-05],
          [9.8048e-06],
          [1.0352e-05],
          [1.0074e-05],
          [2.2842e-05],
          [1.1638e-05],
          [1.3951e-05],
          [1.1315e-05],
          [1.1327e-03],
          [2.9373e-05],
          [1.4094e-04],
          [7.9697e-05],
          [1.2708e-05],
          [1.1848e-05],
          [1.1788e-05],
          [1.1962e-05],
          [1.1302e-05],
          [1.1911e-05],
          [8.2862e-04],
          [2.1378e-05],
          [3.2816e-04],
          [1.3013e-05],
          [1.1975e-05],
          [1.3482e-05],
          [1.3722e-05],
          [1.3319e-05],
          [1.3559e-05],
          [1.4282e-05],
          [1.8276e-05],
          [1.8335e-05],
          [2.5391e-05],
          [3.3338e-05],
          [4.2640e-05],
          [5.3408e-04],
          [2.6858e-04],
          [2.6576e-05],
          [2.0678e-05],
          [5.9484e-05],
          [1.1753e-05],
          [1.2314e-05],
          [1.7324e-05],
          [2.1540e-05],
          [2.0258e-05],
          [2.0767e-05],
          [1.4608e-05],
          [1.4411e-05],
          [1.0447e-05],
          [9.5613e-06],
          [1.0899e-05],
          [1.2981e-05],
          [1.1387e-05],
          [1.1550e-05],
          [1.1864e-05],
          [1.3840e-05],
          [1.2367e-05],
          [1.3599e-05],
          [1.7167e-05],
          [1.5817e-05],
          [1.7382e-05],
          [1.4682e-05],
          [2.0544e-05],
          [2.0023e-05],
          [2.2305e-05],
          [2.0165e-05],
          [2.1602e-05],
          [2.8873e-05],
          [2.6093e-05],
          [2.3920e-05],
          [1.8811e-05],
          [2.3214e-05],
          [1.8771e-05],
          [1.9338e-05],
          [1.6953e-05],
          [1.5212e-05],
          [1.5306e-05],
          [1.7704e-05],
          [1.5604e-05],
          [7.6241e-04],
          [1.0920e-04],
          [1.6859e-03],
          [1.9340e-05],
          [2.1903e-05],
          [1.7032e-05],
          [1.9217e-05],
          [1.6052e-05],
          [1.4513e-05],
          [1.1924e-05],
          [1.4700e-05],
          [9.9903e-06],
          [9.8757e-06],
          [1.0814e-05],
          [1.1823e-05],
          [1.6268e-05],
          [1.6305e-05],
          [5.7393e-04],
          [1.9402e-04],
          [3.2747e-04],
          [1.3399e-05],
          [1.0796e-05],
          [1.0013e-05],
          [3.2183e-05],
          [8.6233e-04],
          [2.5695e-04],
          [1.7110e-05],
          [1.5651e-05],
          [1.3841e-05],
          [1.9355e-05],
          [2.3644e-05],
          [2.9558e-05],
          [4.2696e-05],
          [3.4517e-05],
          [3.3752e-05],
          [2.3193e-05],
          [1.7874e-05],
          [1.0635e-05],
          [1.1182e-05],
          [1.0266e-05],
          [1.0094e-05],
          [1.2102e-05],
          [1.3491e-05],
          [3.6565e-05],
          [2.8717e-05],
          [3.7919e-05],
          [4.3432e-05],
          [2.8814e-05],
          [2.4095e-05],
          [2.6873e-05],
          [2.9454e-05],
          [2.2378e-05],
          [7.1661e-04],
          [1.3645e-04],
          [2.7120e-05],
          [2.5325e-05],
          [2.0743e-05],
          [1.8110e-05],
          [2.2629e-05],
          [2.4843e-05],
          [2.2699e-05],
          [1.8130e-04],
          [7.1977e-05],
          [2.3274e-04],
          [1.8752e-04],
          [2.0119e-05],
          [1.6426e-05],
          [1.7718e-05],
          [1.5620e-05],
          [1.5420e-05],
          [5.1400e-04],
          [2.6347e-04],
          [1.3682e-05],
          [4.4354e-05],
          [1.3309e-04],
          [1.8032e-05],
          [5.6231e-04],
          [1.8725e-05],
          [2.2829e-04],
          [2.2078e-05],
          [1.7613e-05],
          [1.4509e-05],
          [1.4830e-05],
          [2.5371e-05],
          [8.9873e-05],
          [1.3065e-05]]]])
