# Using CPU
# Loading Embeddings...
# Making Predictions...
torch.Size([1, 1, 442, 231])
tensor([[[[1.0610e-04],
          [1.9253e-05],
          [6.8802e-05],
          [2.0857e-05],
          [1.0405e-05],
          [2.2581e-04],
          [1.8055e-04],
          [1.1890e-05],
          [1.4757e-04],
          [1.8434e-04],
          [1.2353e-05],
          [1.0916e-05],
          [2.3241e-04],
          [1.3903e-04],
          [2.1550e-05],
          [1.1566e-05],
          [1.4207e-05],
          [1.7128e-05],
          [1.4493e-05],
          [2.2614e-05],
          [2.2632e-04],
          [1.6623e-05],
          [9.6642e-05],
          [1.3473e-05],
          [1.1941e-05],
          [1.4217e-05],
          [1.6105e-05],
          [2.2274e-05],
          [2.3128e-05],
          [2.9360e-05],
          [2.8344e-05],
          [3.4065e-05],
          [3.0145e-05],
          [3.4028e-05],
          [2.7035e-05],
          [2.5787e-05],
          [5.5147e-04],
          [3.7899e-05],
          [1.4544e-04],
          [7.1543e-05],
          [1.1039e-04],
          [1.4612e-05],
          [1.4193e-05],
          [1.5075e-05],
          [1.2713e-05],
          [1.4428e-05],
          [1.3110e-05],
          [1.3841e-05],
          [1.6311e-05],
          [1.8449e-04],
          [8.9058e-05],
          [1.4727e-05],
          [1.3984e-05],
          [2.6563e-04],
          [8.6614e-05],
          [1.3993e-05],
          [1.2424e-05],
          [1.2193e-05],
          [1.3335e-05],
          [1.5025e-05],
          [1.5308e-05],
          [1.5085e-05],
          [2.2319e-04],
          [1.4542e-04],
          [1.5972e-05],
          [1.6663e-05],
          [1.7885e-05],
          [2.1825e-05],
          [1.9715e-05],
          [1.7155e-05],
          [1.1566e-05],
          [2.8012e-04],
          [2.0048e-05],
          [1.6184e-05],
          [1.2121e-05],
          [1.4516e-05],
          [1.9931e-04],
          [1.3602e-05],
          [1.2336e-05],
          [1.2738e-05],
          [1.4548e-04],
          [9.9204e-05],
          [1.1490e-05],
          [9.7742e-06],
          [1.1050e-05],
          [1.1374e-05],
          [1.1380e-05],
          [1.3614e-05],
          [1.3491e-05],
          [1.2609e-05],
          [1.9034e-04],
          [2.6587e-05],
          [1.4787e-04],
          [1.3318e-05],
          [1.2710e-05],
          [1.5576e-05],
          [1.6439e-05],
          [2.0954e-05],
          [1.9109e-05],
          [2.0294e-05],
          [1.8699e-05],
          [1.9182e-05],
          [1.4275e-05],
          [1.6105e-05],
          [1.3849e-05],
          [1.6427e-05],
          [1.4377e-05],
          [1.3544e-05],
          [1.4393e-05],
          [1.5092e-05],
          [1.3596e-05],
          [9.5214e-05],
          [9.5208e-05],
          [2.3849e-05],
          [1.4963e-04],
          [1.3270e-05],
          [1.1793e-05],
          [1.0936e-05],
          [1.2613e-05],
          [1.3219e-05],
          [1.2346e-05],
          [1.1392e-05],
          [1.9045e-05],
          [1.3218e-05],
          [1.1976e-05],
          [1.6574e-05],
          [1.2640e-05],
          [1.5029e-05],
          [2.2009e-05],
          [2.5401e-05],
          [2.3673e-05],
          [3.1053e-04],
          [2.2047e-04],
          [4.0031e-05],
          [2.6054e-05],
          [2.9193e-05],
          [2.4783e-05],
          [3.1372e-05],
          [2.0187e-05],
          [1.6930e-05],
          [1.3381e-05],
          [1.4031e-05],
          [1.1353e-05],
          [1.1892e-05],
          [1.2534e-05],
          [1.3638e-05],
          [1.4413e-05],
          [1.9257e-05],
          [2.1150e-05],
          [3.0704e-05],
          [3.7320e-05],
          [4.3090e-05],
          [3.5385e-05],
          [4.7352e-05],
          [3.8813e-05],
          [4.4117e-05],
          [1.6218e-04],
          [1.0666e-04],
          [1.0013e-04],
          [1.4078e-04],
          [1.8534e-05],
          [2.0968e-05],
          [2.2440e-05],
          [2.9791e-05],
          [2.4951e-05],
          [2.6217e-05],
          [2.4505e-05],
          [2.3173e-05],
          [2.6251e-05],
          [2.4456e-05],
          [2.1714e-05],
          [1.8598e-04],
          [1.4376e-04],
          [2.3066e-05],
          [2.2444e-05],
          [2.1246e-05],
          [2.2233e-05],
          [2.1155e-05],
          [1.8878e-04],
          [3.5527e-05],
          [1.9454e-04],
          [1.4348e-05],
          [1.9353e-05],
          [1.1408e-04],
          [1.3537e-05],
          [1.0628e-04],
          [1.7125e-05],
          [1.6847e-05],
          [1.5248e-05],
          [2.1929e-04],
          [2.3543e-05],
          [2.0783e-04],
          [1.3990e-05],
          [1.5966e-05],
          [1.4545e-05],
          [1.5103e-05],
          [1.5511e-05],
          [1.4137e-05],
          [2.3216e-04],
          [1.3135e-04],
          [1.3456e-05],
          [1.2920e-05],
          [1.3818e-05],
          [1.5074e-05],
          [1.6809e-05],
          [1.9020e-05],
          [1.9868e-05],
          [1.5044e-04],
          [1.0849e-04],
          [1.7775e-05],
          [1.5460e-05],
          [1.6742e-05],
          [1.3417e-05],
          [1.8559e-04],
          [2.7505e-05],
          [1.6809e-05],
          [1.9454e-04],
          [1.6917e-05],
          [1.6203e-05],
          [1.2483e-05],
          [1.4827e-05],
          [1.7154e-05],
          [1.5469e-05],
          [1.4560e-05],
          [1.4564e-05],
          [2.3760e-05],
          [1.8912e-05],
          [1.5442e-05],
          [1.7947e-05],
          [1.3524e-05],
          [1.4408e-05],
          [1.4934e-05],
          [1.3274e-05],
          [1.5239e-05],
          [1.8203e-04],
          [9.4120e-05],
          [1.6977e-05],
          [1.4466e-05],
          [1.5151e-05],
          [2.7038e-05],
          [2.2538e-05],
          [2.3364e-05],
          [2.1416e-05],
          [2.7234e-05],
          [2.5630e-05],
          [1.2821e-05],
          [1.2518e-04],
          [7.1696e-05],
          [1.4251e-05],
          [1.5836e-04],
          [1.0714e-05],
          [1.4509e-04],
          [8.3622e-05],
          [1.1991e-05],
          [1.1727e-05],
          [1.3736e-05],
          [1.4655e-05],
          [1.7505e-05],
          [1.6759e-05],
          [1.8950e-05],
          [1.9766e-05],
          [3.2069e-05],
          [4.2069e-05],
          [6.1023e-05],
          [7.7075e-05],
          [5.3177e-05],
          [6.6971e-05],
          [6.3399e-04],
          [3.3586e-05],
          [2.3460e-05],
          [1.8463e-04],
          [1.4429e-04],
          [2.5536e-05],
          [1.0165e-04],
          [1.2045e-04],
          [5.6619e-05],
          [1.5325e-04],
          [1.5153e-05],
          [1.0557e-05],
          [1.0733e-05],
          [8.3384e-06],
          [1.1210e-05],
          [1.2521e-05],
          [1.5309e-05],
          [1.4252e-05],
          [1.5736e-05],
          [1.2541e-05],
          [1.7181e-04],
          [1.9675e-05],
          [5.9100e-05],
          [7.0325e-05],
          [1.0918e-05],
          [1.0353e-05],
          [9.3265e-06],
          [9.2817e-06],
          [1.1763e-05],
          [1.3152e-05],
          [2.2095e-04],
          [1.5506e-05],
          [1.3608e-04],
          [1.2776e-05],
          [1.1596e-05],
          [1.1544e-05],
          [1.0971e-05],
          [1.1297e-05],
          [1.1856e-05],
          [1.1590e-05],
          [1.4486e-05],
          [1.6180e-05],
          [1.7764e-05],
          [1.9082e-05],
          [1.7814e-05],
          [1.8476e-04],
          [1.3400e-04],
          [1.3633e-05],
          [1.1824e-05],
          [3.6969e-05],
          [1.0928e-05],
          [1.5605e-05],
          [1.8588e-05],
          [1.8603e-05],
          [1.5346e-05],
          [1.6231e-05],
          [1.9006e-05],
          [1.6536e-05],
          [1.3839e-05],
          [1.5322e-05],
          [1.5227e-05],
          [1.6467e-05],
          [1.9035e-05],
          [1.8031e-05],
          [1.6870e-05],
          [1.6945e-05],
          [1.8734e-05],
          [1.6992e-05],
          [1.5407e-05],
          [1.5777e-05],
          [1.6068e-05],
          [1.6477e-05],
          [2.0880e-05],
          [2.5273e-05],
          [2.1372e-05],
          [2.2313e-05],
          [2.4904e-05],
          [2.7221e-05],
          [2.9765e-05],
          [1.8531e-05],
          [2.3858e-05],
          [2.1971e-05],
          [1.8975e-05],
          [1.6892e-05],
          [1.3488e-05],
          [1.5089e-05],
          [1.7692e-05],
          [1.4481e-05],
          [1.3396e-05],
          [1.3648e-04],
          [2.5839e-05],
          [1.8895e-04],
          [1.8379e-05],
          [2.1724e-05],
          [2.1439e-05],
          [1.8800e-05],
          [2.0123e-05],
          [1.9853e-05],
          [1.8830e-05],
          [1.9471e-05],
          [1.7534e-05],
          [1.7831e-05],
          [1.9958e-05],
          [1.6099e-05],
          [2.4976e-05],
          [2.0713e-05],
          [1.7313e-04],
          [5.9102e-05],
          [1.6656e-04],
          [1.8170e-05],
          [1.2030e-05],
          [1.1046e-05],
          [1.2878e-05],
          [2.5724e-04],
          [1.0480e-04],
          [1.3152e-05],
          [1.3849e-05],
          [1.6098e-05],
          [2.5171e-05],
          [3.6027e-05],
          [4.7358e-05],
          [4.8150e-05],
          [3.7659e-05],
          [2.5667e-05],
          [2.2542e-05],
          [2.5585e-05],
          [2.3402e-05],
          [1.8491e-05],
          [1.6486e-05],
          [1.7080e-05],
          [1.5135e-05],
          [1.4261e-05],
          [7.6605e-05],
          [3.6429e-05],
          [4.3018e-05],
          [1.0716e-04],
          [2.9583e-05],
          [3.7599e-05],
          [1.7383e-05],
          [1.8820e-05],
          [1.1976e-05],
          [1.5546e-04],
          [7.9124e-05],
          [1.4648e-05],
          [1.5253e-05],
          [1.4087e-05],
          [1.4820e-05],
          [2.1202e-05],
          [1.9653e-05],
          [3.9863e-05],
          [7.6320e-05],
          [7.5775e-05],
          [1.0836e-04],
          [7.8866e-05],
          [2.6681e-05],
          [1.9233e-05],
          [1.3991e-05],
          [1.8416e-05],
          [1.0964e-05],
          [2.5248e-04],
          [6.6408e-05],
          [1.3786e-05],
          [6.0567e-05],
          [9.4929e-05],
          [1.6382e-05],
          [1.6007e-04],
          [1.9379e-05],
          [1.8479e-04],
          [1.6747e-05],
          [1.0225e-05],
          [9.3888e-06],
          [1.7145e-05],
          [9.9049e-06],
          [1.4802e-05],
          [4.6202e-06]]]])
