# Using CPU
# Loading Embeddings...
# Making Predictions...
torch.Size([1, 1, 442, 287])
tensor([[[[3.6123e-04],
          [3.3831e-05],
          [7.7266e-05],
          [3.5179e-05],
          [1.5187e-05],
          [2.3961e-04],
          [5.0419e-04],
          [3.1549e-05],
          [3.0602e-04],
          [7.2760e-04],
          [2.1807e-05],
          [1.9299e-05],
          [6.0508e-04],
          [2.5137e-04],
          [4.8468e-05],
          [1.9830e-05],
          [1.8229e-05],
          [1.7621e-05],
          [1.7878e-05],
          [1.7559e-05],
          [1.9919e-04],
          [2.0526e-05],
          [3.9194e-04],
          [2.3945e-05],
          [2.1137e-05],
          [3.1034e-05],
          [4.4957e-05],
          [8.0235e-05],
          [1.1017e-04],
          [1.4222e-04],
          [1.4213e-04],
          [1.6109e-04],
          [1.5161e-04],
          [1.6346e-04],
          [1.3050e-04],
          [8.7752e-05],
          [1.7713e-03],
          [7.6481e-05],
          [3.4035e-04],
          [2.8216e-04],
          [5.1499e-04],
          [2.8877e-05],
          [2.5102e-05],
          [2.8351e-05],
          [1.9232e-05],
          [3.1366e-05],
          [1.8958e-05],
          [1.9228e-05],
          [1.7684e-05],
          [2.4935e-04],
          [3.1836e-04],
          [2.2788e-05],
          [1.9655e-05],
          [2.7722e-04],
          [4.2272e-04],
          [1.8939e-05],
          [1.8532e-05],
          [1.8682e-05],
          [2.5509e-05],
          [2.7997e-05],
          [3.0671e-05],
          [3.4919e-05],
          [9.0440e-04],
          [3.6212e-04],
          [4.0720e-05],
          [3.5634e-05],
          [2.6981e-05],
          [2.6218e-05],
          [3.7720e-05],
          [2.9930e-05],
          [2.0058e-05],
          [2.9299e-04],
          [2.8759e-05],
          [2.4609e-05],
          [2.4965e-05],
          [2.6589e-05],
          [1.0443e-03],
          [2.1990e-05],
          [1.7873e-05],
          [1.5697e-05],
          [3.8773e-04],
          [1.5194e-04],
          [1.9068e-05],
          [1.9082e-05],
          [1.6326e-05],
          [1.9835e-05],
          [2.0711e-05],
          [2.1462e-05],
          [2.0411e-05],
          [1.7840e-05],
          [1.9085e-04],
          [8.7805e-05],
          [2.4903e-04],
          [2.8767e-05],
          [2.7029e-05],
          [4.0193e-05],
          [4.7867e-05],
          [6.0153e-05],
          [4.3991e-05],
          [4.6529e-05],
          [3.9672e-05],
          [2.4743e-05],
          [1.8460e-05],
          [1.8884e-05],
          [1.9455e-05],
          [2.2671e-05],
          [2.7871e-05],
          [3.5572e-05],
          [3.4614e-05],
          [3.7489e-05],
          [2.8917e-05],
          [2.1925e-04],
          [1.8111e-04],
          [2.9039e-05],
          [2.7735e-04],
          [2.2404e-05],
          [1.8854e-05],
          [2.1526e-05],
          [1.7379e-05],
          [2.1763e-05],
          [1.9828e-05],
          [1.8893e-05],
          [2.7807e-05],
          [1.8575e-05],
          [2.5922e-05],
          [2.1466e-05],
          [2.4471e-05],
          [2.9308e-05],
          [3.5662e-05],
          [3.8855e-05],
          [8.9440e-05],
          [7.0447e-04],
          [4.1818e-04],
          [1.6375e-04],
          [6.0391e-05],
          [4.3664e-05],
          [3.2813e-05],
          [3.4520e-05],
          [2.8138e-05],
          [2.8069e-05],
          [2.0705e-05],
          [2.1896e-05],
          [1.8711e-05],
          [2.1248e-05],
          [1.8925e-05],
          [2.5591e-05],
          [2.8203e-05],
          [4.6619e-05],
          [6.2845e-05],
          [1.1422e-04],
          [1.2030e-04],
          [1.4260e-04],
          [1.2251e-04],
          [1.4659e-04],
          [1.1024e-04],
          [8.3329e-05],
          [9.5284e-04],
          [2.6297e-04],
          [1.7549e-04],
          [6.6874e-04],
          [2.4466e-05],
          [2.5368e-05],
          [4.0569e-05],
          [4.0633e-05],
          [2.4101e-05],
          [2.8485e-05],
          [2.9486e-05],
          [3.0224e-05],
          [3.2781e-05],
          [3.0816e-05],
          [2.7371e-05],
          [8.4952e-04],
          [4.1201e-04],
          [4.0510e-05],
          [5.5240e-05],
          [1.4183e-04],
          [7.2114e-05],
          [5.8016e-05],
          [7.8567e-04],
          [6.4775e-05],
          [3.5471e-04],
          [2.2652e-05],
          [2.1042e-05],
          [2.5395e-04],
          [2.3015e-05],
          [2.5313e-04],
          [2.4502e-05],
          [1.9304e-05],
          [1.7575e-05],
          [2.0570e-04],
          [3.6504e-05],
          [1.1812e-03],
          [2.6776e-05],
          [3.2913e-05],
          [3.5425e-05],
          [3.5985e-05],
          [4.3207e-05],
          [3.1579e-05],
          [7.1051e-04],
          [2.9340e-04],
          [2.3430e-05],
          [2.4697e-05],
          [2.5595e-05],
          [1.8704e-05],
          [1.9854e-05],
          [2.4026e-05],
          [1.7016e-05],
          [1.4905e-04],
          [3.2726e-04],
          [2.0396e-05],
          [1.8045e-05],
          [1.7234e-05],
          [1.8206e-05],
          [3.3800e-04],
          [4.6574e-05],
          [2.7035e-05],
          [1.1535e-03],
          [2.3603e-05],
          [2.1119e-05],
          [2.0736e-05],
          [2.2764e-05],
          [2.5959e-05],
          [2.3284e-05],
          [2.5819e-05],
          [2.1393e-05],
          [2.4924e-05],
          [3.0034e-05],
          [2.1216e-05],
          [3.0975e-05],
          [3.7034e-05],
          [2.2661e-05],
          [2.6417e-05],
          [1.8323e-05],
          [1.6231e-05],
          [3.1418e-04],
          [2.4526e-04],
          [2.5460e-05],
          [2.1053e-05],
          [2.0272e-05],
          [3.4352e-05],
          [2.4601e-05],
          [2.2569e-05],
          [2.4780e-05],
          [3.3954e-05],
          [2.0683e-05],
          [1.8571e-05],
          [1.0055e-04],
          [2.4916e-04],
          [2.2458e-05],
          [2.2273e-04],
          [1.7501e-05],
          [2.1362e-04],
          [1.9306e-04],
          [2.0654e-05],
          [2.4204e-05],
          [3.4570e-05],
          [2.9490e-05],
          [4.1868e-05],
          [5.0472e-05],
          [7.7840e-05],
          [8.3885e-05],
          [1.5227e-04],
          [2.8474e-04],
          [3.4147e-04],
          [9.4415e-04],
          [3.7437e-04],
          [6.4420e-04],
          [1.4563e-03],
          [1.1940e-04],
          [1.0288e-04],
          [4.9147e-04],
          [4.3022e-04],
          [3.1760e-05],
          [1.8565e-04],
          [2.9243e-04],
          [3.7328e-05],
          [2.5279e-04],
          [2.0224e-05],
          [1.6978e-05],
          [1.3092e-05],
          [1.3712e-05],
          [1.4287e-05],
          [1.2117e-05],
          [2.1258e-05],
          [1.6238e-05],
          [1.4022e-05],
          [1.4906e-05],
          [6.7828e-04],
          [2.9051e-05],
          [1.3608e-04],
          [1.6614e-04],
          [1.8329e-05],
          [1.9622e-05],
          [1.4027e-05],
          [1.5166e-05],
          [2.1075e-05],
          [1.6195e-05],
          [2.1037e-04],
          [2.1588e-05],
          [6.9993e-04],
          [2.1163e-05],
          [1.7759e-05],
          [2.2313e-05],
          [1.8290e-05],
          [1.8715e-05],
          [2.0369e-05],
          [2.1330e-05],
          [2.2123e-05],
          [2.3505e-05],
          [2.4253e-05],
          [2.9312e-05],
          [3.7746e-05],
          [9.6471e-04],
          [3.9033e-04],
          [2.4326e-05],
          [2.3990e-05],
          [1.5541e-05],
          [1.3992e-05],
          [1.7198e-05],
          [1.8076e-05],
          [1.3844e-05],
          [1.3161e-05],
          [1.2535e-05],
          [1.4112e-05],
          [1.4639e-05],
          [1.3228e-05],
          [1.2623e-05],
          [1.6910e-05],
          [1.5174e-05],
          [1.4077e-05],
          [1.7600e-05],
          [2.0489e-05],
          [1.9978e-05],
          [1.9391e-05],
          [3.2607e-05],
          [3.1281e-05],
          [2.6652e-05],
          [2.8293e-05],
          [2.7474e-05],
          [3.0064e-05],
          [2.8291e-05],
          [2.4482e-05],
          [2.0721e-05],
          [2.2410e-05],
          [2.2914e-05],
          [3.2268e-05],
          [1.9643e-05],
          [2.8290e-05],
          [2.3751e-05],
          [2.1867e-05],
          [2.1991e-05],
          [2.1357e-05],
          [1.8088e-05],
          [1.5975e-05],
          [2.3540e-05],
          [1.4721e-05],
          [2.1517e-04],
          [6.1444e-05],
          [1.1754e-03],
          [1.9259e-05],
          [2.3187e-05],
          [2.1286e-05],
          [2.1192e-05],
          [2.2190e-05],
          [2.1006e-05],
          [2.8929e-05],
          [2.0126e-05],
          [1.5058e-05],
          [1.9501e-05],
          [1.6947e-05],
          [1.4628e-05],
          [1.7902e-05],
          [1.7803e-05],
          [2.7100e-04],
          [6.2373e-05],
          [8.9282e-04],
          [2.1040e-05],
          [1.8110e-05],
          [1.3225e-05],
          [1.2369e-05],
          [1.9060e-04],
          [4.4643e-04],
          [1.2457e-05],
          [1.4104e-05],
          [1.5541e-05],
          [2.8079e-05],
          [2.7873e-05],
          [3.2428e-05],
          [4.4162e-05],
          [3.7103e-05],
          [2.3071e-05],
          [2.4751e-05],
          [3.4617e-05],
          [1.7146e-05],
          [2.7355e-05],
          [2.4059e-05],
          [3.0164e-05],
          [1.7889e-05],
          [1.8265e-05],
          [7.0956e-05],
          [2.9735e-05],
          [3.7743e-05],
          [5.5653e-05],
          [2.2369e-05],
          [3.1796e-05],
          [2.2360e-05],
          [2.2587e-05],
          [1.7504e-05],
          [3.8319e-04],
          [3.1315e-04],
          [2.4106e-05],
          [2.2488e-05],
          [2.2219e-05],
          [2.2482e-05],
          [2.6857e-05],
          [2.5586e-05],
          [2.8420e-05],
          [7.8779e-05],
          [5.7957e-05],
          [1.1396e-04],
          [3.7153e-04],
          [2.5306e-05],
          [1.6010e-05],
          [1.3748e-05],
          [2.0289e-05],
          [1.4557e-05],
          [3.1545e-04],
          [1.2466e-04],
          [2.2119e-05],
          [6.0357e-05],
          [2.6889e-04],
          [2.2840e-05],
          [4.2474e-04],
          [1.9230e-05],
          [2.5329e-04],
          [1.9790e-05],
          [1.6882e-05],
          [1.5807e-05],
          [1.9883e-05],
          [1.3903e-05],
          [1.7634e-05],
          [7.7086e-06]]]])
