# Using CPU
# Loading Embeddings...
# Making Predictions...
torch.Size([1, 1, 442, 236])
tensor([[[[2.2778e-04],
          [3.3621e-05],
          [9.9457e-05],
          [4.2429e-05],
          [3.3583e-05],
          [5.8549e-04],
          [2.4605e-04],
          [1.1297e-04],
          [6.5951e-04],
          [2.6904e-04],
          [9.8720e-05],
          [7.3856e-05],
          [6.7736e-04],
          [3.2334e-04],
          [1.0235e-04],
          [6.5899e-05],
          [7.2428e-05],
          [7.1682e-05],
          [6.7318e-05],
          [6.4839e-05],
          [9.8741e-04],
          [8.3900e-05],
          [2.3875e-04],
          [1.2139e-04],
          [1.3346e-04],
          [1.4478e-04],
          [2.0009e-04],
          [2.7452e-04],
          [2.7970e-04],
          [3.6215e-04],
          [3.3198e-04],
          [2.7390e-04],
          [2.5861e-04],
          [2.4505e-04],
          [1.4747e-04],
          [1.4936e-04],
          [3.4651e-04],
          [1.2465e-04],
          [1.5870e-04],
          [1.1616e-04],
          [1.5581e-04],
          [6.7059e-05],
          [7.0040e-05],
          [6.5360e-05],
          [6.6217e-05],
          [9.3295e-05],
          [8.4968e-05],
          [6.9622e-05],
          [8.5344e-05],
          [6.0251e-04],
          [2.9399e-04],
          [1.2257e-04],
          [1.0411e-04],
          [7.6375e-04],
          [1.7043e-04],
          [9.2301e-05],
          [6.3276e-05],
          [6.5265e-05],
          [1.0500e-04],
          [8.3459e-05],
          [8.0129e-05],
          [9.6549e-05],
          [3.3987e-04],
          [4.3633e-04],
          [1.3903e-04],
          [1.5659e-04],
          [1.6518e-04],
          [1.4796e-04],
          [1.6752e-04],
          [1.1296e-04],
          [9.2590e-05],
          [5.0584e-04],
          [1.0220e-04],
          [7.6516e-05],
          [7.6454e-05],
          [7.5673e-05],
          [3.4407e-04],
          [1.1378e-04],
          [9.6470e-05],
          [8.5840e-05],
          [4.0984e-04],
          [2.7807e-04],
          [7.5964e-05],
          [8.9792e-05],
          [1.0256e-04],
          [1.0718e-04],
          [1.1650e-04],
          [1.5209e-04],
          [1.4524e-04],
          [9.0889e-05],
          [4.0960e-04],
          [8.1485e-05],
          [2.3688e-04],
          [6.2313e-05],
          [2.7894e-05],
          [2.4804e-05],
          [2.7488e-05],
          [4.3752e-05],
          [4.0294e-05],
          [4.6953e-05],
          [6.7092e-05],
          [8.4541e-05],
          [7.9252e-05],
          [6.2936e-05],
          [7.6211e-05],
          [9.7098e-05],
          [1.0318e-04],
          [1.3669e-04],
          [1.4031e-04],
          [1.1744e-04],
          [8.7618e-05],
          [1.3578e-04],
          [2.4125e-04],
          [8.7335e-05],
          [1.5989e-04],
          [7.0134e-05],
          [6.9910e-05],
          [9.6708e-05],
          [7.0459e-05],
          [8.3380e-05],
          [1.0458e-04],
          [1.1130e-04],
          [7.3769e-05],
          [6.3208e-05],
          [9.6137e-05],
          [9.3237e-05],
          [7.8125e-05],
          [9.3853e-05],
          [9.9080e-05],
          [1.0733e-04],
          [1.1563e-04],
          [4.7151e-04],
          [3.1935e-04],
          [1.7995e-04],
          [1.8542e-04],
          [1.6515e-04],
          [1.4959e-04],
          [2.1881e-04],
          [2.0200e-04],
          [1.6482e-04],
          [1.1644e-04],
          [8.9374e-05],
          [6.6436e-05],
          [7.6256e-05],
          [6.7867e-05],
          [7.8475e-05],
          [1.0761e-04],
          [1.3599e-04],
          [1.6843e-04],
          [2.8004e-04],
          [2.4253e-04],
          [3.7653e-04],
          [2.4002e-04],
          [4.4641e-04],
          [2.3837e-04],
          [2.3688e-04],
          [2.9998e-04],
          [1.8473e-04],
          [2.0875e-04],
          [2.1077e-04],
          [9.3288e-05],
          [1.4997e-04],
          [1.2962e-04],
          [1.7113e-04],
          [1.7914e-04],
          [2.0032e-04],
          [1.7839e-04],
          [1.4485e-04],
          [1.6829e-04],
          [1.4304e-04],
          [1.0486e-04],
          [3.2401e-04],
          [1.5469e-04],
          [1.4336e-04],
          [1.2709e-04],
          [1.5637e-04],
          [1.2867e-04],
          [1.2913e-04],
          [2.3629e-04],
          [2.0194e-04],
          [3.6469e-04],
          [8.6193e-05],
          [8.1346e-05],
          [2.7466e-04],
          [5.0798e-05],
          [2.5888e-04],
          [6.2912e-05],
          [6.3565e-05],
          [6.0072e-05],
          [4.8909e-04],
          [7.6836e-05],
          [2.3720e-04],
          [1.2676e-04],
          [1.4862e-04],
          [1.0930e-04],
          [1.6482e-04],
          [1.4319e-04],
          [1.0183e-04],
          [2.1132e-04],
          [1.9480e-04],
          [7.9328e-05],
          [7.2505e-05],
          [7.5619e-05],
          [6.7492e-05],
          [8.8992e-05],
          [8.6296e-05],
          [7.3443e-05],
          [3.2458e-04],
          [1.4499e-04],
          [7.8159e-05],
          [5.5129e-05],
          [6.5941e-05],
          [6.2530e-05],
          [2.2734e-04],
          [8.8054e-05],
          [6.5872e-05],
          [1.8391e-04],
          [6.4586e-05],
          [4.0119e-05],
          [3.9269e-05],
          [5.2108e-05],
          [7.8496e-05],
          [5.0392e-05],
          [6.2861e-05],
          [3.7053e-05],
          [4.4447e-05],
          [4.6896e-05],
          [4.0189e-05],
          [4.0108e-05],
          [7.2372e-05],
          [5.8173e-05],
          [6.4174e-05],
          [6.0704e-05],
          [5.0967e-05],
          [4.7417e-04],
          [1.2794e-04],
          [4.8704e-05],
          [2.3534e-05],
          [2.4350e-05],
          [1.8339e-05],
          [2.9028e-05],
          [2.4257e-05],
          [2.5470e-05],
          [5.0110e-05],
          [4.4886e-05],
          [3.1681e-05],
          [3.4336e-04],
          [2.1474e-04],
          [4.5444e-05],
          [2.8488e-04],
          [5.5790e-05],
          [4.0240e-04],
          [1.5824e-04],
          [8.8594e-05],
          [8.0034e-05],
          [9.5537e-05],
          [8.2526e-05],
          [8.2387e-05],
          [9.7739e-05],
          [9.3023e-05],
          [1.1075e-04],
          [1.2911e-04],
          [8.3271e-05],
          [6.7893e-05],
          [5.5679e-05],
          [3.4888e-05],
          [4.4179e-05],
          [2.1512e-04],
          [2.8296e-05],
          [2.5269e-05],
          [2.2703e-04],
          [1.2217e-04],
          [4.7342e-05],
          [1.7285e-04],
          [1.3327e-04],
          [4.9100e-05],
          [1.8535e-04],
          [3.9558e-05],
          [4.4995e-05],
          [5.0419e-05],
          [3.4516e-05],
          [3.4815e-05],
          [3.5050e-05],
          [4.5081e-05],
          [4.4385e-05],
          [3.9065e-05],
          [3.4032e-05],
          [4.9317e-04],
          [4.9749e-05],
          [1.2261e-04],
          [7.0936e-05],
          [4.4341e-05],
          [5.8251e-05],
          [4.9063e-05],
          [6.0690e-05],
          [6.1410e-05],
          [5.3048e-05],
          [4.6910e-04],
          [4.5137e-05],
          [1.1693e-04],
          [4.4948e-05],
          [4.1533e-05],
          [5.2590e-05],
          [4.9999e-05],
          [4.0869e-05],
          [4.3792e-05],
          [4.5763e-05],
          [5.8220e-05],
          [5.5504e-05],
          [5.9998e-05],
          [6.3628e-05],
          [6.5456e-05],
          [2.0893e-04],
          [1.0537e-04],
          [5.6992e-05],
          [4.3937e-05],
          [3.5746e-05],
          [4.9495e-05],
          [3.4725e-05],
          [3.0732e-05],
          [2.8867e-05],
          [2.3893e-05],
          [2.2075e-05],
          [2.2825e-05],
          [2.2579e-05],
          [1.9118e-05],
          [1.6679e-05],
          [3.2385e-05],
          [3.0231e-05],
          [2.9500e-05],
          [3.1222e-05],
          [3.4374e-05],
          [3.5659e-05],
          [3.9554e-05],
          [5.3244e-05],
          [4.5615e-05],
          [5.4533e-05],
          [4.7278e-05],
          [4.7458e-05],
          [5.5898e-05],
          [6.1359e-05],
          [5.2020e-05],
          [4.6599e-05],
          [4.9031e-05],
          [3.9424e-05],
          [4.9394e-05],
          [3.0236e-05],
          [4.3934e-05],
          [3.3334e-05],
          [3.7624e-05],
          [3.4774e-05],
          [4.1403e-05],
          [3.2520e-05],
          [4.4925e-05],
          [4.0395e-05],
          [4.1130e-05],
          [1.9854e-04],
          [3.4488e-05],
          [1.2201e-04],
          [3.5631e-05],
          [3.8383e-05],
          [4.0468e-05],
          [3.9818e-05],
          [3.5983e-05],
          [4.4282e-05],
          [6.0250e-05],
          [4.4371e-05],
          [4.0621e-05],
          [4.8722e-05],
          [5.4158e-05],
          [4.0032e-05],
          [4.6149e-05],
          [3.8949e-05],
          [3.3089e-04],
          [9.5232e-05],
          [2.5839e-04],
          [3.7745e-05],
          [2.9830e-05],
          [2.4598e-05],
          [2.9723e-05],
          [4.0776e-04],
          [1.3817e-04],
          [3.2828e-05],
          [3.1505e-05],
          [3.2843e-05],
          [5.2243e-05],
          [7.1179e-05],
          [4.5596e-05],
          [3.7491e-05],
          [3.2677e-05],
          [2.6779e-05],
          [2.2589e-05],
          [2.5813e-05],
          [2.0700e-05],
          [1.9378e-05],
          [3.4612e-05],
          [6.1130e-05],
          [3.7935e-05],
          [3.4636e-05],
          [5.1044e-05],
          [6.4169e-05],
          [8.6070e-05],
          [7.4053e-05],
          [5.3626e-05],
          [4.3838e-05],
          [2.9919e-05],
          [2.3664e-05],
          [4.1144e-05],
          [1.6187e-04],
          [9.1040e-05],
          [8.5445e-05],
          [8.2609e-05],
          [9.7478e-05],
          [7.0458e-05],
          [6.9043e-05],
          [6.1353e-05],
          [5.5157e-05],
          [1.1341e-04],
          [5.8055e-05],
          [4.9225e-04],
          [2.4494e-04],
          [3.6730e-05],
          [4.2642e-05],
          [5.7346e-05],
          [3.9756e-05],
          [2.7685e-05],
          [3.2715e-04],
          [2.0848e-04],
          [4.0810e-05],
          [1.1858e-04],
          [1.6891e-04],
          [2.1080e-05],
          [4.3676e-04],
          [3.5588e-05],
          [2.5532e-04],
          [4.0233e-05],
          [4.9940e-05],
          [5.2781e-05],
          [3.9529e-05],
          [3.0244e-05],
          [7.8782e-05],
          [7.8727e-06]]]])
