# Using CPU
# Loading Embeddings...
# Making Predictions...
torch.Size([1, 1, 442, 252])
tensor([[[[1.4644e-04],
          [6.1872e-05],
          [1.1466e-04],
          [2.0374e-05],
          [9.9824e-06],
          [8.8194e-04],
          [6.2903e-04],
          [1.7088e-05],
          [6.6581e-04],
          [6.5895e-04],
          [1.8657e-05],
          [1.8304e-05],
          [5.9204e-04],
          [2.3018e-04],
          [2.2518e-05],
          [1.1870e-05],
          [1.2010e-05],
          [1.4494e-05],
          [1.4660e-05],
          [1.5025e-05],
          [1.7476e-03],
          [3.1244e-05],
          [3.5509e-04],
          [1.6726e-05],
          [2.0852e-05],
          [2.7834e-05],
          [4.0067e-05],
          [6.8615e-05],
          [9.6684e-05],
          [1.3543e-04],
          [1.3670e-04],
          [1.6507e-04],
          [1.6830e-04],
          [1.6519e-04],
          [1.2925e-04],
          [9.7878e-05],
          [3.1198e-03],
          [7.5918e-05],
          [2.5523e-04],
          [2.0313e-04],
          [2.0241e-04],
          [2.8125e-05],
          [2.3623e-05],
          [2.5824e-05],
          [1.8065e-05],
          [1.8187e-05],
          [1.4407e-05],
          [1.6958e-05],
          [2.6521e-05],
          [4.9599e-04],
          [2.2206e-04],
          [2.1015e-05],
          [1.2565e-05],
          [1.0083e-03],
          [3.1238e-04],
          [1.5847e-05],
          [1.5922e-05],
          [1.5685e-05],
          [1.9361e-05],
          [2.2714e-05],
          [2.2927e-05],
          [2.2675e-05],
          [4.8014e-04],
          [2.1037e-04],
          [1.8717e-05],
          [1.9876e-05],
          [1.6862e-05],
          [1.5585e-05],
          [1.6747e-05],
          [1.6413e-05],
          [1.5245e-05],
          [4.1552e-04],
          [3.5791e-05],
          [3.4838e-05],
          [1.5898e-05],
          [1.9833e-05],
          [7.3839e-04],
          [1.7098e-05],
          [1.5307e-05],
          [1.3250e-05],
          [2.7752e-04],
          [1.9200e-04],
          [1.4730e-05],
          [1.3859e-05],
          [1.5763e-05],
          [1.9284e-05],
          [2.0143e-05],
          [2.3301e-05],
          [1.9748e-05],
          [1.7354e-05],
          [9.4161e-04],
          [5.9135e-05],
          [2.7898e-04],
          [1.2975e-05],
          [1.4729e-05],
          [1.7642e-05],
          [2.0780e-05],
          [2.4469e-05],
          [1.9846e-05],
          [2.0722e-05],
          [1.9662e-05],
          [1.5386e-05],
          [1.1437e-05],
          [1.1385e-05],
          [1.3460e-05],
          [2.0750e-05],
          [2.3831e-05],
          [2.8877e-05],
          [3.0721e-05],
          [3.2248e-05],
          [2.5430e-05],
          [2.6011e-04],
          [2.2352e-04],
          [1.7865e-05],
          [2.4730e-04],
          [1.8146e-05],
          [1.6523e-05],
          [1.3204e-05],
          [1.6664e-05],
          [1.7429e-05],
          [1.7345e-05],
          [1.3528e-05],
          [1.4500e-05],
          [1.2793e-05],
          [1.5014e-05],
          [1.4674e-05],
          [1.8242e-05],
          [1.8172e-05],
          [2.1907e-05],
          [2.5945e-05],
          [2.3737e-05],
          [4.7836e-04],
          [4.0553e-04],
          [2.6969e-05],
          [3.1853e-05],
          [3.3039e-05],
          [2.6528e-05],
          [2.8377e-05],
          [2.0466e-05],
          [2.1693e-05],
          [1.6955e-05],
          [1.6246e-05],
          [1.1698e-05],
          [1.2773e-05],
          [1.6230e-05],
          [2.2307e-05],
          [2.3246e-05],
          [3.3050e-05],
          [4.5303e-05],
          [6.4026e-05],
          [6.3252e-05],
          [7.2763e-05],
          [7.4328e-05],
          [9.0791e-05],
          [8.5675e-05],
          [6.4339e-05],
          [9.0933e-04],
          [3.1353e-04],
          [4.0412e-04],
          [5.3717e-04],
          [1.8291e-05],
          [1.7532e-05],
          [1.6583e-05],
          [1.8847e-05],
          [2.0649e-05],
          [2.6915e-05],
          [2.3959e-05],
          [2.4052e-05],
          [2.5749e-05],
          [2.6422e-05],
          [2.5174e-05],
          [8.0119e-04],
          [3.8468e-04],
          [3.6147e-05],
          [4.4468e-05],
          [4.6212e-05],
          [4.5544e-05],
          [4.0149e-05],
          [4.6853e-04],
          [7.6692e-05],
          [3.2887e-04],
          [1.7068e-05],
          [1.4572e-05],
          [2.3140e-04],
          [1.4565e-05],
          [2.4887e-04],
          [1.4203e-05],
          [1.2542e-05],
          [1.3391e-05],
          [1.0403e-03],
          [1.8816e-05],
          [1.2445e-03],
          [2.1243e-05],
          [2.7170e-05],
          [2.8654e-05],
          [2.8783e-05],
          [3.4211e-05],
          [2.6931e-05],
          [4.6091e-04],
          [2.0200e-04],
          [2.3951e-05],
          [1.9932e-05],
          [1.9825e-05],
          [1.5996e-05],
          [1.6826e-05],
          [1.6185e-05],
          [1.3025e-05],
          [7.6594e-04],
          [3.7752e-04],
          [1.4756e-05],
          [1.4654e-05],
          [1.5774e-05],
          [1.6470e-05],
          [8.3666e-04],
          [4.8113e-05],
          [1.9313e-05],
          [4.1752e-04],
          [1.7145e-05],
          [1.5134e-05],
          [1.4661e-05],
          [1.4854e-05],
          [1.8450e-05],
          [1.6684e-05],
          [1.3347e-05],
          [1.4211e-05],
          [1.6980e-05],
          [1.7429e-05],
          [1.5898e-05],
          [1.3307e-05],
          [1.1980e-05],
          [1.2706e-05],
          [1.3251e-05],
          [1.3017e-05],
          [1.4326e-05],
          [8.5521e-04],
          [2.2743e-04],
          [1.7535e-05],
          [1.9880e-05],
          [1.7291e-05],
          [1.7901e-05],
          [1.4490e-05],
          [1.8189e-05],
          [1.4544e-05],
          [2.0804e-05],
          [1.8016e-05],
          [1.2105e-05],
          [5.9350e-04],
          [1.8763e-04],
          [2.1942e-05],
          [2.6176e-04],
          [1.3793e-05],
          [3.6798e-04],
          [1.3189e-04],
          [2.4619e-05],
          [3.0775e-05],
          [3.1952e-05],
          [3.2555e-05],
          [4.1694e-05],
          [4.6439e-05],
          [5.7278e-05],
          [5.3287e-05],
          [7.3978e-05],
          [8.2294e-05],
          [1.2285e-04],
          [1.1607e-04],
          [1.3941e-04],
          [7.6679e-05],
          [7.1015e-04],
          [4.8774e-05],
          [3.9753e-05],
          [2.0300e-04],
          [4.0363e-04],
          [3.8980e-05],
          [1.3793e-04],
          [2.3370e-04],
          [4.0336e-05],
          [2.2011e-04],
          [1.9549e-05],
          [1.2669e-05],
          [1.1912e-05],
          [9.2382e-06],
          [9.3818e-06],
          [9.4821e-06],
          [1.9349e-05],
          [1.1323e-05],
          [1.7060e-05],
          [1.2181e-05],
          [3.6803e-04],
          [3.4358e-05],
          [1.2248e-04],
          [6.9592e-05],
          [1.4123e-05],
          [1.2573e-05],
          [1.2129e-05],
          [1.1384e-05],
          [1.0662e-05],
          [1.0778e-05],
          [8.2342e-04],
          [2.2808e-05],
          [5.4174e-04],
          [1.3148e-05],
          [1.2617e-05],
          [1.5666e-05],
          [1.5845e-05],
          [1.6272e-05],
          [1.9377e-05],
          [1.7782e-05],
          [2.3293e-05],
          [2.3417e-05],
          [3.4166e-05],
          [3.6435e-05],
          [4.2054e-05],
          [7.4797e-04],
          [2.8880e-04],
          [2.8873e-05],
          [2.2580e-05],
          [1.6766e-05],
          [1.4103e-05],
          [1.3762e-05],
          [1.3250e-05],
          [1.5190e-05],
          [1.3136e-05],
          [1.5642e-05],
          [1.2545e-05],
          [1.4304e-05],
          [1.3132e-05],
          [1.1478e-05],
          [1.3672e-05],
          [1.5187e-05],
          [1.3358e-05],
          [1.4255e-05],
          [1.3601e-05],
          [1.5599e-05],
          [1.4219e-05],
          [1.4810e-05],
          [1.7046e-05],
          [1.6720e-05],
          [1.9969e-05],
          [1.7065e-05],
          [2.3162e-05],
          [2.4146e-05],
          [2.2671e-05],
          [1.8905e-05],
          [2.0760e-05],
          [2.2762e-05],
          [2.2718e-05],
          [1.8392e-05],
          [1.5782e-05],
          [1.6569e-05],
          [1.8860e-05],
          [1.7580e-05],
          [1.5588e-05],
          [1.6652e-05],
          [1.7622e-05],
          [1.7167e-05],
          [2.0210e-05],
          [5.9592e-04],
          [3.2468e-05],
          [1.1792e-03],
          [2.4950e-05],
          [2.3770e-05],
          [2.2596e-05],
          [2.0279e-05],
          [1.9451e-05],
          [1.4558e-05],
          [1.2742e-05],
          [1.2376e-05],
          [1.1359e-05],
          [1.1175e-05],
          [1.2606e-05],
          [1.3742e-05],
          [1.9227e-05],
          [1.8860e-05],
          [7.4315e-04],
          [9.0532e-05],
          [4.2158e-04],
          [1.4812e-05],
          [1.2719e-05],
          [9.0821e-06],
          [1.0875e-05],
          [7.2679e-04],
          [3.5839e-04],
          [1.2140e-05],
          [1.3968e-05],
          [1.7126e-05],
          [2.4363e-05],
          [2.6222e-05],
          [2.9080e-05],
          [3.0493e-05],
          [2.5269e-05],
          [2.1650e-05],
          [1.8264e-05],
          [1.6714e-05],
          [1.3205e-05],
          [1.1664e-05],
          [1.2034e-05],
          [1.2009e-05],
          [1.2075e-05],
          [1.1911e-05],
          [1.9516e-05],
          [3.1536e-05],
          [4.3220e-05],
          [4.1454e-05],
          [2.9349e-05],
          [2.8217e-05],
          [2.7748e-05],
          [2.8202e-05],
          [2.0502e-05],
          [3.4890e-04],
          [1.5648e-04],
          [2.2787e-05],
          [2.0542e-05],
          [1.6704e-05],
          [1.5324e-05],
          [1.8327e-05],
          [1.6523e-05],
          [1.8788e-05],
          [2.5451e-04],
          [8.8686e-05],
          [5.8791e-04],
          [3.2887e-04],
          [1.9055e-05],
          [1.7500e-05],
          [1.9871e-05],
          [1.8546e-05],
          [1.4989e-05],
          [6.5346e-04],
          [1.5577e-04],
          [1.5508e-05],
          [8.5135e-05],
          [1.3556e-04],
          [2.1832e-05],
          [3.3689e-04],
          [3.1431e-05],
          [3.2483e-04],
          [2.7855e-05],
          [1.5398e-05],
          [1.1366e-05],
          [1.1546e-05],
          [1.1469e-05],
          [9.6244e-05],
          [7.7669e-06]]]])
