# Using CPU
# Loading Embeddings...
# Making Predictions...
torch.Size([1, 1, 442, 255])
tensor([[[[7.4634e-05],
          [2.9399e-05],
          [6.5703e-05],
          [2.7531e-05],
          [8.5150e-06],
          [5.1940e-04],
          [5.0077e-04],
          [2.0859e-05],
          [3.4839e-04],
          [6.7570e-04],
          [2.0413e-05],
          [1.9376e-05],
          [3.9435e-04],
          [1.0792e-04],
          [3.4542e-05],
          [1.2153e-05],
          [1.0475e-05],
          [1.1029e-05],
          [1.1365e-05],
          [1.6018e-05],
          [8.8513e-04],
          [2.4737e-05],
          [3.4715e-04],
          [1.5245e-05],
          [2.1428e-05],
          [3.1012e-05],
          [4.2919e-05],
          [7.4626e-05],
          [9.6559e-05],
          [1.2032e-04],
          [1.2454e-04],
          [1.2177e-04],
          [1.2838e-04],
          [1.5130e-04],
          [1.1743e-04],
          [8.4769e-05],
          [1.8405e-03],
          [8.4385e-05],
          [9.0433e-05],
          [1.3637e-04],
          [2.7723e-04],
          [2.5679e-05],
          [2.5738e-05],
          [2.8000e-05],
          [1.9704e-05],
          [1.7764e-05],
          [1.4190e-05],
          [1.3441e-05],
          [1.3792e-05],
          [2.3360e-04],
          [2.0041e-04],
          [1.2840e-05],
          [1.2215e-05],
          [7.7734e-04],
          [3.8465e-04],
          [1.9140e-05],
          [1.9593e-05],
          [1.8679e-05],
          [2.1616e-05],
          [2.6672e-05],
          [2.8639e-05],
          [2.7952e-05],
          [3.9465e-04],
          [1.4098e-04],
          [2.2210e-05],
          [2.1990e-05],
          [1.8956e-05],
          [1.6535e-05],
          [1.8669e-05],
          [1.6129e-05],
          [1.6971e-05],
          [2.9052e-04],
          [3.1431e-05],
          [2.2429e-05],
          [1.9588e-05],
          [1.9266e-05],
          [8.6543e-04],
          [1.5928e-05],
          [1.5463e-05],
          [1.2640e-05],
          [1.6722e-04],
          [1.0273e-04],
          [1.3177e-05],
          [1.4576e-05],
          [1.7491e-05],
          [2.1903e-05],
          [2.2875e-05],
          [2.4401e-05],
          [2.0968e-05],
          [1.8461e-05],
          [6.2253e-04],
          [1.0201e-04],
          [1.2679e-04],
          [1.2073e-05],
          [1.1896e-05],
          [1.3610e-05],
          [1.5530e-05],
          [1.9389e-05],
          [1.7498e-05],
          [1.8771e-05],
          [1.9408e-05],
          [1.7047e-05],
          [1.2572e-05],
          [1.3552e-05],
          [1.7825e-05],
          [2.6194e-05],
          [3.0517e-05],
          [3.7969e-05],
          [3.8548e-05],
          [4.0206e-05],
          [3.3304e-05],
          [1.5203e-04],
          [1.3727e-04],
          [1.9039e-05],
          [1.3379e-04],
          [2.1660e-05],
          [1.7097e-05],
          [1.2328e-05],
          [1.6677e-05],
          [1.9235e-05],
          [1.9418e-05],
          [1.5749e-05],
          [1.6815e-05],
          [1.3374e-05],
          [1.7420e-05],
          [1.6608e-05],
          [2.0930e-05],
          [2.1179e-05],
          [2.9067e-05],
          [2.8069e-05],
          [3.0762e-05],
          [4.3668e-04],
          [2.1195e-04],
          [3.3144e-05],
          [4.1470e-05],
          [3.4409e-05],
          [2.7852e-05],
          [2.6563e-05],
          [2.0329e-05],
          [2.1983e-05],
          [1.8294e-05],
          [1.7639e-05],
          [1.2743e-05],
          [1.5395e-05],
          [1.9200e-05],
          [2.8756e-05],
          [3.2357e-05],
          [4.8094e-05],
          [5.8489e-05],
          [9.6428e-05],
          [9.4524e-05],
          [8.9925e-05],
          [8.6818e-05],
          [9.2324e-05],
          [8.8624e-05],
          [6.5617e-05],
          [4.5138e-04],
          [3.1019e-04],
          [2.7269e-04],
          [8.3677e-04],
          [1.8056e-05],
          [2.0088e-05],
          [1.8528e-05],
          [2.1606e-05],
          [2.2484e-05],
          [3.0510e-05],
          [2.4590e-05],
          [2.6670e-05],
          [2.7239e-05],
          [3.1439e-05],
          [2.6626e-05],
          [4.4852e-04],
          [3.9320e-04],
          [3.6101e-05],
          [5.2375e-05],
          [5.6115e-05],
          [5.4719e-05],
          [5.1448e-05],
          [2.8692e-04],
          [6.4870e-05],
          [1.7513e-04],
          [2.1584e-05],
          [1.7286e-05],
          [1.8078e-04],
          [1.2573e-05],
          [1.2258e-04],
          [1.4175e-05],
          [1.4129e-05],
          [1.4113e-05],
          [7.4649e-04],
          [5.3575e-05],
          [1.5052e-03],
          [2.7214e-05],
          [3.4005e-05],
          [3.6361e-05],
          [3.6813e-05],
          [4.1234e-05],
          [3.5388e-05],
          [2.7036e-04],
          [1.0668e-04],
          [2.7332e-05],
          [2.2550e-05],
          [2.0183e-05],
          [1.5835e-05],
          [1.4906e-05],
          [1.3883e-05],
          [1.2856e-05],
          [5.3694e-04],
          [4.3143e-04],
          [1.3492e-05],
          [1.4847e-05],
          [1.6251e-05],
          [1.7207e-05],
          [3.5606e-04],
          [4.1617e-05],
          [2.2061e-05],
          [6.3802e-04],
          [1.7138e-05],
          [1.5153e-05],
          [1.4997e-05],
          [1.3495e-05],
          [1.6358e-05],
          [1.3984e-05],
          [1.4343e-05],
          [1.4608e-05],
          [1.3734e-05],
          [1.5941e-05],
          [1.5108e-05],
          [1.3540e-05],
          [1.1836e-05],
          [1.2531e-05],
          [1.3311e-05],
          [1.3540e-05],
          [1.4334e-05],
          [4.9367e-04],
          [2.7413e-04],
          [1.5302e-05],
          [1.8415e-05],
          [1.3755e-05],
          [1.6647e-05],
          [2.0675e-05],
          [1.8123e-05],
          [1.6684e-05],
          [3.2919e-05],
          [2.1405e-05],
          [1.2603e-05],
          [4.0711e-04],
          [4.3602e-04],
          [1.6173e-05],
          [1.3865e-04],
          [1.2300e-05],
          [2.6915e-04],
          [1.2992e-04],
          [2.3193e-05],
          [2.5712e-05],
          [2.9589e-05],
          [2.8235e-05],
          [3.7323e-05],
          [4.0172e-05],
          [6.0072e-05],
          [6.1398e-05],
          [1.0810e-04],
          [1.2175e-04],
          [1.7975e-04],
          [1.6409e-04],
          [1.9127e-04],
          [1.0499e-04],
          [4.2132e-04],
          [5.0548e-05],
          [4.2493e-05],
          [1.3080e-04],
          [2.1118e-04],
          [3.1963e-05],
          [8.5610e-05],
          [1.4926e-04],
          [9.3191e-05],
          [1.7530e-04],
          [1.4899e-05],
          [1.4013e-05],
          [1.3420e-05],
          [1.0013e-05],
          [9.5664e-06],
          [9.5221e-06],
          [1.4307e-05],
          [1.0688e-05],
          [1.3286e-05],
          [1.1148e-05],
          [2.1414e-04],
          [2.5076e-05],
          [6.9021e-05],
          [1.0714e-04],
          [1.2670e-05],
          [1.1872e-05],
          [1.1681e-05],
          [1.1103e-05],
          [1.0404e-05],
          [1.0821e-05],
          [6.5860e-04],
          [1.9695e-05],
          [6.8897e-04],
          [1.2587e-05],
          [1.1259e-05],
          [1.2942e-05],
          [1.3359e-05],
          [1.4698e-05],
          [1.3984e-05],
          [1.4472e-05],
          [1.6736e-05],
          [1.5812e-05],
          [2.1899e-05],
          [2.7548e-05],
          [3.2719e-05],
          [3.1116e-04],
          [3.5986e-04],
          [2.3009e-05],
          [1.8974e-05],
          [2.0087e-05],
          [1.3852e-05],
          [1.5048e-05],
          [2.0076e-05],
          [2.2097e-05],
          [1.8085e-05],
          [1.4589e-05],
          [1.3178e-05],
          [1.5304e-05],
          [1.2206e-05],
          [1.2082e-05],
          [1.3359e-05],
          [1.4666e-05],
          [1.4080e-05],
          [1.3215e-05],
          [1.3721e-05],
          [1.4611e-05],
          [1.3898e-05],
          [1.3433e-05],
          [1.8541e-05],
          [1.7593e-05],
          [2.0989e-05],
          [1.7925e-05],
          [2.6226e-05],
          [2.9067e-05],
          [3.1199e-05],
          [2.4451e-05],
          [3.2914e-05],
          [3.3002e-05],
          [3.7074e-05],
          [2.6475e-05],
          [2.5706e-05],
          [2.3737e-05],
          [2.3811e-05],
          [1.8282e-05],
          [1.5807e-05],
          [1.7676e-05],
          [1.9293e-05],
          [1.6774e-05],
          [1.9917e-05],
          [4.2667e-04],
          [5.7644e-05],
          [2.2368e-03],
          [1.8766e-05],
          [2.0800e-05],
          [1.6340e-05],
          [1.8932e-05],
          [1.8355e-05],
          [1.8308e-05],
          [1.8380e-05],
          [1.7360e-05],
          [1.4540e-05],
          [1.3580e-05],
          [1.4159e-05],
          [1.2729e-05],
          [1.4943e-05],
          [1.5534e-05],
          [4.8266e-04],
          [6.1847e-05],
          [5.5465e-04],
          [1.3299e-05],
          [1.2827e-05],
          [8.9268e-06],
          [1.1397e-05],
          [7.1729e-04],
          [4.8327e-04],
          [1.6289e-05],
          [1.7036e-05],
          [2.1945e-05],
          [2.7571e-05],
          [3.0967e-05],
          [3.8585e-05],
          [5.1253e-05],
          [3.8124e-05],
          [3.8205e-05],
          [2.6044e-05],
          [1.8302e-05],
          [1.6229e-05],
          [1.2548e-05],
          [1.3495e-05],
          [1.3788e-05],
          [1.3105e-05],
          [1.2254e-05],
          [4.8241e-05],
          [2.8180e-05],
          [3.6345e-05],
          [5.9966e-05],
          [2.4035e-05],
          [2.7991e-05],
          [2.4303e-05],
          [2.5517e-05],
          [2.1728e-05],
          [2.6794e-04],
          [1.7665e-04],
          [2.5343e-05],
          [2.2590e-05],
          [1.9319e-05],
          [1.6890e-05],
          [2.1459e-05],
          [2.4241e-05],
          [3.5694e-05],
          [1.4478e-04],
          [7.6936e-05],
          [4.6573e-04],
          [4.2988e-04],
          [2.5098e-05],
          [2.0573e-05],
          [1.5463e-05],
          [1.7542e-05],
          [1.6740e-05],
          [2.8839e-04],
          [6.0203e-04],
          [1.8908e-05],
          [7.0180e-05],
          [7.3749e-05],
          [2.2606e-05],
          [2.8335e-04],
          [2.7966e-05],
          [1.8953e-04],
          [1.9221e-05],
          [1.4567e-05],
          [1.1586e-05],
          [1.1485e-05],
          [1.0891e-05],
          [9.1650e-05],
          [1.1644e-05]]]])
