# Using CPU
# Loading Embeddings...
# Making Predictions...
torch.Size([1, 1, 442, 209])
tensor([[[[1.1173e-04],
          [2.5077e-05],
          [5.2809e-05],
          [2.2602e-05],
          [1.0160e-05],
          [1.0521e-04],
          [1.4532e-04],
          [2.8469e-05],
          [8.1429e-05],
          [1.1575e-04],
          [1.3841e-05],
          [1.1806e-05],
          [4.2546e-04],
          [1.3802e-04],
          [5.9671e-05],
          [1.4837e-05],
          [2.0331e-05],
          [2.9523e-05],
          [3.1625e-05],
          [3.6627e-05],
          [1.1283e-04],
          [2.5364e-05],
          [7.0073e-05],
          [1.8667e-05],
          [1.6159e-05],
          [1.5698e-05],
          [1.6937e-05],
          [2.4291e-05],
          [2.3483e-05],
          [2.6960e-05],
          [2.5536e-05],
          [2.5777e-05],
          [2.4192e-05],
          [2.4504e-05],
          [1.9722e-05],
          [1.7266e-05],
          [5.9318e-04],
          [2.4967e-05],
          [9.9100e-05],
          [5.1296e-05],
          [1.0827e-04],
          [1.2469e-05],
          [1.1845e-05],
          [1.1150e-05],
          [1.5695e-05],
          [1.1342e-05],
          [1.1577e-05],
          [1.2056e-05],
          [1.2613e-05],
          [2.8715e-04],
          [1.1946e-04],
          [1.3560e-05],
          [1.3826e-05],
          [1.1390e-04],
          [7.8170e-05],
          [1.3125e-05],
          [1.1036e-05],
          [1.8327e-05],
          [1.4408e-05],
          [1.1959e-05],
          [1.2055e-05],
          [1.1293e-05],
          [5.5877e-04],
          [1.7545e-04],
          [1.5562e-05],
          [1.4559e-05],
          [1.6456e-05],
          [1.9417e-05],
          [1.8119e-05],
          [1.5165e-05],
          [1.2268e-05],
          [4.4599e-04],
          [2.0994e-05],
          [1.9102e-05],
          [1.2204e-05],
          [1.7214e-05],
          [1.8149e-04],
          [1.3502e-05],
          [1.2141e-05],
          [1.1209e-05],
          [1.5401e-04],
          [1.0351e-04],
          [1.2239e-05],
          [1.0309e-05],
          [1.1338e-05],
          [1.2199e-05],
          [1.2992e-05],
          [1.4323e-05],
          [1.4131e-05],
          [1.2896e-05],
          [8.8947e-05],
          [4.5519e-05],
          [1.1486e-04],
          [1.2174e-05],
          [1.4546e-05],
          [1.8354e-05],
          [2.1693e-05],
          [4.4508e-05],
          [4.3493e-05],
          [5.2455e-05],
          [7.9577e-05],
          [7.5852e-05],
          [4.4591e-05],
          [2.9803e-05],
          [2.1007e-05],
          [1.5333e-05],
          [1.3661e-05],
          [1.4165e-05],
          [1.4093e-05],
          [1.3725e-05],
          [1.2183e-05],
          [3.1733e-05],
          [2.1978e-04],
          [1.9926e-05],
          [1.6696e-04],
          [1.2608e-05],
          [1.0481e-05],
          [1.0742e-05],
          [1.0972e-05],
          [1.1398e-05],
          [1.2155e-05],
          [1.3322e-05],
          [1.9750e-05],
          [1.1622e-05],
          [1.2799e-05],
          [1.1248e-05],
          [1.1571e-05],
          [1.2154e-05],
          [1.3433e-05],
          [1.3725e-05],
          [1.4305e-05],
          [4.4394e-04],
          [1.4569e-04],
          [2.3886e-05],
          [1.5343e-05],
          [1.4234e-05],
          [1.4456e-05],
          [1.3030e-05],
          [1.5348e-05],
          [1.5464e-05],
          [1.3217e-05],
          [1.1207e-05],
          [1.0923e-05],
          [1.0854e-05],
          [1.1895e-05],
          [1.2284e-05],
          [1.2749e-05],
          [1.4427e-05],
          [1.6257e-05],
          [2.1032e-05],
          [2.0509e-05],
          [2.3323e-05],
          [1.9235e-05],
          [2.2705e-05],
          [1.9069e-05],
          [1.7454e-05],
          [7.1345e-05],
          [6.0434e-05],
          [4.9047e-05],
          [9.5124e-05],
          [1.9732e-05],
          [1.4270e-05],
          [1.8223e-05],
          [2.1781e-05],
          [1.6206e-05],
          [1.8359e-05],
          [1.8130e-05],
          [1.4202e-05],
          [1.4493e-05],
          [1.5212e-05],
          [1.3258e-05],
          [1.7258e-04],
          [1.0590e-04],
          [1.3427e-05],
          [1.4657e-05],
          [1.5005e-05],
          [1.5900e-05],
          [1.4942e-05],
          [3.8006e-04],
          [4.3577e-05],
          [2.3926e-04],
          [1.2604e-05],
          [2.0270e-05],
          [1.1909e-04],
          [1.5400e-05],
          [1.2087e-04],
          [1.7815e-05],
          [2.0976e-05],
          [1.8115e-05],
          [1.1707e-04],
          [2.6355e-05],
          [1.7437e-04],
          [1.5888e-05],
          [1.6618e-05],
          [1.2956e-05],
          [1.4306e-05],
          [1.4750e-05],
          [1.4015e-05],
          [3.7794e-04],
          [1.2460e-04],
          [1.4612e-05],
          [1.3979e-05],
          [1.4607e-05],
          [1.2510e-05],
          [1.4490e-05],
          [1.4530e-05],
          [1.5222e-05],
          [1.2750e-04],
          [9.0538e-05],
          [1.6599e-05],
          [1.3005e-05],
          [1.1888e-05],
          [1.1794e-05],
          [2.5485e-04],
          [3.8335e-05],
          [2.9519e-05],
          [1.8166e-04],
          [1.7040e-05],
          [1.4242e-05],
          [1.2397e-05],
          [1.4463e-05],
          [1.5212e-05],
          [1.6163e-05],
          [1.4170e-05],
          [1.4320e-05],
          [2.4258e-05],
          [1.4235e-05],
          [1.4039e-05],
          [1.3265e-05],
          [1.2656e-05],
          [1.3452e-05],
          [1.2472e-05],
          [1.1804e-05],
          [1.1473e-05],
          [1.4805e-04],
          [9.7866e-05],
          [1.8680e-05],
          [1.4718e-05],
          [1.5577e-05],
          [2.0476e-05],
          [2.8858e-05],
          [3.1613e-05],
          [2.3210e-05],
          [3.8772e-05],
          [3.2009e-05],
          [1.8276e-05],
          [5.6686e-05],
          [1.1573e-04],
          [1.9897e-05],
          [1.4928e-04],
          [1.2500e-05],
          [2.1057e-04],
          [1.2382e-04],
          [2.0129e-05],
          [1.8985e-05],
          [2.1024e-05],
          [1.8237e-05],
          [2.0598e-05],
          [2.0967e-05],
          [1.9773e-05],
          [1.9226e-05],
          [2.0090e-05],
          [1.9864e-05],
          [2.0433e-05],
          [3.0546e-05],
          [2.7396e-05],
          [2.2683e-05],
          [2.5448e-04],
          [1.4919e-05],
          [1.4688e-05],
          [2.4065e-04],
          [4.6639e-05],
          [3.9153e-05],
          [1.8078e-04],
          [1.8604e-04],
          [3.9193e-05],
          [2.6046e-04],
          [1.2126e-05],
          [1.0452e-05],
          [1.0304e-05],
          [1.0644e-05],
          [1.4280e-05],
          [1.4933e-05],
          [3.0341e-05],
          [2.4799e-05],
          [2.7333e-05],
          [1.8571e-05],
          [2.1063e-04],
          [2.7851e-05],
          [7.7603e-05],
          [4.6868e-05],
          [1.1095e-05],
          [1.3544e-05],
          [1.4484e-05],
          [1.6530e-05],
          [1.6238e-05],
          [1.5983e-05],
          [1.1975e-04],
          [1.8242e-05],
          [1.0406e-04],
          [1.7309e-05],
          [1.5680e-05],
          [1.3817e-05],
          [1.5036e-05],
          [1.6289e-05],
          [1.6716e-05],
          [1.3612e-05],
          [1.6030e-05],
          [1.5232e-05],
          [1.5853e-05],
          [1.3706e-05],
          [1.4219e-05],
          [1.8972e-04],
          [1.1099e-04],
          [1.6006e-05],
          [1.4414e-05],
          [1.6677e-05],
          [1.3087e-05],
          [1.5909e-05],
          [2.8773e-05],
          [3.3554e-05],
          [3.2132e-05],
          [2.9160e-05],
          [2.4697e-05],
          [2.3351e-05],
          [1.6105e-05],
          [1.3340e-05],
          [2.3581e-05],
          [2.5100e-05],
          [2.1925e-05],
          [1.5617e-05],
          [1.5007e-05],
          [1.4083e-05],
          [1.4452e-05],
          [1.6573e-05],
          [1.8827e-05],
          [2.1128e-05],
          [2.6337e-05],
          [2.4317e-05],
          [4.0703e-05],
          [4.1106e-05],
          [4.2261e-05],
          [2.4506e-05],
          [3.0200e-05],
          [2.7606e-05],
          [3.1913e-05],
          [2.5582e-05],
          [4.3088e-05],
          [3.1376e-05],
          [2.4975e-05],
          [2.0802e-05],
          [2.6107e-05],
          [2.3556e-05],
          [1.9138e-05],
          [1.7561e-05],
          [1.7910e-05],
          [7.5607e-05],
          [2.3824e-05],
          [1.2951e-04],
          [1.6998e-05],
          [1.5545e-05],
          [1.7154e-05],
          [1.3467e-05],
          [1.6473e-05],
          [1.4318e-05],
          [1.6246e-05],
          [1.3628e-05],
          [1.4588e-05],
          [1.5287e-05],
          [1.6294e-05],
          [1.4108e-05],
          [1.2784e-05],
          [1.3010e-05],
          [6.4741e-05],
          [8.1007e-05],
          [1.7143e-04],
          [1.4099e-05],
          [1.0790e-05],
          [1.1763e-05],
          [1.5379e-05],
          [1.3997e-04],
          [8.0715e-05],
          [1.5591e-05],
          [1.6380e-05],
          [1.7142e-05],
          [1.7147e-05],
          [1.8960e-05],
          [2.0678e-05],
          [3.6870e-05],
          [3.5676e-05],
          [3.0600e-05],
          [2.4330e-05],
          [2.3320e-05],
          [1.8216e-05],
          [1.3768e-05],
          [1.5521e-05],
          [1.3422e-05],
          [1.2629e-05],
          [1.4617e-05],
          [7.8266e-05],
          [6.0787e-05],
          [7.6680e-05],
          [8.2023e-05],
          [5.0338e-05],
          [4.0907e-05],
          [2.5760e-05],
          [1.8711e-05],
          [1.1456e-05],
          [2.2483e-04],
          [6.9727e-05],
          [1.2848e-05],
          [1.1643e-05],
          [1.2577e-05],
          [1.9490e-05],
          [2.7679e-05],
          [2.6827e-05],
          [2.9361e-05],
          [3.7186e-05],
          [1.2273e-04],
          [7.2127e-05],
          [9.0148e-05],
          [2.7360e-05],
          [2.7117e-05],
          [3.4679e-05],
          [2.5913e-05],
          [1.7579e-05],
          [1.4847e-04],
          [1.3461e-04],
          [2.0344e-05],
          [5.7944e-05],
          [1.7172e-04],
          [1.7189e-05],
          [4.0604e-04],
          [1.8357e-05],
          [2.1463e-04],
          [1.5256e-05],
          [1.1393e-05],
          [1.1313e-05],
          [1.5434e-05],
          [1.5065e-05],
          [8.7672e-06],
          [4.2932e-06]]]])
