# Using CPU
# Loading Embeddings...
# Making Predictions...
torch.Size([1, 1, 442, 253])
tensor([[[[1.1005e-04],
          [3.3826e-05],
          [7.3679e-05],
          [2.8894e-05],
          [8.8688e-06],
          [2.6185e-04],
          [9.1737e-04],
          [1.4106e-05],
          [1.6339e-04],
          [1.0117e-03],
          [2.0221e-05],
          [1.9294e-05],
          [3.6448e-04],
          [2.1461e-04],
          [1.6722e-05],
          [1.9782e-05],
          [1.3484e-05],
          [1.6503e-05],
          [2.2503e-05],
          [2.2320e-05],
          [4.5088e-04],
          [2.1362e-05],
          [4.4222e-04],
          [1.8157e-05],
          [2.1368e-05],
          [3.1835e-05],
          [4.3768e-05],
          [7.8433e-05],
          [1.0564e-04],
          [1.3937e-04],
          [1.4211e-04],
          [1.6402e-04],
          [1.4869e-04],
          [1.6427e-04],
          [1.2468e-04],
          [9.6109e-05],
          [1.9222e-03],
          [1.2421e-04],
          [2.4900e-04],
          [1.6039e-04],
          [3.8402e-04],
          [2.7672e-05],
          [2.5846e-05],
          [2.8011e-05],
          [2.0348e-05],
          [1.7757e-05],
          [1.4700e-05],
          [1.7011e-05],
          [2.1935e-05],
          [1.9141e-04],
          [3.4070e-04],
          [1.9134e-05],
          [1.4460e-05],
          [3.1472e-04],
          [4.2603e-04],
          [1.5020e-05],
          [1.6596e-05],
          [1.6330e-05],
          [1.9740e-05],
          [2.3662e-05],
          [2.5404e-05],
          [2.4840e-05],
          [5.0118e-04],
          [2.6041e-04],
          [2.1180e-05],
          [1.8207e-05],
          [1.6644e-05],
          [1.4394e-05],
          [1.5800e-05],
          [1.3877e-05],
          [1.4599e-05],
          [3.3976e-04],
          [3.4213e-05],
          [2.0247e-05],
          [1.6049e-05],
          [2.2167e-05],
          [1.3513e-03],
          [1.3922e-05],
          [1.4019e-05],
          [1.1938e-05],
          [1.7340e-04],
          [1.2111e-04],
          [1.6101e-05],
          [1.5584e-05],
          [1.5970e-05],
          [2.0003e-05],
          [2.0039e-05],
          [2.2153e-05],
          [1.8645e-05],
          [1.6514e-05],
          [2.7289e-04],
          [4.1587e-05],
          [1.8687e-04],
          [1.2851e-05],
          [1.4195e-05],
          [2.4871e-05],
          [2.5723e-05],
          [4.0457e-05],
          [4.2662e-05],
          [5.0139e-05],
          [4.9808e-05],
          [3.2377e-05],
          [1.9974e-05],
          [1.4993e-05],
          [1.3882e-05],
          [1.9943e-05],
          [2.2309e-05],
          [2.9229e-05],
          [3.0041e-05],
          [3.0445e-05],
          [2.3438e-05],
          [1.1183e-04],
          [1.5449e-04],
          [2.1825e-05],
          [1.3336e-04],
          [1.7403e-05],
          [1.5106e-05],
          [1.2322e-05],
          [1.5791e-05],
          [1.8038e-05],
          [1.7362e-05],
          [1.2669e-05],
          [1.5995e-05],
          [1.1905e-05],
          [1.4036e-05],
          [1.4056e-05],
          [1.6050e-05],
          [1.6101e-05],
          [2.0996e-05],
          [2.2769e-05],
          [5.3264e-05],
          [8.8662e-04],
          [3.2761e-04],
          [6.4046e-05],
          [3.1625e-05],
          [3.2342e-05],
          [2.6670e-05],
          [3.0017e-05],
          [2.3972e-05],
          [2.4871e-05],
          [1.8554e-05],
          [1.7396e-05],
          [1.1310e-05],
          [1.2849e-05],
          [1.5739e-05],
          [2.1603e-05],
          [2.3422e-05],
          [3.5900e-05],
          [4.8954e-05],
          [8.5442e-05],
          [9.1511e-05],
          [1.0443e-04],
          [9.9036e-05],
          [1.3051e-04],
          [1.0122e-04],
          [8.0815e-05],
          [1.8705e-04],
          [4.3373e-04],
          [1.2394e-04],
          [8.7694e-04],
          [1.8092e-05],
          [1.7202e-05],
          [2.4170e-05],
          [3.0136e-05],
          [2.3077e-05],
          [2.8391e-05],
          [2.6869e-05],
          [2.6549e-05],
          [2.8029e-05],
          [2.8786e-05],
          [2.4939e-05],
          [2.5450e-04],
          [5.8553e-04],
          [3.5931e-05],
          [4.4409e-05],
          [4.8035e-05],
          [5.0797e-05],
          [4.5267e-05],
          [3.8028e-04],
          [1.1252e-04],
          [2.4630e-04],
          [1.7096e-05],
          [1.8067e-05],
          [1.4566e-04],
          [1.3254e-05],
          [2.1548e-04],
          [1.4398e-05],
          [1.4519e-05],
          [1.3276e-05],
          [2.7852e-04],
          [2.7580e-05],
          [1.5390e-03],
          [2.1811e-05],
          [2.7125e-05],
          [2.8648e-05],
          [2.9249e-05],
          [3.6122e-05],
          [2.6687e-05],
          [3.5664e-04],
          [2.4549e-04],
          [2.2753e-05],
          [1.7679e-05],
          [1.6808e-05],
          [1.4055e-05],
          [1.6122e-05],
          [1.7955e-05],
          [1.7083e-05],
          [2.2649e-04],
          [5.7872e-04],
          [1.6307e-05],
          [1.3167e-05],
          [1.3606e-05],
          [1.3954e-05],
          [2.0437e-04],
          [4.4190e-05],
          [2.3924e-05],
          [8.3752e-04],
          [1.5564e-05],
          [1.3956e-05],
          [1.2566e-05],
          [1.2904e-05],
          [1.4855e-05],
          [1.5911e-05],
          [1.4044e-05],
          [1.5019e-05],
          [2.3701e-05],
          [1.6750e-05],
          [1.5938e-05],
          [1.3878e-05],
          [1.2694e-05],
          [1.1201e-05],
          [1.1849e-05],
          [1.3433e-05],
          [1.3643e-05],
          [1.9800e-04],
          [2.8936e-04],
          [1.6638e-05],
          [1.6647e-05],
          [1.3839e-05],
          [1.7878e-05],
          [1.6366e-05],
          [2.0397e-05],
          [1.6096e-05],
          [1.9253e-05],
          [2.5477e-05],
          [1.4459e-05],
          [1.5996e-04],
          [9.3354e-05],
          [1.9351e-05],
          [1.3253e-04],
          [1.2484e-05],
          [1.3830e-04],
          [1.9358e-04],
          [2.6132e-05],
          [3.0109e-05],
          [3.3559e-05],
          [3.2885e-05],
          [3.8801e-05],
          [4.4863e-05],
          [6.1265e-05],
          [6.0311e-05],
          [1.0711e-04],
          [1.3374e-04],
          [2.1541e-04],
          [1.7238e-04],
          [1.8008e-04],
          [1.1234e-04],
          [9.5001e-04],
          [5.4345e-05],
          [4.8198e-05],
          [2.2018e-04],
          [1.3895e-04],
          [3.3819e-05],
          [1.9073e-04],
          [1.2441e-04],
          [4.9370e-05],
          [1.4408e-04],
          [1.7306e-05],
          [1.2808e-05],
          [1.0805e-05],
          [9.6071e-06],
          [9.4603e-06],
          [1.0328e-05],
          [2.1098e-05],
          [1.5144e-05],
          [1.6957e-05],
          [1.2668e-05],
          [2.3245e-04],
          [2.1560e-05],
          [8.0157e-05],
          [1.9878e-04],
          [1.2947e-05],
          [1.1443e-05],
          [1.1285e-05],
          [1.0602e-05],
          [1.0348e-05],
          [1.2760e-05],
          [3.0524e-04],
          [1.6815e-05],
          [9.3287e-04],
          [1.2198e-05],
          [1.0656e-05],
          [1.2278e-05],
          [1.1718e-05],
          [1.1842e-05],
          [1.1778e-05],
          [1.2605e-05],
          [1.6332e-05],
          [1.5747e-05],
          [2.4192e-05],
          [3.0302e-05],
          [3.6964e-05],
          [3.3733e-04],
          [5.2401e-04],
          [2.8521e-05],
          [2.0427e-05],
          [2.0271e-05],
          [1.0688e-05],
          [1.2566e-05],
          [2.0369e-05],
          [2.6690e-05],
          [2.5046e-05],
          [2.1566e-05],
          [1.7678e-05],
          [1.7596e-05],
          [1.4040e-05],
          [1.3518e-05],
          [1.4587e-05],
          [1.5268e-05],
          [1.4623e-05],
          [1.5121e-05],
          [1.4289e-05],
          [1.5845e-05],
          [1.4658e-05],
          [1.3347e-05],
          [1.6617e-05],
          [1.7591e-05],
          [2.2796e-05],
          [1.8273e-05],
          [2.9519e-05],
          [2.7465e-05],
          [3.8064e-05],
          [1.7022e-05],
          [1.9396e-05],
          [1.8344e-05],
          [2.4550e-05],
          [1.6606e-05],
          [2.0590e-05],
          [3.1639e-05],
          [1.6264e-05],
          [1.9213e-05],
          [1.5707e-05],
          [1.3995e-05],
          [1.3689e-05],
          [1.5515e-05],
          [1.4495e-05],
          [2.4292e-04],
          [2.7718e-05],
          [1.5727e-03],
          [1.7986e-05],
          [1.9636e-05],
          [1.6168e-05],
          [1.6592e-05],
          [1.7194e-05],
          [1.4731e-05],
          [1.5204e-05],
          [1.4217e-05],
          [1.4609e-05],
          [1.4334e-05],
          [1.6352e-05],
          [1.5458e-05],
          [1.5620e-05],
          [1.5893e-05],
          [2.4431e-04],
          [7.1502e-05],
          [7.4204e-04],
          [1.2115e-05],
          [1.0933e-05],
          [1.0630e-05],
          [1.2183e-05],
          [4.0123e-04],
          [5.7297e-04],
          [1.1456e-05],
          [1.2401e-05],
          [1.4620e-05],
          [1.6577e-05],
          [2.0914e-05],
          [3.2336e-05],
          [5.9761e-05],
          [5.5451e-05],
          [5.0511e-05],
          [3.4064e-05],
          [2.4143e-05],
          [2.0379e-05],
          [1.3875e-05],
          [1.4736e-05],
          [1.4476e-05],
          [1.3717e-05],
          [1.2632e-05],
          [5.2936e-05],
          [2.4903e-05],
          [3.0789e-05],
          [4.4670e-05],
          [2.1619e-05],
          [3.2326e-05],
          [2.2632e-05],
          [2.2792e-05],
          [1.8398e-05],
          [1.9225e-04],
          [2.6302e-04],
          [2.4891e-05],
          [2.1722e-05],
          [1.7278e-05],
          [1.5094e-05],
          [1.7190e-05],
          [1.6311e-05],
          [3.6822e-05],
          [6.9222e-05],
          [1.2243e-04],
          [1.5083e-04],
          [4.9899e-04],
          [2.6043e-05],
          [1.7554e-05],
          [1.5812e-05],
          [2.0408e-05],
          [1.4744e-05],
          [2.2577e-04],
          [1.6195e-04],
          [2.4338e-05],
          [1.0719e-04],
          [1.0838e-04],
          [2.1183e-05],
          [2.8152e-04],
          [3.3305e-05],
          [2.6945e-04],
          [2.9402e-05],
          [1.5502e-05],
          [1.1598e-05],
          [1.4209e-05],
          [1.1359e-05],
          [2.9151e-05],
          [6.9435e-06]]]])
