# Using CPU
# Loading Embeddings...
# Making Predictions...
torch.Size([1, 1, 442, 282])
tensor([[[[1.5296e-04],
          [3.8296e-05],
          [1.1686e-04],
          [2.0159e-05],
          [9.2521e-06],
          [4.9548e-04],
          [3.5699e-04],
          [1.6419e-05],
          [3.8995e-04],
          [3.5772e-04],
          [1.8980e-05],
          [1.8903e-05],
          [2.9971e-04],
          [2.5309e-04],
          [1.5092e-05],
          [1.1676e-05],
          [1.2261e-05],
          [1.3575e-05],
          [1.2838e-05],
          [1.4459e-05],
          [4.1805e-04],
          [1.9629e-05],
          [2.6465e-04],
          [1.5130e-05],
          [2.1477e-05],
          [2.8733e-05],
          [4.2613e-05],
          [7.6696e-05],
          [8.9594e-05],
          [1.0645e-04],
          [9.6782e-05],
          [1.0623e-04],
          [9.9551e-05],
          [1.0043e-04],
          [8.1225e-05],
          [6.5075e-05],
          [3.8550e-04],
          [6.2433e-05],
          [2.7485e-04],
          [1.1492e-04],
          [2.8505e-04],
          [2.6920e-05],
          [2.4939e-05],
          [2.4678e-05],
          [1.7066e-05],
          [1.5622e-05],
          [1.5095e-05],
          [1.5791e-05],
          [2.1929e-05],
          [3.4253e-04],
          [1.9509e-04],
          [1.4716e-05],
          [1.6221e-05],
          [5.3776e-04],
          [1.9408e-04],
          [1.5384e-05],
          [1.5929e-05],
          [1.5845e-05],
          [1.9343e-05],
          [2.2384e-05],
          [2.1459e-05],
          [2.0805e-05],
          [3.6463e-04],
          [2.6414e-04],
          [1.6593e-05],
          [1.7695e-05],
          [1.6661e-05],
          [1.5801e-05],
          [1.7043e-05],
          [1.7017e-05],
          [1.6544e-05],
          [3.8892e-04],
          [2.1532e-05],
          [1.7761e-05],
          [1.5359e-05],
          [1.8449e-05],
          [5.5264e-04],
          [1.8335e-05],
          [1.5253e-05],
          [1.3250e-05],
          [1.8641e-04],
          [2.0158e-04],
          [1.5109e-05],
          [1.7455e-05],
          [1.8768e-05],
          [2.1924e-05],
          [2.3422e-05],
          [2.6331e-05],
          [2.2120e-05],
          [1.8783e-05],
          [4.5066e-04],
          [5.2128e-05],
          [2.6622e-04],
          [1.2893e-05],
          [1.3990e-05],
          [2.2417e-05],
          [2.4174e-05],
          [3.2102e-05],
          [2.1843e-05],
          [2.1907e-05],
          [2.1086e-05],
          [1.6224e-05],
          [1.3753e-05],
          [1.1982e-05],
          [1.4835e-05],
          [2.1402e-05],
          [2.4677e-05],
          [2.9693e-05],
          [3.2427e-05],
          [3.4590e-05],
          [2.5369e-05],
          [1.4325e-04],
          [1.1579e-04],
          [1.8627e-05],
          [2.8640e-04],
          [1.5061e-05],
          [1.3646e-05],
          [1.1390e-05],
          [1.4719e-05],
          [1.5691e-05],
          [1.5999e-05],
          [1.3635e-05],
          [1.9655e-05],
          [1.2547e-05],
          [1.4373e-05],
          [1.5043e-05],
          [1.6868e-05],
          [1.6221e-05],
          [1.8054e-05],
          [2.1179e-05],
          [5.0005e-05],
          [7.5772e-04],
          [4.8418e-04],
          [9.7417e-05],
          [3.6080e-05],
          [2.6180e-05],
          [2.0730e-05],
          [2.1064e-05],
          [1.6352e-05],
          [1.6516e-05],
          [1.4087e-05],
          [1.3358e-05],
          [1.0244e-05],
          [1.2468e-05],
          [1.5827e-05],
          [2.1861e-05],
          [2.4478e-05],
          [3.3198e-05],
          [4.4401e-05],
          [6.6365e-05],
          [6.5699e-05],
          [6.8734e-05],
          [6.5158e-05],
          [8.0162e-05],
          [6.0969e-05],
          [5.6872e-05],
          [4.5203e-04],
          [1.6531e-04],
          [2.1433e-04],
          [3.6088e-04],
          [1.7238e-05],
          [1.8109e-05],
          [2.9847e-05],
          [3.2993e-05],
          [1.8947e-05],
          [2.2299e-05],
          [2.0785e-05],
          [2.3062e-05],
          [2.4171e-05],
          [2.3685e-05],
          [2.1571e-05],
          [5.8793e-04],
          [2.3925e-04],
          [2.6199e-05],
          [3.3786e-05],
          [3.4698e-05],
          [3.4954e-05],
          [3.2803e-05],
          [3.6645e-04],
          [3.2382e-05],
          [2.6924e-04],
          [1.5828e-05],
          [1.8341e-05],
          [2.4497e-04],
          [1.3299e-05],
          [2.3632e-04],
          [1.7055e-05],
          [1.8617e-05],
          [1.5336e-05],
          [4.8878e-04],
          [1.6685e-05],
          [4.8206e-04],
          [2.0458e-05],
          [2.8283e-05],
          [2.6725e-05],
          [2.7655e-05],
          [2.8771e-05],
          [2.3761e-05],
          [3.2320e-04],
          [2.0473e-04],
          [2.1089e-05],
          [1.8621e-05],
          [1.7606e-05],
          [1.4642e-05],
          [1.4613e-05],
          [1.5909e-05],
          [1.3790e-05],
          [3.3449e-04],
          [2.3939e-04],
          [1.4098e-05],
          [1.3386e-05],
          [1.4857e-05],
          [1.5358e-05],
          [6.7388e-04],
          [2.9570e-05],
          [1.7805e-05],
          [4.4340e-04],
          [1.9594e-05],
          [1.3367e-05],
          [1.3077e-05],
          [1.2565e-05],
          [1.6777e-05],
          [1.3940e-05],
          [1.2578e-05],
          [1.2331e-05],
          [1.4235e-05],
          [1.5605e-05],
          [1.3862e-05],
          [1.2650e-05],
          [1.0885e-05],
          [1.2726e-05],
          [1.1688e-05],
          [1.1820e-05],
          [1.2285e-05],
          [5.1748e-04],
          [1.5220e-04],
          [1.5634e-05],
          [1.6811e-05],
          [1.4736e-05],
          [1.6879e-05],
          [1.5768e-05],
          [1.9196e-05],
          [1.7214e-05],
          [2.5882e-05],
          [1.9438e-05],
          [1.3332e-05],
          [1.7851e-04],
          [1.3729e-04],
          [2.0522e-05],
          [2.5886e-04],
          [1.1025e-05],
          [3.7721e-04],
          [1.5494e-04],
          [2.5363e-05],
          [3.0836e-05],
          [3.3465e-05],
          [2.8511e-05],
          [3.7398e-05],
          [4.0899e-05],
          [4.6918e-05],
          [3.7548e-05],
          [4.9751e-05],
          [5.1796e-05],
          [6.6364e-05],
          [5.6904e-05],
          [5.6625e-05],
          [4.9121e-05],
          [2.5734e-04],
          [2.0013e-05],
          [2.6179e-05],
          [3.0420e-04],
          [2.8527e-04],
          [2.2408e-05],
          [1.8655e-04],
          [2.4469e-04],
          [2.5952e-05],
          [2.5055e-04],
          [1.4832e-05],
          [1.0545e-05],
          [1.0858e-05],
          [9.3062e-06],
          [9.9430e-06],
          [8.9323e-06],
          [2.2048e-05],
          [1.1915e-05],
          [1.7239e-05],
          [1.2073e-05],
          [2.9746e-04],
          [2.4862e-05],
          [5.6651e-05],
          [6.2186e-05],
          [1.3048e-05],
          [1.1894e-05],
          [1.2239e-05],
          [1.1273e-05],
          [1.0808e-05],
          [1.0049e-05],
          [3.9054e-04],
          [1.8677e-05],
          [3.9517e-04],
          [1.2848e-05],
          [1.2232e-05],
          [1.6269e-05],
          [1.6617e-05],
          [1.7132e-05],
          [1.7255e-05],
          [1.6924e-05],
          [2.2105e-05],
          [2.0415e-05],
          [2.9254e-05],
          [3.1441e-05],
          [3.8332e-05],
          [5.6631e-04],
          [2.1510e-04],
          [2.6918e-05],
          [2.1259e-05],
          [1.5700e-05],
          [1.3551e-05],
          [1.5759e-05],
          [2.4196e-05],
          [2.8709e-05],
          [2.3131e-05],
          [2.1520e-05],
          [1.5140e-05],
          [1.5259e-05],
          [1.1984e-05],
          [1.2640e-05],
          [1.4323e-05],
          [1.7064e-05],
          [1.4628e-05],
          [1.5196e-05],
          [1.3822e-05],
          [1.5986e-05],
          [1.3825e-05],
          [1.5104e-05],
          [2.1226e-05],
          [2.0833e-05],
          [2.8759e-05],
          [2.2224e-05],
          [3.6802e-05],
          [3.8878e-05],
          [4.1677e-05],
          [2.5302e-05],
          [3.8423e-05],
          [3.0975e-05],
          [3.7661e-05],
          [2.3423e-05],
          [2.0351e-05],
          [2.0809e-05],
          [2.2964e-05],
          [2.0044e-05],
          [1.8281e-05],
          [1.9635e-05],
          [2.0018e-05],
          [1.7317e-05],
          [1.9242e-05],
          [1.9501e-04],
          [3.9281e-05],
          [5.3694e-04],
          [2.3445e-05],
          [2.3976e-05],
          [2.0378e-05],
          [1.9151e-05],
          [1.8205e-05],
          [1.6058e-05],
          [1.6788e-05],
          [1.4899e-05],
          [1.4876e-05],
          [1.3404e-05],
          [1.4420e-05],
          [1.5019e-05],
          [1.7520e-05],
          [1.6718e-05],
          [3.6111e-04],
          [6.3483e-05],
          [4.1975e-04],
          [1.5354e-05],
          [1.0771e-05],
          [8.9995e-06],
          [1.0199e-05],
          [3.2183e-04],
          [2.7374e-04],
          [1.3930e-05],
          [1.4677e-05],
          [1.8291e-05],
          [2.4397e-05],
          [3.1542e-05],
          [3.8580e-05],
          [7.0582e-05],
          [5.5590e-05],
          [6.8447e-05],
          [3.9059e-05],
          [2.8369e-05],
          [1.6335e-05],
          [1.5528e-05],
          [1.2836e-05],
          [1.3012e-05],
          [1.2420e-05],
          [1.2304e-05],
          [2.1391e-05],
          [3.1853e-05],
          [4.3852e-05],
          [4.1880e-05],
          [2.4882e-05],
          [2.6144e-05],
          [2.7384e-05],
          [2.6428e-05],
          [2.2775e-05],
          [3.4820e-04],
          [1.9574e-04],
          [2.4844e-05],
          [2.1728e-05],
          [1.9468e-05],
          [1.7483e-05],
          [1.7965e-05],
          [1.8726e-05],
          [1.8323e-05],
          [6.0499e-05],
          [6.2880e-05],
          [1.9105e-04],
          [2.2539e-04],
          [1.8176e-05],
          [1.7013e-05],
          [1.7521e-05],
          [1.7002e-05],
          [1.5102e-05],
          [6.3802e-04],
          [1.4421e-04],
          [1.3963e-05],
          [3.9921e-05],
          [1.5149e-04],
          [1.8798e-05],
          [2.4390e-04],
          [1.6926e-05],
          [2.8956e-04],
          [2.5886e-05],
          [1.8934e-05],
          [1.4289e-05],
          [1.4722e-05],
          [1.4920e-05],
          [3.1732e-05],
          [4.7588e-06]]]])
