# Using CPU
# Loading Embeddings...
# Making Predictions...
torch.Size([1, 1, 442, 358])
tensor([[[[1.1229e-04],
          [3.8075e-05],
          [1.0823e-04],
          [2.5292e-05],
          [2.5248e-05],
          [1.5760e-04],
          [3.6453e-04],
          [2.9459e-05],
          [1.0987e-04],
          [3.6164e-04],
          [2.1590e-05],
          [2.5349e-05],
          [2.8064e-04],
          [2.1760e-04],
          [7.1497e-05],
          [3.4191e-05],
          [4.4028e-05],
          [7.1519e-05],
          [5.7773e-05],
          [5.4956e-05],
          [1.3932e-04],
          [4.9872e-05],
          [2.1684e-04],
          [4.2762e-05],
          [1.9127e-05],
          [2.2798e-05],
          [2.9877e-05],
          [4.9800e-05],
          [5.7905e-05],
          [7.6612e-05],
          [6.8528e-05],
          [8.1776e-05],
          [6.4264e-05],
          [6.8450e-05],
          [5.1852e-05],
          [4.4729e-05],
          [7.5265e-04],
          [3.8592e-05],
          [1.5352e-04],
          [8.2523e-05],
          [1.6721e-04],
          [1.7299e-05],
          [1.5702e-05],
          [1.5786e-05],
          [1.4832e-05],
          [2.0982e-05],
          [2.2724e-05],
          [2.0375e-05],
          [2.2152e-05],
          [1.3945e-04],
          [1.6271e-04],
          [3.3073e-05],
          [2.9218e-05],
          [1.1632e-04],
          [1.6351e-04],
          [3.0629e-05],
          [2.4958e-05],
          [2.1665e-05],
          [2.7027e-05],
          [2.1635e-05],
          [1.7289e-05],
          [1.8406e-05],
          [3.6884e-04],
          [3.2345e-04],
          [3.0062e-05],
          [3.4028e-05],
          [3.3110e-05],
          [3.7959e-05],
          [4.4682e-05],
          [3.0282e-05],
          [2.0568e-05],
          [2.4865e-04],
          [2.5908e-05],
          [2.4079e-05],
          [1.8112e-05],
          [2.3024e-05],
          [5.4802e-04],
          [2.5432e-05],
          [2.5818e-05],
          [2.2172e-05],
          [1.7659e-04],
          [1.5842e-04],
          [2.0533e-05],
          [2.7510e-05],
          [1.9460e-05],
          [2.0610e-05],
          [1.7115e-05],
          [2.0572e-05],
          [2.2561e-05],
          [2.0708e-05],
          [1.0674e-04],
          [4.8361e-05],
          [1.9729e-04],
          [3.4974e-05],
          [3.9050e-05],
          [5.5169e-05],
          [6.5111e-05],
          [5.9635e-05],
          [7.1548e-05],
          [7.0760e-05],
          [7.9250e-05],
          [8.2488e-05],
          [5.3430e-05],
          [4.3845e-05],
          [3.0644e-05],
          [2.4240e-05],
          [1.5681e-05],
          [1.7836e-05],
          [1.9588e-05],
          [1.7623e-05],
          [1.4438e-05],
          [5.3624e-05],
          [1.1508e-04],
          [2.1145e-05],
          [2.5202e-04],
          [1.3420e-05],
          [1.2126e-05],
          [1.8077e-05],
          [1.5628e-05],
          [1.8458e-05],
          [1.6435e-05],
          [2.2661e-05],
          [2.1090e-05],
          [3.2817e-05],
          [2.6455e-05],
          [4.2634e-05],
          [3.4070e-05],
          [3.6972e-05],
          [4.1031e-05],
          [5.2321e-05],
          [3.0079e-05],
          [4.2039e-04],
          [2.7244e-04],
          [5.3894e-05],
          [3.2719e-05],
          [2.9606e-05],
          [2.2979e-05],
          [2.8515e-05],
          [3.7076e-05],
          [2.5035e-05],
          [2.6807e-05],
          [2.8551e-05],
          [2.9525e-05],
          [2.9218e-05],
          [2.2203e-05],
          [1.7668e-05],
          [1.8117e-05],
          [2.5211e-05],
          [3.1882e-05],
          [5.2413e-05],
          [5.3325e-05],
          [5.8785e-05],
          [4.8846e-05],
          [5.3768e-05],
          [3.6662e-05],
          [3.1829e-05],
          [9.1740e-05],
          [1.6928e-04],
          [6.1019e-05],
          [3.2591e-04],
          [2.8332e-05],
          [2.8116e-05],
          [3.7037e-05],
          [4.4454e-05],
          [3.8062e-05],
          [4.4158e-05],
          [3.4664e-05],
          [3.0592e-05],
          [2.9850e-05],
          [1.9001e-05],
          [1.4748e-05],
          [1.7640e-04],
          [2.0818e-04],
          [1.9154e-05],
          [2.4193e-05],
          [2.9806e-05],
          [2.7121e-05],
          [2.7396e-05],
          [2.5707e-04],
          [5.8451e-05],
          [3.3175e-04],
          [1.8831e-05],
          [1.9154e-05],
          [1.4581e-04],
          [2.6970e-05],
          [2.2416e-04],
          [4.8956e-05],
          [4.9278e-05],
          [4.2862e-05],
          [1.1765e-04],
          [3.1294e-05],
          [5.2443e-04],
          [2.3756e-05],
          [1.8608e-05],
          [1.7037e-05],
          [1.7459e-05],
          [1.9309e-05],
          [1.6885e-05],
          [2.3122e-04],
          [2.4128e-04],
          [1.7809e-05],
          [1.4577e-05],
          [2.2027e-05],
          [1.9958e-05],
          [2.9697e-05],
          [3.6148e-05],
          [3.5310e-05],
          [1.0117e-04],
          [2.2258e-04],
          [3.7038e-05],
          [2.6539e-05],
          [2.1199e-05],
          [2.0446e-05],
          [1.5365e-04],
          [3.8153e-05],
          [2.3135e-05],
          [3.5216e-04],
          [2.5090e-05],
          [2.1635e-05],
          [2.3754e-05],
          [4.2866e-05],
          [4.1579e-05],
          [4.4317e-05],
          [4.2044e-05],
          [3.6982e-05],
          [4.1195e-05],
          [4.5918e-05],
          [3.3607e-05],
          [5.2453e-05],
          [5.2096e-05],
          [3.2156e-05],
          [4.0386e-05],
          [3.3245e-05],
          [2.2259e-05],
          [1.5429e-04],
          [1.2614e-04],
          [3.7203e-05],
          [3.1953e-05],
          [2.7934e-05],
          [5.0139e-05],
          [5.2864e-05],
          [3.5540e-05],
          [3.7207e-05],
          [7.0863e-05],
          [3.4178e-05],
          [2.8272e-05],
          [5.6333e-05],
          [1.1314e-04],
          [2.3354e-05],
          [2.3035e-04],
          [1.8148e-05],
          [1.0623e-04],
          [1.1785e-04],
          [1.4198e-05],
          [1.8682e-05],
          [1.8117e-05],
          [1.6768e-05],
          [2.2288e-05],
          [2.4636e-05],
          [3.5190e-05],
          [3.8413e-05],
          [6.1102e-05],
          [7.6616e-05],
          [1.0310e-04],
          [9.9327e-05],
          [1.1373e-04],
          [7.6367e-05],
          [5.5373e-04],
          [4.2361e-05],
          [3.5747e-05],
          [2.9954e-04],
          [7.8022e-05],
          [3.0763e-05],
          [1.5594e-04],
          [1.3540e-04],
          [3.6538e-05],
          [2.9770e-04],
          [1.4702e-05],
          [1.7204e-05],
          [1.6192e-05],
          [1.7244e-05],
          [3.1759e-05],
          [3.6718e-05],
          [6.5655e-05],
          [5.2344e-05],
          [6.4792e-05],
          [4.0391e-05],
          [2.1504e-04],
          [3.2094e-05],
          [6.4800e-05],
          [6.0866e-05],
          [2.3313e-05],
          [1.7402e-05],
          [1.7149e-05],
          [1.8726e-05],
          [3.0832e-05],
          [3.1901e-05],
          [1.2727e-04],
          [4.0648e-05],
          [3.5194e-04],
          [3.1291e-05],
          [2.6233e-05],
          [3.1122e-05],
          [2.4828e-05],
          [2.7999e-05],
          [3.4530e-05],
          [2.7180e-05],
          [3.3518e-05],
          [3.2791e-05],
          [3.5423e-05],
          [2.1613e-05],
          [2.1847e-05],
          [1.8246e-04],
          [2.1383e-04],
          [1.6155e-05],
          [2.4564e-05],
          [2.0149e-05],
          [2.5035e-05],
          [4.0130e-05],
          [5.4941e-05],
          [5.0048e-05],
          [4.9207e-05],
          [4.7953e-05],
          [4.8528e-05],
          [3.8259e-05],
          [2.8882e-05],
          [2.5624e-05],
          [2.6394e-05],
          [1.6894e-05],
          [1.7144e-05],
          [1.9942e-05],
          [2.7324e-05],
          [3.0573e-05],
          [3.0020e-05],
          [5.1565e-05],
          [5.2607e-05],
          [5.5133e-05],
          [6.4537e-05],
          [6.3673e-05],
          [8.3364e-05],
          [8.6853e-05],
          [7.9613e-05],
          [6.0509e-05],
          [5.4927e-05],
          [6.0181e-05],
          [4.5548e-05],
          [3.8937e-05],
          [6.7543e-05],
          [3.2617e-05],
          [4.0646e-05],
          [4.5805e-05],
          [3.3570e-05],
          [2.9061e-05],
          [2.7864e-05],
          [4.1920e-05],
          [3.4746e-05],
          [6.3757e-05],
          [3.0768e-05],
          [4.8694e-04],
          [2.9984e-05],
          [3.6405e-05],
          [3.5223e-05],
          [3.3167e-05],
          [3.9300e-05],
          [2.9478e-05],
          [3.4351e-05],
          [3.0795e-05],
          [2.4786e-05],
          [3.3374e-05],
          [2.7108e-05],
          [2.1651e-05],
          [2.3417e-05],
          [2.3076e-05],
          [8.5012e-05],
          [6.1380e-05],
          [3.3822e-04],
          [3.4160e-05],
          [2.3988e-05],
          [2.3083e-05],
          [2.8818e-05],
          [1.1984e-04],
          [2.6698e-04],
          [3.6317e-05],
          [4.1514e-05],
          [4.3040e-05],
          [7.5054e-05],
          [8.4367e-05],
          [9.3945e-05],
          [1.2871e-04],
          [1.1326e-04],
          [7.8843e-05],
          [6.5784e-05],
          [4.2166e-05],
          [3.0935e-05],
          [2.6264e-05],
          [3.1841e-05],
          [4.3632e-05],
          [3.5667e-05],
          [1.9846e-05],
          [6.7763e-05],
          [2.8623e-05],
          [3.1291e-05],
          [9.4582e-05],
          [2.4261e-05],
          [2.2655e-05],
          [1.8345e-05],
          [1.6035e-05],
          [1.3306e-05],
          [1.2713e-04],
          [1.1719e-04],
          [1.8954e-05],
          [2.5809e-05],
          [2.8599e-05],
          [2.3724e-05],
          [2.7001e-05],
          [3.1522e-05],
          [3.4487e-05],
          [4.5004e-05],
          [6.4484e-05],
          [6.0195e-05],
          [3.4526e-04],
          [2.3057e-05],
          [1.7340e-05],
          [1.5167e-05],
          [2.0626e-05],
          [1.2034e-05],
          [2.0819e-04],
          [1.6311e-04],
          [1.8645e-05],
          [6.8431e-05],
          [9.8369e-05],
          [1.8339e-05],
          [2.0876e-04],
          [2.4826e-05],
          [2.3422e-04],
          [2.0885e-05],
          [1.2839e-05],
          [1.2729e-05],
          [1.3517e-05],
          [2.1303e-05],
          [1.3584e-05],
          [4.6855e-06]]]])
