# Using CPU
# Loading Embeddings...
# Making Predictions...
torch.Size([1, 1, 442, 574])
tensor([[[[3.3281e-04],
          [6.0155e-05],
          [9.3192e-05],
          [4.3678e-05],
          [9.8132e-06],
          [2.3103e-04],
          [1.8930e-04],
          [2.4422e-05],
          [1.5831e-04],
          [2.0149e-04],
          [1.8298e-05],
          [1.9235e-05],
          [3.1925e-04],
          [2.5728e-04],
          [4.0257e-05],
          [1.1254e-05],
          [1.2987e-05],
          [1.5635e-05],
          [1.3342e-05],
          [1.4345e-05],
          [3.1879e-04],
          [2.0552e-05],
          [1.7666e-04],
          [1.3768e-05],
          [1.8692e-05],
          [2.6566e-05],
          [3.8698e-05],
          [6.9370e-05],
          [9.0870e-05],
          [1.1573e-04],
          [1.1584e-04],
          [1.3298e-04],
          [1.3342e-04],
          [1.4258e-04],
          [1.1428e-04],
          [8.7005e-05],
          [4.8779e-04],
          [5.8175e-05],
          [2.0642e-04],
          [6.5596e-05],
          [2.7644e-04],
          [2.5372e-05],
          [2.4259e-05],
          [2.5974e-05],
          [1.7422e-05],
          [1.6181e-05],
          [1.5622e-05],
          [1.2235e-05],
          [1.8727e-05],
          [1.8644e-04],
          [1.9788e-04],
          [1.1771e-05],
          [1.3980e-05],
          [2.1763e-04],
          [1.7755e-04],
          [1.5792e-05],
          [1.6572e-05],
          [1.6767e-05],
          [2.2044e-05],
          [2.6505e-05],
          [2.5224e-05],
          [2.5539e-05],
          [3.3055e-04],
          [3.4373e-04],
          [1.8686e-05],
          [2.0232e-05],
          [1.7156e-05],
          [1.5637e-05],
          [1.5689e-05],
          [1.4930e-05],
          [1.5685e-05],
          [2.8342e-04],
          [2.3846e-05],
          [4.4687e-05],
          [1.7452e-05],
          [2.0047e-05],
          [4.5904e-04],
          [1.6200e-05],
          [1.6386e-05],
          [1.3332e-05],
          [4.2677e-04],
          [1.8931e-04],
          [1.4065e-05],
          [1.5786e-05],
          [1.7307e-05],
          [2.0735e-05],
          [2.2449e-05],
          [2.5585e-05],
          [2.1539e-05],
          [1.8730e-05],
          [2.2547e-04],
          [1.0329e-04],
          [2.7600e-04],
          [1.2914e-05],
          [1.9922e-05],
          [2.3451e-05],
          [2.7626e-05],
          [3.0232e-05],
          [2.5712e-05],
          [2.3927e-05],
          [2.9208e-05],
          [2.7401e-05],
          [1.8375e-05],
          [1.1582e-05],
          [1.3860e-05],
          [1.9860e-05],
          [2.2144e-05],
          [2.7333e-05],
          [2.9229e-05],
          [3.1190e-05],
          [2.3799e-05],
          [1.2890e-04],
          [1.6050e-04],
          [2.1499e-05],
          [3.3349e-04],
          [1.7938e-05],
          [1.6288e-05],
          [1.3128e-05],
          [1.6479e-05],
          [2.0790e-05],
          [1.6113e-05],
          [1.3929e-05],
          [1.5642e-05],
          [1.4065e-05],
          [1.4836e-05],
          [1.5183e-05],
          [1.8160e-05],
          [1.8041e-05],
          [1.2269e-03],
          [1.5531e-01],
          [9.9992e-01],
          [1.0000e+00],
          [1.0000e+00],
          [1.0000e+00],
          [9.9972e-01],
          [9.8095e-01],
          [4.6368e-01],
          [9.2862e-04],
          [1.9794e-05],
          [2.0784e-05],
          [1.7488e-05],
          [1.6681e-05],
          [1.1432e-05],
          [1.3657e-05],
          [1.6681e-05],
          [2.2465e-05],
          [2.3923e-05],
          [3.3024e-05],
          [4.3592e-05],
          [6.4054e-05],
          [6.4980e-05],
          [8.2046e-05],
          [7.1825e-05],
          [9.4143e-05],
          [8.2937e-05],
          [6.8652e-05],
          [1.3793e-04],
          [1.0045e-04],
          [9.3977e-05],
          [2.1437e-04],
          [2.7328e-04],
          [2.0023e-01],
          [8.7259e-01],
          [8.9830e-01],
          [6.6976e-02],
          [7.3199e-02],
          [6.2936e-02],
          [1.9851e-03],
          [2.7753e-05],
          [2.6791e-05],
          [2.6624e-05],
          [2.3345e-04],
          [2.4753e-04],
          [3.6585e-05],
          [4.4325e-05],
          [4.3361e-05],
          [4.5262e-05],
          [4.0185e-05],
          [2.4361e-04],
          [6.0156e-05],
          [3.1620e-04],
          [1.7621e-05],
          [1.7247e-05],
          [1.8528e-04],
          [2.1988e-05],
          [2.2685e-04],
          [1.7553e-05],
          [1.7811e-05],
          [1.4599e-05],
          [2.2450e-04],
          [2.3236e-05],
          [2.1027e-04],
          [2.1264e-05],
          [2.7890e-05],
          [2.8195e-05],
          [2.7542e-05],
          [3.2870e-05],
          [2.6546e-05],
          [2.5415e-04],
          [2.8073e-04],
          [2.4996e-05],
          [2.0930e-05],
          [2.0858e-05],
          [1.5615e-05],
          [1.4935e-05],
          [1.5414e-05],
          [1.6187e-05],
          [1.5524e-04],
          [1.3984e-04],
          [1.3625e-05],
          [1.4234e-05],
          [1.5768e-05],
          [1.7228e-05],
          [1.9379e-04],
          [2.2730e-05],
          [1.6989e-05],
          [3.8704e-04],
          [1.4975e-05],
          [1.3096e-05],
          [1.1967e-05],
          [1.3178e-05],
          [1.4816e-05],
          [1.3655e-05],
          [1.2565e-05],
          [1.3576e-05],
          [1.4083e-05],
          [1.6132e-05],
          [1.4556e-05],
          [1.3441e-05],
          [1.3313e-05],
          [1.1501e-05],
          [1.1922e-05],
          [1.2326e-05],
          [1.2666e-05],
          [2.0792e-04],
          [1.3493e-04],
          [1.3420e-05],
          [1.6805e-05],
          [1.3048e-05],
          [1.6204e-05],
          [1.9194e-05],
          [2.5232e-05],
          [1.9428e-05],
          [2.4405e-05],
          [3.2134e-05],
          [1.6857e-05],
          [2.5093e-04],
          [4.2322e-04],
          [2.3803e-05],
          [2.5693e-04],
          [1.1810e-05],
          [1.6649e-04],
          [1.6960e-04],
          [2.1029e-05],
          [2.4226e-05],
          [2.5393e-05],
          [2.4881e-05],
          [3.0548e-05],
          [3.0238e-05],
          [4.1459e-05],
          [4.0635e-05],
          [5.6563e-05],
          [7.2733e-05],
          [1.1901e-04],
          [1.0336e-04],
          [1.2350e-04],
          [7.6967e-05],
          [1.4735e-04],
          [3.5345e-05],
          [4.1705e-05],
          [3.2034e-04],
          [1.4374e-04],
          [2.3895e-05],
          [1.7517e-04],
          [1.5706e-04],
          [4.0545e-05],
          [2.2169e-04],
          [1.5508e-05],
          [1.3882e-05],
          [1.2744e-05],
          [9.8975e-06],
          [1.2288e-05],
          [1.2858e-05],
          [1.9264e-05],
          [1.0961e-05],
          [1.4986e-05],
          [1.4312e-05],
          [1.1900e-03],
          [2.8326e-05],
          [1.0645e-04],
          [7.4982e-05],
          [1.2824e-05],
          [1.3038e-05],
          [1.2497e-05],
          [1.1495e-05],
          [1.0640e-05],
          [1.1010e-05],
          [2.1577e-04],
          [1.8580e-05],
          [2.1513e-04],
          [1.2702e-05],
          [1.0655e-05],
          [1.3593e-05],
          [1.2864e-05],
          [1.3274e-05],
          [1.3703e-05],
          [1.3457e-05],
          [1.6820e-05],
          [1.4934e-05],
          [2.1222e-05],
          [2.3418e-05],
          [3.0170e-05],
          [2.0572e-04],
          [2.0241e-04],
          [2.3057e-05],
          [1.8101e-05],
          [1.4667e-05],
          [1.2492e-05],
          [1.3083e-05],
          [1.5954e-05],
          [1.8910e-05],
          [1.7282e-05],
          [1.5393e-05],
          [1.4157e-05],
          [1.3986e-05],
          [1.1396e-05],
          [1.1516e-05],
          [1.1595e-05],
          [1.2797e-05],
          [1.1485e-05],
          [1.1317e-05],
          [1.1770e-05],
          [1.3787e-05],
          [1.3401e-05],
          [1.5115e-05],
          [1.9578e-05],
          [1.7678e-05],
          [2.2348e-05],
          [1.7374e-05],
          [2.9169e-05],
          [3.4108e-05],
          [2.9813e-05],
          [2.3208e-05],
          [2.7155e-05],
          [2.6178e-05],
          [3.7355e-05],
          [1.7954e-05],
          [2.0187e-05],
          [2.5957e-05],
          [1.8120e-05],
          [2.0827e-05],
          [1.6603e-05],
          [1.8959e-05],
          [1.8173e-05],
          [1.7935e-05],
          [1.6122e-05],
          [2.0936e-04],
          [2.8614e-05],
          [2.1010e-04],
          [1.6908e-05],
          [1.7272e-05],
          [1.7811e-05],
          [1.5964e-05],
          [1.5154e-05],
          [1.2989e-05],
          [1.2074e-05],
          [1.1106e-05],
          [1.0402e-05],
          [1.1025e-05],
          [1.1535e-05],
          [1.1842e-05],
          [1.4085e-05],
          [1.5002e-05],
          [3.1646e-04],
          [1.0048e-04],
          [3.9295e-04],
          [1.2246e-05],
          [1.1656e-05],
          [9.3640e-06],
          [1.1378e-05],
          [2.5716e-04],
          [1.7122e-04],
          [1.2157e-05],
          [1.3029e-05],
          [1.7611e-05],
          [2.4666e-05],
          [3.0673e-05],
          [4.0261e-05],
          [4.2805e-05],
          [3.8469e-05],
          [2.8208e-05],
          [2.1593e-05],
          [2.2409e-05],
          [1.6142e-05],
          [1.2248e-05],
          [1.1450e-05],
          [1.3880e-05],
          [3.1123e-05],
          [4.7574e-05],
          [2.0353e-04],
          [6.3993e-05],
          [8.5446e-05],
          [8.6150e-05],
          [6.5154e-05],
          [3.0986e-05],
          [2.8363e-05],
          [2.5457e-05],
          [2.1950e-05],
          [1.4066e-04],
          [1.7980e-04],
          [2.4817e-05],
          [2.1868e-05],
          [1.8640e-05],
          [1.5685e-05],
          [2.9650e-05],
          [2.4077e-05],
          [3.7644e-05],
          [9.0991e-05],
          [5.3210e-05],
          [1.5952e-04],
          [1.1248e-04],
          [2.6339e-05],
          [1.5515e-05],
          [1.6223e-05],
          [1.6302e-05],
          [1.4811e-05],
          [2.4424e-04],
          [2.0004e-04],
          [1.9429e-05],
          [6.9417e-05],
          [1.6439e-04],
          [1.9776e-05],
          [4.3165e-04],
          [1.9008e-05],
          [2.3569e-04],
          [1.8753e-05],
          [1.5314e-05],
          [1.2341e-05],
          [1.3852e-05],
          [1.3285e-05],
          [2.8347e-05],
          [5.8890e-06]]]])
