# Using CPU
# Loading Embeddings...
# Making Predictions...
torch.Size([1, 1, 442, 235])
tensor([[[[1.0491e-04],
          [1.8504e-05],
          [6.5616e-05],
          [1.8315e-05],
          [1.1113e-05],
          [2.4640e-04],
          [5.5452e-04],
          [1.3321e-05],
          [1.7784e-04],
          [6.1771e-04],
          [1.2484e-05],
          [1.1589e-05],
          [3.0232e-04],
          [1.7720e-04],
          [1.6657e-05],
          [1.7110e-05],
          [1.6748e-05],
          [1.8346e-05],
          [1.8931e-05],
          [1.9566e-05],
          [2.6538e-04],
          [1.5997e-05],
          [3.3460e-04],
          [1.2974e-05],
          [1.1640e-05],
          [1.1827e-05],
          [1.1696e-05],
          [1.7767e-05],
          [1.7273e-05],
          [1.9796e-05],
          [1.7257e-05],
          [1.9312e-05],
          [1.9382e-05],
          [2.2266e-05],
          [1.5961e-05],
          [1.6435e-05],
          [4.1824e-04],
          [2.4142e-05],
          [1.5025e-04],
          [6.7064e-05],
          [2.5346e-04],
          [1.3323e-05],
          [1.1108e-05],
          [1.1289e-05],
          [1.0770e-05],
          [1.1595e-05],
          [1.2446e-05],
          [1.5283e-05],
          [1.6937e-05],
          [2.1524e-04],
          [2.3397e-04],
          [1.5405e-05],
          [1.2945e-05],
          [2.6039e-04],
          [3.0989e-04],
          [1.5916e-05],
          [1.4192e-05],
          [1.1669e-05],
          [1.1820e-05],
          [1.4367e-05],
          [1.2959e-05],
          [1.0772e-05],
          [2.3885e-04],
          [1.5764e-04],
          [1.5782e-05],
          [1.8529e-05],
          [2.2632e-05],
          [2.1954e-05],
          [1.9798e-05],
          [1.8770e-05],
          [1.2026e-05],
          [2.1921e-04],
          [2.2513e-05],
          [1.6874e-05],
          [1.2344e-05],
          [1.8555e-05],
          [9.1650e-04],
          [1.8431e-05],
          [1.4066e-05],
          [1.3657e-05],
          [1.7250e-04],
          [9.9221e-05],
          [1.3778e-05],
          [9.4490e-06],
          [1.0308e-05],
          [9.5794e-06],
          [1.0913e-05],
          [1.1168e-05],
          [1.2580e-05],
          [1.2267e-05],
          [2.8880e-04],
          [4.2479e-05],
          [1.8061e-04],
          [1.4385e-05],
          [1.5489e-05],
          [1.7711e-05],
          [2.0264e-05],
          [2.1234e-05],
          [2.1025e-05],
          [2.6581e-05],
          [2.6032e-05],
          [2.5797e-05],
          [1.9114e-05],
          [1.7274e-05],
          [1.6784e-05],
          [1.4002e-05],
          [1.1528e-05],
          [1.2173e-05],
          [1.5375e-05],
          [1.5321e-05],
          [1.1016e-05],
          [9.8264e-05],
          [1.1935e-04],
          [1.7777e-05],
          [1.5019e-04],
          [1.3196e-05],
          [9.4987e-06],
          [9.2006e-06],
          [1.0454e-05],
          [1.0496e-05],
          [1.1149e-05],
          [1.1905e-05],
          [1.6116e-05],
          [1.6815e-05],
          [1.2998e-05],
          [1.8211e-05],
          [1.6115e-05],
          [1.8864e-05],
          [2.2464e-05],
          [2.4731e-05],
          [2.9507e-05],
          [3.2785e-04],
          [2.8203e-04],
          [6.7294e-05],
          [3.0099e-05],
          [1.8952e-05],
          [1.7513e-05],
          [2.1079e-05],
          [1.5582e-05],
          [1.7421e-05],
          [1.5287e-05],
          [1.3473e-05],
          [1.1795e-05],
          [1.0930e-05],
          [1.1131e-05],
          [1.0682e-05],
          [1.0645e-05],
          [1.4125e-05],
          [1.5742e-05],
          [2.4377e-05],
          [2.3379e-05],
          [2.4111e-05],
          [2.4574e-05],
          [3.3980e-05],
          [2.9102e-05],
          [3.1668e-05],
          [2.4368e-04],
          [2.8636e-04],
          [2.3524e-04],
          [6.0907e-04],
          [1.8902e-05],
          [1.4500e-05],
          [1.9210e-05],
          [2.3427e-05],
          [1.8606e-05],
          [1.7517e-05],
          [1.8252e-05],
          [1.8261e-05],
          [2.0288e-05],
          [1.7960e-05],
          [1.3717e-05],
          [1.7046e-04],
          [3.1824e-04],
          [1.1847e-05],
          [1.2099e-05],
          [2.0732e-05],
          [1.8620e-05],
          [1.4493e-05],
          [1.9508e-04],
          [3.4965e-05],
          [1.6398e-04],
          [1.2926e-05],
          [1.3159e-05],
          [2.6216e-04],
          [1.4405e-05],
          [1.8535e-04],
          [2.2696e-05],
          [2.2005e-05],
          [1.9189e-05],
          [3.1153e-04],
          [1.6665e-05],
          [9.6465e-04],
          [1.3767e-05],
          [1.4166e-05],
          [1.2709e-05],
          [1.2073e-05],
          [1.4144e-05],
          [1.2664e-05],
          [1.8615e-04],
          [1.7018e-04],
          [1.1827e-05],
          [1.2335e-05],
          [1.6524e-05],
          [1.5261e-05],
          [1.9205e-05],
          [2.0918e-05],
          [2.1531e-05],
          [2.8831e-04],
          [3.5701e-04],
          [1.8634e-05],
          [1.6496e-05],
          [1.5094e-05],
          [1.2973e-05],
          [1.6194e-04],
          [2.9461e-05],
          [1.7129e-05],
          [6.3807e-04],
          [1.3806e-05],
          [1.6749e-05],
          [1.4151e-05],
          [1.6854e-05],
          [1.9516e-05],
          [2.1664e-05],
          [1.8828e-05],
          [2.1756e-05],
          [3.0338e-05],
          [2.3251e-05],
          [2.0394e-05],
          [2.2750e-05],
          [2.0677e-05],
          [2.0389e-05],
          [2.0544e-05],
          [1.9436e-05],
          [1.4894e-05],
          [1.7899e-04],
          [2.0275e-04],
          [1.8906e-05],
          [1.6386e-05],
          [1.9317e-05],
          [2.5433e-05],
          [4.6889e-05],
          [3.2794e-05],
          [2.4487e-05],
          [6.1440e-05],
          [3.0954e-05],
          [1.4807e-05],
          [1.4922e-04],
          [9.2473e-05],
          [1.6553e-05],
          [1.2851e-04],
          [1.2145e-05],
          [1.6943e-04],
          [1.2899e-04],
          [1.4288e-05],
          [1.3628e-05],
          [1.6415e-05],
          [1.4417e-05],
          [1.9976e-05],
          [2.3684e-05],
          [3.1610e-05],
          [2.8194e-05],
          [3.6672e-05],
          [4.9587e-05],
          [4.4471e-05],
          [6.6359e-05],
          [3.1886e-05],
          [6.6562e-05],
          [3.2386e-04],
          [1.9684e-05],
          [1.9765e-05],
          [1.8681e-04],
          [1.9585e-04],
          [1.8785e-05],
          [1.8940e-04],
          [1.0970e-04],
          [2.5335e-05],
          [1.5151e-04],
          [1.1130e-05],
          [9.0776e-06],
          [9.7946e-06],
          [9.2773e-06],
          [1.2470e-05],
          [1.3107e-05],
          [2.2575e-05],
          [1.6475e-05],
          [2.0922e-05],
          [1.4987e-05],
          [1.9224e-04],
          [1.5251e-05],
          [6.2668e-05],
          [7.4085e-05],
          [1.0522e-05],
          [9.6887e-06],
          [1.0575e-05],
          [1.0815e-05],
          [1.3308e-05],
          [1.4771e-05],
          [5.8818e-04],
          [1.8990e-05],
          [6.5384e-04],
          [1.4967e-05],
          [1.4338e-05],
          [1.4908e-05],
          [1.3964e-05],
          [1.3588e-05],
          [1.4172e-05],
          [1.5251e-05],
          [1.7413e-05],
          [1.8570e-05],
          [1.8887e-05],
          [1.6564e-05],
          [1.9449e-05],
          [1.7766e-04],
          [3.1582e-04],
          [1.3793e-05],
          [1.5509e-05],
          [1.8654e-05],
          [1.4578e-05],
          [1.8662e-05],
          [2.6588e-05],
          [2.5534e-05],
          [2.4677e-05],
          [2.0385e-05],
          [2.1047e-05],
          [1.8552e-05],
          [1.5567e-05],
          [1.6511e-05],
          [1.6774e-05],
          [1.8252e-05],
          [1.7826e-05],
          [1.8153e-05],
          [1.8822e-05],
          [1.9832e-05],
          [1.9101e-05],
          [2.2574e-05],
          [2.2624e-05],
          [2.4784e-05],
          [2.8711e-05],
          [2.5725e-05],
          [3.5162e-05],
          [3.9023e-05],
          [3.4440e-05],
          [2.8330e-05],
          [3.1195e-05],
          [3.4437e-05],
          [3.0379e-05],
          [1.9772e-05],
          [4.4350e-05],
          [2.6407e-05],
          [2.1944e-05],
          [2.2607e-05],
          [2.0235e-05],
          [2.3917e-05],
          [1.7895e-05],
          [1.4884e-05],
          [1.8062e-05],
          [1.7962e-04],
          [2.2701e-05],
          [1.1541e-03],
          [1.6367e-05],
          [1.8426e-05],
          [2.0279e-05],
          [1.7279e-05],
          [2.3225e-05],
          [2.0910e-05],
          [2.1188e-05],
          [1.8562e-05],
          [1.8022e-05],
          [1.6522e-05],
          [1.9075e-05],
          [1.5719e-05],
          [1.6879e-05],
          [1.6124e-05],
          [1.8633e-04],
          [8.4254e-05],
          [7.6238e-04],
          [1.4427e-05],
          [1.4210e-05],
          [1.3962e-05],
          [1.4111e-05],
          [4.6666e-04],
          [4.0224e-04],
          [1.7078e-05],
          [1.9072e-05],
          [3.1754e-05],
          [3.5189e-05],
          [4.9301e-05],
          [5.4254e-05],
          [6.9415e-05],
          [5.6654e-05],
          [4.3525e-05],
          [3.4069e-05],
          [2.6526e-05],
          [2.2011e-05],
          [1.4596e-05],
          [1.5710e-05],
          [1.4640e-05],
          [1.6603e-05],
          [1.5287e-05],
          [1.7112e-04],
          [4.9600e-05],
          [3.1064e-05],
          [6.8122e-05],
          [2.3862e-05],
          [2.3908e-05],
          [1.7528e-05],
          [1.7783e-05],
          [1.1351e-05],
          [1.6840e-04],
          [1.9660e-04],
          [1.3024e-05],
          [1.5756e-05],
          [1.7415e-05],
          [1.3278e-05],
          [2.5637e-05],
          [2.2372e-05],
          [2.8233e-05],
          [9.2494e-05],
          [7.9627e-05],
          [2.0152e-04],
          [3.9091e-04],
          [2.4975e-05],
          [2.1129e-05],
          [1.2099e-05],
          [1.7553e-05],
          [9.9764e-06],
          [2.4734e-04],
          [7.1522e-05],
          [1.2530e-05],
          [7.4779e-05],
          [7.1307e-05],
          [1.5886e-05],
          [1.8622e-04],
          [1.6563e-05],
          [2.2470e-04],
          [1.1490e-05],
          [9.3834e-06],
          [9.4638e-06],
          [1.7758e-05],
          [9.4615e-06],
          [2.2063e-05],
          [4.1892e-06]]]])
