# Using CPU
# Loading Embeddings...
# Making Predictions...
torch.Size([1, 1, 442, 251])
tensor([[[[1.3943e-04],
          [3.2771e-05],
          [6.3873e-05],
          [3.3317e-05],
          [2.6276e-05],
          [2.7364e-04],
          [3.4123e-04],
          [4.5772e-05],
          [2.1866e-04],
          [5.1120e-04],
          [4.0068e-05],
          [3.9022e-05],
          [1.5343e-04],
          [1.9636e-04],
          [4.1178e-05],
          [1.9844e-05],
          [2.9381e-05],
          [1.6193e-05],
          [1.3628e-05],
          [3.7273e-05],
          [2.9478e-04],
          [2.5806e-05],
          [3.0661e-04],
          [2.8191e-05],
          [3.9468e-05],
          [5.3992e-05],
          [4.7968e-05],
          [6.0018e-05],
          [7.8831e-05],
          [9.3124e-05],
          [9.0203e-05],
          [1.0544e-04],
          [1.1194e-04],
          [1.1268e-04],
          [8.8746e-05],
          [6.9272e-05],
          [3.5706e-04],
          [8.3724e-05],
          [1.4823e-04],
          [8.0312e-05],
          [2.9207e-04],
          [4.5010e-05],
          [3.7485e-05],
          [3.8344e-05],
          [3.2739e-05],
          [4.5710e-05],
          [3.4067e-05],
          [3.8575e-05],
          [3.4977e-05],
          [1.1701e-04],
          [2.6756e-04],
          [4.7492e-05],
          [4.0210e-05],
          [2.8309e-04],
          [3.0742e-04],
          [4.7133e-05],
          [4.0524e-05],
          [3.5319e-05],
          [4.3915e-05],
          [4.2887e-05],
          [4.1994e-05],
          [3.8826e-05],
          [2.0511e-04],
          [2.1532e-04],
          [5.3792e-05],
          [5.0792e-05],
          [5.4062e-05],
          [5.2337e-05],
          [6.0507e-05],
          [4.8459e-05],
          [4.0776e-05],
          [1.5981e-04],
          [3.2019e-05],
          [4.9108e-05],
          [5.1913e-05],
          [4.8733e-05],
          [7.0133e-04],
          [3.5437e-05],
          [3.5967e-05],
          [2.8897e-05],
          [1.1505e-04],
          [1.8041e-04],
          [3.2250e-05],
          [3.0136e-05],
          [2.9546e-05],
          [2.8985e-05],
          [3.2617e-05],
          [3.1374e-05],
          [3.4155e-05],
          [3.2687e-05],
          [2.2679e-04],
          [4.6139e-05],
          [2.3772e-04],
          [3.4108e-05],
          [3.2194e-05],
          [3.0291e-05],
          [3.0793e-05],
          [2.5307e-05],
          [2.4253e-05],
          [2.9247e-05],
          [4.8840e-05],
          [2.2947e-05],
          [1.7435e-05],
          [2.0601e-05],
          [2.6562e-05],
          [4.1529e-05],
          [3.2456e-05],
          [3.8319e-05],
          [3.6886e-05],
          [3.3439e-05],
          [2.9402e-05],
          [1.3928e-04],
          [8.8052e-05],
          [4.0885e-05],
          [2.7280e-04],
          [2.9741e-05],
          [3.2784e-05],
          [3.5119e-05],
          [2.7875e-05],
          [3.1767e-05],
          [3.2506e-05],
          [2.9059e-05],
          [3.4798e-05],
          [3.7993e-05],
          [3.9785e-05],
          [3.7666e-05],
          [4.4426e-05],
          [4.6767e-05],
          [5.1551e-05],
          [5.8127e-05],
          [1.1981e-04],
          [4.0394e-04],
          [4.6805e-04],
          [2.4725e-04],
          [9.8154e-05],
          [5.4044e-05],
          [4.4174e-05],
          [5.7523e-05],
          [4.3303e-05],
          [3.8015e-05],
          [3.6847e-05],
          [3.5212e-05],
          [3.3372e-05],
          [3.5185e-05],
          [3.3805e-05],
          [3.6036e-05],
          [3.8687e-05],
          [4.9349e-05],
          [4.9866e-05],
          [8.4425e-05],
          [5.9633e-05],
          [7.9919e-05],
          [6.6295e-05],
          [9.3336e-05],
          [6.3431e-05],
          [5.3150e-05],
          [4.8779e-04],
          [2.5054e-04],
          [1.9199e-04],
          [5.9387e-04],
          [3.8029e-05],
          [4.3355e-05],
          [5.0228e-05],
          [4.9491e-05],
          [5.2382e-05],
          [4.9407e-05],
          [4.6698e-05],
          [4.6027e-05],
          [4.6291e-05],
          [4.0935e-05],
          [3.6595e-05],
          [4.1068e-04],
          [3.8584e-04],
          [5.1289e-05],
          [4.2455e-05],
          [4.4409e-05],
          [5.7495e-05],
          [3.8761e-05],
          [1.8378e-04],
          [4.1958e-05],
          [1.9278e-04],
          [3.8919e-05],
          [3.0201e-05],
          [1.3955e-04],
          [3.5295e-05],
          [2.2990e-04],
          [2.7439e-05],
          [3.1167e-05],
          [2.6499e-05],
          [4.3384e-04],
          [4.3707e-05],
          [8.1111e-04],
          [4.0027e-05],
          [4.1863e-05],
          [3.6721e-05],
          [4.2064e-05],
          [3.9114e-05],
          [2.8725e-05],
          [1.9463e-04],
          [2.4066e-04],
          [3.2639e-05],
          [3.4640e-05],
          [3.1216e-05],
          [3.0215e-05],
          [3.3518e-05],
          [3.3303e-05],
          [2.9882e-05],
          [2.1428e-04],
          [2.8960e-04],
          [3.2927e-05],
          [3.3214e-05],
          [3.5445e-05],
          [3.0528e-05],
          [2.5918e-04],
          [2.8192e-05],
          [4.9429e-05],
          [7.6317e-04],
          [3.4377e-05],
          [3.1076e-05],
          [3.1324e-05],
          [3.8551e-05],
          [4.2369e-05],
          [4.3214e-05],
          [3.0662e-05],
          [2.6832e-05],
          [5.5241e-05],
          [3.3465e-05],
          [2.7328e-05],
          [3.4200e-05],
          [3.6492e-05],
          [3.2254e-05],
          [4.0697e-05],
          [3.5736e-05],
          [2.8910e-05],
          [1.9187e-04],
          [2.0093e-04],
          [5.1171e-05],
          [3.5034e-05],
          [2.4083e-05],
          [3.7438e-05],
          [4.9228e-05],
          [2.5270e-05],
          [2.0984e-05],
          [4.4399e-05],
          [2.6342e-05],
          [1.4661e-05],
          [3.1813e-04],
          [7.5352e-05],
          [3.0340e-05],
          [1.5258e-04],
          [3.2198e-05],
          [1.7313e-04],
          [1.6116e-04],
          [3.4978e-05],
          [3.4279e-05],
          [3.5098e-05],
          [3.5294e-05],
          [3.3954e-05],
          [4.1381e-05],
          [5.4317e-05],
          [5.4423e-05],
          [8.2087e-05],
          [9.6433e-05],
          [1.3194e-04],
          [1.1074e-04],
          [1.1830e-04],
          [7.5930e-05],
          [1.0805e-04],
          [3.5516e-05],
          [3.5528e-05],
          [2.1729e-04],
          [1.7718e-04],
          [2.3872e-05],
          [1.5103e-04],
          [1.0976e-04],
          [3.0748e-05],
          [1.9257e-04],
          [2.4558e-05],
          [3.0830e-05],
          [2.1840e-05],
          [1.3476e-05],
          [9.6229e-06],
          [1.2009e-05],
          [3.0142e-05],
          [1.1638e-05],
          [1.5110e-05],
          [1.2938e-05],
          [2.6748e-04],
          [3.1861e-05],
          [6.5984e-05],
          [1.1013e-04],
          [2.7000e-05],
          [2.1440e-05],
          [2.1819e-05],
          [2.1687e-05],
          [2.5243e-05],
          [2.1232e-05],
          [3.0213e-04],
          [2.8728e-05],
          [5.3753e-04],
          [2.7165e-05],
          [2.6637e-05],
          [2.9283e-05],
          [3.1075e-05],
          [3.1682e-05],
          [3.3330e-05],
          [3.4117e-05],
          [3.8576e-05],
          [3.9620e-05],
          [4.5046e-05],
          [3.8162e-05],
          [4.5771e-05],
          [2.2050e-04],
          [3.0698e-04],
          [2.0831e-05],
          [2.1835e-05],
          [3.2170e-05],
          [1.3681e-05],
          [1.2022e-05],
          [1.9319e-05],
          [3.2515e-05],
          [2.6451e-05],
          [2.0396e-05],
          [1.6344e-05],
          [1.9769e-05],
          [1.5416e-05],
          [1.9904e-05],
          [2.3535e-05],
          [2.7590e-05],
          [1.9373e-05],
          [2.0357e-05],
          [2.2383e-05],
          [2.3007e-05],
          [2.6009e-05],
          [2.8197e-05],
          [2.4253e-05],
          [3.7901e-05],
          [2.6924e-05],
          [2.8529e-05],
          [3.4142e-05],
          [3.3145e-05],
          [4.9061e-05],
          [2.0969e-05],
          [2.0542e-05],
          [2.8396e-05],
          [1.9285e-05],
          [2.0934e-05],
          [4.8986e-05],
          [2.0274e-05],
          [2.3348e-05],
          [2.1851e-05],
          [2.2962e-05],
          [2.4420e-05],
          [1.8597e-05],
          [3.0646e-05],
          [2.3514e-05],
          [2.9325e-04],
          [4.3013e-05],
          [7.5489e-04],
          [3.3848e-05],
          [4.0696e-05],
          [3.4057e-05],
          [3.6360e-05],
          [4.2798e-05],
          [3.6539e-05],
          [3.8436e-05],
          [4.3625e-05],
          [3.3886e-05],
          [3.5807e-05],
          [3.4129e-05],
          [2.7658e-05],
          [2.9186e-05],
          [2.9255e-05],
          [2.6339e-04],
          [6.1272e-05],
          [6.2102e-04],
          [3.3453e-05],
          [2.7810e-05],
          [1.7614e-05],
          [1.4648e-05],
          [2.7810e-04],
          [3.8610e-04],
          [1.2224e-05],
          [1.1778e-05],
          [1.4597e-05],
          [2.1897e-05],
          [3.7400e-05],
          [3.8578e-05],
          [5.9633e-05],
          [5.5913e-05],
          [5.4344e-05],
          [3.4446e-05],
          [2.6940e-05],
          [2.3387e-05],
          [3.2249e-05],
          [3.9029e-05],
          [3.1877e-05],
          [2.6852e-05],
          [2.3076e-05],
          [2.3590e-04],
          [4.5184e-05],
          [3.5207e-05],
          [5.7338e-05],
          [2.6622e-05],
          [2.8072e-05],
          [2.4184e-05],
          [2.4518e-05],
          [1.6667e-05],
          [1.3315e-04],
          [2.3624e-04],
          [3.4275e-05],
          [3.6876e-05],
          [4.5336e-05],
          [3.0233e-05],
          [4.6061e-05],
          [3.6806e-05],
          [3.3955e-05],
          [6.9471e-05],
          [1.5116e-04],
          [1.1149e-04],
          [2.7667e-04],
          [2.0118e-05],
          [3.2739e-05],
          [1.5310e-05],
          [1.6418e-05],
          [1.4325e-05],
          [1.6837e-04],
          [8.4998e-05],
          [2.9917e-05],
          [6.0214e-05],
          [2.5369e-04],
          [1.6302e-05],
          [1.5276e-04],
          [2.3706e-05],
          [2.0840e-04],
          [2.3183e-05],
          [2.7094e-05],
          [2.2208e-05],
          [3.6229e-05],
          [1.7247e-05],
          [3.6663e-05],
          [6.6132e-06]]]])
