# Using CPU
# Loading Embeddings...
# Making Predictions...
torch.Size([1, 1, 442, 284])
tensor([[[[1.0748e-04],
          [2.7213e-05],
          [6.7763e-05],
          [1.9092e-05],
          [1.1626e-05],
          [2.4665e-04],
          [7.1975e-05],
          [1.7618e-05],
          [1.6482e-04],
          [8.7575e-05],
          [1.9606e-05],
          [1.9467e-05],
          [1.9963e-04],
          [1.4038e-04],
          [2.4818e-05],
          [1.2651e-05],
          [1.3892e-05],
          [1.2632e-05],
          [1.2620e-05],
          [2.0157e-05],
          [2.6840e-04],
          [1.6977e-05],
          [8.4189e-05],
          [1.4139e-05],
          [1.8473e-05],
          [2.4461e-05],
          [3.9131e-05],
          [7.5867e-05],
          [9.8835e-05],
          [1.2851e-04],
          [1.2946e-04],
          [1.6255e-04],
          [1.5927e-04],
          [1.6915e-04],
          [1.3127e-04],
          [9.7005e-05],
          [2.8345e-04],
          [6.0749e-05],
          [9.3615e-05],
          [7.4487e-05],
          [7.7369e-05],
          [2.6880e-05],
          [2.7864e-05],
          [2.8670e-05],
          [1.9034e-05],
          [2.2462e-05],
          [1.6258e-05],
          [1.4877e-05],
          [1.5471e-05],
          [1.6930e-04],
          [9.1837e-05],
          [1.5794e-05],
          [1.3551e-05],
          [2.6425e-04],
          [6.1558e-05],
          [1.6688e-05],
          [1.6443e-05],
          [1.6366e-05],
          [2.0654e-05],
          [2.4522e-05],
          [2.5709e-05],
          [2.2667e-05],
          [2.1644e-04],
          [1.6772e-04],
          [2.4382e-05],
          [2.2286e-05],
          [2.4246e-05],
          [2.6263e-05],
          [2.4801e-05],
          [2.2907e-05],
          [1.5485e-05],
          [1.9824e-04],
          [2.1694e-05],
          [1.6369e-05],
          [1.4753e-05],
          [1.6570e-05],
          [1.4217e-04],
          [1.6789e-05],
          [1.5468e-05],
          [1.5228e-05],
          [1.5882e-04],
          [9.5583e-05],
          [1.5342e-05],
          [1.4861e-05],
          [1.7126e-05],
          [2.0628e-05],
          [2.1906e-05],
          [2.4773e-05],
          [1.9788e-05],
          [1.6872e-05],
          [2.3242e-04],
          [3.9532e-05],
          [1.1770e-04],
          [1.4754e-05],
          [1.4266e-05],
          [1.5227e-05],
          [1.5203e-05],
          [1.8592e-05],
          [1.5419e-05],
          [1.7151e-05],
          [1.9567e-05],
          [1.6895e-05],
          [1.5032e-05],
          [1.6225e-05],
          [1.7007e-05],
          [2.0242e-05],
          [1.9532e-05],
          [2.3988e-05],
          [2.4506e-05],
          [2.7488e-05],
          [2.1572e-05],
          [7.5439e-05],
          [1.2160e-04],
          [1.6496e-05],
          [1.1979e-04],
          [1.9704e-05],
          [1.5661e-05],
          [1.6346e-05],
          [1.5760e-05],
          [1.8248e-05],
          [1.8423e-05],
          [1.3331e-05],
          [2.1093e-05],
          [1.6307e-05],
          [1.8053e-05],
          [1.6124e-05],
          [1.7000e-05],
          [1.9874e-05],
          [2.3437e-05],
          [4.7233e-05],
          [4.7150e-04],
          [1.3757e-03],
          [1.6791e-03],
          [9.4872e-04],
          [2.3248e-04],
          [9.8638e-05],
          [4.5906e-05],
          [3.2202e-05],
          [2.4984e-05],
          [2.7364e-05],
          [2.0852e-05],
          [1.9326e-05],
          [1.2931e-05],
          [1.5166e-05],
          [1.6348e-05],
          [2.0904e-05],
          [2.2369e-05],
          [3.3101e-05],
          [4.1983e-05],
          [6.7892e-05],
          [6.8207e-05],
          [7.7366e-05],
          [7.9476e-05],
          [1.0313e-04],
          [8.6759e-05],
          [7.5800e-05],
          [2.0897e-04],
          [4.4130e-05],
          [1.3062e-04],
          [1.3939e-04],
          [2.0936e-05],
          [2.9722e-05],
          [1.1061e-04],
          [1.2383e-04],
          [3.2319e-05],
          [2.9112e-05],
          [3.0624e-05],
          [2.7736e-05],
          [3.0284e-05],
          [2.7889e-05],
          [2.2056e-05],
          [2.5953e-04],
          [6.9372e-05],
          [3.1803e-05],
          [4.0940e-05],
          [4.5261e-05],
          [4.5677e-05],
          [3.9682e-05],
          [1.4593e-04],
          [4.4369e-05],
          [1.9371e-04],
          [1.6341e-05],
          [1.5612e-05],
          [1.2317e-04],
          [1.4607e-05],
          [1.2940e-04],
          [1.7442e-05],
          [1.5077e-05],
          [1.6410e-05],
          [2.1048e-04],
          [1.8641e-05],
          [9.4331e-05],
          [2.1880e-05],
          [2.4562e-05],
          [2.5948e-05],
          [2.5789e-05],
          [3.3388e-05],
          [2.5506e-05],
          [1.5427e-04],
          [1.0987e-04],
          [2.2313e-05],
          [1.9003e-05],
          [1.8397e-05],
          [1.3902e-05],
          [1.4849e-05],
          [1.7085e-05],
          [1.4425e-05],
          [2.1231e-04],
          [1.0653e-04],
          [1.6222e-05],
          [1.4858e-05],
          [1.5395e-05],
          [1.4173e-05],
          [1.7154e-04],
          [2.5790e-05],
          [1.6913e-05],
          [1.2210e-04],
          [1.6158e-05],
          [1.8035e-05],
          [1.6050e-05],
          [1.7292e-05],
          [2.1841e-05],
          [1.7944e-05],
          [1.8378e-05],
          [1.8357e-05],
          [2.9572e-05],
          [2.5310e-05],
          [2.0348e-05],
          [2.3827e-05],
          [2.5825e-05],
          [1.6205e-05],
          [1.7547e-05],
          [1.4710e-05],
          [1.3798e-05],
          [2.0844e-04],
          [7.4959e-05],
          [2.1515e-05],
          [1.7928e-05],
          [2.0096e-05],
          [2.5980e-05],
          [2.2151e-05],
          [3.1198e-05],
          [1.5824e-05],
          [2.6139e-05],
          [2.2247e-05],
          [1.0811e-05],
          [1.3737e-04],
          [1.1063e-04],
          [1.9023e-05],
          [1.4352e-04],
          [1.1560e-05],
          [1.5583e-04],
          [6.2283e-05],
          [2.3652e-05],
          [2.9824e-05],
          [2.9606e-05],
          [2.5309e-05],
          [3.5908e-05],
          [4.5990e-05],
          [6.4037e-05],
          [6.7569e-05],
          [1.1322e-04],
          [1.4548e-04],
          [2.1969e-04],
          [1.9505e-04],
          [2.0276e-04],
          [1.2576e-04],
          [1.4650e-04],
          [4.8688e-05],
          [4.5292e-05],
          [1.0899e-04],
          [1.2618e-04],
          [2.1763e-05],
          [1.1841e-04],
          [9.6026e-05],
          [3.0650e-05],
          [1.4592e-04],
          [1.3436e-05],
          [1.3062e-05],
          [1.1991e-05],
          [1.0784e-05],
          [1.0563e-05],
          [1.0202e-05],
          [2.4306e-05],
          [1.1678e-05],
          [1.2447e-05],
          [1.2589e-05],
          [2.5667e-04],
          [1.9828e-05],
          [5.2983e-05],
          [4.9212e-05],
          [1.3146e-05],
          [1.2744e-05],
          [1.0861e-05],
          [1.0694e-05],
          [1.3394e-05],
          [1.1835e-05],
          [2.6143e-04],
          [1.5598e-05],
          [1.5565e-04],
          [1.4906e-05],
          [1.4423e-05],
          [1.6153e-05],
          [1.5250e-05],
          [1.4345e-05],
          [1.4044e-05],
          [1.6525e-05],
          [1.9391e-05],
          [2.3418e-05],
          [2.1785e-05],
          [2.8926e-05],
          [3.4269e-05],
          [2.0742e-04],
          [1.0519e-04],
          [2.2124e-05],
          [1.8682e-05],
          [1.5290e-05],
          [1.2717e-05],
          [1.4962e-05],
          [1.6354e-05],
          [1.2554e-05],
          [1.4110e-05],
          [1.1511e-05],
          [1.2271e-05],
          [1.4057e-05],
          [1.2165e-05],
          [1.1456e-05],
          [1.3001e-05],
          [1.6164e-05],
          [1.1784e-05],
          [1.4629e-05],
          [1.7094e-05],
          [1.7295e-05],
          [1.8040e-05],
          [2.2857e-05],
          [2.0205e-05],
          [1.8259e-05],
          [1.9447e-05],
          [1.9781e-05],
          [1.9013e-05],
          [2.0032e-05],
          [2.0172e-05],
          [2.1819e-05],
          [2.0227e-05],
          [2.2145e-05],
          [2.5626e-05],
          [1.7035e-05],
          [2.6326e-05],
          [2.6207e-05],
          [1.3301e-05],
          [1.8303e-05],
          [1.2185e-05],
          [1.6970e-05],
          [1.5195e-05],
          [1.9184e-05],
          [1.7347e-05],
          [1.6882e-04],
          [2.8911e-05],
          [9.7528e-05],
          [1.9949e-05],
          [2.2121e-05],
          [2.2954e-05],
          [1.9558e-05],
          [2.1089e-05],
          [2.3502e-05],
          [2.0230e-05],
          [1.4831e-05],
          [1.5292e-05],
          [1.7034e-05],
          [1.6413e-05],
          [1.2384e-05],
          [1.7175e-05],
          [1.6894e-05],
          [1.7844e-04],
          [5.2580e-05],
          [1.3362e-04],
          [1.7012e-05],
          [1.2408e-05],
          [9.3002e-06],
          [1.0340e-05],
          [2.4305e-04],
          [1.1913e-04],
          [1.0533e-05],
          [1.2286e-05],
          [1.8199e-05],
          [2.6976e-05],
          [3.0680e-05],
          [3.7991e-05],
          [4.9260e-05],
          [3.8844e-05],
          [2.3611e-05],
          [2.1304e-05],
          [2.7476e-05],
          [1.5119e-05],
          [1.0967e-05],
          [1.2532e-05],
          [1.9259e-05],
          [1.5917e-05],
          [1.4350e-05],
          [7.8667e-05],
          [2.7115e-05],
          [2.6412e-05],
          [7.4154e-05],
          [2.1005e-05],
          [2.5768e-05],
          [2.5676e-05],
          [2.7737e-05],
          [2.1997e-05],
          [1.7643e-04],
          [7.0690e-05],
          [2.3833e-05],
          [2.1954e-05],
          [2.0473e-05],
          [1.7937e-05],
          [2.3615e-05],
          [2.1599e-05],
          [3.4143e-05],
          [7.0362e-05],
          [6.0420e-05],
          [1.4830e-04],
          [6.2263e-05],
          [2.7457e-05],
          [2.0003e-05],
          [1.5831e-05],
          [1.9729e-05],
          [1.3579e-05],
          [2.0360e-04],
          [1.2445e-04],
          [1.5903e-05],
          [5.3143e-05],
          [6.8182e-05],
          [1.7693e-05],
          [2.0950e-04],
          [1.5742e-05],
          [2.5199e-04],
          [1.9135e-05],
          [1.5698e-05],
          [1.2921e-05],
          [1.6160e-05],
          [1.3170e-05],
          [2.1344e-05],
          [5.4238e-06]]]])
