# Using CPU
# Loading Embeddings...
# Making Predictions...
torch.Size([1, 1, 442, 262])
tensor([[[[1.3506e-04],
          [2.4533e-05],
          [1.6175e-04],
          [2.2666e-05],
          [9.0611e-06],
          [3.5702e-04],
          [3.4098e-04],
          [1.5771e-05],
          [2.9451e-04],
          [3.6846e-04],
          [1.9386e-05],
          [1.8196e-05],
          [5.8639e-04],
          [3.1432e-04],
          [1.3868e-05],
          [1.2466e-05],
          [1.1033e-05],
          [1.1926e-05],
          [1.2906e-05],
          [1.4899e-05],
          [4.5527e-04],
          [2.3251e-05],
          [1.9364e-04],
          [1.4229e-05],
          [2.1018e-05],
          [2.8070e-05],
          [4.1995e-05],
          [7.2538e-05],
          [8.4848e-05],
          [1.0165e-04],
          [1.0239e-04],
          [1.1484e-04],
          [1.0245e-04],
          [1.1276e-04],
          [9.4461e-05],
          [7.8932e-05],
          [4.2636e-04],
          [5.8620e-05],
          [1.4776e-04],
          [7.9796e-05],
          [1.7247e-04],
          [2.9285e-05],
          [2.9769e-05],
          [3.1598e-05],
          [2.0915e-05],
          [2.1718e-05],
          [1.6645e-05],
          [1.7359e-05],
          [1.6285e-05],
          [3.5216e-04],
          [1.9994e-04],
          [1.2181e-05],
          [1.2310e-05],
          [3.4924e-04],
          [1.7499e-04],
          [1.3483e-05],
          [1.4853e-05],
          [1.5886e-05],
          [2.1108e-05],
          [2.4022e-05],
          [2.4985e-05],
          [2.0685e-05],
          [3.2030e-04],
          [2.3993e-04],
          [1.4803e-05],
          [1.4541e-05],
          [1.5032e-05],
          [1.5341e-05],
          [1.8197e-05],
          [1.6916e-05],
          [1.6044e-05],
          [3.1820e-04],
          [2.4313e-05],
          [2.3712e-05],
          [1.3535e-05],
          [2.4385e-05],
          [5.1399e-04],
          [1.4495e-05],
          [1.5220e-05],
          [1.2383e-05],
          [3.5782e-04],
          [3.3149e-04],
          [1.3283e-05],
          [1.5491e-05],
          [1.7776e-05],
          [2.1901e-05],
          [2.2878e-05],
          [2.5166e-05],
          [2.1060e-05],
          [1.7761e-05],
          [2.8711e-04],
          [5.4370e-05],
          [4.2416e-04],
          [1.2453e-05],
          [1.2981e-05],
          [1.6729e-05],
          [1.7285e-05],
          [2.1504e-05],
          [2.3699e-05],
          [2.3669e-05],
          [2.5527e-05],
          [1.8335e-05],
          [1.4596e-05],
          [1.1677e-05],
          [1.1988e-05],
          [1.6735e-05],
          [1.9326e-05],
          [2.2468e-05],
          [2.1880e-05],
          [2.4700e-05],
          [2.0693e-05],
          [1.0528e-04],
          [1.3472e-04],
          [2.0772e-05],
          [3.8776e-04],
          [1.4211e-05],
          [1.2712e-05],
          [1.2714e-05],
          [1.3356e-05],
          [1.4639e-05],
          [1.5036e-05],
          [1.4532e-05],
          [1.3281e-05],
          [1.1192e-05],
          [1.2425e-05],
          [1.2002e-05],
          [1.2992e-05],
          [1.2906e-05],
          [1.5739e-05],
          [2.0735e-05],
          [3.7102e-05],
          [5.8778e-04],
          [1.1384e-03],
          [6.2093e-05],
          [3.9741e-05],
          [2.8949e-05],
          [2.2107e-05],
          [1.7674e-05],
          [1.4108e-05],
          [1.3889e-05],
          [1.2014e-05],
          [1.1317e-05],
          [9.5689e-06],
          [1.0433e-05],
          [1.3164e-05],
          [1.5624e-05],
          [1.7104e-05],
          [2.2690e-05],
          [3.2752e-05],
          [4.6530e-05],
          [5.4414e-05],
          [5.7840e-05],
          [5.6773e-05],
          [6.9159e-05],
          [6.5232e-05],
          [5.4505e-05],
          [3.6864e-04],
          [1.8955e-04],
          [1.5808e-04],
          [3.7526e-04],
          [1.9685e-05],
          [2.4696e-05],
          [2.4046e-05],
          [2.6145e-05],
          [2.0301e-05],
          [2.1068e-05],
          [2.5075e-05],
          [2.1651e-05],
          [1.8093e-05],
          [1.8906e-05],
          [1.5969e-05],
          [4.5952e-04],
          [2.1645e-04],
          [2.1202e-05],
          [2.2926e-05],
          [2.4603e-05],
          [3.1264e-05],
          [2.7337e-05],
          [2.6661e-04],
          [3.8781e-05],
          [5.3593e-04],
          [1.5260e-05],
          [1.6349e-05],
          [2.2761e-04],
          [1.9679e-05],
          [3.7056e-04],
          [1.3589e-05],
          [1.3759e-05],
          [1.2695e-05],
          [3.5264e-04],
          [2.5399e-05],
          [6.3725e-04],
          [1.5988e-05],
          [2.0455e-05],
          [2.1859e-05],
          [2.2075e-05],
          [2.2808e-05],
          [1.8549e-05],
          [3.0788e-04],
          [2.5607e-04],
          [1.6085e-05],
          [1.5135e-05],
          [1.5099e-05],
          [1.2887e-05],
          [1.3655e-05],
          [1.4175e-05],
          [1.2938e-05],
          [4.0273e-04],
          [2.3931e-04],
          [1.3585e-05],
          [1.2352e-05],
          [1.3606e-05],
          [1.3497e-05],
          [4.7983e-04],
          [2.9414e-05],
          [1.7726e-05],
          [4.1149e-04],
          [1.7204e-05],
          [1.2568e-05],
          [1.1434e-05],
          [1.1466e-05],
          [1.5119e-05],
          [1.2123e-05],
          [1.0849e-05],
          [1.1881e-05],
          [1.3338e-05],
          [1.7461e-05],
          [1.3543e-05],
          [1.2915e-05],
          [1.1026e-05],
          [1.0221e-05],
          [1.1049e-05],
          [1.0897e-05],
          [1.2430e-05],
          [5.2536e-04],
          [1.4207e-04],
          [1.5931e-05],
          [1.5150e-05],
          [1.3858e-05],
          [1.5444e-05],
          [1.5435e-05],
          [1.8256e-05],
          [1.6224e-05],
          [2.1829e-05],
          [2.0620e-05],
          [1.2360e-05],
          [2.3464e-04],
          [1.7382e-04],
          [2.7809e-05],
          [3.9083e-04],
          [1.1189e-05],
          [2.7236e-04],
          [1.8969e-04],
          [2.3603e-05],
          [2.9929e-05],
          [3.0568e-05],
          [2.8943e-05],
          [3.3024e-05],
          [3.1476e-05],
          [3.7586e-05],
          [3.2171e-05],
          [3.7690e-05],
          [3.8284e-05],
          [6.1329e-05],
          [5.1288e-05],
          [4.8862e-05],
          [3.5545e-05],
          [1.7243e-04],
          [2.0332e-05],
          [1.9712e-05],
          [2.6502e-04],
          [1.3816e-04],
          [2.6654e-05],
          [1.0724e-04],
          [1.5731e-04],
          [2.9685e-05],
          [4.4620e-04],
          [1.2600e-05],
          [1.0972e-05],
          [1.0049e-05],
          [8.8161e-06],
          [9.2185e-06],
          [9.0488e-06],
          [2.6520e-05],
          [1.1522e-05],
          [1.3181e-05],
          [1.0242e-05],
          [5.3006e-04],
          [3.4734e-05],
          [1.5853e-04],
          [5.5503e-05],
          [1.1476e-05],
          [1.1447e-05],
          [1.0995e-05],
          [1.1029e-05],
          [1.0550e-05],
          [9.3919e-06],
          [3.7186e-04],
          [2.9887e-05],
          [3.3070e-04],
          [1.3708e-05],
          [1.1512e-05],
          [1.3875e-05],
          [1.3254e-05],
          [1.3667e-05],
          [1.4195e-05],
          [1.4527e-05],
          [2.0185e-05],
          [1.7542e-05],
          [2.3298e-05],
          [2.4573e-05],
          [3.3447e-05],
          [7.5459e-04],
          [1.9275e-04],
          [2.1272e-05],
          [1.8628e-05],
          [1.5251e-05],
          [1.2025e-05],
          [1.1355e-05],
          [1.4994e-05],
          [1.8910e-05],
          [1.7603e-05],
          [1.6693e-05],
          [1.3413e-05],
          [1.2563e-05],
          [1.0178e-05],
          [1.2136e-05],
          [1.2309e-05],
          [1.4742e-05],
          [1.3275e-05],
          [1.3790e-05],
          [1.3201e-05],
          [1.5194e-05],
          [1.4036e-05],
          [1.2751e-05],
          [1.6775e-05],
          [1.5189e-05],
          [2.2233e-05],
          [1.6777e-05],
          [2.5224e-05],
          [2.6312e-05],
          [2.8221e-05],
          [2.5466e-05],
          [2.6617e-05],
          [3.3766e-05],
          [4.2509e-05],
          [3.0124e-05],
          [2.6519e-05],
          [3.8699e-05],
          [2.8158e-05],
          [2.6932e-05],
          [1.7398e-05],
          [2.2083e-05],
          [1.9224e-05],
          [1.6332e-05],
          [1.6454e-05],
          [2.0710e-04],
          [3.2507e-05],
          [6.3612e-04],
          [2.1585e-05],
          [2.2615e-05],
          [2.0003e-05],
          [1.8483e-05],
          [1.7004e-05],
          [1.3726e-05],
          [1.2226e-05],
          [1.1101e-05],
          [9.8703e-06],
          [1.0802e-05],
          [1.1774e-05],
          [1.1988e-05],
          [1.5461e-05],
          [1.5430e-05],
          [2.5318e-04],
          [8.6335e-05],
          [3.7407e-04],
          [1.3845e-05],
          [1.0709e-05],
          [8.8832e-06],
          [1.2152e-05],
          [3.8806e-04],
          [2.3016e-04],
          [1.2002e-05],
          [1.4047e-05],
          [1.3260e-05],
          [2.0496e-05],
          [2.0696e-05],
          [3.0099e-05],
          [4.3129e-05],
          [3.6528e-05],
          [3.1141e-05],
          [2.3686e-05],
          [1.9916e-05],
          [1.3286e-05],
          [1.0367e-05],
          [1.1578e-05],
          [1.1120e-05],
          [1.0866e-05],
          [1.1857e-05],
          [4.2146e-05],
          [2.9338e-05],
          [3.4804e-05],
          [4.0985e-05],
          [2.3077e-05],
          [2.4902e-05],
          [2.3908e-05],
          [2.3578e-05],
          [1.8832e-05],
          [3.2191e-04],
          [1.6911e-04],
          [2.2371e-05],
          [2.1929e-05],
          [2.0878e-05],
          [1.8663e-05],
          [1.8832e-05],
          [1.8023e-05],
          [2.6634e-05],
          [9.3922e-05],
          [7.4034e-05],
          [2.8931e-04],
          [2.0114e-04],
          [3.1068e-05],
          [1.5262e-05],
          [1.6221e-05],
          [1.6517e-05],
          [1.5565e-05],
          [2.3522e-04],
          [8.8967e-05],
          [1.6060e-05],
          [6.8976e-05],
          [1.2940e-04],
          [1.8155e-05],
          [2.9625e-04],
          [1.8296e-05],
          [4.1260e-04],
          [2.0850e-05],
          [1.6880e-05],
          [1.4119e-05],
          [1.4492e-05],
          [1.4387e-05],
          [3.6861e-05],
          [6.5712e-06]]]])
