# Using CPU
# Loading Embeddings...
# Making Predictions...
torch.Size([1, 1, 442, 250])
tensor([[[[1.2054e-04],
          [2.8909e-05],
          [5.8260e-05],
          [4.2966e-05],
          [1.2023e-05],
          [3.0180e-04],
          [2.1644e-04],
          [2.0799e-05],
          [1.9900e-04],
          [2.0937e-04],
          [1.7378e-05],
          [1.4546e-05],
          [2.7092e-04],
          [1.6575e-04],
          [3.4830e-05],
          [1.4138e-05],
          [1.4415e-05],
          [1.0388e-05],
          [1.2578e-05],
          [3.1469e-05],
          [4.8878e-04],
          [2.3534e-05],
          [1.6887e-04],
          [1.4527e-05],
          [1.6269e-05],
          [2.0384e-05],
          [2.7026e-05],
          [4.6302e-05],
          [6.3124e-05],
          [8.6458e-05],
          [8.0380e-05],
          [9.2640e-05],
          [9.6451e-05],
          [8.9011e-05],
          [7.4551e-05],
          [5.3926e-05],
          [3.5237e-04],
          [3.6923e-05],
          [1.1375e-04],
          [9.4648e-05],
          [1.4123e-04],
          [2.0576e-05],
          [2.1554e-05],
          [2.1840e-05],
          [1.6614e-05],
          [2.4329e-05],
          [1.5351e-05],
          [1.4188e-05],
          [1.4628e-05],
          [1.8864e-04],
          [1.4245e-04],
          [1.4051e-05],
          [1.3847e-05],
          [3.6890e-04],
          [1.5045e-04],
          [1.6951e-05],
          [1.6519e-05],
          [1.5096e-05],
          [2.0505e-05],
          [1.7591e-05],
          [1.9376e-05],
          [1.6829e-05],
          [2.1715e-04],
          [1.4925e-04],
          [2.2645e-05],
          [1.7102e-05],
          [2.1068e-05],
          [2.0811e-05],
          [1.8836e-05],
          [1.9115e-05],
          [1.3994e-05],
          [3.1587e-04],
          [2.4476e-05],
          [1.9894e-05],
          [1.5806e-05],
          [1.7031e-05],
          [2.5254e-04],
          [1.6015e-05],
          [1.6132e-05],
          [1.2908e-05],
          [2.6406e-04],
          [1.0615e-04],
          [1.3708e-05],
          [1.2939e-05],
          [1.3792e-05],
          [1.5833e-05],
          [1.8162e-05],
          [1.6556e-05],
          [1.4818e-05],
          [1.3790e-05],
          [3.4446e-04],
          [5.4465e-05],
          [1.7340e-04],
          [1.3386e-05],
          [1.3503e-05],
          [1.9858e-05],
          [2.1904e-05],
          [2.9628e-05],
          [2.0230e-05],
          [2.1386e-05],
          [2.0606e-05],
          [1.6837e-05],
          [1.4518e-05],
          [1.4373e-05],
          [1.4103e-05],
          [1.6124e-05],
          [1.7171e-05],
          [2.0956e-05],
          [2.1132e-05],
          [2.1016e-05],
          [1.7906e-05],
          [9.0952e-05],
          [1.9641e-04],
          [1.5549e-05],
          [1.3889e-04],
          [1.3179e-05],
          [1.2103e-05],
          [1.6599e-05],
          [1.2881e-05],
          [1.3419e-05],
          [1.3268e-05],
          [1.3957e-05],
          [1.2903e-05],
          [1.4931e-05],
          [1.7468e-05],
          [1.5607e-05],
          [1.5977e-05],
          [1.6939e-05],
          [2.1063e-05],
          [3.1524e-05],
          [2.0925e-05],
          [4.2024e-04],
          [2.2589e-04],
          [2.9547e-05],
          [2.2901e-05],
          [2.2474e-05],
          [2.0108e-05],
          [1.9719e-05],
          [1.9314e-05],
          [1.6899e-05],
          [1.4526e-05],
          [1.4284e-05],
          [1.2831e-05],
          [1.3634e-05],
          [1.3804e-05],
          [1.7057e-05],
          [1.8800e-05],
          [2.4462e-05],
          [3.0865e-05],
          [4.4612e-05],
          [4.6080e-05],
          [5.5519e-05],
          [4.9586e-05],
          [6.1409e-05],
          [5.4821e-05],
          [4.2181e-05],
          [2.1224e-04],
          [9.2168e-05],
          [1.5553e-04],
          [1.9761e-04],
          [1.9721e-05],
          [1.6428e-05],
          [1.7789e-05],
          [2.0412e-05],
          [1.9636e-05],
          [2.2535e-05],
          [2.1234e-05],
          [2.0614e-05],
          [2.3155e-05],
          [2.4914e-05],
          [2.2215e-05],
          [3.0309e-04],
          [1.2931e-04],
          [2.3854e-05],
          [2.9038e-05],
          [3.3164e-05],
          [3.3006e-05],
          [2.9453e-05],
          [2.5923e-04],
          [6.8848e-05],
          [1.8877e-04],
          [1.4534e-05],
          [1.5959e-05],
          [1.8405e-04],
          [1.4937e-05],
          [1.5193e-04],
          [1.6114e-05],
          [1.7925e-05],
          [1.6637e-05],
          [3.4850e-04],
          [3.3420e-05],
          [2.1374e-04],
          [1.5150e-05],
          [1.9457e-05],
          [2.0478e-05],
          [2.0455e-05],
          [2.3559e-05],
          [1.9612e-05],
          [2.0792e-04],
          [1.1385e-04],
          [1.5981e-05],
          [1.6835e-05],
          [1.8729e-05],
          [1.7596e-05],
          [2.1613e-05],
          [2.0938e-05],
          [1.8447e-05],
          [2.9146e-04],
          [1.1266e-04],
          [1.9285e-05],
          [1.9277e-05],
          [2.0028e-05],
          [1.5835e-05],
          [2.2053e-04],
          [2.8440e-05],
          [1.4929e-05],
          [2.2076e-04],
          [1.6533e-05],
          [1.4824e-05],
          [1.3121e-05],
          [1.4741e-05],
          [1.6296e-05],
          [1.8010e-05],
          [1.6201e-05],
          [1.7630e-05],
          [2.6922e-05],
          [2.2107e-05],
          [1.7519e-05],
          [2.3933e-05],
          [1.9976e-05],
          [1.2987e-05],
          [1.5538e-05],
          [1.9297e-05],
          [1.6730e-05],
          [2.4139e-04],
          [8.6307e-05],
          [1.9774e-05],
          [1.5761e-05],
          [1.6585e-05],
          [1.9477e-05],
          [1.7771e-05],
          [2.4610e-05],
          [1.5431e-05],
          [2.1881e-05],
          [2.7888e-05],
          [1.4037e-05],
          [2.8889e-04],
          [1.2677e-04],
          [1.3950e-05],
          [1.2296e-04],
          [1.0825e-05],
          [1.7572e-04],
          [1.0233e-04],
          [1.6538e-05],
          [1.8915e-05],
          [2.0427e-05],
          [2.0226e-05],
          [2.5548e-05],
          [2.4392e-05],
          [3.4350e-05],
          [3.5812e-05],
          [5.9509e-05],
          [7.0995e-05],
          [1.0187e-04],
          [1.0701e-04],
          [1.2099e-04],
          [7.1870e-05],
          [1.9486e-04],
          [2.9218e-05],
          [2.8417e-05],
          [2.8531e-04],
          [1.5725e-04],
          [2.4391e-05],
          [1.0018e-04],
          [1.6055e-04],
          [4.3295e-05],
          [1.6757e-04],
          [1.2696e-05],
          [1.3610e-05],
          [1.1950e-05],
          [1.0525e-05],
          [9.5486e-06],
          [1.0536e-05],
          [2.7862e-05],
          [1.2087e-05],
          [1.5265e-05],
          [1.1623e-05],
          [2.9001e-04],
          [1.7439e-05],
          [7.2725e-05],
          [5.3859e-05],
          [1.1670e-05],
          [1.1495e-05],
          [1.1864e-05],
          [1.0141e-05],
          [1.0493e-05],
          [1.1555e-05],
          [3.4766e-04],
          [1.9391e-05],
          [1.7294e-04],
          [1.6086e-05],
          [1.3431e-05],
          [1.4400e-05],
          [1.3750e-05],
          [1.2777e-05],
          [1.1942e-05],
          [1.3531e-05],
          [1.6073e-05],
          [2.0607e-05],
          [2.0012e-05],
          [2.1703e-05],
          [2.4545e-05],
          [2.1287e-04],
          [1.7631e-04],
          [1.7855e-05],
          [1.5111e-05],
          [1.3707e-05],
          [1.1193e-05],
          [1.2281e-05],
          [1.7350e-05],
          [2.0369e-05],
          [1.9271e-05],
          [1.8022e-05],
          [1.5551e-05],
          [1.8180e-05],
          [1.4125e-05],
          [1.1983e-05],
          [1.2870e-05],
          [1.6622e-05],
          [1.5464e-05],
          [1.6088e-05],
          [1.6885e-05],
          [2.0512e-05],
          [1.8139e-05],
          [1.8539e-05],
          [1.9071e-05],
          [1.8231e-05],
          [1.9838e-05],
          [1.9237e-05],
          [2.5684e-05],
          [2.6193e-05],
          [2.4972e-05],
          [2.1706e-05],
          [2.7243e-05],
          [3.0290e-05],
          [2.8667e-05],
          [2.1458e-05],
          [2.8926e-05],
          [2.4019e-05],
          [1.7440e-05],
          [2.1494e-05],
          [1.5113e-05],
          [1.6708e-05],
          [1.4253e-05],
          [1.7774e-05],
          [1.5737e-05],
          [1.8944e-04],
          [3.5801e-05],
          [3.0978e-04],
          [1.7721e-05],
          [1.8666e-05],
          [1.7668e-05],
          [1.6370e-05],
          [1.8365e-05],
          [1.8796e-05],
          [1.7199e-05],
          [1.6052e-05],
          [1.4340e-05],
          [1.6832e-05],
          [1.5167e-05],
          [1.4194e-05],
          [1.9025e-05],
          [1.8706e-05],
          [1.9267e-04],
          [5.4832e-05],
          [2.7753e-04],
          [1.5666e-05],
          [1.3966e-05],
          [1.0617e-05],
          [1.1818e-05],
          [3.8454e-04],
          [1.8201e-04],
          [1.2265e-05],
          [1.3738e-05],
          [1.7217e-05],
          [2.8606e-05],
          [3.8928e-05],
          [4.8018e-05],
          [4.8737e-05],
          [4.1643e-05],
          [4.4254e-05],
          [2.8623e-05],
          [2.4100e-05],
          [1.7334e-05],
          [1.1333e-05],
          [1.1373e-05],
          [1.7599e-05],
          [1.3228e-05],
          [1.2745e-05],
          [7.9767e-05],
          [3.1006e-05],
          [3.8230e-05],
          [4.1081e-05],
          [3.3548e-05],
          [3.4951e-05],
          [2.6778e-05],
          [2.5820e-05],
          [1.5112e-05],
          [1.8314e-04],
          [1.1574e-04],
          [1.8300e-05],
          [1.6821e-05],
          [1.7027e-05],
          [1.3799e-05],
          [1.9721e-05],
          [2.1445e-05],
          [2.5943e-05],
          [7.7170e-05],
          [7.1930e-05],
          [2.7215e-04],
          [1.5445e-04],
          [2.6899e-05],
          [2.0408e-05],
          [1.7079e-05],
          [1.9789e-05],
          [1.1790e-05],
          [2.6927e-04],
          [1.5334e-04],
          [1.4770e-05],
          [5.0373e-05],
          [1.4428e-04],
          [1.5721e-05],
          [2.2878e-04],
          [1.8927e-05],
          [1.6805e-04],
          [1.5811e-05],
          [1.2754e-05],
          [1.0714e-05],
          [1.5973e-05],
          [1.1347e-05],
          [5.0463e-05],
          [9.6399e-06]]]])
