# Using CPU
# Loading Embeddings...
# Making Predictions...
torch.Size([1, 1, 442, 562])
tensor([[[[1.7062e-04],
          [2.6909e-05],
          [1.2780e-04],
          [6.8464e-05],
          [1.2396e-05],
          [1.2144e-04],
          [9.1042e-05],
          [2.5196e-05],
          [1.3247e-04],
          [9.8003e-05],
          [2.4287e-05],
          [2.2083e-05],
          [2.7935e-04],
          [1.5114e-04],
          [2.0339e-05],
          [1.4570e-05],
          [1.3687e-05],
          [1.2247e-05],
          [1.3823e-05],
          [2.0871e-05],
          [1.6728e-04],
          [2.1979e-05],
          [9.0924e-05],
          [1.8098e-05],
          [1.6212e-05],
          [1.9851e-05],
          [2.3347e-05],
          [2.8028e-05],
          [3.1133e-05],
          [3.7784e-05],
          [3.5037e-05],
          [3.5584e-05],
          [3.6745e-05],
          [3.8833e-05],
          [3.2614e-05],
          [2.6484e-05],
          [4.2455e-04],
          [2.5499e-05],
          [1.3559e-04],
          [6.6635e-05],
          [1.4593e-04],
          [1.9632e-05],
          [1.6691e-05],
          [1.4914e-05],
          [1.4694e-05],
          [1.2252e-05],
          [1.0772e-05],
          [1.2440e-05],
          [1.2947e-05],
          [1.0956e-04],
          [8.7921e-05],
          [1.4016e-05],
          [1.2562e-05],
          [1.2137e-04],
          [9.0912e-05],
          [1.6547e-05],
          [1.3992e-05],
          [2.1333e-05],
          [2.1520e-05],
          [1.5326e-05],
          [1.5313e-05],
          [1.4684e-05],
          [2.0102e-04],
          [1.5498e-04],
          [1.7158e-05],
          [1.8155e-05],
          [1.7205e-05],
          [1.6719e-05],
          [1.7882e-05],
          [1.5374e-05],
          [1.4645e-05],
          [1.4545e-04],
          [2.2668e-05],
          [1.5302e-05],
          [1.5182e-05],
          [2.1142e-05],
          [1.6357e-04],
          [1.7822e-05],
          [1.6142e-05],
          [1.4842e-05],
          [1.5258e-04],
          [1.1265e-04],
          [1.5492e-05],
          [1.1362e-05],
          [1.2070e-05],
          [1.4357e-05],
          [1.4980e-05],
          [1.5028e-05],
          [1.6316e-05],
          [1.5385e-05],
          [1.3966e-04],
          [3.8474e-05],
          [1.4996e-04],
          [1.5555e-05],
          [1.3416e-05],
          [1.3316e-05],
          [1.5281e-05],
          [1.4472e-05],
          [1.5921e-05],
          [2.2515e-05],
          [3.4240e-05],
          [1.5819e-05],
          [1.4335e-05],
          [1.4211e-05],
          [1.4087e-05],
          [1.9250e-05],
          [1.9986e-05],
          [1.9469e-05],
          [2.0790e-05],
          [2.0387e-05],
          [1.7370e-05],
          [5.0851e-05],
          [9.6741e-05],
          [2.6233e-05],
          [1.4461e-04],
          [1.5791e-05],
          [1.1770e-05],
          [1.0429e-05],
          [1.3720e-05],
          [1.4604e-05],
          [1.5487e-05],
          [1.6741e-05],
          [1.9410e-05],
          [1.3754e-05],
          [1.6917e-05],
          [1.5839e-05],
          [1.8081e-05],
          [1.9443e-05],
          [2.3057e-05],
          [2.3648e-05],
          [2.5260e-05],
          [2.9723e-04],
          [3.2013e-04],
          [3.5234e-05],
          [2.6931e-05],
          [2.3093e-05],
          [1.9148e-05],
          [2.1015e-05],
          [1.7622e-05],
          [1.8077e-05],
          [1.5911e-05],
          [1.3513e-05],
          [1.1588e-05],
          [1.3414e-05],
          [1.4424e-05],
          [1.6315e-05],
          [1.7986e-05],
          [2.3124e-05],
          [2.6034e-05],
          [4.1089e-05],
          [4.3560e-05],
          [5.2168e-05],
          [4.7785e-05],
          [6.4035e-05],
          [5.3022e-05],
          [5.0186e-05],
          [1.2784e-04],
          [5.4969e-05],
          [7.2898e-05],
          [1.0940e-04],
          [1.9947e-05],
          [1.9059e-05],
          [1.7581e-05],
          [1.8720e-05],
          [2.0791e-05],
          [2.3966e-05],
          [2.4507e-05],
          [2.4156e-05],
          [2.4865e-05],
          [2.6641e-05],
          [2.2093e-05],
          [1.6300e-04],
          [1.0839e-04],
          [2.5718e-05],
          [2.6770e-05],
          [2.8937e-05],
          [2.4357e-05],
          [2.3060e-05],
          [1.8028e-04],
          [5.0211e-05],
          [2.0255e-04],
          [1.9397e-05],
          [1.8787e-05],
          [1.5267e-04],
          [2.4407e-05],
          [1.9591e-04],
          [2.5007e-05],
          [2.0199e-05],
          [2.1571e-05],
          [1.2946e-04],
          [2.7206e-05],
          [8.5596e-05],
          [1.9525e-05],
          [2.1110e-05],
          [2.0126e-05],
          [1.8706e-05],
          [2.0437e-05],
          [1.8786e-05],
          [1.8276e-04],
          [1.1453e-04],
          [1.9758e-05],
          [1.9643e-05],
          [1.9038e-05],
          [1.8761e-05],
          [1.7562e-05],
          [1.5799e-05],
          [1.4911e-05],
          [1.1533e-04],
          [9.2815e-05],
          [1.6248e-05],
          [1.4682e-05],
          [1.4444e-05],
          [1.4740e-05],
          [1.1718e-04],
          [3.5608e-05],
          [2.1337e-05],
          [1.4783e-04],
          [1.5846e-05],
          [1.7207e-05],
          [1.3867e-05],
          [1.4640e-05],
          [1.6625e-05],
          [1.5367e-05],
          [1.4410e-05],
          [1.6155e-05],
          [1.8718e-05],
          [1.7650e-05],
          [1.6630e-05],
          [1.5419e-05],
          [1.4804e-05],
          [1.5458e-05],
          [1.4234e-05],
          [1.1490e-05],
          [1.1801e-05],
          [1.1603e-04],
          [7.4579e-05],
          [1.6151e-05],
          [1.4649e-05],
          [1.2979e-05],
          [1.6980e-05],
          [2.2375e-05],
          [1.5754e-05],
          [1.3767e-05],
          [2.2291e-05],
          [1.9566e-05],
          [1.1780e-05],
          [6.7326e-05],
          [1.3062e-04],
          [2.2709e-05],
          [1.3974e-04],
          [1.1126e-05],
          [1.0345e-04],
          [9.5308e-05],
          [1.6790e-05],
          [1.6271e-05],
          [1.8878e-05],
          [1.7826e-05],
          [1.8972e-05],
          [2.1114e-05],
          [2.2051e-05],
          [2.1524e-05],
          [2.6028e-05],
          [2.1439e-05],
          [2.4528e-05],
          [2.6489e-05],
          [2.6335e-05],
          [3.3012e-05],
          [1.4816e-04],
          [3.1832e-05],
          [2.6021e-05],
          [1.4802e-04],
          [8.6328e-05],
          [2.5008e-05],
          [8.4955e-05],
          [1.0456e-04],
          [3.4420e-05],
          [1.8991e-04],
          [1.4078e-05],
          [1.0819e-05],
          [1.0399e-05],
          [9.5940e-06],
          [9.8244e-06],
          [9.9818e-06],
          [2.6960e-05],
          [1.0763e-05],
          [1.1531e-05],
          [1.1183e-05],
          [2.8515e-04],
          [2.8004e-05],
          [6.2343e-05],
          [3.6504e-05],
          [1.2013e-05],
          [1.0291e-05],
          [1.0893e-05],
          [1.0315e-05],
          [1.1087e-05],
          [1.0970e-05],
          [1.7774e-04],
          [2.1399e-05],
          [1.5270e-04],
          [1.7154e-05],
          [1.6323e-05],
          [1.4179e-05],
          [1.5131e-05],
          [1.2928e-05],
          [1.3159e-05],
          [1.3535e-05],
          [1.7353e-05],
          [1.4016e-05],
          [1.5384e-05],
          [1.7044e-05],
          [1.8244e-05],
          [1.2957e-04],
          [8.2832e-05],
          [1.4160e-05],
          [1.2436e-05],
          [1.1149e-05],
          [1.1212e-05],
          [1.1012e-05],
          [1.3668e-05],
          [1.7139e-05],
          [1.4590e-05],
          [1.3780e-05],
          [1.2578e-05],
          [1.0778e-05],
          [9.7838e-06],
          [9.6300e-06],
          [1.0270e-05],
          [1.1601e-05],
          [1.0609e-05],
          [1.0914e-05],
          [1.0762e-05],
          [1.4524e-05],
          [1.4707e-05],
          [1.4920e-05],
          [1.6409e-05],
          [1.7531e-05],
          [1.7600e-05],
          [1.6613e-05],
          [1.5831e-05],
          [1.6350e-05],
          [1.8593e-05],
          [1.6681e-05],
          [1.7183e-05],
          [1.9223e-05],
          [1.9441e-05],
          [1.7596e-05],
          [2.1378e-05],
          [1.9126e-05],
          [1.5525e-05],
          [1.4778e-05],
          [1.5842e-05],
          [1.4494e-05],
          [1.4951e-05],
          [1.6633e-05],
          [1.8425e-05],
          [8.4240e-05],
          [3.3523e-05],
          [8.5748e-05],
          [1.8846e-05],
          [1.9874e-05],
          [1.9665e-05],
          [1.8156e-05],
          [1.5783e-05],
          [1.2082e-05],
          [1.0486e-05],
          [9.6557e-06],
          [9.3419e-06],
          [9.8800e-06],
          [9.9520e-06],
          [9.9428e-06],
          [1.1340e-05],
          [1.0372e-05],
          [8.1714e-05],
          [6.0598e-05],
          [1.6311e-04],
          [1.5743e-05],
          [1.2662e-05],
          [1.2059e-05],
          [1.2685e-05],
          [1.8498e-04],
          [1.3925e-04],
          [1.2409e-05],
          [1.1957e-05],
          [1.0923e-05],
          [1.3280e-05],
          [1.6888e-05],
          [2.3755e-05],
          [2.5735e-05],
          [2.1937e-05],
          [1.8723e-05],
          [1.4928e-05],
          [1.3694e-05],
          [1.2737e-05],
          [1.0848e-05],
          [1.0400e-05],
          [1.0283e-05],
          [1.1430e-05],
          [1.1151e-05],
          [2.4983e-05],
          [2.8815e-05],
          [4.0998e-05],
          [6.2470e-05],
          [3.6895e-05],
          [3.4669e-05],
          [2.8720e-05],
          [2.1693e-05],
          [1.5904e-05],
          [1.1877e-04],
          [9.9800e-05],
          [1.8607e-05],
          [1.9528e-05],
          [2.3385e-05],
          [2.5605e-05],
          [3.0638e-05],
          [2.7102e-05],
          [2.7609e-05],
          [7.1579e-05],
          [4.1229e-05],
          [9.6410e-05],
          [9.2164e-05],
          [3.0758e-05],
          [2.4921e-05],
          [2.6156e-05],
          [2.4534e-05],
          [1.7716e-05],
          [1.4031e-04],
          [1.1119e-04],
          [1.5672e-05],
          [6.3631e-05],
          [1.2058e-04],
          [1.9146e-05],
          [1.9452e-04],
          [1.8283e-05],
          [2.6281e-04],
          [2.0219e-05],
          [1.4613e-05],
          [1.3293e-05],
          [1.5422e-05],
          [1.6683e-05],
          [1.1654e-05],
          [4.5893e-06]]]])
