# Using CPU
# Loading Embeddings...
# Making Predictions...
torch.Size([1, 1, 442, 267])
tensor([[[[1.4625e-04],
          [4.3164e-05],
          [1.4739e-04],
          [4.4052e-05],
          [2.0352e-05],
          [1.8625e-04],
          [3.0647e-04],
          [3.1877e-05],
          [1.4457e-04],
          [2.6922e-04],
          [3.3916e-05],
          [2.9551e-05],
          [3.8479e-04],
          [2.6640e-04],
          [6.5610e-05],
          [2.8590e-05],
          [2.6697e-05],
          [2.5181e-05],
          [2.8509e-05],
          [5.4158e-05],
          [2.1748e-04],
          [3.2171e-05],
          [3.3027e-04],
          [2.5962e-05],
          [4.3391e-05],
          [4.0022e-05],
          [4.8236e-05],
          [6.6503e-05],
          [8.1618e-05],
          [8.7413e-05],
          [7.3304e-05],
          [8.7240e-05],
          [7.2385e-05],
          [8.4761e-05],
          [6.9596e-05],
          [5.4993e-05],
          [1.3430e-03],
          [4.6883e-05],
          [2.5115e-04],
          [1.4589e-04],
          [3.3194e-04],
          [2.5648e-05],
          [1.8385e-05],
          [2.0865e-05],
          [2.1741e-05],
          [2.6565e-05],
          [1.9086e-05],
          [2.6334e-05],
          [2.3006e-05],
          [1.8506e-04],
          [2.5528e-04],
          [3.5674e-05],
          [2.5691e-05],
          [1.9216e-04],
          [2.7350e-04],
          [2.9175e-05],
          [2.2728e-05],
          [2.5893e-05],
          [2.0406e-05],
          [2.1757e-05],
          [2.1342e-05],
          [2.5986e-05],
          [6.9717e-04],
          [3.0374e-04],
          [3.2503e-05],
          [2.9877e-05],
          [4.0703e-05],
          [4.3740e-05],
          [4.3101e-05],
          [3.2612e-05],
          [2.0969e-05],
          [2.8453e-04],
          [4.4231e-05],
          [3.2662e-05],
          [2.8982e-05],
          [3.0684e-05],
          [6.1708e-04],
          [2.8105e-05],
          [2.5142e-05],
          [2.1827e-05],
          [2.5813e-04],
          [1.7650e-04],
          [2.2335e-05],
          [2.0062e-05],
          [1.9610e-05],
          [2.0579e-05],
          [2.3140e-05],
          [2.7982e-05],
          [2.5049e-05],
          [2.5072e-05],
          [1.6277e-04],
          [9.8735e-05],
          [2.9395e-04],
          [3.3371e-05],
          [3.2271e-05],
          [3.5159e-05],
          [3.7457e-05],
          [3.9266e-05],
          [3.4032e-05],
          [3.5013e-05],
          [3.2814e-05],
          [3.1724e-05],
          [3.0866e-05],
          [3.1658e-05],
          [2.8568e-05],
          [2.9527e-05],
          [3.1130e-05],
          [3.7973e-05],
          [3.9822e-05],
          [3.4832e-05],
          [3.0057e-05],
          [7.4306e-05],
          [3.0163e-04],
          [3.1065e-05],
          [2.9796e-04],
          [2.9059e-05],
          [1.8855e-05],
          [1.7217e-05],
          [2.2326e-05],
          [2.4315e-05],
          [3.1036e-05],
          [2.8353e-05],
          [2.6233e-05],
          [2.4528e-05],
          [2.9029e-05],
          [2.6892e-05],
          [3.1237e-05],
          [3.4812e-05],
          [4.0458e-05],
          [5.1106e-05],
          [2.8604e-04],
          [6.7424e-04],
          [9.9009e-04],
          [3.6925e-04],
          [1.1802e-04],
          [6.6766e-05],
          [4.0582e-05],
          [4.9013e-05],
          [4.3450e-05],
          [4.1115e-05],
          [3.0948e-05],
          [2.9915e-05],
          [2.4016e-05],
          [2.5361e-05],
          [2.4741e-05],
          [2.6531e-05],
          [2.8001e-05],
          [3.7495e-05],
          [4.6344e-05],
          [8.0069e-05],
          [8.9719e-05],
          [1.1012e-04],
          [9.7389e-05],
          [1.2146e-04],
          [9.4819e-05],
          [1.0156e-04],
          [2.2504e-04],
          [8.3112e-05],
          [1.2865e-04],
          [4.1186e-04],
          [4.2195e-05],
          [4.3711e-05],
          [9.2758e-05],
          [7.4704e-05],
          [4.1714e-05],
          [4.7747e-05],
          [4.6923e-05],
          [4.3937e-05],
          [5.4184e-05],
          [4.4653e-05],
          [3.8065e-05],
          [3.1611e-04],
          [3.2449e-04],
          [3.3901e-05],
          [3.4924e-05],
          [6.0464e-05],
          [3.6373e-05],
          [4.0323e-05],
          [5.9580e-04],
          [1.6704e-04],
          [3.8404e-04],
          [3.3113e-05],
          [2.5153e-05],
          [1.9122e-04],
          [4.1539e-05],
          [3.4346e-04],
          [2.9958e-05],
          [3.5030e-05],
          [2.9098e-05],
          [1.2322e-04],
          [2.8062e-05],
          [1.9316e-04],
          [2.8026e-05],
          [2.8418e-05],
          [2.7908e-05],
          [3.4274e-05],
          [3.6959e-05],
          [3.4066e-05],
          [5.3254e-04],
          [2.1339e-04],
          [3.0464e-05],
          [2.5611e-05],
          [2.6133e-05],
          [2.4645e-05],
          [2.7570e-05],
          [2.4203e-05],
          [2.3459e-05],
          [1.3396e-04],
          [2.3211e-04],
          [2.2140e-05],
          [2.1109e-05],
          [1.8880e-05],
          [1.7858e-05],
          [1.8284e-04],
          [4.7110e-05],
          [3.0681e-05],
          [5.8321e-04],
          [2.6619e-05],
          [2.3213e-05],
          [2.5496e-05],
          [2.9903e-05],
          [2.5977e-05],
          [3.3599e-05],
          [2.8988e-05],
          [3.3745e-05],
          [4.7580e-05],
          [4.4528e-05],
          [4.2340e-05],
          [5.7158e-05],
          [4.6313e-05],
          [2.9974e-05],
          [3.0633e-05],
          [2.3812e-05],
          [2.0497e-05],
          [1.8623e-04],
          [1.6543e-04],
          [2.0921e-05],
          [2.1477e-05],
          [2.9300e-05],
          [2.8896e-05],
          [3.2313e-05],
          [2.6612e-05],
          [2.0720e-05],
          [4.7974e-05],
          [2.4331e-05],
          [1.8549e-05],
          [8.6183e-05],
          [1.7263e-04],
          [2.6736e-05],
          [2.6034e-04],
          [1.8370e-05],
          [1.4203e-04],
          [1.5177e-04],
          [2.6051e-05],
          [2.7231e-05],
          [3.6758e-05],
          [2.9194e-05],
          [3.5622e-05],
          [4.0429e-05],
          [5.6015e-05],
          [5.2872e-05],
          [5.7030e-05],
          [6.7001e-05],
          [8.3902e-05],
          [1.6661e-04],
          [8.6103e-05],
          [5.2336e-05],
          [4.8965e-04],
          [2.6428e-05],
          [2.9638e-05],
          [2.4391e-04],
          [9.8557e-05],
          [5.4621e-05],
          [1.5088e-04],
          [1.5282e-04],
          [6.2096e-05],
          [2.6679e-04],
          [1.9190e-05],
          [1.6742e-05],
          [1.4421e-05],
          [1.5242e-05],
          [1.7941e-05],
          [1.7791e-05],
          [5.2050e-05],
          [2.3621e-05],
          [2.6092e-05],
          [2.6564e-05],
          [2.7452e-04],
          [3.2545e-05],
          [1.1458e-04],
          [4.6340e-05],
          [1.5314e-05],
          [1.7034e-05],
          [1.6796e-05],
          [1.7676e-05],
          [2.3756e-05],
          [1.8177e-05],
          [2.0995e-04],
          [2.8961e-05],
          [5.9829e-04],
          [2.4266e-05],
          [2.5283e-05],
          [2.1810e-05],
          [2.1316e-05],
          [2.1560e-05],
          [2.1219e-05],
          [2.5930e-05],
          [2.6123e-05],
          [2.8989e-05],
          [2.9243e-05],
          [2.2972e-05],
          [2.8361e-05],
          [3.1563e-04],
          [2.3943e-04],
          [2.2952e-05],
          [1.9519e-05],
          [2.2106e-05],
          [1.8454e-05],
          [1.9495e-05],
          [2.5410e-05],
          [2.3856e-05],
          [2.4154e-05],
          [2.0310e-05],
          [1.9363e-05],
          [2.1756e-05],
          [1.8987e-05],
          [1.8822e-05],
          [1.7518e-05],
          [2.1851e-05],
          [1.6644e-05],
          [1.9514e-05],
          [2.2117e-05],
          [2.4155e-05],
          [3.1520e-05],
          [3.4393e-05],
          [4.3317e-05],
          [4.0790e-05],
          [4.0893e-05],
          [3.6975e-05],
          [4.2932e-05],
          [4.2228e-05],
          [4.2496e-05],
          [4.4751e-05],
          [3.3886e-05],
          [2.8061e-05],
          [3.4130e-05],
          [2.7231e-05],
          [3.5723e-05],
          [2.9540e-05],
          [2.3510e-05],
          [2.3585e-05],
          [1.8557e-05],
          [2.3780e-05],
          [1.9045e-05],
          [2.2238e-05],
          [2.4384e-05],
          [1.1332e-04],
          [2.5214e-05],
          [1.5888e-04],
          [2.2203e-05],
          [2.2966e-05],
          [2.9057e-05],
          [2.4639e-05],
          [2.4290e-05],
          [2.5025e-05],
          [2.7261e-05],
          [2.7538e-05],
          [2.0437e-05],
          [2.4015e-05],
          [2.0465e-05],
          [1.8883e-05],
          [1.9185e-05],
          [1.8046e-05],
          [1.1618e-04],
          [7.7837e-05],
          [5.6077e-04],
          [1.9277e-05],
          [1.9683e-05],
          [1.5784e-05],
          [1.5467e-05],
          [1.6906e-04],
          [3.9844e-04],
          [1.9481e-05],
          [2.1263e-05],
          [3.1149e-05],
          [6.6102e-05],
          [5.9463e-05],
          [8.1997e-05],
          [7.4783e-05],
          [5.1963e-05],
          [4.5108e-05],
          [3.4094e-05],
          [3.7026e-05],
          [2.2250e-05],
          [3.1639e-05],
          [3.1492e-05],
          [2.9578e-05],
          [2.2202e-05],
          [2.3855e-05],
          [1.3886e-04],
          [4.0143e-05],
          [3.6060e-05],
          [7.4444e-05],
          [2.5823e-05],
          [2.5256e-05],
          [2.1140e-05],
          [1.8588e-05],
          [1.5877e-05],
          [2.0643e-04],
          [2.4057e-04],
          [2.5133e-05],
          [2.3318e-05],
          [3.1580e-05],
          [2.1587e-05],
          [2.8240e-05],
          [2.5140e-05],
          [2.8556e-05],
          [6.3787e-05],
          [6.7285e-05],
          [1.0572e-04],
          [2.4699e-04],
          [2.1143e-05],
          [1.9293e-05],
          [1.4702e-05],
          [1.9578e-05],
          [1.2588e-05],
          [1.7849e-04],
          [1.7519e-04],
          [1.7085e-05],
          [8.4091e-05],
          [1.8649e-04],
          [1.7584e-05],
          [2.2343e-04],
          [2.4279e-05],
          [2.7246e-04],
          [2.1046e-05],
          [1.8941e-05],
          [1.4604e-05],
          [2.4763e-05],
          [1.3845e-05],
          [2.2600e-05],
          [4.4118e-06]]]])
