# Using CPU
# Loading Embeddings...
# Making Predictions...
torch.Size([1, 1, 442, 417])
tensor([[[[2.8882e-04],
          [2.9110e-05],
          [7.9143e-05],
          [4.7154e-05],
          [1.3241e-05],
          [1.3265e-04],
          [6.2837e-04],
          [2.4528e-05],
          [1.1557e-04],
          [8.0985e-04],
          [1.8746e-05],
          [1.6617e-05],
          [6.3930e-04],
          [1.3531e-04],
          [5.2150e-05],
          [1.5456e-05],
          [1.1640e-05],
          [1.3244e-05],
          [1.6993e-05],
          [1.6777e-05],
          [2.5495e-04],
          [2.6014e-05],
          [3.9929e-04],
          [1.4674e-05],
          [1.9631e-05],
          [2.4933e-05],
          [3.2992e-05],
          [5.6206e-05],
          [6.9354e-05],
          [8.8770e-05],
          [8.6914e-05],
          [9.4719e-05],
          [8.4611e-05],
          [9.5284e-05],
          [7.4676e-05],
          [5.4307e-05],
          [3.1295e-04],
          [4.0462e-05],
          [9.9930e-05],
          [4.4924e-05],
          [3.5405e-04],
          [2.2041e-05],
          [2.2983e-05],
          [2.6076e-05],
          [1.9503e-05],
          [1.9994e-05],
          [1.6306e-05],
          [1.7170e-05],
          [1.6618e-05],
          [2.1539e-04],
          [1.6581e-04],
          [1.5826e-05],
          [1.5596e-05],
          [1.7516e-04],
          [4.2952e-04],
          [1.7679e-05],
          [1.6610e-05],
          [1.6519e-05],
          [2.0041e-05],
          [2.2550e-05],
          [2.4378e-05],
          [2.1143e-05],
          [1.9678e-04],
          [1.6309e-04],
          [1.8849e-05],
          [1.9529e-05],
          [1.9568e-05],
          [1.8655e-05],
          [2.1364e-05],
          [1.7897e-05],
          [1.6936e-05],
          [3.7173e-04],
          [1.9894e-05],
          [2.1086e-05],
          [1.4916e-05],
          [1.7731e-05],
          [1.5060e-03],
          [1.6260e-05],
          [1.6470e-05],
          [1.4163e-05],
          [4.9301e-04],
          [1.1119e-04],
          [1.4786e-05],
          [1.5983e-05],
          [1.7617e-05],
          [1.9922e-05],
          [2.2381e-05],
          [2.2979e-05],
          [2.0132e-05],
          [1.8060e-05],
          [1.3899e-04],
          [5.8288e-05],
          [1.6129e-04],
          [1.5402e-05],
          [1.7877e-05],
          [2.1310e-05],
          [2.2016e-05],
          [3.0777e-05],
          [2.4761e-05],
          [2.6246e-05],
          [2.6553e-05],
          [2.6466e-05],
          [1.8254e-05],
          [1.4413e-05],
          [1.5606e-05],
          [2.0059e-05],
          [2.2516e-05],
          [2.5425e-05],
          [2.5331e-05],
          [2.4913e-05],
          [2.1179e-05],
          [7.8229e-05],
          [2.4277e-04],
          [2.1528e-05],
          [1.7712e-04],
          [1.5006e-05],
          [1.5016e-05],
          [1.3162e-05],
          [1.6565e-05],
          [1.9038e-05],
          [2.0145e-05],
          [1.7261e-05],
          [1.7763e-05],
          [1.5846e-05],
          [1.7678e-05],
          [1.7258e-05],
          [1.8196e-05],
          [1.9697e-05],
          [2.2528e-05],
          [2.4239e-05],
          [2.1446e-05],
          [5.0891e-04],
          [1.6469e-04],
          [2.9614e-05],
          [3.5329e-05],
          [3.4046e-05],
          [2.9412e-05],
          [3.0545e-05],
          [2.4542e-05],
          [2.2042e-05],
          [1.8643e-05],
          [1.7469e-05],
          [1.3347e-05],
          [1.4823e-05],
          [1.7045e-05],
          [1.9981e-05],
          [2.2513e-05],
          [2.8373e-05],
          [3.4270e-05],
          [5.7550e-05],
          [5.7577e-05],
          [6.1317e-05],
          [5.7551e-05],
          [6.2336e-05],
          [5.4935e-05],
          [4.2916e-05],
          [1.7319e-04],
          [3.8415e-04],
          [7.1961e-05],
          [7.7812e-04],
          [1.8782e-05],
          [2.3003e-05],
          [2.1144e-05],
          [2.4623e-05],
          [2.7829e-05],
          [3.2690e-05],
          [2.7445e-05],
          [2.6582e-05],
          [2.8210e-05],
          [3.0523e-05],
          [2.3499e-05],
          [1.3984e-04],
          [3.3225e-04],
          [2.6418e-05],
          [2.6986e-05],
          [2.9769e-05],
          [3.4385e-05],
          [2.9361e-05],
          [2.4554e-04],
          [2.6195e-05],
          [2.1606e-04],
          [1.7092e-05],
          [2.7220e-05],
          [4.8996e-04],
          [1.6990e-05],
          [1.8686e-04],
          [1.4816e-05],
          [1.5983e-05],
          [1.4907e-05],
          [1.7688e-04],
          [5.0269e-05],
          [1.8443e-03],
          [2.0895e-05],
          [2.5875e-05],
          [2.4577e-05],
          [2.7620e-05],
          [2.7506e-05],
          [2.1373e-05],
          [3.7631e-04],
          [1.1181e-04],
          [1.8592e-05],
          [1.7544e-05],
          [1.5529e-05],
          [1.5665e-05],
          [1.6917e-05],
          [1.4696e-05],
          [1.3194e-05],
          [1.6762e-04],
          [4.2840e-04],
          [1.4016e-05],
          [1.4930e-05],
          [1.5124e-05],
          [1.4348e-05],
          [2.9753e-04],
          [3.1694e-05],
          [2.1149e-05],
          [8.5872e-04],
          [1.4585e-05],
          [1.6517e-05],
          [1.3879e-05],
          [1.3777e-05],
          [1.4552e-05],
          [1.3458e-05],
          [1.3157e-05],
          [1.5077e-05],
          [1.4987e-05],
          [1.8768e-05],
          [1.3418e-05],
          [1.7444e-05],
          [1.6988e-05],
          [1.3893e-05],
          [1.3624e-05],
          [1.2618e-05],
          [1.3785e-05],
          [2.3508e-04],
          [2.3793e-04],
          [2.0973e-05],
          [1.6090e-05],
          [1.4223e-05],
          [1.5358e-05],
          [2.4422e-05],
          [2.1093e-05],
          [1.6491e-05],
          [2.8342e-05],
          [2.4564e-05],
          [1.3900e-05],
          [1.7221e-04],
          [1.6935e-04],
          [2.0071e-05],
          [1.5291e-04],
          [1.0560e-05],
          [1.0996e-04],
          [1.9154e-04],
          [1.8885e-05],
          [2.3341e-05],
          [2.4007e-05],
          [2.5535e-05],
          [2.9884e-05],
          [3.2358e-05],
          [3.5329e-05],
          [3.9488e-05],
          [5.0496e-05],
          [5.5975e-05],
          [7.7387e-05],
          [7.4021e-05],
          [7.9062e-05],
          [5.0038e-05],
          [1.2411e-04],
          [3.0699e-05],
          [2.9382e-05],
          [1.2205e-04],
          [1.1053e-04],
          [2.1425e-05],
          [1.3700e-04],
          [1.0791e-04],
          [3.6559e-05],
          [1.9621e-04],
          [1.4796e-05],
          [1.3519e-05],
          [1.2580e-05],
          [1.0007e-05],
          [1.0022e-05],
          [9.6926e-06],
          [2.6991e-05],
          [1.1735e-05],
          [1.4578e-05],
          [1.2926e-05],
          [5.5948e-04],
          [2.2981e-05],
          [8.6112e-05],
          [1.7371e-04],
          [1.2636e-05],
          [1.2256e-05],
          [1.2566e-05],
          [1.2838e-05],
          [1.2866e-05],
          [1.1275e-05],
          [2.1339e-04],
          [2.3145e-05],
          [8.4963e-04],
          [1.3110e-05],
          [1.2063e-05],
          [1.3019e-05],
          [1.3967e-05],
          [1.3967e-05],
          [1.3708e-05],
          [1.4549e-05],
          [1.5436e-05],
          [1.5276e-05],
          [1.7177e-05],
          [1.8791e-05],
          [2.2390e-05],
          [1.8575e-04],
          [3.7334e-04],
          [1.7458e-05],
          [1.5415e-05],
          [1.2758e-05],
          [1.2103e-05],
          [1.3429e-05],
          [2.3871e-05],
          [3.1294e-05],
          [2.5399e-05],
          [2.2232e-05],
          [1.6427e-05],
          [1.6209e-05],
          [1.1175e-05],
          [1.1727e-05],
          [1.1943e-05],
          [1.4257e-05],
          [1.2485e-05],
          [1.1731e-05],
          [1.3228e-05],
          [1.3173e-05],
          [1.3342e-05],
          [1.6284e-05],
          [1.6207e-05],
          [1.9417e-05],
          [2.0406e-05],
          [1.6760e-05],
          [2.9973e-05],
          [2.9996e-05],
          [3.3002e-05],
          [1.9496e-05],
          [2.1790e-05],
          [2.1832e-05],
          [2.9570e-05],
          [1.4469e-05],
          [2.2928e-05],
          [2.4033e-05],
          [1.8147e-05],
          [1.5145e-05],
          [1.8276e-05],
          [1.4554e-05],
          [1.6573e-05],
          [1.6513e-05],
          [1.6470e-05],
          [2.3638e-04],
          [5.9672e-05],
          [2.6006e-03],
          [1.6546e-05],
          [1.6861e-05],
          [1.6831e-05],
          [1.5872e-05],
          [1.4315e-05],
          [1.3841e-05],
          [1.3423e-05],
          [1.2665e-05],
          [1.1445e-05],
          [1.1411e-05],
          [1.2923e-05],
          [1.2087e-05],
          [1.4607e-05],
          [1.4586e-05],
          [1.9967e-04],
          [7.1861e-05],
          [5.7488e-04],
          [1.3414e-05],
          [1.1384e-05],
          [1.1265e-05],
          [1.2028e-05],
          [2.3830e-04],
          [4.2596e-04],
          [1.3721e-05],
          [1.4276e-05],
          [2.0235e-05],
          [2.8081e-05],
          [4.0091e-05],
          [4.8967e-05],
          [6.9485e-05],
          [5.7346e-05],
          [5.4799e-05],
          [3.3706e-05],
          [2.6883e-05],
          [1.4558e-05],
          [1.1760e-05],
          [1.1916e-05],
          [1.1961e-05],
          [1.2518e-05],
          [1.3937e-05],
          [9.5526e-05],
          [2.7018e-05],
          [3.0543e-05],
          [1.1682e-04],
          [2.2429e-05],
          [2.6780e-05],
          [2.3813e-05],
          [2.4489e-05],
          [2.1426e-05],
          [1.9204e-04],
          [1.6102e-04],
          [2.2258e-05],
          [1.9456e-05],
          [1.9184e-05],
          [1.7746e-05],
          [2.0070e-05],
          [1.8639e-05],
          [3.3069e-05],
          [6.6402e-05],
          [7.9268e-05],
          [1.6589e-04],
          [5.1427e-04],
          [2.9054e-05],
          [1.7633e-05],
          [1.7714e-05],
          [1.8511e-05],
          [1.6413e-05],
          [1.4561e-04],
          [2.2528e-04],
          [1.4240e-05],
          [6.0998e-05],
          [1.3888e-04],
          [1.7762e-05],
          [2.7951e-04],
          [2.1857e-05],
          [2.2965e-04],
          [1.8046e-05],
          [1.4272e-05],
          [1.2367e-05],
          [1.4853e-05],
          [1.2634e-05],
          [6.3897e-05],
          [1.2266e-05]]]])
