# Using CPU
# Loading Embeddings...
# Making Predictions...
torch.Size([1, 1, 442, 242])
tensor([[[[8.9276e-05],
          [2.1733e-05],
          [9.0481e-05],
          [2.1655e-05],
          [1.0509e-05],
          [5.0892e-04],
          [1.6059e-04],
          [1.6747e-05],
          [4.7221e-04],
          [1.6737e-04],
          [2.0863e-05],
          [2.1778e-05],
          [5.4771e-04],
          [2.3339e-04],
          [1.7982e-05],
          [1.2825e-05],
          [1.4065e-05],
          [1.8159e-05],
          [1.7751e-05],
          [2.8455e-05],
          [2.1791e-04],
          [2.0473e-05],
          [1.4628e-04],
          [1.8471e-05],
          [2.1607e-05],
          [4.3781e-05],
          [5.2089e-05],
          [8.8788e-05],
          [1.1849e-04],
          [1.5226e-04],
          [1.5592e-04],
          [1.7466e-04],
          [1.6777e-04],
          [1.7284e-04],
          [1.3910e-04],
          [1.1220e-04],
          [3.8619e-03],
          [1.4835e-04],
          [3.3083e-04],
          [2.4922e-04],
          [1.6487e-04],
          [3.0856e-05],
          [2.7774e-05],
          [2.7724e-05],
          [1.8419e-05],
          [1.7226e-05],
          [1.3591e-05],
          [1.6347e-05],
          [1.6676e-05],
          [2.4477e-04],
          [1.5139e-04],
          [1.7934e-05],
          [1.4595e-05],
          [4.0484e-04],
          [1.5923e-04],
          [1.9205e-05],
          [1.8707e-05],
          [1.7452e-05],
          [2.2321e-05],
          [2.4762e-05],
          [2.7356e-05],
          [3.3924e-05],
          [1.2656e-03],
          [2.1125e-04],
          [2.5313e-05],
          [2.2123e-05],
          [2.0334e-05],
          [2.1594e-05],
          [2.0990e-05],
          [1.6074e-05],
          [1.7709e-05],
          [4.2407e-04],
          [3.6277e-05],
          [3.0803e-05],
          [2.1493e-05],
          [2.7749e-05],
          [3.1830e-04],
          [1.8326e-05],
          [1.5508e-05],
          [1.3717e-05],
          [1.7990e-04],
          [1.5551e-04],
          [1.4710e-05],
          [1.4857e-05],
          [1.7448e-05],
          [2.1450e-05],
          [2.0368e-05],
          [2.2859e-05],
          [1.8955e-05],
          [1.7319e-05],
          [3.6489e-04],
          [4.1879e-05],
          [1.9904e-04],
          [1.5576e-05],
          [1.0811e-05],
          [1.2244e-05],
          [1.6642e-05],
          [1.7575e-05],
          [1.7888e-05],
          [2.0450e-05],
          [4.1211e-05],
          [2.3072e-05],
          [1.5493e-05],
          [1.2299e-05],
          [1.4741e-05],
          [2.2476e-05],
          [2.7453e-05],
          [3.5321e-05],
          [3.6854e-05],
          [3.8351e-05],
          [3.1617e-05],
          [3.3180e-04],
          [2.9235e-04],
          [4.0828e-05],
          [2.5843e-04],
          [3.3356e-05],
          [2.3330e-05],
          [2.6002e-05],
          [2.7047e-05],
          [3.9683e-05],
          [2.4949e-05],
          [1.7264e-05],
          [1.9940e-05],
          [1.6206e-05],
          [1.5897e-05],
          [1.4812e-05],
          [1.8958e-05],
          [2.0121e-05],
          [2.1607e-04],
          [2.3536e-03],
          [2.3382e-01],
          [8.8604e-01],
          [9.5464e-01],
          [5.9781e-01],
          [1.9594e-01],
          [4.2011e-02],
          [5.4424e-03],
          [3.1322e-04],
          [2.8764e-05],
          [3.0026e-05],
          [2.2185e-05],
          [2.0096e-05],
          [1.1575e-05],
          [1.3973e-05],
          [1.7787e-05],
          [2.8948e-05],
          [3.1861e-05],
          [5.2943e-05],
          [7.0359e-05],
          [1.2243e-04],
          [1.2767e-04],
          [1.4370e-04],
          [1.2157e-04],
          [1.4897e-04],
          [1.0730e-04],
          [9.1446e-05],
          [1.0570e-03],
          [7.4538e-05],
          [2.5195e-04],
          [1.8029e-04],
          [1.1282e-04],
          [1.9935e-03],
          [6.8279e-03],
          [7.5372e-03],
          [8.5867e-04],
          [1.2882e-03],
          [1.3084e-03],
          [2.6648e-04],
          [2.9647e-05],
          [3.3655e-05],
          [3.2670e-05],
          [1.0092e-03],
          [2.3578e-04],
          [5.2091e-05],
          [6.5570e-05],
          [9.8255e-05],
          [8.1731e-05],
          [6.4500e-05],
          [1.1998e-03],
          [1.1048e-04],
          [4.2046e-04],
          [2.5125e-05],
          [2.2329e-05],
          [2.0203e-04],
          [1.4933e-05],
          [1.6655e-04],
          [1.2755e-05],
          [1.1558e-05],
          [1.1340e-05],
          [4.7000e-04],
          [2.2606e-05],
          [1.3614e-04],
          [2.7946e-05],
          [3.5658e-05],
          [3.8437e-05],
          [3.8343e-05],
          [4.4882e-05],
          [3.7059e-05],
          [9.7363e-04],
          [1.9783e-04],
          [2.9819e-05],
          [2.1706e-05],
          [2.0556e-05],
          [1.4635e-05],
          [1.2904e-05],
          [1.1566e-05],
          [1.1037e-05],
          [2.8093e-04],
          [1.2375e-04],
          [1.3841e-05],
          [1.3067e-05],
          [1.4950e-05],
          [1.6679e-05],
          [5.3964e-04],
          [5.6037e-05],
          [4.0090e-05],
          [2.7361e-04],
          [1.9592e-05],
          [1.5827e-05],
          [1.5149e-05],
          [1.5420e-05],
          [1.7272e-05],
          [1.8822e-05],
          [1.6122e-05],
          [1.8843e-05],
          [2.8310e-05],
          [2.2280e-05],
          [2.4085e-05],
          [2.4212e-05],
          [1.7950e-05],
          [2.1501e-05],
          [1.8063e-05],
          [1.2090e-05],
          [1.2346e-05],
          [6.2474e-04],
          [1.0692e-04],
          [1.5134e-05],
          [1.7061e-05],
          [1.4262e-05],
          [1.7706e-05],
          [4.0931e-05],
          [1.9893e-05],
          [1.7963e-05],
          [6.4593e-05],
          [2.6038e-05],
          [1.4123e-05],
          [2.9670e-04],
          [9.7540e-05],
          [2.3933e-05],
          [2.1064e-04],
          [1.5863e-05],
          [3.9740e-04],
          [1.1049e-04],
          [2.5571e-05],
          [2.6467e-05],
          [2.7495e-05],
          [3.0208e-05],
          [3.7122e-05],
          [4.4156e-05],
          [6.6415e-05],
          [7.1090e-05],
          [1.2980e-04],
          [2.1937e-04],
          [3.2708e-04],
          [5.1427e-04],
          [3.5544e-04],
          [4.0419e-04],
          [4.6832e-03],
          [1.3864e-04],
          [1.2594e-04],
          [4.8468e-04],
          [8.3254e-04],
          [9.1549e-05],
          [1.6493e-04],
          [4.1643e-04],
          [7.0247e-05],
          [2.7319e-04],
          [2.4142e-05],
          [1.6054e-05],
          [1.3143e-05],
          [9.3639e-06],
          [1.0608e-05],
          [1.1901e-05],
          [4.5121e-05],
          [1.7314e-05],
          [2.2556e-05],
          [1.5447e-05],
          [2.4467e-04],
          [2.5543e-05],
          [7.7206e-05],
          [3.9802e-05],
          [1.4800e-05],
          [1.3668e-05],
          [1.1411e-05],
          [9.8096e-06],
          [1.0031e-05],
          [9.5345e-06],
          [2.4416e-04],
          [1.7161e-05],
          [1.8942e-04],
          [1.3826e-05],
          [1.1311e-05],
          [1.3040e-05],
          [1.1581e-05],
          [1.1147e-05],
          [1.2597e-05],
          [1.4031e-05],
          [1.5940e-05],
          [1.6161e-05],
          [2.0701e-05],
          [2.5964e-05],
          [3.5799e-05],
          [9.2069e-04],
          [1.7283e-04],
          [2.8071e-05],
          [1.8685e-05],
          [1.5461e-05],
          [1.4394e-05],
          [1.9937e-05],
          [3.3414e-05],
          [3.4162e-05],
          [2.7722e-05],
          [2.2505e-05],
          [2.1559e-05],
          [1.9169e-05],
          [1.2154e-05],
          [9.4804e-06],
          [9.4277e-06],
          [1.4762e-05],
          [1.2079e-05],
          [1.1722e-05],
          [1.8054e-05],
          [2.1670e-05],
          [2.2067e-05],
          [2.6296e-05],
          [3.0857e-05],
          [3.3224e-05],
          [3.2811e-05],
          [3.2524e-05],
          [4.6601e-05],
          [5.6622e-05],
          [4.7266e-05],
          [4.0055e-05],
          [4.8527e-05],
          [5.5452e-05],
          [2.5359e-05],
          [2.7088e-05],
          [7.1270e-05],
          [1.9590e-05],
          [3.1402e-05],
          [2.7027e-05],
          [1.9593e-05],
          [3.0089e-05],
          [1.8025e-05],
          [2.1707e-05],
          [2.5720e-05],
          [4.1245e-04],
          [3.7542e-05],
          [1.3545e-04],
          [1.8195e-05],
          [1.9610e-05],
          [2.4669e-05],
          [2.0560e-05],
          [2.3785e-05],
          [1.7673e-05],
          [1.4301e-05],
          [1.2286e-05],
          [1.0249e-05],
          [9.0195e-06],
          [9.6632e-06],
          [9.6921e-06],
          [1.3259e-05],
          [1.3964e-05],
          [6.0246e-04],
          [9.0039e-05],
          [3.0680e-04],
          [1.8301e-05],
          [1.2679e-05],
          [1.5683e-05],
          [1.3210e-05],
          [1.6040e-04],
          [1.5886e-04],
          [1.8148e-05],
          [2.1429e-05],
          [3.3188e-05],
          [4.1849e-05],
          [5.3047e-05],
          [6.5944e-05],
          [8.3024e-05],
          [6.9711e-05],
          [4.5990e-05],
          [2.8137e-05],
          [2.3672e-05],
          [1.7450e-05],
          [1.2280e-05],
          [1.3940e-05],
          [1.1203e-05],
          [2.5572e-05],
          [1.9536e-05],
          [2.4254e-04],
          [5.2281e-05],
          [4.6113e-05],
          [4.5237e-05],
          [3.4527e-05],
          [2.9442e-05],
          [2.4797e-05],
          [2.6448e-05],
          [2.2840e-05],
          [3.7187e-04],
          [1.3293e-04],
          [2.8330e-05],
          [2.1177e-05],
          [2.1411e-05],
          [2.0791e-05],
          [2.9531e-05],
          [2.7738e-05],
          [3.8961e-05],
          [1.1372e-04],
          [8.2699e-05],
          [1.5459e-04],
          [1.3010e-04],
          [2.6603e-05],
          [1.8669e-05],
          [1.7413e-05],
          [2.4712e-05],
          [1.6214e-05],
          [5.6412e-04],
          [1.4590e-04],
          [2.5580e-05],
          [1.2414e-04],
          [1.3149e-04],
          [3.0073e-05],
          [3.6811e-04],
          [3.5620e-05],
          [4.4277e-04],
          [3.4497e-05],
          [1.6630e-05],
          [1.3621e-05],
          [1.5925e-05],
          [1.2753e-05],
          [6.1146e-05],
          [5.5407e-06]]]])
