# Using CPU
# Loading Embeddings...
# Making Predictions...
torch.Size([1, 1, 442, 286])
tensor([[[[1.2643e-04],
          [3.3928e-05],
          [8.6022e-05],
          [3.5144e-05],
          [1.4348e-05],
          [4.6774e-04],
          [4.7355e-04],
          [1.9417e-05],
          [2.9366e-04],
          [4.8909e-04],
          [1.9624e-05],
          [1.9399e-05],
          [4.9056e-04],
          [1.8400e-04],
          [4.0845e-05],
          [2.1337e-05],
          [2.6459e-05],
          [2.7555e-05],
          [2.6540e-05],
          [2.6859e-05],
          [8.2808e-04],
          [2.3623e-05],
          [3.6569e-04],
          [2.5320e-05],
          [1.7818e-05],
          [2.8521e-05],
          [3.9833e-05],
          [7.2487e-05],
          [9.4995e-05],
          [1.2571e-04],
          [1.4049e-04],
          [1.8147e-04],
          [1.7979e-04],
          [1.8410e-04],
          [1.4306e-04],
          [1.2095e-04],
          [3.2493e-03],
          [1.0446e-04],
          [3.8274e-04],
          [2.5353e-04],
          [2.9897e-04],
          [3.1849e-05],
          [3.1916e-05],
          [3.1612e-05],
          [2.1140e-05],
          [2.1797e-05],
          [1.6839e-05],
          [1.6133e-05],
          [1.5830e-05],
          [2.6929e-04],
          [2.4122e-04],
          [2.2022e-05],
          [2.0362e-05],
          [6.2832e-04],
          [2.5423e-04],
          [2.4041e-05],
          [2.1407e-05],
          [2.1905e-05],
          [2.4685e-05],
          [1.9367e-05],
          [1.9229e-05],
          [1.9763e-05],
          [4.8215e-04],
          [2.7464e-04],
          [3.3816e-05],
          [2.9617e-05],
          [2.9155e-05],
          [3.1105e-05],
          [4.2471e-05],
          [2.8563e-05],
          [2.0324e-05],
          [3.0513e-04],
          [3.2536e-05],
          [2.0467e-05],
          [1.6675e-05],
          [1.8879e-05],
          [1.0598e-03],
          [2.2423e-05],
          [2.0786e-05],
          [1.6518e-05],
          [2.3542e-04],
          [1.5160e-04],
          [1.7871e-05],
          [1.6949e-05],
          [1.9033e-05],
          [2.2290e-05],
          [2.2971e-05],
          [2.4166e-05],
          [1.9852e-05],
          [1.7572e-05],
          [6.1153e-04],
          [5.4633e-05],
          [2.4145e-04],
          [2.1587e-05],
          [2.0075e-05],
          [2.6875e-05],
          [2.8418e-05],
          [3.2088e-05],
          [3.0053e-05],
          [3.5418e-05],
          [3.3586e-05],
          [3.6184e-05],
          [2.8909e-05],
          [2.5317e-05],
          [2.2057e-05],
          [2.0535e-05],
          [1.8640e-05],
          [2.2610e-05],
          [2.2829e-05],
          [2.4441e-05],
          [2.0567e-05],
          [9.7311e-05],
          [1.6698e-04],
          [2.0513e-05],
          [2.0159e-04],
          [1.9017e-05],
          [1.2908e-05],
          [1.9249e-05],
          [1.2727e-05],
          [1.5428e-05],
          [1.5174e-05],
          [1.3884e-05],
          [1.8562e-05],
          [2.4837e-05],
          [2.4898e-05],
          [2.4856e-05],
          [2.6274e-05],
          [3.1020e-05],
          [3.5114e-05],
          [4.5959e-05],
          [2.9374e-05],
          [4.6454e-04],
          [3.4402e-04],
          [4.8898e-05],
          [3.0499e-05],
          [2.6831e-05],
          [2.0325e-05],
          [2.8319e-05],
          [2.6888e-05],
          [2.0481e-05],
          [2.0870e-05],
          [2.1700e-05],
          [2.1648e-05],
          [2.4231e-05],
          [2.1131e-05],
          [1.9317e-05],
          [1.9864e-05],
          [2.6701e-05],
          [3.3564e-05],
          [5.2652e-05],
          [6.0743e-05],
          [7.8129e-05],
          [7.8594e-05],
          [9.1384e-05],
          [8.5708e-05],
          [6.6928e-05],
          [3.4950e-04],
          [2.2219e-04],
          [2.6210e-04],
          [5.2244e-04],
          [2.1218e-05],
          [2.1048e-05],
          [2.8657e-05],
          [2.8602e-05],
          [2.8274e-05],
          [2.7098e-05],
          [2.6308e-05],
          [2.3806e-05],
          [2.5673e-05],
          [1.9136e-05],
          [1.8823e-05],
          [4.2571e-04],
          [3.1630e-04],
          [2.9108e-05],
          [2.9623e-05],
          [4.4904e-05],
          [3.7588e-05],
          [2.9859e-05],
          [3.1693e-04],
          [9.2377e-05],
          [3.3536e-04],
          [1.5514e-05],
          [1.8473e-05],
          [2.3936e-04],
          [1.4570e-05],
          [2.1202e-04],
          [1.9510e-05],
          [1.9932e-05],
          [1.8100e-05],
          [5.7895e-04],
          [2.5399e-05],
          [6.6903e-04],
          [1.7064e-05],
          [1.9898e-05],
          [2.0642e-05],
          [2.0704e-05],
          [2.4133e-05],
          [2.1907e-05],
          [3.2355e-04],
          [2.0134e-04],
          [2.3906e-05],
          [1.8560e-05],
          [1.8542e-05],
          [1.6872e-05],
          [2.0565e-05],
          [2.1048e-05],
          [2.2006e-05],
          [4.9722e-04],
          [3.5572e-04],
          [2.0009e-05],
          [1.9291e-05],
          [1.6121e-05],
          [1.5327e-05],
          [3.9258e-04],
          [4.8690e-05],
          [2.0790e-05],
          [6.5356e-04],
          [2.0670e-05],
          [1.9197e-05],
          [2.0043e-05],
          [2.7875e-05],
          [2.9235e-05],
          [3.0384e-05],
          [2.7010e-05],
          [2.8329e-05],
          [3.6982e-05],
          [3.4808e-05],
          [2.9596e-05],
          [3.8639e-05],
          [4.7697e-05],
          [2.7575e-05],
          [3.2857e-05],
          [2.4057e-05],
          [2.1332e-05],
          [3.9495e-04],
          [1.9499e-04],
          [2.9041e-05],
          [2.3311e-05],
          [2.4019e-05],
          [3.5184e-05],
          [3.5591e-05],
          [2.3764e-05],
          [3.2164e-05],
          [5.8490e-05],
          [2.1510e-05],
          [1.9449e-05],
          [2.2515e-04],
          [1.1145e-04],
          [1.8510e-05],
          [1.9357e-04],
          [1.6470e-05],
          [2.2861e-04],
          [1.9006e-04],
          [2.9130e-05],
          [3.5443e-05],
          [3.4475e-05],
          [2.9237e-05],
          [3.2061e-05],
          [3.5730e-05],
          [3.5430e-05],
          [3.3574e-05],
          [4.9950e-05],
          [6.7233e-05],
          [1.1118e-04],
          [1.5119e-04],
          [1.3820e-04],
          [1.0732e-04],
          [9.0836e-04],
          [4.1836e-05],
          [4.7617e-05],
          [2.7957e-04],
          [1.6544e-04],
          [3.4245e-05],
          [2.3390e-04],
          [1.6865e-04],
          [5.8954e-05],
          [2.5692e-04],
          [1.5733e-05],
          [1.5576e-05],
          [1.3811e-05],
          [1.5556e-05],
          [2.2019e-05],
          [2.2902e-05],
          [3.2907e-05],
          [2.7326e-05],
          [2.9225e-05],
          [2.1909e-05],
          [7.9603e-04],
          [2.5818e-05],
          [8.8814e-05],
          [1.0813e-04],
          [1.5517e-05],
          [1.2599e-05],
          [1.6020e-05],
          [1.4128e-05],
          [1.5446e-05],
          [1.6791e-05],
          [6.0840e-04],
          [2.1830e-05],
          [6.2619e-04],
          [2.2281e-05],
          [2.0039e-05],
          [2.1391e-05],
          [2.0430e-05],
          [2.3772e-05],
          [2.4490e-05],
          [2.7122e-05],
          [2.9304e-05],
          [3.1106e-05],
          [3.0556e-05],
          [2.4898e-05],
          [2.8545e-05],
          [4.9206e-04],
          [3.0546e-04],
          [2.3971e-05],
          [2.1573e-05],
          [1.8895e-05],
          [1.9351e-05],
          [2.2370e-05],
          [2.5774e-05],
          [2.5731e-05],
          [2.4873e-05],
          [2.1484e-05],
          [2.3128e-05],
          [1.8609e-05],
          [1.6568e-05],
          [1.5148e-05],
          [1.4044e-05],
          [1.7862e-05],
          [1.3812e-05],
          [1.7157e-05],
          [2.3048e-05],
          [2.4718e-05],
          [2.6652e-05],
          [3.5999e-05],
          [3.2864e-05],
          [3.2932e-05],
          [3.4555e-05],
          [3.3713e-05],
          [3.6223e-05],
          [3.7862e-05],
          [3.5776e-05],
          [2.9124e-05],
          [2.9249e-05],
          [3.3787e-05],
          [3.0173e-05],
          [2.3381e-05],
          [4.0199e-05],
          [2.2694e-05],
          [2.2752e-05],
          [2.3508e-05],
          [1.7926e-05],
          [2.1243e-05],
          [1.9412e-05],
          [2.5300e-05],
          [2.2258e-05],
          [2.2293e-04],
          [3.1309e-05],
          [6.9399e-04],
          [2.5587e-05],
          [2.4816e-05],
          [2.6451e-05],
          [2.5701e-05],
          [2.5404e-05],
          [2.4956e-05],
          [2.3947e-05],
          [1.4618e-05],
          [1.5617e-05],
          [1.9921e-05],
          [1.7155e-05],
          [1.4404e-05],
          [2.0246e-05],
          [1.7835e-05],
          [2.7593e-04],
          [8.7143e-05],
          [5.7457e-04],
          [2.6876e-05],
          [1.9377e-05],
          [1.5833e-05],
          [1.6067e-05],
          [6.2787e-04],
          [4.3256e-04],
          [2.0801e-05],
          [2.2176e-05],
          [2.5576e-05],
          [3.2805e-05],
          [3.8509e-05],
          [4.8722e-05],
          [5.2468e-05],
          [4.0693e-05],
          [3.6579e-05],
          [2.7539e-05],
          [2.4542e-05],
          [2.1763e-05],
          [1.4170e-05],
          [1.3634e-05],
          [1.8978e-05],
          [2.0914e-05],
          [1.7938e-05],
          [2.0246e-04],
          [5.5078e-05],
          [4.1209e-05],
          [1.3617e-04],
          [2.9262e-05],
          [2.8257e-05],
          [2.8877e-05],
          [2.8144e-05],
          [2.1802e-05],
          [3.5589e-04],
          [1.7872e-04],
          [2.6157e-05],
          [2.3348e-05],
          [2.6354e-05],
          [2.3815e-05],
          [3.5713e-05],
          [2.9362e-05],
          [2.9167e-05],
          [1.5691e-04],
          [1.0515e-04],
          [4.4393e-04],
          [2.8473e-04],
          [2.2778e-05],
          [2.3419e-05],
          [1.7725e-05],
          [1.4473e-05],
          [1.3598e-05],
          [2.6268e-04],
          [1.6360e-04],
          [2.2817e-05],
          [1.0090e-04],
          [1.7766e-04],
          [2.2822e-05],
          [2.3814e-04],
          [3.0381e-05],
          [3.1276e-04],
          [3.1747e-05],
          [1.8081e-05],
          [1.5243e-05],
          [2.6491e-05],
          [1.4715e-05],
          [4.8711e-05],
          [5.6040e-06]]]])
