# Using CPU
# Loading Embeddings...
# Making Predictions...
torch.Size([1, 1, 442, 247])
tensor([[[[3.8691e-04],
          [2.4852e-05],
          [9.9200e-05],
          [5.1801e-05],
          [1.6261e-05],
          [1.5584e-04],
          [9.9425e-05],
          [2.9259e-05],
          [1.1645e-04],
          [9.7337e-05],
          [2.9485e-05],
          [2.2369e-05],
          [5.8173e-04],
          [2.3945e-04],
          [3.6166e-05],
          [2.5528e-05],
          [2.1550e-05],
          [2.1388e-05],
          [2.4845e-05],
          [2.2095e-05],
          [1.7061e-04],
          [2.6344e-05],
          [1.1343e-04],
          [2.4113e-05],
          [3.4565e-05],
          [4.0776e-05],
          [5.9501e-05],
          [1.0700e-04],
          [1.4148e-04],
          [1.8368e-04],
          [1.8130e-04],
          [2.1337e-04],
          [1.9381e-04],
          [2.1095e-04],
          [1.6340e-04],
          [1.1521e-04],
          [3.6373e-03],
          [1.3467e-04],
          [4.0496e-04],
          [2.7943e-04],
          [2.4208e-04],
          [3.3615e-05],
          [3.1042e-05],
          [3.4659e-05],
          [2.3645e-05],
          [2.1694e-05],
          [1.5130e-05],
          [1.7504e-05],
          [1.4885e-05],
          [1.9634e-04],
          [1.0532e-04],
          [1.7672e-05],
          [1.8241e-05],
          [1.8590e-04],
          [7.7014e-05],
          [2.0946e-05],
          [2.1867e-05],
          [2.2270e-05],
          [2.6791e-05],
          [3.3842e-05],
          [3.5873e-05],
          [3.8094e-05],
          [1.1802e-03],
          [4.3294e-04],
          [2.6243e-05],
          [2.5883e-05],
          [3.2087e-05],
          [3.7970e-05],
          [4.2474e-05],
          [3.0339e-05],
          [2.3775e-05],
          [4.1051e-04],
          [3.3286e-05],
          [3.0463e-05],
          [2.4973e-05],
          [2.8119e-05],
          [1.7739e-04],
          [2.0026e-05],
          [1.7697e-05],
          [1.6198e-05],
          [1.8388e-04],
          [1.5848e-04],
          [1.6711e-05],
          [1.5141e-05],
          [1.8720e-05],
          [2.4368e-05],
          [2.5990e-05],
          [2.7692e-05],
          [2.3243e-05],
          [1.9761e-05],
          [1.2318e-04],
          [5.9543e-05],
          [1.7883e-04],
          [1.6665e-05],
          [1.7407e-05],
          [1.8691e-05],
          [2.1557e-05],
          [2.5904e-05],
          [2.4066e-05],
          [2.9837e-05],
          [2.7791e-05],
          [3.0400e-05],
          [2.2928e-05],
          [2.4084e-05],
          [2.4180e-05],
          [3.1257e-05],
          [3.8101e-05],
          [4.8799e-05],
          [4.9683e-05],
          [5.0656e-05],
          [3.9423e-05],
          [9.6999e-05],
          [2.6134e-04],
          [4.2113e-05],
          [3.0817e-04],
          [2.7386e-05],
          [2.3522e-05],
          [2.8853e-05],
          [4.1655e-05],
          [5.3663e-05],
          [3.8799e-05],
          [2.4865e-05],
          [2.6179e-05],
          [2.0901e-05],
          [2.3393e-05],
          [1.9977e-05],
          [2.2951e-05],
          [2.8559e-05],
          [3.2410e-04],
          [3.9583e-03],
          [4.6647e-01],
          [9.7654e-01],
          [9.5172e-01],
          [7.6109e-01],
          [3.6518e-01],
          [8.5954e-02],
          [1.3757e-02],
          [5.2721e-04],
          [3.9769e-05],
          [4.1075e-05],
          [3.0071e-05],
          [2.6407e-05],
          [1.7132e-05],
          [1.8599e-05],
          [2.1198e-05],
          [3.5221e-05],
          [3.8978e-05],
          [6.5775e-05],
          [8.8480e-05],
          [1.6515e-04],
          [1.7413e-04],
          [1.9822e-04],
          [1.6785e-04],
          [2.0500e-04],
          [1.4743e-04],
          [1.2066e-04],
          [2.8691e-04],
          [8.8500e-05],
          [1.2576e-04],
          [1.2047e-04],
          [1.3512e-04],
          [3.1699e-03],
          [1.2163e-02],
          [1.3109e-02],
          [1.4789e-03],
          [2.3435e-03],
          [2.2522e-03],
          [4.2633e-04],
          [3.9449e-05],
          [4.2089e-05],
          [3.7293e-05],
          [5.2981e-04],
          [2.8828e-04],
          [5.5508e-05],
          [7.5754e-05],
          [9.7351e-05],
          [9.4481e-05],
          [7.7937e-05],
          [1.1733e-03],
          [1.0449e-04],
          [5.7610e-04],
          [2.2590e-05],
          [2.1729e-05],
          [1.8623e-04],
          [1.4990e-05],
          [1.7061e-04],
          [1.7560e-05],
          [1.9096e-05],
          [1.7132e-05],
          [1.3426e-04],
          [2.3611e-05],
          [7.4402e-05],
          [3.3351e-05],
          [4.4717e-05],
          [4.8918e-05],
          [4.9121e-05],
          [6.0084e-05],
          [4.4153e-05],
          [8.9487e-04],
          [3.7242e-04],
          [3.2870e-05],
          [2.4641e-05],
          [2.2279e-05],
          [1.6128e-05],
          [1.5928e-05],
          [1.6000e-05],
          [1.6403e-05],
          [1.1489e-04],
          [8.5701e-05],
          [1.5057e-05],
          [1.3824e-05],
          [1.7575e-05],
          [1.6223e-05],
          [3.1011e-04],
          [5.2665e-05],
          [3.6777e-05],
          [2.3720e-04],
          [2.1535e-05],
          [1.8530e-05],
          [1.6129e-05],
          [2.1604e-05],
          [2.2655e-05],
          [2.4428e-05],
          [2.2229e-05],
          [2.1325e-05],
          [4.0554e-05],
          [2.5931e-05],
          [2.1363e-05],
          [4.0840e-05],
          [3.0729e-05],
          [1.8952e-05],
          [1.9019e-05],
          [1.5462e-05],
          [1.3830e-05],
          [1.6789e-04],
          [9.3772e-05],
          [1.8009e-05],
          [2.0672e-05],
          [2.2771e-05],
          [3.1962e-05],
          [4.8382e-05],
          [3.6905e-05],
          [2.0533e-05],
          [6.6845e-05],
          [4.2902e-05],
          [1.8342e-05],
          [8.0423e-05],
          [1.2826e-04],
          [2.2487e-05],
          [2.0550e-04],
          [1.7001e-05],
          [2.0914e-04],
          [1.4688e-04],
          [2.5161e-05],
          [3.0582e-05],
          [3.5282e-05],
          [3.7572e-05],
          [5.2133e-05],
          [6.1460e-05],
          [9.7144e-05],
          [1.0314e-04],
          [1.8552e-04],
          [2.3736e-04],
          [4.0724e-04],
          [4.5427e-04],
          [3.7537e-04],
          [3.8032e-04],
          [3.8209e-03],
          [1.3141e-04],
          [1.0134e-04],
          [6.5650e-04],
          [1.1455e-04],
          [8.6975e-05],
          [1.9956e-04],
          [4.9885e-04],
          [6.7870e-05],
          [3.9910e-04],
          [2.4268e-05],
          [1.6769e-05],
          [1.3670e-05],
          [1.3077e-05],
          [1.3991e-05],
          [1.3605e-05],
          [1.9961e-05],
          [1.9904e-05],
          [2.5745e-05],
          [1.8695e-05],
          [2.4464e-04],
          [2.1242e-05],
          [7.9362e-05],
          [5.1589e-05],
          [1.4301e-05],
          [1.3537e-05],
          [1.3498e-05],
          [1.4191e-05],
          [1.5982e-05],
          [1.3719e-05],
          [1.5777e-04],
          [1.9413e-05],
          [1.2256e-04],
          [1.7005e-05],
          [1.6708e-05],
          [1.6942e-05],
          [1.5932e-05],
          [1.4953e-05],
          [1.8281e-05],
          [1.7010e-05],
          [2.0675e-05],
          [2.2454e-05],
          [2.6819e-05],
          [3.4193e-05],
          [4.6267e-05],
          [6.7258e-04],
          [2.3076e-04],
          [2.7648e-05],
          [2.1405e-05],
          [1.6842e-05],
          [1.7508e-05],
          [1.8593e-05],
          [2.4712e-05],
          [2.5049e-05],
          [2.2072e-05],
          [1.7758e-05],
          [1.7686e-05],
          [1.5325e-05],
          [1.1753e-05],
          [1.2125e-05],
          [1.1454e-05],
          [1.6038e-05],
          [1.2528e-05],
          [1.3583e-05],
          [1.4629e-05],
          [1.6706e-05],
          [1.7039e-05],
          [2.1780e-05],
          [2.5419e-05],
          [2.7869e-05],
          [2.8293e-05],
          [2.7295e-05],
          [3.8242e-05],
          [4.1156e-05],
          [3.2371e-05],
          [2.8584e-05],
          [3.3678e-05],
          [3.3978e-05],
          [3.5656e-05],
          [1.8020e-05],
          [4.3670e-05],
          [3.0962e-05],
          [2.3504e-05],
          [2.9760e-05],
          [1.6679e-05],
          [2.1362e-05],
          [2.3608e-05],
          [2.3092e-05],
          [2.0913e-05],
          [1.0351e-04],
          [2.9350e-05],
          [1.1545e-04],
          [2.1142e-05],
          [2.3838e-05],
          [2.1136e-05],
          [2.0455e-05],
          [2.0519e-05],
          [1.9034e-05],
          [2.4179e-05],
          [1.6404e-05],
          [1.5341e-05],
          [1.4676e-05],
          [1.5036e-05],
          [1.4441e-05],
          [1.6908e-05],
          [1.6509e-05],
          [1.3061e-04],
          [8.4597e-05],
          [1.8021e-04],
          [1.5956e-05],
          [1.2773e-05],
          [1.4873e-05],
          [1.4274e-05],
          [1.7763e-04],
          [1.0424e-04],
          [1.7539e-05],
          [1.8577e-05],
          [2.8308e-05],
          [4.6870e-05],
          [3.6498e-05],
          [4.2362e-05],
          [4.3466e-05],
          [3.7713e-05],
          [2.8491e-05],
          [2.2307e-05],
          [2.1965e-05],
          [1.5690e-05],
          [1.5723e-05],
          [1.1436e-05],
          [1.9785e-05],
          [2.1751e-05],
          [2.1175e-05],
          [1.0213e-04],
          [3.4291e-05],
          [3.7644e-05],
          [1.0657e-04],
          [3.9506e-05],
          [2.8068e-05],
          [2.7375e-05],
          [2.7538e-05],
          [2.1784e-05],
          [3.4400e-04],
          [1.6363e-04],
          [2.7925e-05],
          [2.5362e-05],
          [2.9440e-05],
          [2.3113e-05],
          [3.5168e-05],
          [3.6079e-05],
          [4.5586e-05],
          [5.4691e-05],
          [2.0788e-04],
          [8.3492e-05],
          [1.4121e-04],
          [2.8000e-05],
          [2.3406e-05],
          [1.5811e-05],
          [2.3348e-05],
          [1.7323e-05],
          [2.8565e-04],
          [2.1614e-04],
          [2.5961e-05],
          [1.1509e-04],
          [1.6267e-04],
          [2.8388e-05],
          [3.6976e-04],
          [3.0807e-05],
          [4.3720e-04],
          [2.5259e-05],
          [1.8309e-05],
          [1.7251e-05],
          [2.3834e-05],
          [1.5462e-05],
          [1.0777e-05],
          [4.3443e-06]]]])
