# Using CPU
# Loading Embeddings...
# Making Predictions...
torch.Size([1, 1, 442, 316])
tensor([[[[1.4472e-04],
          [4.7331e-05],
          [9.0570e-05],
          [2.9389e-05],
          [3.1087e-05],
          [5.5767e-04],
          [2.0248e-04],
          [5.7605e-05],
          [6.7702e-04],
          [2.1874e-04],
          [3.9869e-05],
          [4.2459e-05],
          [6.0571e-04],
          [1.6141e-04],
          [8.8366e-05],
          [4.0447e-05],
          [3.3116e-05],
          [2.9911e-05],
          [2.9492e-05],
          [2.2015e-05],
          [7.2887e-04],
          [3.4041e-05],
          [8.4761e-05],
          [3.6295e-05],
          [4.1451e-05],
          [4.6774e-05],
          [4.6014e-05],
          [8.4703e-05],
          [8.8506e-05],
          [1.2350e-04],
          [8.6430e-05],
          [1.3337e-04],
          [9.2281e-05],
          [1.0591e-04],
          [8.3623e-05],
          [7.7429e-05],
          [9.5217e-04],
          [1.0972e-04],
          [1.2889e-04],
          [1.4536e-04],
          [1.3706e-04],
          [5.3023e-05],
          [5.2740e-05],
          [4.7462e-05],
          [3.7659e-05],
          [5.6069e-05],
          [4.2824e-05],
          [4.2735e-05],
          [4.1166e-05],
          [4.6565e-04],
          [1.1174e-04],
          [4.2361e-05],
          [4.9066e-05],
          [3.0317e-04],
          [1.0570e-04],
          [5.0357e-05],
          [3.7821e-05],
          [3.6011e-05],
          [5.2388e-05],
          [4.5878e-05],
          [4.2398e-05],
          [4.0468e-05],
          [5.5019e-04],
          [2.2194e-04],
          [6.4632e-05],
          [6.1156e-05],
          [6.5156e-05],
          [6.0368e-05],
          [6.3516e-05],
          [5.0814e-05],
          [5.0149e-05],
          [3.2601e-04],
          [5.0849e-05],
          [5.2498e-05],
          [5.7392e-05],
          [6.0071e-05],
          [1.8946e-04],
          [4.5544e-05],
          [4.5982e-05],
          [3.4945e-05],
          [2.6320e-04],
          [1.1450e-04],
          [4.1555e-05],
          [4.5634e-05],
          [4.1250e-05],
          [3.8776e-05],
          [4.1102e-05],
          [5.1614e-05],
          [4.2261e-05],
          [3.8972e-05],
          [4.2008e-04],
          [5.9412e-05],
          [1.6117e-04],
          [4.8149e-05],
          [4.9695e-05],
          [5.1640e-05],
          [4.7009e-05],
          [4.7009e-05],
          [3.8138e-05],
          [4.1467e-05],
          [3.9163e-05],
          [3.9082e-05],
          [3.7302e-05],
          [4.2485e-05],
          [3.9117e-05],
          [4.5185e-05],
          [3.7090e-05],
          [4.8237e-05],
          [4.8222e-05],
          [4.0972e-05],
          [3.7985e-05],
          [1.2734e-04],
          [2.0163e-04],
          [4.6970e-05],
          [2.0943e-04],
          [3.6826e-05],
          [4.1589e-05],
          [6.0673e-05],
          [4.0443e-05],
          [4.2351e-05],
          [3.8569e-05],
          [3.7926e-05],
          [3.9534e-05],
          [4.0683e-05],
          [4.4841e-05],
          [4.4868e-05],
          [4.8299e-05],
          [5.9492e-05],
          [5.9121e-05],
          [6.5345e-05],
          [4.9050e-05],
          [5.0052e-04],
          [1.9142e-04],
          [7.7114e-05],
          [6.8896e-05],
          [5.7736e-05],
          [4.6214e-05],
          [6.5982e-05],
          [5.5798e-05],
          [4.2939e-05],
          [4.3777e-05],
          [4.4504e-05],
          [4.2075e-05],
          [4.6083e-05],
          [4.8393e-05],
          [4.3786e-05],
          [4.3273e-05],
          [6.8905e-05],
          [5.0988e-05],
          [8.5549e-05],
          [7.7720e-05],
          [7.7657e-05],
          [8.1523e-05],
          [9.3900e-05],
          [6.7960e-05],
          [6.1420e-05],
          [4.9388e-04],
          [1.4672e-04],
          [3.0131e-04],
          [1.9596e-04],
          [4.5904e-05],
          [5.0317e-05],
          [5.3608e-05],
          [5.6434e-05],
          [5.6734e-05],
          [5.3515e-05],
          [5.4157e-05],
          [5.3403e-05],
          [5.6110e-05],
          [4.8257e-05],
          [4.2853e-05],
          [6.1019e-04],
          [1.6351e-04],
          [5.2635e-05],
          [4.1082e-05],
          [3.7526e-05],
          [5.3736e-05],
          [4.5970e-05],
          [4.2913e-04],
          [6.5861e-05],
          [2.9675e-04],
          [5.0370e-05],
          [4.1945e-05],
          [3.2675e-04],
          [4.5898e-05],
          [2.1598e-04],
          [4.0011e-05],
          [4.0405e-05],
          [3.6797e-05],
          [4.4044e-04],
          [4.7620e-05],
          [4.2274e-04],
          [4.4189e-05],
          [4.1500e-05],
          [3.2366e-05],
          [4.4415e-05],
          [4.3852e-05],
          [3.1404e-05],
          [3.3595e-04],
          [1.1987e-04],
          [4.9687e-05],
          [4.5169e-05],
          [4.7186e-05],
          [3.9381e-05],
          [4.3333e-05],
          [4.1855e-05],
          [4.0086e-05],
          [4.7739e-04],
          [1.3984e-04],
          [4.1011e-05],
          [4.0477e-05],
          [3.9234e-05],
          [3.5406e-05],
          [6.7430e-04],
          [5.6150e-05],
          [5.6111e-05],
          [3.1299e-04],
          [4.5934e-05],
          [4.4137e-05],
          [4.0595e-05],
          [4.5344e-05],
          [4.9640e-05],
          [4.9937e-05],
          [4.3753e-05],
          [4.3861e-05],
          [4.4427e-05],
          [5.0704e-05],
          [4.5136e-05],
          [4.5589e-05],
          [5.8473e-05],
          [4.9624e-05],
          [5.2927e-05],
          [4.5794e-05],
          [3.1552e-05],
          [4.0256e-04],
          [1.3192e-04],
          [4.5776e-05],
          [3.5626e-05],
          [3.8668e-05],
          [4.2135e-05],
          [3.5258e-05],
          [2.4450e-05],
          [2.5040e-05],
          [3.6770e-05],
          [2.3331e-05],
          [2.4920e-05],
          [2.4463e-04],
          [1.3668e-04],
          [3.0017e-05],
          [1.7118e-04],
          [3.5852e-05],
          [3.0310e-04],
          [8.9381e-05],
          [3.6587e-05],
          [4.2429e-05],
          [3.7930e-05],
          [3.4713e-05],
          [3.5725e-05],
          [3.4727e-05],
          [4.4006e-05],
          [4.2325e-05],
          [5.3118e-05],
          [5.7766e-05],
          [7.8064e-05],
          [1.9414e-04],
          [7.5915e-05],
          [4.9519e-05],
          [3.7936e-04],
          [2.4589e-05],
          [2.5762e-05],
          [1.3770e-04],
          [1.9549e-04],
          [3.6688e-05],
          [6.3496e-05],
          [1.3564e-04],
          [4.5163e-05],
          [1.6450e-04],
          [3.0951e-05],
          [3.5444e-05],
          [2.9322e-05],
          [2.6222e-05],
          [2.0200e-05],
          [1.8085e-05],
          [2.6975e-05],
          [2.0404e-05],
          [2.1717e-05],
          [1.7960e-05],
          [3.9952e-04],
          [4.0847e-05],
          [8.3721e-05],
          [5.2865e-05],
          [3.5106e-05],
          [2.9376e-05],
          [2.7081e-05],
          [2.9454e-05],
          [3.4450e-05],
          [2.9702e-05],
          [4.7882e-04],
          [3.7390e-05],
          [1.9564e-04],
          [3.7714e-05],
          [3.4210e-05],
          [4.0674e-05],
          [3.9753e-05],
          [3.5062e-05],
          [4.1035e-05],
          [4.1964e-05],
          [4.6780e-05],
          [4.6473e-05],
          [4.8878e-05],
          [4.6156e-05],
          [5.1206e-05],
          [8.2962e-04],
          [2.0762e-04],
          [4.0203e-05],
          [4.1888e-05],
          [2.1029e-05],
          [2.5808e-05],
          [2.0783e-05],
          [2.1989e-05],
          [2.5882e-05],
          [2.0977e-05],
          [1.8247e-05],
          [2.0352e-05],
          [2.1103e-05],
          [2.2556e-05],
          [2.7282e-05],
          [2.5796e-05],
          [2.7613e-05],
          [1.8852e-05],
          [2.7705e-05],
          [2.9555e-05],
          [3.3263e-05],
          [3.7416e-05],
          [4.7318e-05],
          [4.9871e-05],
          [4.9271e-05],
          [5.3664e-05],
          [5.1419e-05],
          [4.4899e-05],
          [4.3990e-05],
          [3.7041e-05],
          [3.4066e-05],
          [3.0700e-05],
          [2.6569e-05],
          [4.9236e-05],
          [2.5522e-05],
          [3.2798e-05],
          [3.7026e-05],
          [2.6025e-05],
          [2.4994e-05],
          [1.9761e-05],
          [2.3763e-05],
          [2.3150e-05],
          [3.3256e-05],
          [3.8084e-05],
          [2.0673e-04],
          [3.4818e-05],
          [5.6073e-04],
          [3.4539e-05],
          [4.1778e-05],
          [4.4367e-05],
          [3.9397e-05],
          [4.0742e-05],
          [3.9090e-05],
          [4.0114e-05],
          [4.5583e-05],
          [3.4710e-05],
          [4.0503e-05],
          [3.7886e-05],
          [3.3013e-05],
          [3.1578e-05],
          [3.0525e-05],
          [2.9999e-04],
          [1.4342e-04],
          [2.2803e-04],
          [3.5529e-05],
          [2.5969e-05],
          [2.1925e-05],
          [1.6946e-05],
          [3.3353e-04],
          [1.0855e-04],
          [1.7175e-05],
          [2.0093e-05],
          [3.0239e-05],
          [4.2739e-05],
          [7.2352e-05],
          [7.2728e-05],
          [9.3665e-05],
          [6.9567e-05],
          [5.5224e-05],
          [5.1776e-05],
          [5.0955e-05],
          [3.8020e-05],
          [4.2118e-05],
          [4.8479e-05],
          [6.0360e-05],
          [4.2602e-05],
          [3.4217e-05],
          [8.4812e-05],
          [3.3127e-05],
          [4.5764e-05],
          [1.3957e-04],
          [3.0387e-05],
          [2.9668e-05],
          [2.5103e-05],
          [2.5766e-05],
          [2.0538e-05],
          [4.1776e-04],
          [1.2962e-04],
          [3.8957e-05],
          [4.2946e-05],
          [4.6411e-05],
          [3.7293e-05],
          [3.7992e-05],
          [2.6241e-05],
          [2.9180e-05],
          [6.2896e-05],
          [6.3759e-05],
          [1.5120e-04],
          [1.4831e-04],
          [2.2233e-05],
          [1.7268e-05],
          [1.6897e-05],
          [1.5423e-05],
          [1.6590e-05],
          [2.9966e-04],
          [1.3927e-04],
          [2.0895e-05],
          [6.2380e-05],
          [7.5871e-05],
          [2.0185e-05],
          [1.8756e-04],
          [2.0853e-05],
          [2.1845e-04],
          [2.6874e-05],
          [3.0399e-05],
          [2.7898e-05],
          [3.6280e-05],
          [2.0044e-05],
          [7.2710e-05],
          [6.6387e-06]]]])
