# Using CPU
# Loading Embeddings...
# Making Predictions...
torch.Size([1, 1, 442, 219])
tensor([[[[1.6314e-04],
          [3.1228e-05],
          [1.5641e-04],
          [4.5296e-05],
          [1.8630e-05],
          [3.8793e-04],
          [2.2765e-04],
          [3.6583e-05],
          [3.5078e-04],
          [2.0458e-04],
          [3.2204e-05],
          [2.8873e-05],
          [4.2254e-04],
          [2.6685e-04],
          [2.7643e-05],
          [1.9926e-05],
          [2.2856e-05],
          [2.7578e-05],
          [3.8640e-05],
          [4.4071e-05],
          [5.0796e-04],
          [5.1502e-05],
          [1.9444e-04],
          [2.0056e-05],
          [2.2354e-05],
          [3.6716e-05],
          [3.5772e-05],
          [4.4454e-05],
          [5.0022e-05],
          [6.6776e-05],
          [6.4131e-05],
          [6.5260e-05],
          [5.7883e-05],
          [6.5055e-05],
          [6.1142e-05],
          [6.7919e-05],
          [6.4929e-04],
          [4.4645e-05],
          [2.1390e-04],
          [9.0712e-05],
          [2.5210e-04],
          [3.6078e-05],
          [3.4056e-05],
          [3.3986e-05],
          [2.8980e-05],
          [3.5369e-05],
          [2.3638e-05],
          [2.3433e-05],
          [2.4518e-05],
          [1.7424e-04],
          [2.0244e-04],
          [2.0594e-05],
          [1.9834e-05],
          [1.5993e-04],
          [1.3953e-04],
          [2.3525e-05],
          [2.0927e-05],
          [2.1512e-05],
          [3.0607e-05],
          [3.3071e-05],
          [3.1041e-05],
          [3.1740e-05],
          [2.6009e-04],
          [3.9984e-04],
          [3.4227e-05],
          [2.3991e-05],
          [2.6079e-05],
          [3.1055e-05],
          [3.2239e-05],
          [2.6560e-05],
          [2.6041e-05],
          [2.5582e-04],
          [2.5557e-05],
          [2.0547e-05],
          [1.8082e-05],
          [2.3493e-05],
          [2.4983e-04],
          [2.7748e-05],
          [2.6579e-05],
          [2.2531e-05],
          [2.5895e-04],
          [2.0946e-04],
          [2.1374e-05],
          [2.0168e-05],
          [2.2939e-05],
          [2.5403e-05],
          [2.8948e-05],
          [3.4119e-05],
          [3.0500e-05],
          [2.9799e-05],
          [1.7914e-04],
          [5.1037e-05],
          [2.2906e-04],
          [1.9793e-05],
          [2.0792e-05],
          [3.1753e-05],
          [4.1376e-05],
          [6.7158e-05],
          [6.0778e-05],
          [7.0061e-05],
          [7.9234e-05],
          [5.0834e-05],
          [2.8891e-05],
          [2.0461e-05],
          [1.9669e-05],
          [2.5214e-05],
          [2.3423e-05],
          [2.5697e-05],
          [2.7931e-05],
          [2.8229e-05],
          [2.5082e-05],
          [7.7464e-05],
          [1.4665e-04],
          [2.2334e-05],
          [3.7358e-04],
          [2.4019e-05],
          [2.0771e-05],
          [2.0605e-05],
          [2.1372e-05],
          [2.3158e-05],
          [2.5654e-05],
          [2.1478e-05],
          [2.2007e-05],
          [2.1390e-05],
          [2.2435e-05],
          [2.1474e-05],
          [2.5295e-05],
          [2.5689e-05],
          [2.6262e-05],
          [3.2111e-05],
          [7.1686e-05],
          [4.8283e-04],
          [3.5781e-04],
          [1.3255e-04],
          [6.2504e-05],
          [3.8882e-05],
          [2.9554e-05],
          [3.1270e-05],
          [2.3690e-05],
          [2.3445e-05],
          [2.1196e-05],
          [2.0521e-05],
          [1.7108e-05],
          [1.7515e-05],
          [2.1539e-05],
          [2.3499e-05],
          [2.6220e-05],
          [3.2320e-05],
          [3.9228e-05],
          [6.3878e-05],
          [6.0840e-05],
          [7.6600e-05],
          [8.4487e-05],
          [9.5182e-05],
          [1.0072e-04],
          [9.5290e-05],
          [2.3272e-04],
          [8.1031e-05],
          [1.2029e-04],
          [1.9724e-04],
          [3.4733e-05],
          [3.0333e-05],
          [4.2580e-05],
          [4.4998e-05],
          [3.2295e-05],
          [3.5033e-05],
          [3.4515e-05],
          [3.6819e-05],
          [3.7609e-05],
          [3.8700e-05],
          [4.0278e-05],
          [3.7322e-04],
          [2.2766e-04],
          [3.9939e-05],
          [4.4211e-05],
          [3.3604e-05],
          [4.9995e-05],
          [3.6122e-05],
          [2.9479e-04],
          [8.6785e-05],
          [5.5224e-04],
          [2.4874e-05],
          [2.7115e-05],
          [2.7018e-04],
          [2.4507e-05],
          [3.5901e-04],
          [2.1482e-05],
          [2.2284e-05],
          [2.3829e-05],
          [2.6216e-04],
          [3.8490e-05],
          [1.4146e-04],
          [3.1451e-05],
          [3.4749e-05],
          [3.1420e-05],
          [3.1877e-05],
          [3.0332e-05],
          [2.8081e-05],
          [2.0940e-04],
          [2.7861e-04],
          [2.5459e-05],
          [2.7770e-05],
          [2.5733e-05],
          [2.4254e-05],
          [2.5259e-05],
          [2.5720e-05],
          [2.3971e-05],
          [1.4954e-04],
          [1.3862e-04],
          [2.6170e-05],
          [2.7366e-05],
          [2.6487e-05],
          [2.8018e-05],
          [2.5022e-04],
          [3.0048e-05],
          [2.7370e-05],
          [4.4905e-04],
          [2.4953e-05],
          [2.2836e-05],
          [2.3553e-05],
          [2.3229e-05],
          [2.4114e-05],
          [2.4544e-05],
          [1.8987e-05],
          [1.7593e-05],
          [2.1266e-05],
          [2.0008e-05],
          [1.9063e-05],
          [1.8990e-05],
          [1.9412e-05],
          [1.8309e-05],
          [2.0942e-05],
          [2.1120e-05],
          [2.1230e-05],
          [3.6735e-04],
          [1.2354e-04],
          [2.5649e-05],
          [2.3326e-05],
          [2.3472e-05],
          [2.4612e-05],
          [3.3179e-05],
          [3.6486e-05],
          [2.6666e-05],
          [4.6519e-05],
          [4.1413e-05],
          [1.9927e-05],
          [9.0189e-05],
          [1.9311e-04],
          [1.9840e-05],
          [2.3080e-04],
          [1.8577e-05],
          [1.5469e-04],
          [1.9409e-04],
          [2.8189e-05],
          [3.1482e-05],
          [3.2811e-05],
          [3.3680e-05],
          [3.5957e-05],
          [3.4371e-05],
          [3.5665e-05],
          [3.0186e-05],
          [3.5808e-05],
          [3.9907e-05],
          [5.9622e-05],
          [5.6046e-05],
          [5.3926e-05],
          [7.3400e-05],
          [2.8984e-04],
          [2.0610e-05],
          [2.5083e-05],
          [4.5482e-04],
          [6.9863e-05],
          [3.8194e-05],
          [1.7955e-04],
          [1.4420e-04],
          [5.0228e-05],
          [5.3438e-04],
          [1.6134e-05],
          [1.5561e-05],
          [1.5457e-05],
          [1.2740e-05],
          [1.2686e-05],
          [1.3135e-05],
          [2.7248e-05],
          [2.0844e-05],
          [2.7480e-05],
          [1.9622e-05],
          [6.4442e-04],
          [3.2422e-05],
          [9.9115e-05],
          [5.4881e-05],
          [1.6357e-05],
          [1.9279e-05],
          [1.7720e-05],
          [1.8218e-05],
          [1.7345e-05],
          [1.6965e-05],
          [3.0155e-04],
          [2.8772e-05],
          [2.7818e-04],
          [2.0044e-05],
          [2.1502e-05],
          [2.2519e-05],
          [2.3454e-05],
          [2.0545e-05],
          [1.8427e-05],
          [2.1710e-05],
          [2.3856e-05],
          [2.4640e-05],
          [2.9491e-05],
          [3.0118e-05],
          [3.6066e-05],
          [2.4942e-04],
          [1.9999e-04],
          [3.0375e-05],
          [2.3067e-05],
          [1.7852e-05],
          [1.6902e-05],
          [1.4631e-05],
          [2.3792e-05],
          [2.7493e-05],
          [2.3759e-05],
          [2.2172e-05],
          [1.7745e-05],
          [1.6613e-05],
          [1.2977e-05],
          [1.3640e-05],
          [1.6403e-05],
          [2.1826e-05],
          [2.0070e-05],
          [1.7845e-05],
          [1.8415e-05],
          [2.1555e-05],
          [1.8551e-05],
          [2.1518e-05],
          [2.3732e-05],
          [2.4258e-05],
          [2.7147e-05],
          [2.5392e-05],
          [3.2179e-05],
          [3.0215e-05],
          [3.1019e-05],
          [2.4467e-05],
          [3.4582e-05],
          [3.5446e-05],
          [3.8054e-05],
          [2.3245e-05],
          [4.4359e-05],
          [3.2227e-05],
          [2.4610e-05],
          [1.8883e-05],
          [1.9771e-05],
          [2.1021e-05],
          [2.0230e-05],
          [2.3213e-05],
          [2.1296e-05],
          [1.4465e-04],
          [2.4240e-05],
          [9.3688e-05],
          [2.5933e-05],
          [2.4844e-05],
          [2.2971e-05],
          [2.3294e-05],
          [2.4504e-05],
          [2.5010e-05],
          [2.1231e-05],
          [1.9044e-05],
          [1.8939e-05],
          [2.0133e-05],
          [2.0874e-05],
          [1.8728e-05],
          [2.0344e-05],
          [2.0227e-05],
          [2.7323e-04],
          [7.2919e-05],
          [2.8227e-04],
          [1.7121e-05],
          [1.7351e-05],
          [1.6867e-05],
          [3.3764e-05],
          [3.3459e-04],
          [3.4505e-04],
          [1.7810e-05],
          [2.0766e-05],
          [1.5624e-05],
          [2.0655e-05],
          [2.4949e-05],
          [3.3998e-05],
          [3.7660e-05],
          [3.7515e-05],
          [3.8320e-05],
          [4.2925e-05],
          [4.2345e-05],
          [3.3119e-05],
          [2.1731e-05],
          [2.0720e-05],
          [2.0997e-05],
          [2.1141e-05],
          [1.6282e-05],
          [1.2617e-04],
          [3.1973e-05],
          [3.2139e-05],
          [3.2364e-05],
          [2.2454e-05],
          [2.5061e-05],
          [2.0754e-05],
          [2.3473e-05],
          [1.9300e-05],
          [1.7387e-04],
          [1.2602e-04],
          [3.3070e-05],
          [2.5833e-05],
          [2.7027e-05],
          [2.1792e-05],
          [2.6531e-05],
          [2.4441e-05],
          [3.6036e-05],
          [4.5870e-05],
          [1.0148e-04],
          [8.5108e-05],
          [1.2141e-04],
          [2.5001e-05],
          [2.5848e-05],
          [1.2052e-05],
          [2.2739e-05],
          [1.2937e-05],
          [2.0219e-04],
          [1.8591e-04],
          [1.7570e-05],
          [5.1105e-05],
          [2.0551e-04],
          [1.7176e-05],
          [3.0423e-04],
          [2.6448e-05],
          [3.5914e-04],
          [1.4716e-05],
          [1.5133e-05],
          [1.7650e-05],
          [3.0393e-05],
          [1.5560e-05],
          [1.4039e-05],
          [4.5909e-06]]]])
