# Using CPU
# Loading Embeddings...
# Making Predictions...
torch.Size([1, 1, 442, 259])
tensor([[[[2.2255e-04],
          [3.7410e-05],
          [1.1001e-04],
          [7.3180e-05],
          [1.0040e-05],
          [5.6033e-04],
          [3.3921e-04],
          [4.2755e-05],
          [5.0199e-04],
          [3.8550e-04],
          [2.1893e-05],
          [2.0476e-05],
          [1.1421e-03],
          [2.6442e-04],
          [3.3362e-05],
          [1.2220e-05],
          [1.2157e-05],
          [9.9133e-06],
          [1.1650e-05],
          [2.4146e-05],
          [7.5073e-04],
          [2.7542e-05],
          [2.3404e-04],
          [1.4417e-05],
          [2.0593e-05],
          [3.1925e-05],
          [4.7972e-05],
          [9.3809e-05],
          [1.2239e-04],
          [1.6176e-04],
          [1.7469e-04],
          [2.0804e-04],
          [2.0314e-04],
          [2.1786e-04],
          [1.6989e-04],
          [1.2191e-04],
          [9.8320e-04],
          [7.2646e-05],
          [1.8391e-04],
          [1.1247e-04],
          [2.5620e-04],
          [3.2296e-05],
          [3.4056e-05],
          [3.8660e-05],
          [2.6495e-05],
          [2.4939e-05],
          [1.8351e-05],
          [1.6210e-05],
          [1.3669e-05],
          [6.3404e-04],
          [1.9850e-04],
          [1.1130e-05],
          [1.0782e-05],
          [8.8272e-04],
          [2.1494e-04],
          [1.6235e-05],
          [1.7879e-05],
          [1.8080e-05],
          [2.4948e-05],
          [3.1536e-05],
          [3.2428e-05],
          [2.8282e-05],
          [4.4848e-04],
          [2.7529e-04],
          [2.0489e-05],
          [2.1774e-05],
          [1.9996e-05],
          [1.7105e-05],
          [1.8116e-05],
          [1.5944e-05],
          [1.5716e-05],
          [8.7329e-04],
          [2.5942e-05],
          [3.7719e-05],
          [1.6874e-05],
          [2.7396e-05],
          [5.7244e-04],
          [1.6074e-05],
          [1.6866e-05],
          [1.3036e-05],
          [7.7851e-04],
          [2.6815e-04],
          [1.6054e-05],
          [1.8938e-05],
          [2.1395e-05],
          [2.5199e-05],
          [2.7699e-05],
          [2.9636e-05],
          [2.4156e-05],
          [1.9681e-05],
          [6.6175e-04],
          [2.0432e-04],
          [4.9975e-04],
          [1.5895e-05],
          [1.8935e-05],
          [2.8048e-05],
          [2.9454e-05],
          [3.1652e-05],
          [2.3833e-05],
          [1.9472e-05],
          [1.6923e-05],
          [1.5405e-05],
          [1.2507e-05],
          [1.3060e-05],
          [1.4479e-05],
          [1.9924e-05],
          [2.2500e-05],
          [3.0246e-05],
          [3.3960e-05],
          [3.5160e-05],
          [2.7748e-05],
          [1.3859e-04],
          [3.0184e-04],
          [2.3965e-05],
          [3.9797e-04],
          [2.0047e-05],
          [1.7722e-05],
          [1.4633e-05],
          [1.9438e-05],
          [2.3399e-05],
          [2.2611e-05],
          [1.6196e-05],
          [1.5866e-05],
          [1.2857e-05],
          [1.5366e-05],
          [1.4373e-05],
          [1.6033e-05],
          [1.7148e-05],
          [2.0338e-05],
          [2.5523e-05],
          [4.2808e-05],
          [1.5923e-03],
          [4.3866e-04],
          [7.9651e-05],
          [3.8734e-05],
          [3.9283e-05],
          [3.1859e-05],
          [3.5219e-05],
          [2.7237e-05],
          [2.8183e-05],
          [1.9946e-05],
          [1.8105e-05],
          [1.1935e-05],
          [1.4126e-05],
          [1.7406e-05],
          [2.5411e-05],
          [2.9467e-05],
          [4.5511e-05],
          [6.2902e-05],
          [1.0469e-04],
          [1.1378e-04],
          [1.4161e-04],
          [1.2629e-04],
          [1.6148e-04],
          [1.2243e-04],
          [1.0374e-04],
          [4.5457e-04],
          [2.3019e-04],
          [4.0853e-04],
          [4.0968e-04],
          [1.8671e-05],
          [2.0213e-05],
          [2.3947e-05],
          [2.6543e-05],
          [2.6808e-05],
          [3.4206e-05],
          [3.3253e-05],
          [3.3786e-05],
          [3.5528e-05],
          [3.4235e-05],
          [3.0579e-05],
          [8.5840e-04],
          [3.7889e-04],
          [4.4600e-05],
          [5.2285e-05],
          [5.4989e-05],
          [5.9260e-05],
          [5.0987e-05],
          [5.6437e-04],
          [4.2794e-05],
          [3.1526e-04],
          [2.0323e-05],
          [1.7029e-05],
          [5.2566e-04],
          [2.2330e-05],
          [4.4950e-04],
          [1.3825e-05],
          [2.0052e-05],
          [1.1990e-05],
          [9.7585e-04],
          [6.5639e-05],
          [1.0600e-03],
          [2.6202e-05],
          [3.3406e-05],
          [3.2522e-05],
          [3.2347e-05],
          [3.5032e-05],
          [2.7846e-05],
          [6.1803e-04],
          [2.7190e-04],
          [2.1827e-05],
          [1.9058e-05],
          [1.8482e-05],
          [1.4779e-05],
          [1.4756e-05],
          [1.3071e-05],
          [2.1564e-05],
          [6.1265e-04],
          [1.7111e-04],
          [1.2868e-05],
          [1.3705e-05],
          [1.4718e-05],
          [1.4638e-05],
          [8.3483e-04],
          [3.8463e-05],
          [1.8351e-05],
          [5.7318e-04],
          [1.4868e-05],
          [1.3734e-05],
          [1.2602e-05],
          [1.1964e-05],
          [1.4940e-05],
          [1.1596e-05],
          [1.0801e-05],
          [1.0907e-05],
          [1.2887e-05],
          [1.4998e-05],
          [1.1201e-05],
          [1.0791e-05],
          [1.0316e-05],
          [1.1982e-05],
          [1.0634e-05],
          [1.0261e-05],
          [1.1590e-05],
          [4.8994e-04],
          [1.4567e-04],
          [1.4987e-05],
          [1.7243e-05],
          [1.3562e-05],
          [1.8215e-05],
          [4.7704e-05],
          [1.9015e-05],
          [1.7296e-05],
          [2.5657e-05],
          [1.7664e-05],
          [1.4386e-05],
          [3.4870e-04],
          [7.6734e-04],
          [1.7450e-05],
          [5.0755e-04],
          [1.0940e-05],
          [3.7926e-04],
          [2.2510e-04],
          [2.8203e-05],
          [3.6818e-05],
          [3.5771e-05],
          [3.1772e-05],
          [3.6753e-05],
          [4.4553e-05],
          [5.9987e-05],
          [5.8320e-05],
          [9.1576e-05],
          [1.1068e-04],
          [1.7289e-04],
          [1.3329e-04],
          [1.4653e-04],
          [1.0134e-04],
          [1.9830e-04],
          [4.3527e-05],
          [4.2852e-05],
          [2.6639e-04],
          [2.0265e-04],
          [8.2306e-05],
          [1.3144e-04],
          [2.2718e-04],
          [6.1224e-05],
          [3.6284e-04],
          [1.4496e-05],
          [1.3414e-05],
          [1.0642e-05],
          [9.9042e-06],
          [1.0171e-05],
          [9.4614e-06],
          [2.2762e-05],
          [1.1265e-05],
          [1.7291e-05],
          [1.0953e-05],
          [1.2822e-03],
          [2.8934e-05],
          [2.0631e-04],
          [8.7347e-05],
          [1.2554e-05],
          [1.1808e-05],
          [1.1710e-05],
          [1.1785e-05],
          [1.1120e-05],
          [1.5139e-05],
          [1.1892e-03],
          [2.2403e-05],
          [3.7703e-04],
          [1.4022e-05],
          [1.1963e-05],
          [1.3479e-05],
          [1.3768e-05],
          [1.3191e-05],
          [1.3396e-05],
          [1.3426e-05],
          [1.6290e-05],
          [1.6189e-05],
          [2.2104e-05],
          [2.8312e-05],
          [3.4792e-05],
          [6.9183e-04],
          [2.9450e-04],
          [2.4556e-05],
          [2.0857e-05],
          [7.2216e-05],
          [1.1487e-05],
          [1.1865e-05],
          [1.6627e-05],
          [2.1444e-05],
          [1.9158e-05],
          [1.9582e-05],
          [1.2918e-05],
          [1.1920e-05],
          [9.9377e-06],
          [9.2848e-06],
          [1.0323e-05],
          [1.2048e-05],
          [1.1144e-05],
          [1.1469e-05],
          [1.1635e-05],
          [1.6170e-05],
          [1.2756e-05],
          [1.3403e-05],
          [1.5821e-05],
          [1.6494e-05],
          [1.6787e-05],
          [1.5471e-05],
          [2.0693e-05],
          [1.8632e-05],
          [2.2623e-05],
          [1.8751e-05],
          [2.0059e-05],
          [1.8449e-05],
          [2.9837e-05],
          [1.5853e-05],
          [2.1055e-05],
          [2.5479e-05],
          [1.5718e-05],
          [1.7415e-05],
          [1.2915e-05],
          [1.3796e-05],
          [1.3833e-05],
          [1.7465e-05],
          [1.5502e-05],
          [2.8915e-04],
          [1.0667e-04],
          [1.9769e-03],
          [1.8295e-05],
          [1.8223e-05],
          [1.5150e-05],
          [1.6770e-05],
          [1.5534e-05],
          [1.4658e-05],
          [1.3209e-05],
          [1.3276e-05],
          [1.0857e-05],
          [1.0564e-05],
          [1.1391e-05],
          [1.1553e-05],
          [1.5347e-05],
          [1.5363e-05],
          [6.3395e-04],
          [1.9842e-04],
          [3.8193e-04],
          [1.2498e-05],
          [1.0570e-05],
          [1.0216e-05],
          [3.9584e-05],
          [1.2218e-03],
          [2.9216e-04],
          [1.4857e-05],
          [1.2748e-05],
          [1.2296e-05],
          [1.6047e-05],
          [2.1258e-05],
          [2.7340e-05],
          [3.6158e-05],
          [2.9601e-05],
          [2.8028e-05],
          [1.9090e-05],
          [1.6759e-05],
          [1.0871e-05],
          [1.1677e-05],
          [1.0660e-05],
          [9.8342e-06],
          [1.0902e-05],
          [1.2116e-05],
          [7.0673e-05],
          [2.3508e-05],
          [3.1937e-05],
          [3.9835e-05],
          [2.6790e-05],
          [2.3141e-05],
          [2.6889e-05],
          [2.9766e-05],
          [2.2912e-05],
          [7.6482e-04],
          [1.9273e-04],
          [2.8545e-05],
          [2.5264e-05],
          [2.0766e-05],
          [1.8491e-05],
          [2.2364e-05],
          [2.2109e-05],
          [2.0608e-05],
          [2.2436e-04],
          [7.6945e-05],
          [2.9558e-04],
          [2.3533e-04],
          [1.7634e-05],
          [1.6641e-05],
          [1.6266e-05],
          [1.5339e-05],
          [1.4970e-05],
          [4.6289e-04],
          [2.0635e-04],
          [1.3135e-05],
          [5.5556e-05],
          [1.5511e-04],
          [1.7811e-05],
          [7.4353e-04],
          [1.8063e-05],
          [5.5238e-04],
          [2.2101e-05],
          [1.7460e-05],
          [1.4221e-05],
          [1.4532e-05],
          [3.1931e-05],
          [1.0569e-04],
          [1.3342e-05]]]])
