# Using CPU
# Loading Embeddings...
# Making Predictions...
torch.Size([1, 1, 442, 261])
tensor([[[[3.0297e-04],
          [4.5233e-05],
          [8.7562e-05],
          [2.9240e-05],
          [3.2917e-05],
          [1.9289e-04],
          [1.0340e-04],
          [4.0788e-05],
          [1.6929e-04],
          [9.8128e-05],
          [3.7021e-05],
          [3.1643e-05],
          [5.3128e-04],
          [2.0310e-04],
          [3.5633e-05],
          [3.1832e-05],
          [3.2263e-05],
          [3.0992e-05],
          [4.0671e-05],
          [4.2420e-05],
          [1.0811e-04],
          [4.6257e-05],
          [6.4822e-05],
          [2.9835e-05],
          [2.3506e-05],
          [2.0450e-05],
          [2.8945e-05],
          [5.4437e-05],
          [5.4138e-05],
          [6.2363e-05],
          [6.2076e-05],
          [7.8909e-05],
          [8.3899e-05],
          [8.8572e-05],
          [4.8635e-05],
          [3.6578e-05],
          [6.1496e-04],
          [3.7470e-05],
          [1.7245e-04],
          [1.0276e-04],
          [1.3846e-04],
          [2.1212e-05],
          [1.8121e-05],
          [1.5642e-05],
          [1.6700e-05],
          [1.4970e-05],
          [1.2020e-05],
          [1.5049e-05],
          [1.6073e-05],
          [4.0329e-04],
          [2.1776e-04],
          [2.0628e-05],
          [1.5923e-05],
          [4.3757e-04],
          [6.9040e-05],
          [1.6627e-05],
          [1.1939e-05],
          [1.6935e-05],
          [1.6926e-05],
          [1.6053e-05],
          [1.6656e-05],
          [1.6411e-05],
          [7.0798e-04],
          [3.4096e-04],
          [2.6535e-05],
          [2.0789e-05],
          [2.2735e-05],
          [1.8819e-05],
          [2.0658e-05],
          [2.4735e-05],
          [2.2347e-05],
          [5.5657e-04],
          [2.4566e-05],
          [3.6866e-05],
          [2.0479e-05],
          [1.9362e-05],
          [1.4742e-04],
          [1.7323e-05],
          [2.0388e-05],
          [1.9529e-05],
          [4.3923e-04],
          [2.1515e-04],
          [2.8210e-05],
          [2.0740e-05],
          [1.8865e-05],
          [1.7610e-05],
          [2.1581e-05],
          [1.8222e-05],
          [2.6095e-05],
          [3.2768e-05],
          [2.4273e-04],
          [1.0972e-04],
          [1.8028e-04],
          [4.8369e-05],
          [4.7001e-05],
          [4.7077e-05],
          [5.5347e-05],
          [5.2690e-05],
          [4.1028e-05],
          [4.9493e-05],
          [4.6398e-05],
          [3.7145e-05],
          [4.0397e-05],
          [3.5869e-05],
          [3.7768e-05],
          [3.7048e-05],
          [3.3973e-05],
          [3.0001e-05],
          [3.3985e-05],
          [3.0816e-05],
          [3.0884e-05],
          [6.3180e-05],
          [2.7581e-04],
          [2.5039e-05],
          [6.6785e-04],
          [2.1402e-05],
          [1.9310e-05],
          [1.4830e-05],
          [1.6984e-05],
          [1.9650e-05],
          [2.1168e-05],
          [2.8331e-05],
          [2.4156e-05],
          [2.4502e-05],
          [2.9636e-05],
          [4.6957e-05],
          [5.0805e-05],
          [4.7582e-05],
          [4.3543e-05],
          [6.3874e-05],
          [4.3122e-05],
          [5.5580e-04],
          [2.9969e-04],
          [3.7924e-05],
          [2.6262e-05],
          [3.1896e-05],
          [2.9951e-05],
          [2.3073e-05],
          [2.3669e-05],
          [2.2160e-05],
          [3.2626e-05],
          [2.2673e-05],
          [2.5921e-05],
          [2.4865e-05],
          [3.0784e-05],
          [3.3892e-05],
          [3.4223e-05],
          [3.0588e-05],
          [3.6915e-05],
          [6.2783e-05],
          [6.5393e-05],
          [7.6377e-05],
          [6.4512e-05],
          [8.1075e-05],
          [5.7748e-05],
          [4.8463e-05],
          [1.4306e-04],
          [4.8148e-05],
          [1.1474e-04],
          [9.7324e-05],
          [3.9058e-05],
          [3.1088e-05],
          [3.4149e-05],
          [2.7432e-05],
          [2.3273e-05],
          [2.3247e-05],
          [2.5730e-05],
          [2.9318e-05],
          [2.7901e-05],
          [3.2824e-05],
          [3.5672e-05],
          [6.7716e-04],
          [1.5260e-04],
          [3.3900e-05],
          [3.3700e-05],
          [3.7621e-05],
          [3.5409e-05],
          [3.1132e-05],
          [4.7672e-04],
          [6.6210e-05],
          [7.2114e-04],
          [3.1433e-05],
          [2.6477e-05],
          [4.6484e-04],
          [3.9626e-05],
          [1.6678e-04],
          [5.0214e-05],
          [4.9622e-05],
          [3.4676e-05],
          [1.8059e-04],
          [2.9733e-05],
          [7.0299e-05],
          [2.6074e-05],
          [2.5288e-05],
          [2.0249e-05],
          [2.0148e-05],
          [2.3981e-05],
          [2.4353e-05],
          [5.3044e-04],
          [2.4460e-04],
          [5.7973e-05],
          [5.3397e-05],
          [4.2880e-05],
          [4.2527e-05],
          [4.3065e-05],
          [3.2877e-05],
          [2.5094e-05],
          [2.4862e-04],
          [8.1140e-05],
          [2.9257e-05],
          [3.1761e-05],
          [3.2242e-05],
          [3.1082e-05],
          [5.4257e-04],
          [3.7909e-05],
          [1.9933e-05],
          [3.0035e-04],
          [1.7303e-05],
          [1.5074e-05],
          [1.6410e-05],
          [1.8688e-05],
          [2.2698e-05],
          [3.3112e-05],
          [3.5476e-05],
          [2.7353e-05],
          [2.3476e-05],
          [2.1628e-05],
          [1.8041e-05],
          [1.8449e-05],
          [1.6010e-05],
          [1.4633e-05],
          [1.6856e-05],
          [1.8159e-05],
          [1.9198e-05],
          [4.6576e-04],
          [8.8234e-05],
          [2.1911e-05],
          [2.3287e-05],
          [2.8999e-05],
          [2.5164e-05],
          [3.0619e-05],
          [3.3234e-05],
          [2.6970e-05],
          [3.4610e-05],
          [3.6605e-05],
          [3.2605e-05],
          [8.1618e-05],
          [2.5035e-04],
          [2.4864e-05],
          [4.6134e-04],
          [2.2311e-05],
          [3.2341e-04],
          [1.4526e-04],
          [2.1149e-05],
          [3.1209e-05],
          [2.8044e-05],
          [2.7638e-05],
          [2.7525e-05],
          [3.3010e-05],
          [3.8179e-05],
          [4.1988e-05],
          [7.7790e-05],
          [1.0389e-04],
          [1.7604e-04],
          [1.5292e-04],
          [1.6297e-04],
          [1.0082e-04],
          [4.0419e-04],
          [4.5692e-05],
          [4.1294e-05],
          [4.7062e-04],
          [7.3660e-05],
          [3.5598e-05],
          [1.4961e-04],
          [2.5100e-04],
          [6.2342e-05],
          [7.6696e-04],
          [2.0410e-05],
          [1.9689e-05],
          [1.5692e-05],
          [2.1176e-05],
          [2.1728e-05],
          [2.1028e-05],
          [2.1404e-05],
          [2.2745e-05],
          [2.4885e-05],
          [2.4440e-05],
          [5.8103e-04],
          [2.9773e-05],
          [1.4229e-04],
          [3.5685e-05],
          [2.1788e-05],
          [1.8411e-05],
          [1.9147e-05],
          [2.7140e-05],
          [3.0519e-05],
          [2.7542e-05],
          [1.8943e-04],
          [3.6653e-05],
          [1.1094e-04],
          [3.2930e-05],
          [4.2645e-05],
          [2.6200e-05],
          [3.4678e-05],
          [2.0217e-05],
          [2.2567e-05],
          [1.5551e-05],
          [1.3695e-05],
          [1.3233e-05],
          [1.4580e-05],
          [1.6529e-05],
          [2.0256e-05],
          [4.1132e-04],
          [1.0849e-04],
          [1.9786e-05],
          [1.6960e-05],
          [3.5668e-05],
          [1.4776e-05],
          [1.8227e-05],
          [2.4272e-05],
          [2.4472e-05],
          [2.7974e-05],
          [2.9362e-05],
          [2.9391e-05],
          [2.5274e-05],
          [1.5280e-05],
          [1.2822e-05],
          [2.9355e-05],
          [2.8275e-05],
          [3.0802e-05],
          [1.6759e-05],
          [1.4390e-05],
          [1.6319e-05],
          [1.2935e-05],
          [1.7757e-05],
          [1.7817e-05],
          [2.1398e-05],
          [2.2627e-05],
          [2.1597e-05],
          [2.4725e-05],
          [2.2936e-05],
          [2.3892e-05],
          [1.4605e-05],
          [1.9267e-05],
          [1.7973e-05],
          [2.0935e-05],
          [3.7806e-05],
          [3.5523e-05],
          [2.6124e-05],
          [2.2119e-05],
          [1.9339e-05],
          [1.8394e-05],
          [1.8455e-05],
          [1.5722e-05],
          [1.5390e-05],
          [1.5324e-05],
          [8.6436e-05],
          [2.7601e-05],
          [9.5272e-05],
          [2.2444e-05],
          [2.1538e-05],
          [1.9301e-05],
          [1.9622e-05],
          [1.4830e-05],
          [1.3428e-05],
          [1.2366e-05],
          [1.0425e-05],
          [1.0944e-05],
          [1.1296e-05],
          [1.2213e-05],
          [1.2875e-05],
          [1.4426e-05],
          [1.2115e-05],
          [1.0435e-04],
          [1.0085e-04],
          [2.6382e-04],
          [1.2775e-05],
          [1.4961e-05],
          [1.4905e-05],
          [2.6989e-05],
          [2.6411e-04],
          [9.4837e-05],
          [1.8740e-05],
          [2.1225e-05],
          [1.9387e-05],
          [2.4094e-05],
          [2.2302e-05],
          [1.1069e-04],
          [2.3056e-05],
          [2.4678e-05],
          [2.5823e-05],
          [2.6120e-05],
          [2.5400e-05],
          [1.7475e-05],
          [1.3640e-05],
          [1.2835e-05],
          [1.2410e-05],
          [1.2439e-05],
          [1.5417e-05],
          [4.1409e-05],
          [4.1415e-05],
          [6.3773e-05],
          [1.2771e-04],
          [7.2907e-05],
          [9.0074e-05],
          [8.2545e-05],
          [5.7439e-05],
          [3.7856e-05],
          [3.3658e-04],
          [1.3864e-04],
          [2.4852e-05],
          [1.9817e-05],
          [2.2893e-05],
          [2.1181e-05],
          [2.1936e-05],
          [1.8762e-05],
          [2.5955e-05],
          [5.0373e-05],
          [5.7297e-05],
          [1.5356e-04],
          [7.9173e-05],
          [3.6838e-05],
          [3.4929e-05],
          [5.1582e-05],
          [4.8492e-05],
          [4.5896e-05],
          [5.8327e-04],
          [3.4947e-04],
          [2.7643e-05],
          [1.4033e-04],
          [1.3097e-04],
          [2.1465e-05],
          [3.9623e-04],
          [2.5626e-05],
          [6.7483e-04],
          [1.9430e-05],
          [1.9183e-05],
          [1.9368e-05],
          [2.2405e-05],
          [2.2012e-05],
          [8.6765e-06],
          [5.4170e-06]]]])
