# Using CPU
# Loading Embeddings...
# Making Predictions...
torch.Size([1, 1, 442, 312])
tensor([[[[3.0686e-04],
          [2.4079e-05],
          [9.1709e-05],
          [8.6588e-05],
          [1.2436e-05],
          [2.9643e-04],
          [1.8728e-04],
          [2.4682e-05],
          [1.8274e-04],
          [1.9539e-04],
          [2.0620e-05],
          [1.9726e-05],
          [2.0236e-04],
          [1.3355e-04],
          [2.7947e-05],
          [1.6518e-05],
          [1.5740e-05],
          [1.5461e-05],
          [1.4227e-05],
          [1.5774e-05],
          [2.9859e-04],
          [2.4138e-05],
          [1.5360e-04],
          [1.5888e-05],
          [2.0888e-05],
          [3.0382e-05],
          [4.2850e-05],
          [7.9409e-05],
          [1.0708e-04],
          [1.4618e-04],
          [1.3790e-04],
          [1.7480e-04],
          [1.6108e-04],
          [1.7567e-04],
          [1.3579e-04],
          [1.0060e-04],
          [2.6180e-04],
          [6.0132e-05],
          [9.5962e-05],
          [6.7960e-05],
          [1.1860e-04],
          [2.7522e-05],
          [2.8102e-05],
          [3.1190e-05],
          [2.0388e-05],
          [2.2745e-05],
          [1.6680e-05],
          [1.6661e-05],
          [1.6110e-05],
          [1.7829e-04],
          [1.3194e-04],
          [1.6676e-05],
          [1.3776e-05],
          [3.1139e-04],
          [1.1332e-04],
          [1.6515e-05],
          [1.5518e-05],
          [1.4753e-05],
          [2.0309e-05],
          [2.3533e-05],
          [2.7521e-05],
          [2.3090e-05],
          [2.0136e-04],
          [1.4713e-04],
          [2.1056e-05],
          [2.1850e-05],
          [2.3531e-05],
          [2.6389e-05],
          [2.3723e-05],
          [2.2428e-05],
          [1.5902e-05],
          [2.0577e-04],
          [2.0781e-05],
          [1.8769e-05],
          [1.4992e-05],
          [1.8058e-05],
          [2.8019e-04],
          [1.5652e-05],
          [1.6253e-05],
          [1.3801e-05],
          [2.1123e-04],
          [1.3297e-04],
          [1.4706e-05],
          [1.5880e-05],
          [1.8382e-05],
          [2.1220e-05],
          [2.3783e-05],
          [2.5469e-05],
          [2.0820e-05],
          [1.6893e-05],
          [2.0831e-04],
          [3.2974e-05],
          [1.7013e-04],
          [1.6144e-05],
          [1.6706e-05],
          [2.2058e-05],
          [2.5102e-05],
          [3.2888e-05],
          [2.2833e-05],
          [2.4387e-05],
          [2.7338e-05],
          [1.8165e-05],
          [1.6389e-05],
          [1.6252e-05],
          [1.6766e-05],
          [2.0196e-05],
          [2.3235e-05],
          [3.0531e-05],
          [2.7311e-05],
          [3.1287e-05],
          [2.6004e-05],
          [1.2214e-04],
          [9.3772e-05],
          [1.9924e-05],
          [1.8320e-04],
          [1.4205e-05],
          [1.3735e-05],
          [1.6986e-05],
          [1.3903e-05],
          [1.7749e-05],
          [1.6260e-05],
          [1.8396e-05],
          [1.5000e-05],
          [1.5571e-05],
          [1.8110e-05],
          [1.8617e-05],
          [1.7741e-05],
          [2.2523e-05],
          [2.5799e-05],
          [3.4021e-05],
          [2.2104e-05],
          [3.0278e-04],
          [2.1347e-04],
          [3.9630e-05],
          [2.7501e-05],
          [2.4748e-05],
          [2.0433e-05],
          [2.2087e-05],
          [1.9795e-05],
          [1.7036e-05],
          [1.4167e-05],
          [1.6230e-05],
          [1.4869e-05],
          [1.4757e-05],
          [1.5024e-05],
          [2.0236e-05],
          [2.3192e-05],
          [3.6090e-05],
          [4.5828e-05],
          [8.2286e-05],
          [8.9467e-05],
          [9.2292e-05],
          [8.8936e-05],
          [1.1028e-04],
          [1.0067e-04],
          [6.8768e-05],
          [2.2439e-04],
          [8.1581e-05],
          [1.1745e-04],
          [1.5641e-04],
          [1.9708e-05],
          [1.7947e-05],
          [1.9608e-05],
          [1.9333e-05],
          [1.9510e-05],
          [2.2255e-05],
          [2.6765e-05],
          [2.4224e-05],
          [3.0703e-05],
          [2.2995e-05],
          [1.7949e-05],
          [2.7316e-04],
          [1.4964e-04],
          [2.6947e-05],
          [3.2474e-05],
          [4.0263e-05],
          [4.5130e-05],
          [3.6780e-05],
          [1.4355e-04],
          [3.0813e-05],
          [1.3928e-04],
          [1.6964e-05],
          [1.7956e-05],
          [1.8769e-04],
          [1.6899e-05],
          [2.3755e-04],
          [1.6355e-05],
          [1.7184e-05],
          [1.5312e-05],
          [2.8228e-04],
          [2.6716e-05],
          [1.8577e-04],
          [1.8915e-05],
          [2.4846e-05],
          [2.7693e-05],
          [2.7731e-05],
          [3.0245e-05],
          [2.1593e-05],
          [1.4950e-04],
          [1.4364e-04],
          [1.7120e-05],
          [1.7053e-05],
          [1.9316e-05],
          [1.5626e-05],
          [1.7713e-05],
          [1.9315e-05],
          [1.9966e-05],
          [1.9191e-04],
          [1.3277e-04],
          [1.7822e-05],
          [1.6350e-05],
          [1.5204e-05],
          [1.7172e-05],
          [2.1267e-04],
          [3.0074e-05],
          [1.7334e-05],
          [2.3493e-04],
          [1.7341e-05],
          [1.6954e-05],
          [1.6800e-05],
          [1.8237e-05],
          [1.7440e-05],
          [1.9093e-05],
          [1.7638e-05],
          [1.7080e-05],
          [2.0662e-05],
          [2.3188e-05],
          [1.9914e-05],
          [2.0803e-05],
          [2.1856e-05],
          [1.4189e-05],
          [1.7927e-05],
          [1.7176e-05],
          [1.5057e-05],
          [2.5059e-04],
          [8.1967e-05],
          [2.1248e-05],
          [1.7385e-05],
          [1.9808e-05],
          [2.6965e-05],
          [2.1407e-05],
          [2.6272e-05],
          [1.5951e-05],
          [2.0478e-05],
          [2.2814e-05],
          [1.1816e-05],
          [3.2992e-04],
          [1.0649e-04],
          [1.5765e-05],
          [1.4237e-04],
          [1.2865e-05],
          [2.2626e-04],
          [9.1520e-05],
          [2.5991e-05],
          [3.4283e-05],
          [3.4782e-05],
          [3.1069e-05],
          [3.6952e-05],
          [4.0636e-05],
          [5.2768e-05],
          [4.9497e-05],
          [6.7063e-05],
          [8.5202e-05],
          [1.4619e-04],
          [1.1567e-04],
          [1.0629e-04],
          [7.1426e-05],
          [1.6832e-04],
          [3.3615e-05],
          [3.0588e-05],
          [1.2612e-04],
          [1.7395e-04],
          [2.2856e-05],
          [8.0533e-05],
          [8.4253e-05],
          [2.3121e-05],
          [1.5195e-04],
          [1.2457e-05],
          [1.3813e-05],
          [1.1576e-05],
          [1.0841e-05],
          [1.2195e-05],
          [1.2231e-05],
          [2.0564e-05],
          [1.4545e-05],
          [1.6149e-05],
          [1.3361e-05],
          [4.3772e-04],
          [1.7006e-05],
          [6.6428e-05],
          [6.0975e-05],
          [1.2717e-05],
          [1.3421e-05],
          [1.3378e-05],
          [1.1666e-05],
          [1.4837e-05],
          [1.3642e-05],
          [2.9048e-04],
          [2.4059e-05],
          [1.9133e-04],
          [1.5669e-05],
          [1.7149e-05],
          [1.5694e-05],
          [1.5405e-05],
          [1.6314e-05],
          [1.6362e-05],
          [1.6019e-05],
          [1.8749e-05],
          [1.9676e-05],
          [2.5200e-05],
          [2.4439e-05],
          [3.0055e-05],
          [2.5073e-04],
          [1.3642e-04],
          [2.5255e-05],
          [2.0547e-05],
          [1.5776e-05],
          [1.4237e-05],
          [1.5715e-05],
          [1.7334e-05],
          [2.0757e-05],
          [1.6500e-05],
          [2.2576e-05],
          [1.4999e-05],
          [1.6361e-05],
          [1.4431e-05],
          [1.3708e-05],
          [1.5965e-05],
          [1.7596e-05],
          [1.5654e-05],
          [1.5487e-05],
          [1.6765e-05],
          [1.6447e-05],
          [1.7366e-05],
          [2.0744e-05],
          [1.8262e-05],
          [1.9054e-05],
          [2.2563e-05],
          [1.8891e-05],
          [2.8844e-05],
          [3.1585e-05],
          [3.0803e-05],
          [2.1746e-05],
          [2.7251e-05],
          [2.7953e-05],
          [2.7693e-05],
          [1.8701e-05],
          [1.7545e-05],
          [2.3653e-05],
          [2.3304e-05],
          [2.1868e-05],
          [1.7485e-05],
          [1.9851e-05],
          [1.8823e-05],
          [1.5445e-05],
          [1.7286e-05],
          [2.5517e-04],
          [2.8782e-05],
          [1.9275e-04],
          [2.0662e-05],
          [2.0726e-05],
          [1.9950e-05],
          [1.7974e-05],
          [1.8503e-05],
          [2.4193e-05],
          [1.9350e-05],
          [1.7600e-05],
          [1.8351e-05],
          [2.1183e-05],
          [1.9029e-05],
          [1.7426e-05],
          [1.9659e-05],
          [1.7054e-05],
          [3.1862e-04],
          [6.1091e-05],
          [2.4135e-04],
          [1.5926e-05],
          [1.3028e-05],
          [9.6486e-06],
          [1.1708e-05],
          [3.4002e-04],
          [1.5199e-04],
          [1.3733e-05],
          [1.3301e-05],
          [1.6759e-05],
          [2.8862e-05],
          [4.0035e-05],
          [5.3555e-05],
          [5.5881e-05],
          [4.1063e-05],
          [2.8490e-05],
          [2.6020e-05],
          [2.3056e-05],
          [1.8064e-05],
          [1.3042e-05],
          [1.3213e-05],
          [1.5699e-05],
          [1.6263e-05],
          [1.6137e-05],
          [6.7386e-05],
          [3.0285e-05],
          [4.2960e-05],
          [1.4669e-04],
          [2.6176e-05],
          [2.6915e-05],
          [2.4870e-05],
          [2.7427e-05],
          [2.1853e-05],
          [1.3577e-04],
          [8.3795e-05],
          [2.4440e-05],
          [2.2641e-05],
          [2.0115e-05],
          [1.8562e-05],
          [1.8899e-05],
          [1.9676e-05],
          [5.1391e-05],
          [1.0249e-04],
          [4.2330e-05],
          [1.2321e-04],
          [9.0834e-05],
          [2.5177e-05],
          [1.6608e-05],
          [1.6247e-05],
          [1.8759e-05],
          [1.4951e-05],
          [2.2665e-04],
          [7.2890e-05],
          [1.2068e-05],
          [4.3137e-05],
          [1.0305e-04],
          [1.6426e-05],
          [1.4361e-04],
          [1.5403e-05],
          [1.3571e-04],
          [1.9812e-05],
          [1.5759e-05],
          [1.2792e-05],
          [1.7644e-05],
          [1.3242e-05],
          [3.4898e-05],
          [6.2967e-06]]]])
