# Using CPU
# Loading Embeddings...
# Making Predictions...
torch.Size([1, 1, 442, 252])
tensor([[[[2.0139e-04],
          [3.4932e-05],
          [1.2187e-04],
          [3.3303e-05],
          [9.3891e-06],
          [5.0984e-04],
          [1.2461e-03],
          [1.5963e-05],
          [3.2286e-04],
          [1.3883e-03],
          [1.7108e-05],
          [1.6518e-05],
          [5.8947e-04],
          [2.7944e-04],
          [1.5508e-05],
          [1.1114e-05],
          [1.2172e-05],
          [1.1852e-05],
          [1.3802e-05],
          [1.9526e-05],
          [9.7091e-04],
          [2.4318e-05],
          [6.8549e-04],
          [1.5483e-05],
          [1.7952e-05],
          [2.5564e-05],
          [3.6303e-05],
          [6.3119e-05],
          [7.5225e-05],
          [9.2940e-05],
          [9.1062e-05],
          [1.1224e-04],
          [1.0063e-04],
          [1.1656e-04],
          [8.4796e-05],
          [6.5332e-05],
          [5.7711e-04],
          [6.3180e-05],
          [2.2582e-04],
          [8.1496e-05],
          [5.1285e-04],
          [2.5995e-05],
          [2.4314e-05],
          [2.8492e-05],
          [1.9935e-05],
          [2.0049e-05],
          [1.5402e-05],
          [1.8562e-05],
          [2.7544e-05],
          [3.0591e-04],
          [4.5739e-04],
          [1.8184e-05],
          [1.6012e-05],
          [6.3331e-04],
          [6.5025e-04],
          [1.5226e-05],
          [1.6449e-05],
          [1.6851e-05],
          [2.2724e-05],
          [2.7218e-05],
          [2.6443e-05],
          [2.4377e-05],
          [3.3118e-04],
          [2.7513e-04],
          [1.8422e-05],
          [1.8939e-05],
          [1.7997e-05],
          [1.6449e-05],
          [1.8242e-05],
          [1.5670e-05],
          [1.5633e-05],
          [3.4299e-04],
          [2.0107e-05],
          [3.9355e-05],
          [1.4701e-05],
          [2.4312e-05],
          [1.8013e-03],
          [1.5077e-05],
          [1.5260e-05],
          [1.3066e-05],
          [3.3625e-04],
          [1.9305e-04],
          [1.3515e-05],
          [1.4079e-05],
          [1.6570e-05],
          [1.9256e-05],
          [2.0778e-05],
          [2.2942e-05],
          [2.0954e-05],
          [1.8360e-05],
          [6.0249e-04],
          [7.4201e-05],
          [2.7355e-04],
          [1.3232e-05],
          [1.3478e-05],
          [1.6896e-05],
          [1.8101e-05],
          [2.6048e-05],
          [2.3007e-05],
          [2.4539e-05],
          [2.4574e-05],
          [1.7723e-05],
          [1.4002e-05],
          [1.1112e-05],
          [1.2960e-05],
          [1.8748e-05],
          [2.1273e-05],
          [2.7574e-05],
          [2.9168e-05],
          [3.0752e-05],
          [2.4552e-05],
          [1.5502e-04],
          [1.5614e-04],
          [1.7163e-05],
          [2.2473e-04],
          [1.6464e-05],
          [1.5369e-05],
          [1.3047e-05],
          [1.6714e-05],
          [1.8489e-05],
          [1.8666e-05],
          [1.3730e-05],
          [1.4575e-05],
          [1.1847e-05],
          [1.4180e-05],
          [1.3597e-05],
          [1.5073e-05],
          [1.5776e-05],
          [1.9274e-05],
          [2.2344e-05],
          [1.9597e-05],
          [4.7033e-04],
          [4.0903e-04],
          [2.4370e-05],
          [2.7288e-05],
          [2.7428e-05],
          [2.3246e-05],
          [2.5702e-05],
          [2.0186e-05],
          [2.2315e-05],
          [1.7099e-05],
          [1.6162e-05],
          [1.0896e-05],
          [1.2484e-05],
          [1.4749e-05],
          [1.9384e-05],
          [2.0942e-05],
          [3.0348e-05],
          [3.9734e-05],
          [6.0862e-05],
          [6.5218e-05],
          [6.8608e-05],
          [6.7943e-05],
          [8.9846e-05],
          [7.3603e-05],
          [6.5320e-05],
          [4.3287e-04],
          [5.7238e-04],
          [2.6469e-04],
          [1.1797e-03],
          [1.6817e-05],
          [1.7926e-05],
          [1.7723e-05],
          [2.0160e-05],
          [2.1744e-05],
          [2.8472e-05],
          [2.5314e-05],
          [2.5537e-05],
          [2.6926e-05],
          [2.6911e-05],
          [2.3256e-05],
          [4.7848e-04],
          [8.1611e-04],
          [3.0329e-05],
          [3.5491e-05],
          [3.7655e-05],
          [4.2524e-05],
          [3.7855e-05],
          [2.9667e-04],
          [4.4550e-05],
          [3.5197e-04],
          [1.7219e-05],
          [1.8211e-05],
          [2.2851e-04],
          [1.3935e-05],
          [2.2405e-04],
          [1.4727e-05],
          [1.6288e-05],
          [1.4308e-05],
          [6.5820e-04],
          [2.1308e-05],
          [2.7357e-03],
          [2.1740e-05],
          [2.8203e-05],
          [3.0114e-05],
          [3.0969e-05],
          [3.5445e-05],
          [2.7065e-05],
          [3.1085e-04],
          [2.9037e-04],
          [2.2399e-05],
          [1.9184e-05],
          [1.9791e-05],
          [1.5217e-05],
          [1.6751e-05],
          [2.0473e-05],
          [2.0023e-05],
          [4.8653e-04],
          [7.4319e-04],
          [1.6652e-05],
          [1.3930e-05],
          [1.4944e-05],
          [1.5245e-05],
          [4.2714e-04],
          [2.9797e-05],
          [2.0903e-05],
          [1.1877e-03],
          [1.5876e-05],
          [1.4345e-05],
          [1.3995e-05],
          [1.3824e-05],
          [1.7083e-05],
          [1.6803e-05],
          [1.5468e-05],
          [1.5941e-05],
          [1.8483e-05],
          [2.2165e-05],
          [2.0983e-05],
          [1.6140e-05],
          [1.2911e-05],
          [1.2025e-05],
          [1.1616e-05],
          [1.1730e-05],
          [1.2935e-05],
          [4.2492e-04],
          [3.9547e-04],
          [1.6072e-05],
          [1.8403e-05],
          [1.5012e-05],
          [1.7753e-05],
          [1.5804e-05],
          [2.1804e-05],
          [1.6274e-05],
          [2.1964e-05],
          [1.8168e-05],
          [1.3172e-05],
          [3.4946e-04],
          [2.1948e-04],
          [1.7867e-05],
          [2.7659e-04],
          [1.1393e-05],
          [2.5849e-04],
          [2.7647e-04],
          [2.6457e-05],
          [3.2518e-05],
          [3.5326e-05],
          [3.2608e-05],
          [4.4409e-05],
          [5.2842e-05],
          [7.0621e-05],
          [6.6082e-05],
          [9.9041e-05],
          [1.1942e-04],
          [1.3547e-04],
          [1.0566e-04],
          [1.0898e-04],
          [6.5944e-05],
          [3.4417e-04],
          [3.3141e-05],
          [3.3386e-05],
          [3.1724e-04],
          [2.4346e-04],
          [2.3945e-05],
          [3.6730e-04],
          [1.6650e-04],
          [3.5045e-05],
          [2.1759e-04],
          [1.4691e-05],
          [1.2174e-05],
          [1.1153e-05],
          [9.5178e-06],
          [9.3557e-06],
          [9.8697e-06],
          [3.0610e-05],
          [1.0959e-05],
          [1.4620e-05],
          [1.2647e-05],
          [3.1423e-04],
          [2.2605e-05],
          [1.0686e-04],
          [1.6749e-04],
          [1.2308e-05],
          [1.2198e-05],
          [1.1835e-05],
          [1.0892e-05],
          [1.0475e-05],
          [1.0088e-05],
          [6.6653e-04],
          [2.0326e-05],
          [1.1949e-03],
          [1.3449e-05],
          [1.2174e-05],
          [1.5578e-05],
          [1.5277e-05],
          [1.6211e-05],
          [1.6550e-05],
          [1.6429e-05],
          [2.3087e-05],
          [2.1374e-05],
          [3.0742e-05],
          [3.4885e-05],
          [4.3162e-05],
          [3.6518e-04],
          [6.6246e-04],
          [3.0026e-05],
          [2.2678e-05],
          [1.6297e-05],
          [1.2400e-05],
          [1.3502e-05],
          [1.6617e-05],
          [1.9412e-05],
          [1.6219e-05],
          [1.6933e-05],
          [1.5786e-05],
          [1.6852e-05],
          [1.3720e-05],
          [1.3157e-05],
          [1.3070e-05],
          [1.4975e-05],
          [1.4779e-05],
          [1.4591e-05],
          [1.5461e-05],
          [1.5224e-05],
          [1.5808e-05],
          [1.4498e-05],
          [1.8239e-05],
          [1.6988e-05],
          [2.2628e-05],
          [1.7481e-05],
          [2.5823e-05],
          [2.4838e-05],
          [2.4767e-05],
          [2.0574e-05],
          [2.5314e-05],
          [2.4527e-05],
          [2.4615e-05],
          [1.9125e-05],
          [1.6502e-05],
          [1.7932e-05],
          [1.8699e-05],
          [1.6328e-05],
          [1.4429e-05],
          [1.4935e-05],
          [1.6985e-05],
          [1.8213e-05],
          [1.8409e-05],
          [3.5446e-04],
          [2.7022e-05],
          [2.4681e-03],
          [2.3677e-05],
          [2.4192e-05],
          [2.1235e-05],
          [2.0744e-05],
          [1.9105e-05],
          [1.4260e-05],
          [1.2343e-05],
          [1.1857e-05],
          [1.0284e-05],
          [1.0975e-05],
          [1.4086e-05],
          [1.3346e-05],
          [1.7049e-05],
          [1.7809e-05],
          [4.1152e-04],
          [7.2584e-05],
          [9.8682e-04],
          [1.3578e-05],
          [1.1725e-05],
          [9.5584e-06],
          [1.1157e-05],
          [7.2053e-04],
          [7.1046e-04],
          [1.2734e-05],
          [1.3492e-05],
          [1.7254e-05],
          [2.3347e-05],
          [2.8916e-05],
          [3.4854e-05],
          [3.5437e-05],
          [2.8085e-05],
          [2.2870e-05],
          [1.9094e-05],
          [2.2874e-05],
          [1.5933e-05],
          [1.1627e-05],
          [1.2953e-05],
          [1.2548e-05],
          [1.1201e-05],
          [1.1800e-05],
          [2.0021e-05],
          [3.0493e-05],
          [3.8778e-05],
          [3.9148e-05],
          [2.7297e-05],
          [2.6153e-05],
          [2.6720e-05],
          [2.7908e-05],
          [2.2040e-05],
          [2.9067e-04],
          [3.2986e-04],
          [2.4060e-05],
          [2.1448e-05],
          [1.7029e-05],
          [1.6506e-05],
          [1.6317e-05],
          [1.8661e-05],
          [1.7461e-05],
          [1.4791e-04],
          [1.6762e-04],
          [4.0651e-04],
          [7.5988e-04],
          [1.9038e-05],
          [1.7574e-05],
          [2.0457e-05],
          [1.6066e-05],
          [1.4206e-05],
          [3.9648e-04],
          [1.5027e-04],
          [1.7756e-05],
          [9.2290e-05],
          [1.3778e-04],
          [2.0310e-05],
          [3.8257e-04],
          [2.7587e-05],
          [3.3421e-04],
          [2.1217e-05],
          [1.5168e-05],
          [1.2979e-05],
          [1.3165e-05],
          [1.3010e-05],
          [5.0550e-05],
          [6.7328e-06]]]])
