# Using CPU
# Loading Embeddings...
# Making Predictions...
torch.Size([1, 1, 442, 259])
tensor([[[[2.4843e-04],
          [5.9167e-05],
          [1.2936e-04],
          [3.2661e-05],
          [9.0364e-06],
          [3.5019e-04],
          [4.7926e-04],
          [1.2693e-05],
          [2.1630e-04],
          [4.9479e-04],
          [1.3925e-05],
          [1.2526e-05],
          [4.5545e-04],
          [3.6659e-04],
          [1.1279e-05],
          [9.9611e-06],
          [2.2169e-05],
          [1.1264e-05],
          [1.3107e-05],
          [2.4715e-05],
          [7.4486e-04],
          [3.1636e-05],
          [3.6601e-04],
          [1.9376e-05],
          [1.3651e-05],
          [1.6461e-05],
          [2.2845e-05],
          [4.2619e-05],
          [4.7511e-05],
          [5.9471e-05],
          [5.9761e-05],
          [6.3861e-05],
          [6.8531e-05],
          [6.4393e-05],
          [5.1080e-05],
          [4.0200e-05],
          [6.0555e-04],
          [3.2177e-05],
          [3.6790e-04],
          [7.2744e-05],
          [4.7673e-04],
          [1.7078e-05],
          [1.5499e-05],
          [1.6760e-05],
          [1.3110e-05],
          [1.3752e-05],
          [1.1963e-05],
          [1.3838e-05],
          [1.3524e-05],
          [2.9812e-04],
          [3.3933e-04],
          [1.0990e-05],
          [1.1598e-05],
          [4.7076e-04],
          [3.2117e-04],
          [1.2176e-05],
          [1.2244e-05],
          [1.4923e-05],
          [1.3775e-05],
          [1.6161e-05],
          [1.6321e-05],
          [1.3740e-05],
          [6.4103e-04],
          [3.2612e-04],
          [1.3254e-05],
          [1.4068e-05],
          [1.5216e-05],
          [1.3773e-05],
          [1.6226e-05],
          [1.4368e-05],
          [1.2110e-05],
          [3.6938e-04],
          [2.8530e-05],
          [5.7220e-05],
          [1.3115e-05],
          [2.0532e-05],
          [1.2565e-03],
          [1.5748e-05],
          [1.2982e-05],
          [1.2130e-05],
          [3.5877e-04],
          [2.5021e-04],
          [1.2493e-05],
          [1.1373e-05],
          [1.2820e-05],
          [1.3834e-05],
          [1.4189e-05],
          [1.4377e-05],
          [1.2935e-05],
          [1.1753e-05],
          [4.5613e-04],
          [5.7339e-05],
          [4.3832e-04],
          [1.2392e-05],
          [2.0638e-05],
          [2.3763e-05],
          [2.6443e-05],
          [3.1752e-05],
          [2.4207e-05],
          [2.6579e-05],
          [2.5563e-05],
          [1.9146e-05],
          [1.3856e-05],
          [1.4137e-05],
          [1.3891e-05],
          [1.5718e-05],
          [1.8396e-05],
          [1.7042e-05],
          [1.9312e-05],
          [1.8303e-05],
          [1.6897e-05],
          [1.0338e-04],
          [2.7872e-04],
          [1.5920e-05],
          [4.8090e-04],
          [1.3930e-05],
          [1.0523e-05],
          [1.0477e-05],
          [1.1332e-05],
          [1.3238e-05],
          [1.2665e-05],
          [1.2249e-05],
          [2.0474e-05],
          [1.0970e-05],
          [1.3360e-05],
          [1.1920e-05],
          [1.4445e-05],
          [1.4902e-05],
          [1.3933e-05],
          [1.5815e-05],
          [2.2531e-05],
          [9.0761e-04],
          [7.5883e-04],
          [2.8957e-05],
          [2.2265e-05],
          [2.3627e-05],
          [2.2393e-05],
          [2.4135e-05],
          [1.7202e-05],
          [1.5640e-05],
          [1.4515e-05],
          [1.2715e-05],
          [1.0930e-05],
          [1.2433e-05],
          [1.2012e-05],
          [1.3862e-05],
          [1.3456e-05],
          [1.7484e-05],
          [2.1378e-05],
          [3.0285e-05],
          [3.1383e-05],
          [4.0352e-05],
          [3.6936e-05],
          [4.1732e-05],
          [3.8897e-05],
          [3.3769e-05],
          [2.7651e-04],
          [2.7347e-04],
          [2.1520e-04],
          [6.0437e-04],
          [1.7604e-05],
          [1.5386e-05],
          [1.4959e-05],
          [1.7906e-05],
          [1.6920e-05],
          [2.0794e-05],
          [1.8128e-05],
          [1.8272e-05],
          [1.9490e-05],
          [1.9448e-05],
          [1.6475e-05],
          [3.5752e-04],
          [4.5074e-04],
          [1.8683e-05],
          [1.8893e-05],
          [2.1463e-05],
          [2.2367e-05],
          [2.0231e-05],
          [3.3915e-04],
          [3.6819e-05],
          [3.2984e-04],
          [1.4041e-05],
          [2.3345e-05],
          [4.2814e-04],
          [1.6855e-05],
          [3.8313e-04],
          [1.3851e-05],
          [1.5248e-05],
          [1.3775e-05],
          [4.9112e-04],
          [4.2312e-05],
          [7.6203e-04],
          [1.6137e-05],
          [1.8748e-05],
          [1.9214e-05],
          [1.8809e-05],
          [2.3221e-05],
          [1.7406e-05],
          [3.6107e-04],
          [3.1776e-04],
          [1.5215e-05],
          [1.3340e-05],
          [1.3572e-05],
          [1.1823e-05],
          [1.2373e-05],
          [1.2459e-05],
          [4.3912e-05],
          [5.2247e-04],
          [3.8075e-04],
          [1.2292e-05],
          [1.2569e-05],
          [1.2179e-05],
          [1.1715e-05],
          [7.3636e-04],
          [3.9404e-05],
          [1.9551e-05],
          [1.0065e-03],
          [1.3729e-05],
          [1.3999e-05],
          [1.1673e-05],
          [1.5120e-05],
          [1.5643e-05],
          [1.2731e-05],
          [1.1675e-05],
          [1.2055e-05],
          [1.6309e-05],
          [1.2503e-05],
          [1.2852e-05],
          [1.4145e-05],
          [1.0792e-05],
          [1.2395e-05],
          [1.1360e-05],
          [1.1272e-05],
          [1.2177e-05],
          [3.7161e-04],
          [2.1200e-04],
          [2.0017e-05],
          [1.5308e-05],
          [1.3411e-05],
          [1.5511e-05],
          [1.4985e-05],
          [1.8461e-05],
          [1.5843e-05],
          [1.9750e-05],
          [1.9048e-05],
          [1.3416e-05],
          [2.6402e-04],
          [1.8997e-04],
          [1.9411e-05],
          [3.3273e-04],
          [1.0357e-05],
          [4.0119e-04],
          [2.3382e-04],
          [1.8162e-05],
          [2.3441e-05],
          [2.7407e-05],
          [2.5632e-05],
          [3.2522e-05],
          [3.8279e-05],
          [4.5699e-05],
          [3.8711e-05],
          [4.6597e-05],
          [4.9975e-05],
          [6.2781e-05],
          [4.6573e-05],
          [4.5607e-05],
          [3.8869e-05],
          [4.1590e-04],
          [1.9646e-05],
          [2.0778e-05],
          [4.1216e-04],
          [1.2979e-04],
          [4.0656e-05],
          [2.8884e-04],
          [2.0666e-04],
          [3.0712e-05],
          [2.7881e-04],
          [1.4913e-05],
          [1.1198e-05],
          [1.0941e-05],
          [9.3452e-06],
          [9.6500e-06],
          [1.2937e-05],
          [3.7994e-05],
          [1.3285e-05],
          [1.6058e-05],
          [1.4143e-05],
          [5.1018e-04],
          [3.5152e-05],
          [1.4561e-04],
          [1.2171e-04],
          [1.2482e-05],
          [1.0256e-05],
          [3.2201e-05],
          [1.1174e-05],
          [9.7988e-06],
          [3.9219e-05],
          [7.6291e-04],
          [2.5743e-05],
          [7.5550e-04],
          [1.4133e-05],
          [1.0954e-05],
          [1.3673e-05],
          [1.3415e-05],
          [1.4098e-05],
          [1.4282e-05],
          [1.4956e-05],
          [1.9651e-05],
          [1.7409e-05],
          [2.3981e-05],
          [2.6991e-05],
          [3.3502e-05],
          [7.6121e-04],
          [4.0270e-04],
          [2.1824e-05],
          [1.8612e-05],
          [2.8762e-05],
          [1.1969e-05],
          [1.2136e-05],
          [1.7059e-05],
          [1.9611e-05],
          [1.6670e-05],
          [1.4548e-05],
          [1.2080e-05],
          [1.2146e-05],
          [1.0501e-05],
          [1.2029e-05],
          [1.2002e-05],
          [1.4156e-05],
          [1.2244e-05],
          [1.2931e-05],
          [1.2862e-05],
          [1.4871e-05],
          [1.4515e-05],
          [1.5102e-05],
          [1.8031e-05],
          [2.6815e-05],
          [2.0456e-05],
          [1.9670e-05],
          [2.6777e-05],
          [2.8919e-05],
          [2.7549e-05],
          [2.0487e-05],
          [2.4037e-05],
          [2.4446e-05],
          [2.2447e-05],
          [2.0828e-05],
          [1.9155e-05],
          [1.9214e-05],
          [1.9834e-05],
          [1.7022e-05],
          [8.6592e-05],
          [1.6981e-05],
          [1.8176e-05],
          [1.5048e-05],
          [1.5966e-05],
          [2.6482e-04],
          [3.4528e-05],
          [6.1978e-04],
          [2.0093e-05],
          [2.0490e-05],
          [1.8078e-05],
          [1.8557e-05],
          [1.7295e-05],
          [1.3525e-05],
          [1.3543e-05],
          [1.2301e-05],
          [1.2122e-05],
          [1.1896e-05],
          [1.0693e-05],
          [1.2288e-05],
          [1.5462e-05],
          [1.5366e-05],
          [2.7741e-04],
          [8.6369e-05],
          [6.8393e-04],
          [1.3884e-05],
          [1.2305e-05],
          [1.1506e-05],
          [3.0662e-05],
          [1.0235e-03],
          [4.7888e-04],
          [1.7585e-05],
          [1.7421e-05],
          [1.7162e-05],
          [2.2790e-05],
          [2.4574e-05],
          [2.9054e-05],
          [3.6206e-05],
          [3.1572e-05],
          [2.9050e-05],
          [1.9932e-05],
          [1.7082e-05],
          [1.2420e-05],
          [1.3677e-05],
          [1.0424e-05],
          [1.2191e-05],
          [1.0622e-05],
          [1.2222e-05],
          [1.9814e-05],
          [3.0999e-05],
          [4.7086e-05],
          [6.1278e-05],
          [2.9299e-05],
          [2.2756e-05],
          [2.3349e-05],
          [2.1035e-05],
          [1.4655e-05],
          [2.2742e-04],
          [3.0059e-04],
          [1.5570e-05],
          [1.5492e-05],
          [1.4992e-05],
          [1.5592e-05],
          [1.7485e-05],
          [2.8400e-05],
          [1.7423e-05],
          [1.1333e-04],
          [4.0539e-05],
          [3.6800e-04],
          [2.8573e-04],
          [2.0128e-05],
          [1.9054e-05],
          [1.7022e-05],
          [1.3369e-05],
          [1.1623e-05],
          [2.5568e-04],
          [1.5447e-04],
          [1.2527e-05],
          [7.1115e-05],
          [3.3294e-04],
          [1.4894e-05],
          [2.4936e-04],
          [1.6532e-05],
          [3.0721e-04],
          [1.3284e-05],
          [1.1290e-05],
          [9.4044e-06],
          [9.8900e-06],
          [1.0594e-05],
          [4.9875e-05],
          [7.0894e-06]]]])
