# Using CPU
# Loading Embeddings...
# Making Predictions...
torch.Size([1, 1, 442, 254])
tensor([[[[2.2281e-04],
          [2.6500e-05],
          [1.2633e-04],
          [2.7320e-05],
          [8.8015e-06],
          [2.5463e-04],
          [7.6049e-04],
          [1.8288e-05],
          [1.6172e-04],
          [8.7600e-04],
          [1.9102e-05],
          [1.7999e-05],
          [6.4770e-04],
          [3.0457e-04],
          [1.3692e-05],
          [1.3412e-05],
          [1.4259e-05],
          [1.0955e-05],
          [1.2642e-05],
          [1.4580e-05],
          [4.3699e-04],
          [2.1788e-05],
          [6.0374e-04],
          [1.6257e-05],
          [1.9346e-05],
          [2.8013e-05],
          [4.1311e-05],
          [7.4664e-05],
          [9.3852e-05],
          [1.1856e-04],
          [1.2923e-04],
          [1.6250e-04],
          [1.6082e-04],
          [1.6785e-04],
          [1.3094e-04],
          [9.8389e-05],
          [4.4987e-04],
          [6.3411e-05],
          [3.0690e-04],
          [6.5788e-05],
          [6.0360e-04],
          [3.0384e-05],
          [3.0175e-05],
          [3.2392e-05],
          [2.2136e-05],
          [2.0481e-05],
          [1.5187e-05],
          [1.7939e-05],
          [1.6496e-05],
          [3.7218e-04],
          [4.6623e-04],
          [1.2958e-05],
          [1.3215e-05],
          [2.8035e-04],
          [4.6028e-04],
          [1.5274e-05],
          [1.6772e-05],
          [1.6577e-05],
          [2.2157e-05],
          [2.6145e-05],
          [2.6162e-05],
          [2.4116e-05],
          [3.9098e-04],
          [2.9874e-04],
          [1.8175e-05],
          [1.8499e-05],
          [1.7434e-05],
          [1.5901e-05],
          [1.6752e-05],
          [1.5368e-05],
          [1.5476e-05],
          [4.8849e-04],
          [2.7164e-05],
          [3.0562e-05],
          [1.4935e-05],
          [2.5460e-05],
          [2.0802e-03],
          [1.4291e-05],
          [1.4514e-05],
          [1.1980e-05],
          [4.5723e-04],
          [2.4179e-04],
          [1.3883e-05],
          [1.7068e-05],
          [1.9510e-05],
          [2.2651e-05],
          [2.4488e-05],
          [2.5830e-05],
          [2.1737e-05],
          [1.7345e-05],
          [2.4422e-04],
          [6.8223e-05],
          [4.5095e-04],
          [1.1760e-05],
          [1.4073e-05],
          [1.6683e-05],
          [1.6714e-05],
          [2.0783e-05],
          [1.8241e-05],
          [1.9098e-05],
          [1.9898e-05],
          [1.5712e-05],
          [1.2708e-05],
          [1.2622e-05],
          [1.2658e-05],
          [1.8500e-05],
          [2.1492e-05],
          [2.7898e-05],
          [2.8730e-05],
          [3.0012e-05],
          [2.3361e-05],
          [9.6050e-05],
          [2.6611e-04],
          [1.6837e-05],
          [3.7903e-04],
          [1.6775e-05],
          [1.5302e-05],
          [1.2767e-05],
          [1.5833e-05],
          [1.8367e-05],
          [1.8173e-05],
          [1.6233e-05],
          [2.4086e-05],
          [1.2160e-05],
          [1.3293e-05],
          [1.2693e-05],
          [1.4225e-05],
          [1.4900e-05],
          [1.8340e-05],
          [2.0056e-05],
          [7.8522e-05],
          [4.8564e-03],
          [1.9595e-03],
          [2.3942e-04],
          [7.9093e-05],
          [6.1153e-05],
          [3.2656e-05],
          [2.6902e-05],
          [2.0767e-05],
          [2.2203e-05],
          [1.6569e-05],
          [1.6062e-05],
          [1.0465e-05],
          [1.1905e-05],
          [1.3998e-05],
          [1.8783e-05],
          [2.1265e-05],
          [3.1513e-05],
          [4.1750e-05],
          [6.5563e-05],
          [7.1254e-05],
          [8.8815e-05],
          [8.4665e-05],
          [1.0967e-04],
          [9.3722e-05],
          [7.9407e-05],
          [1.8616e-04],
          [3.9424e-04],
          [1.2446e-04],
          [9.3804e-04],
          [1.7021e-05],
          [2.1471e-05],
          [4.3532e-05],
          [4.9804e-05],
          [2.1234e-05],
          [2.8329e-05],
          [2.5111e-05],
          [2.4590e-05],
          [2.5663e-05],
          [2.5524e-05],
          [2.2043e-05],
          [4.0047e-04],
          [5.3012e-04],
          [2.9608e-05],
          [3.5462e-05],
          [3.9303e-05],
          [4.3996e-05],
          [3.8589e-05],
          [4.1891e-04],
          [4.8001e-05],
          [3.7248e-04],
          [1.6193e-05],
          [2.1670e-05],
          [4.4990e-04],
          [1.7720e-05],
          [4.3552e-04],
          [1.1820e-05],
          [1.0197e-05],
          [1.0729e-05],
          [3.3605e-04],
          [2.4019e-05],
          [1.3665e-03],
          [2.1203e-05],
          [2.7229e-05],
          [2.8880e-05],
          [2.9550e-05],
          [3.6429e-05],
          [2.7376e-05],
          [3.8681e-04],
          [3.2135e-04],
          [2.1598e-05],
          [1.8207e-05],
          [1.8123e-05],
          [1.3368e-05],
          [1.3506e-05],
          [1.2742e-05],
          [1.0396e-05],
          [2.9763e-04],
          [5.4455e-04],
          [1.2848e-05],
          [1.3154e-05],
          [1.4229e-05],
          [1.4629e-05],
          [4.4424e-04],
          [3.2169e-05],
          [1.7636e-05],
          [1.6906e-03],
          [1.4584e-05],
          [1.5854e-05],
          [1.3220e-05],
          [1.3547e-05],
          [1.5950e-05],
          [1.2275e-05],
          [1.1234e-05],
          [1.1218e-05],
          [1.7882e-05],
          [1.2750e-05],
          [1.2284e-05],
          [1.2615e-05],
          [9.9759e-06],
          [1.1342e-05],
          [1.1171e-05],
          [1.0999e-05],
          [1.1798e-05],
          [2.4474e-04],
          [2.9599e-04],
          [2.2557e-05],
          [1.7322e-05],
          [1.3746e-05],
          [1.5885e-05],
          [1.5147e-05],
          [1.9766e-05],
          [1.7279e-05],
          [2.1368e-05],
          [1.8910e-05],
          [1.2968e-05],
          [1.9866e-04],
          [2.2694e-04],
          [1.7667e-05],
          [2.4741e-04],
          [1.1427e-05],
          [2.5264e-04],
          [2.6838e-04],
          [2.6004e-05],
          [3.1429e-05],
          [3.5983e-05],
          [3.1444e-05],
          [4.4172e-05],
          [5.3854e-05],
          [6.9823e-05],
          [6.4832e-05],
          [1.0044e-04],
          [1.1843e-04],
          [1.6940e-04],
          [1.2608e-04],
          [1.3185e-04],
          [8.4010e-05],
          [2.3036e-04],
          [3.7412e-05],
          [3.5737e-05],
          [3.9389e-04],
          [1.2353e-04],
          [3.1721e-05],
          [3.1983e-04],
          [1.6720e-04],
          [4.9336e-05],
          [2.7225e-04],
          [1.3598e-05],
          [1.2398e-05],
          [1.0080e-05],
          [9.0912e-06],
          [8.9548e-06],
          [9.1600e-06],
          [2.6754e-05],
          [1.1876e-05],
          [1.6676e-05],
          [1.2043e-05],
          [5.5744e-04],
          [3.3901e-05],
          [1.1649e-04],
          [1.7634e-04],
          [1.2298e-05],
          [1.1590e-05],
          [1.1740e-05],
          [1.1412e-05],
          [1.1371e-05],
          [1.0451e-05],
          [5.1778e-04],
          [2.1792e-05],
          [1.2360e-03],
          [1.2702e-05],
          [1.0957e-05],
          [1.3563e-05],
          [1.4068e-05],
          [1.4034e-05],
          [1.4223e-05],
          [1.4920e-05],
          [1.9578e-05],
          [1.7740e-05],
          [2.7327e-05],
          [3.5502e-05],
          [4.4049e-05],
          [2.9688e-04],
          [4.4026e-04],
          [2.6229e-05],
          [2.1196e-05],
          [1.4614e-05],
          [1.1225e-05],
          [1.1448e-05],
          [1.4987e-05],
          [1.6603e-05],
          [1.4110e-05],
          [1.2949e-05],
          [1.1684e-05],
          [1.1887e-05],
          [9.2582e-06],
          [9.5548e-06],
          [1.1318e-05],
          [1.3565e-05],
          [1.1355e-05],
          [1.1948e-05],
          [1.2719e-05],
          [1.5486e-05],
          [1.3780e-05],
          [1.4602e-05],
          [1.6306e-05],
          [1.7062e-05],
          [1.9209e-05],
          [1.7910e-05],
          [2.6030e-05],
          [2.5075e-05],
          [2.6793e-05],
          [1.8969e-05],
          [2.4010e-05],
          [2.3765e-05],
          [2.4826e-05],
          [1.6406e-05],
          [1.6352e-05],
          [1.8699e-05],
          [1.7545e-05],
          [1.6857e-05],
          [1.6020e-05],
          [1.6239e-05],
          [1.6102e-05],
          [1.8305e-05],
          [1.6742e-05],
          [1.9078e-04],
          [2.8558e-05],
          [1.0610e-03],
          [2.0079e-05],
          [2.1780e-05],
          [1.7878e-05],
          [1.8191e-05],
          [1.9059e-05],
          [1.5280e-05],
          [1.3511e-05],
          [1.2022e-05],
          [1.1023e-05],
          [1.1284e-05],
          [1.1916e-05],
          [1.2636e-05],
          [1.6572e-05],
          [1.6089e-05],
          [2.0693e-04],
          [1.4275e-04],
          [1.0580e-03],
          [1.2054e-05],
          [1.0723e-05],
          [9.3033e-06],
          [9.5980e-06],
          [5.9636e-04],
          [6.4212e-04],
          [1.3719e-05],
          [1.5252e-05],
          [1.6150e-05],
          [2.3739e-05],
          [2.9832e-05],
          [3.4698e-05],
          [3.6041e-05],
          [2.9363e-05],
          [2.3503e-05],
          [1.9240e-05],
          [1.5647e-05],
          [1.1302e-05],
          [1.1324e-05],
          [1.0115e-05],
          [1.2110e-05],
          [1.1513e-05],
          [1.2497e-05],
          [2.5742e-05],
          [3.4256e-05],
          [4.7219e-05],
          [4.7943e-05],
          [2.9451e-05],
          [2.3771e-05],
          [2.7729e-05],
          [2.8467e-05],
          [2.1894e-05],
          [3.2317e-04],
          [3.4582e-04],
          [2.6642e-05],
          [2.5343e-05],
          [2.1613e-05],
          [1.9193e-05],
          [1.7808e-05],
          [1.9629e-05],
          [1.8410e-05],
          [1.0676e-04],
          [6.0486e-05],
          [2.4479e-04],
          [4.8227e-04],
          [1.7451e-05],
          [1.6554e-05],
          [1.7276e-05],
          [1.5120e-05],
          [1.3684e-05],
          [2.3344e-04],
          [2.8497e-04],
          [1.3557e-05],
          [6.0198e-05],
          [3.5651e-04],
          [1.6224e-05],
          [3.6009e-04],
          [2.1290e-05],
          [2.7387e-04],
          [2.1380e-05],
          [1.7501e-05],
          [1.4315e-05],
          [1.5252e-05],
          [1.4829e-05],
          [2.8131e-05],
          [6.9232e-06]]]])
