# Using CPU
# Loading Embeddings...
# Making Predictions...
torch.Size([1, 1, 442, 243])
tensor([[[[2.8232e-04],
          [4.7598e-05],
          [6.9941e-05],
          [2.4824e-05],
          [1.2939e-05],
          [2.6013e-04],
          [1.5723e-04],
          [1.4899e-05],
          [2.1176e-04],
          [1.2159e-04],
          [1.6122e-05],
          [1.2918e-05],
          [2.2653e-04],
          [2.0732e-04],
          [1.3817e-05],
          [1.2324e-05],
          [1.6220e-05],
          [1.8070e-05],
          [2.2092e-05],
          [3.0557e-05],
          [2.2145e-04],
          [1.7205e-05],
          [9.6752e-05],
          [1.2755e-05],
          [1.7070e-05],
          [2.4704e-05],
          [3.3547e-05],
          [5.5139e-05],
          [7.0340e-05],
          [9.2812e-05],
          [9.1053e-05],
          [1.0696e-04],
          [9.7419e-05],
          [1.0502e-04],
          [8.2410e-05],
          [6.0206e-05],
          [7.0782e-04],
          [3.6460e-05],
          [1.6756e-04],
          [8.8927e-05],
          [1.4432e-04],
          [1.6455e-05],
          [1.5589e-05],
          [1.6055e-05],
          [1.2741e-05],
          [1.3785e-05],
          [1.2443e-05],
          [1.2538e-05],
          [1.1643e-05],
          [2.1315e-04],
          [1.3732e-04],
          [1.1868e-05],
          [1.1124e-05],
          [3.0146e-04],
          [1.0967e-04],
          [1.2682e-05],
          [1.2817e-05],
          [1.2336e-05],
          [1.3908e-05],
          [1.6237e-05],
          [1.7498e-05],
          [1.7154e-05],
          [2.9212e-04],
          [2.7411e-04],
          [1.4897e-05],
          [1.5524e-05],
          [1.3196e-05],
          [1.3353e-05],
          [1.3282e-05],
          [1.3280e-05],
          [1.1546e-05],
          [1.7022e-04],
          [2.0689e-05],
          [1.4318e-05],
          [1.2641e-05],
          [1.2563e-05],
          [2.1447e-04],
          [1.2810e-05],
          [1.1869e-05],
          [1.1694e-05],
          [2.5417e-04],
          [1.1519e-04],
          [1.1781e-05],
          [1.1809e-05],
          [1.2291e-05],
          [1.2553e-05],
          [1.7359e-05],
          [2.0332e-05],
          [2.0255e-05],
          [1.9286e-05],
          [1.6481e-04],
          [4.4612e-05],
          [1.6060e-04],
          [1.3412e-05],
          [1.0749e-05],
          [1.1529e-05],
          [1.2679e-05],
          [2.2325e-05],
          [2.3005e-05],
          [2.6616e-05],
          [3.3691e-05],
          [2.4304e-05],
          [1.7259e-05],
          [1.4286e-05],
          [1.4627e-05],
          [1.8877e-05],
          [2.1217e-05],
          [2.6699e-05],
          [2.3233e-05],
          [2.4737e-05],
          [2.0002e-05],
          [1.0376e-04],
          [9.6370e-05],
          [1.9674e-05],
          [2.0735e-04],
          [1.6805e-05],
          [1.5389e-05],
          [1.1759e-05],
          [1.4254e-05],
          [1.5063e-05],
          [1.5400e-05],
          [1.4182e-05],
          [1.7805e-05],
          [1.1762e-05],
          [1.2725e-05],
          [1.1710e-05],
          [1.3583e-05],
          [1.4190e-05],
          [1.7132e-05],
          [1.9206e-05],
          [1.8753e-05],
          [2.3334e-04],
          [2.2141e-04],
          [1.9844e-05],
          [2.4182e-05],
          [2.2496e-05],
          [2.0956e-05],
          [2.1098e-05],
          [1.6914e-05],
          [1.7752e-05],
          [1.7540e-05],
          [1.4162e-05],
          [1.0634e-05],
          [1.1530e-05],
          [1.3534e-05],
          [1.9677e-05],
          [2.2024e-05],
          [3.2344e-05],
          [4.4670e-05],
          [6.8288e-05],
          [6.9137e-05],
          [8.1565e-05],
          [6.9069e-05],
          [8.5270e-05],
          [6.3374e-05],
          [5.4573e-05],
          [2.2077e-04],
          [7.0624e-05],
          [1.1634e-04],
          [1.3013e-04],
          [1.6874e-05],
          [1.7950e-05],
          [1.7572e-05],
          [1.8469e-05],
          [1.8337e-05],
          [2.1779e-05],
          [2.0297e-05],
          [1.9158e-05],
          [1.8862e-05],
          [1.9971e-05],
          [1.8339e-05],
          [2.6656e-04],
          [1.6498e-04],
          [2.6591e-05],
          [3.8883e-05],
          [3.8477e-05],
          [3.8996e-05],
          [3.4159e-05],
          [2.5321e-04],
          [3.7149e-05],
          [3.1399e-04],
          [1.3626e-05],
          [1.3548e-05],
          [2.2243e-04],
          [1.8686e-05],
          [2.1417e-04],
          [2.1190e-05],
          [2.2917e-05],
          [2.1621e-05],
          [3.0611e-04],
          [2.0737e-05],
          [1.0680e-04],
          [1.8176e-05],
          [2.2995e-05],
          [2.4044e-05],
          [2.4865e-05],
          [2.8684e-05],
          [2.2697e-05],
          [2.8513e-04],
          [1.5755e-04],
          [1.7444e-05],
          [1.5192e-05],
          [1.4694e-05],
          [1.1826e-05],
          [1.4085e-05],
          [1.5886e-05],
          [1.4023e-05],
          [2.3785e-04],
          [1.1134e-04],
          [1.4286e-05],
          [1.2716e-05],
          [1.3322e-05],
          [1.1427e-05],
          [2.8110e-04],
          [2.1611e-05],
          [1.4632e-05],
          [2.6704e-04],
          [1.4455e-05],
          [1.9447e-05],
          [1.6011e-05],
          [1.8354e-05],
          [1.5458e-05],
          [1.3960e-05],
          [1.2750e-05],
          [1.1772e-05],
          [2.0733e-05],
          [1.3074e-05],
          [1.2394e-05],
          [1.3941e-05],
          [1.2450e-05],
          [1.2785e-05],
          [1.2446e-05],
          [1.1101e-05],
          [1.1441e-05],
          [3.9411e-04],
          [1.1642e-04],
          [1.4363e-05],
          [1.5776e-05],
          [1.5785e-05],
          [1.9384e-05],
          [2.7400e-05],
          [2.6042e-05],
          [1.9439e-05],
          [3.1580e-05],
          [2.8106e-05],
          [1.5667e-05],
          [1.9485e-04],
          [2.0858e-04],
          [2.0342e-05],
          [1.6265e-04],
          [1.3111e-05],
          [2.3401e-04],
          [1.0711e-04],
          [1.5122e-05],
          [1.7525e-05],
          [1.9608e-05],
          [1.8738e-05],
          [2.6067e-05],
          [3.2672e-05],
          [4.8631e-05],
          [4.9307e-05],
          [9.4207e-05],
          [1.2413e-04],
          [2.0689e-04],
          [1.7536e-04],
          [1.9275e-04],
          [1.1603e-04],
          [5.3348e-04],
          [4.0867e-05],
          [3.5201e-05],
          [2.9805e-04],
          [1.8622e-04],
          [1.8463e-05],
          [1.4423e-04],
          [1.2800e-04],
          [2.8088e-05],
          [2.4171e-04],
          [1.2085e-05],
          [1.0157e-05],
          [1.0141e-05],
          [9.2481e-06],
          [1.0233e-05],
          [1.0819e-05],
          [3.8287e-05],
          [1.4457e-05],
          [2.0599e-05],
          [1.7161e-05],
          [6.0565e-04],
          [2.7693e-05],
          [8.6478e-05],
          [3.4714e-05],
          [1.1003e-05],
          [1.2302e-05],
          [1.5295e-05],
          [1.7683e-05],
          [1.8330e-05],
          [1.8943e-05],
          [2.1423e-04],
          [2.2103e-05],
          [1.4642e-04],
          [1.8636e-05],
          [1.4907e-05],
          [1.4424e-05],
          [1.5034e-05],
          [1.3785e-05],
          [1.2634e-05],
          [1.1220e-05],
          [1.2136e-05],
          [1.9183e-05],
          [1.7426e-05],
          [2.0798e-05],
          [2.4643e-05],
          [2.9484e-04],
          [1.4019e-04],
          [1.9340e-05],
          [1.6253e-05],
          [1.8340e-05],
          [1.1006e-05],
          [1.4065e-05],
          [2.0655e-05],
          [2.6335e-05],
          [2.7114e-05],
          [2.7034e-05],
          [2.4276e-05],
          [2.1015e-05],
          [1.5778e-05],
          [1.4189e-05],
          [2.9791e-05],
          [2.5259e-05],
          [2.6159e-05],
          [1.7068e-05],
          [1.8199e-05],
          [1.2467e-05],
          [1.1647e-05],
          [1.3136e-05],
          [1.4786e-05],
          [1.8917e-05],
          [1.9344e-05],
          [1.9492e-05],
          [2.8225e-05],
          [2.8232e-05],
          [3.3005e-05],
          [1.6763e-05],
          [1.8225e-05],
          [1.8673e-05],
          [2.5316e-05],
          [3.2073e-05],
          [3.8790e-05],
          [3.2467e-05],
          [2.7099e-05],
          [2.5581e-05],
          [3.1753e-05],
          [2.0163e-05],
          [1.4884e-05],
          [1.3305e-05],
          [1.5318e-05],
          [2.9790e-04],
          [2.9082e-05],
          [8.9328e-05],
          [1.4182e-05],
          [1.5121e-05],
          [1.3653e-05],
          [1.4791e-05],
          [1.9137e-05],
          [1.6375e-05],
          [1.6995e-05],
          [1.5165e-05],
          [1.4794e-05],
          [1.3541e-05],
          [1.2866e-05],
          [1.2049e-05],
          [1.3025e-05],
          [1.2278e-05],
          [3.3864e-04],
          [4.5389e-05],
          [2.3143e-04],
          [1.1930e-05],
          [9.5909e-06],
          [9.4387e-06],
          [1.0589e-05],
          [2.0770e-04],
          [1.0145e-04],
          [1.1748e-05],
          [1.0806e-05],
          [1.0554e-05],
          [1.3074e-05],
          [1.4776e-05],
          [1.7933e-05],
          [2.1299e-05],
          [2.6319e-05],
          [2.7979e-05],
          [2.6034e-05],
          [2.5992e-05],
          [2.1470e-05],
          [1.7052e-05],
          [1.4221e-05],
          [1.2884e-05],
          [1.3923e-05],
          [1.2679e-05],
          [4.1810e-05],
          [2.8639e-05],
          [4.4131e-05],
          [4.7379e-05],
          [3.2609e-05],
          [3.3591e-05],
          [3.0533e-05],
          [2.3268e-05],
          [1.6136e-05],
          [1.7089e-04],
          [1.1774e-04],
          [1.7820e-05],
          [1.5185e-05],
          [1.4059e-05],
          [1.5215e-05],
          [1.9914e-05],
          [1.5404e-05],
          [1.9263e-05],
          [1.1661e-04],
          [3.5882e-05],
          [1.7727e-04],
          [8.0099e-05],
          [2.1265e-05],
          [2.1027e-05],
          [2.0577e-05],
          [1.9359e-05],
          [1.3519e-05],
          [2.2695e-04],
          [9.4997e-05],
          [1.7988e-05],
          [5.5606e-05],
          [9.3761e-05],
          [1.8365e-05],
          [2.5796e-04],
          [2.0896e-05],
          [1.7840e-04],
          [1.4787e-05],
          [1.1702e-05],
          [1.1010e-05],
          [1.9428e-05],
          [1.1829e-05],
          [2.2239e-05],
          [4.3424e-06]]]])
