# Using CPU
# Loading Embeddings...
# Making Predictions...
torch.Size([1, 1, 442, 329])
tensor([[[[1.7346e-04],
          [5.9616e-05],
          [1.0926e-04],
          [4.7034e-05],
          [1.5883e-05],
          [2.2703e-04],
          [7.6551e-04],
          [2.3180e-05],
          [1.6745e-04],
          [1.0139e-03],
          [1.9030e-05],
          [2.0189e-05],
          [3.4245e-04],
          [2.2394e-04],
          [6.0268e-05],
          [2.6236e-05],
          [2.8081e-05],
          [3.9038e-05],
          [3.3156e-05],
          [3.7095e-05],
          [4.4121e-04],
          [2.7454e-05],
          [5.0280e-04],
          [2.2597e-05],
          [1.9199e-05],
          [2.6299e-05],
          [3.8687e-05],
          [6.9342e-05],
          [9.1684e-05],
          [1.2370e-04],
          [1.1771e-04],
          [1.2578e-04],
          [1.1574e-04],
          [1.1470e-04],
          [8.6055e-05],
          [6.6696e-05],
          [2.7212e-04],
          [4.4266e-05],
          [2.0972e-04],
          [6.1939e-05],
          [4.3507e-04],
          [2.4501e-05],
          [2.4750e-05],
          [2.6978e-05],
          [1.8270e-05],
          [3.3372e-05],
          [1.6745e-05],
          [2.0751e-05],
          [2.8263e-05],
          [2.3700e-04],
          [3.3364e-04],
          [2.6441e-05],
          [2.7399e-05],
          [2.9902e-04],
          [4.3573e-04],
          [2.0683e-05],
          [1.6394e-05],
          [1.5512e-05],
          [2.6889e-05],
          [2.1058e-05],
          [2.2355e-05],
          [2.0688e-05],
          [2.1814e-04],
          [2.0403e-04],
          [3.4722e-05],
          [4.2709e-05],
          [3.9716e-05],
          [4.3768e-05],
          [4.3469e-05],
          [4.0185e-05],
          [2.0573e-05],
          [2.3242e-04],
          [1.9166e-05],
          [3.3834e-05],
          [1.9940e-05],
          [2.3023e-05],
          [1.9263e-03],
          [2.6943e-05],
          [2.1384e-05],
          [1.5841e-05],
          [2.7262e-04],
          [1.3695e-04],
          [1.7389e-05],
          [2.0079e-05],
          [1.7583e-05],
          [2.1186e-05],
          [2.2339e-05],
          [2.5878e-05],
          [2.1612e-05],
          [1.8374e-05],
          [2.6463e-04],
          [4.2106e-05],
          [2.1964e-04],
          [3.5172e-05],
          [2.8866e-05],
          [4.7054e-05],
          [4.9145e-05],
          [4.8774e-05],
          [4.8530e-05],
          [5.6312e-05],
          [4.5703e-05],
          [4.0946e-05],
          [3.9490e-05],
          [2.7666e-05],
          [3.0890e-05],
          [2.6752e-05],
          [1.9334e-05],
          [2.3082e-05],
          [2.6276e-05],
          [2.9197e-05],
          [1.9228e-05],
          [8.7728e-05],
          [1.3647e-04],
          [1.9105e-05],
          [1.6155e-04],
          [1.4127e-05],
          [1.4603e-05],
          [1.7674e-05],
          [1.6097e-05],
          [1.6324e-05],
          [1.7033e-05],
          [2.1786e-05],
          [1.4047e-05],
          [2.1440e-05],
          [2.7835e-05],
          [1.9299e-05],
          [2.4414e-05],
          [2.8219e-05],
          [3.3441e-05],
          [4.4593e-05],
          [9.1190e-05],
          [3.5675e-04],
          [3.3138e-04],
          [1.6034e-04],
          [5.0126e-05],
          [2.8287e-05],
          [2.2367e-05],
          [3.4289e-05],
          [2.5932e-05],
          [1.9540e-05],
          [1.8046e-05],
          [2.1480e-05],
          [1.7477e-05],
          [2.0047e-05],
          [1.5688e-05],
          [1.6222e-05],
          [1.9112e-05],
          [2.4890e-05],
          [3.5706e-05],
          [5.1433e-05],
          [5.8539e-05],
          [6.9292e-05],
          [6.8337e-05],
          [8.5695e-05],
          [7.7036e-05],
          [5.9783e-05],
          [2.2110e-04],
          [4.5056e-04],
          [1.7479e-04],
          [1.0359e-03],
          [3.5491e-05],
          [3.1848e-05],
          [4.2880e-05],
          [3.8864e-05],
          [3.8382e-05],
          [2.8720e-05],
          [3.4324e-05],
          [2.2618e-05],
          [2.6925e-05],
          [2.2930e-05],
          [2.0352e-05],
          [3.2552e-04],
          [4.4685e-04],
          [2.5303e-05],
          [2.9503e-05],
          [3.0016e-05],
          [3.0855e-05],
          [2.8287e-05],
          [1.6163e-04],
          [3.1715e-05],
          [2.6036e-04],
          [1.6588e-05],
          [2.1750e-05],
          [2.8105e-04],
          [1.9587e-05],
          [2.3016e-04],
          [2.6848e-05],
          [2.3066e-05],
          [1.9890e-05],
          [4.1409e-04],
          [2.8179e-05],
          [1.7155e-03],
          [1.7839e-05],
          [2.3745e-05],
          [2.1874e-05],
          [2.4506e-05],
          [2.4326e-05],
          [2.1457e-05],
          [1.8158e-04],
          [2.1163e-04],
          [2.1308e-05],
          [2.0234e-05],
          [2.2448e-05],
          [1.8520e-05],
          [2.1191e-05],
          [2.3383e-05],
          [2.0224e-05],
          [4.0646e-04],
          [4.6170e-04],
          [2.0839e-05],
          [1.5697e-05],
          [1.5499e-05],
          [1.5833e-05],
          [2.9328e-04],
          [2.4010e-05],
          [2.2602e-05],
          [1.1660e-03],
          [2.2236e-05],
          [2.3205e-05],
          [2.0562e-05],
          [2.7869e-05],
          [3.3194e-05],
          [3.8885e-05],
          [3.4961e-05],
          [4.0126e-05],
          [7.1791e-05],
          [5.6155e-05],
          [4.5480e-05],
          [7.7644e-05],
          [4.0161e-05],
          [3.2130e-05],
          [2.8654e-05],
          [1.8971e-05],
          [1.4166e-05],
          [3.4569e-04],
          [2.2726e-04],
          [2.0799e-05],
          [1.9005e-05],
          [2.3862e-05],
          [4.5747e-05],
          [3.7729e-05],
          [4.0572e-05],
          [3.1587e-05],
          [5.5411e-05],
          [5.5123e-05],
          [2.2453e-05],
          [1.9973e-04],
          [1.9728e-04],
          [3.4824e-05],
          [2.0696e-04],
          [1.5989e-05],
          [1.8673e-04],
          [2.1846e-04],
          [1.9856e-05],
          [2.2168e-05],
          [2.5172e-05],
          [2.2465e-05],
          [2.8312e-05],
          [2.7703e-05],
          [3.1445e-05],
          [3.1799e-05],
          [3.1866e-05],
          [3.9570e-05],
          [5.8681e-05],
          [5.1150e-05],
          [4.8035e-05],
          [3.6338e-05],
          [1.2569e-04],
          [1.9299e-05],
          [2.0193e-05],
          [2.4226e-04],
          [1.2562e-04],
          [3.5259e-05],
          [2.4320e-04],
          [1.0477e-04],
          [3.8524e-05],
          [1.9408e-04],
          [1.2435e-05],
          [1.2738e-05],
          [1.3866e-05],
          [1.5228e-05],
          [2.2655e-05],
          [2.3355e-05],
          [2.6636e-05],
          [2.8171e-05],
          [3.0573e-05],
          [2.0665e-05],
          [6.5527e-04],
          [3.6011e-05],
          [9.1316e-05],
          [1.5433e-04],
          [1.5491e-05],
          [1.9642e-05],
          [1.4331e-05],
          [1.4931e-05],
          [2.2389e-05],
          [1.7477e-05],
          [3.1359e-04],
          [2.6242e-05],
          [1.0986e-03],
          [1.8808e-05],
          [1.9026e-05],
          [1.9209e-05],
          [1.5716e-05],
          [1.7226e-05],
          [2.0351e-05],
          [2.1089e-05],
          [2.2421e-05],
          [3.6433e-05],
          [2.4275e-05],
          [2.3097e-05],
          [2.2328e-05],
          [2.9252e-04],
          [4.3495e-04],
          [2.4573e-05],
          [2.5305e-05],
          [2.9303e-05],
          [2.4909e-05],
          [3.3325e-05],
          [4.2211e-05],
          [4.2435e-05],
          [3.2131e-05],
          [2.4730e-05],
          [2.2189e-05],
          [2.3994e-05],
          [1.8746e-05],
          [1.5803e-05],
          [1.4808e-05],
          [1.5282e-05],
          [1.3388e-05],
          [1.7882e-05],
          [2.2926e-05],
          [2.5408e-05],
          [3.0746e-05],
          [3.3445e-05],
          [4.6785e-05],
          [4.3552e-05],
          [4.9055e-05],
          [3.5858e-05],
          [4.8500e-05],
          [5.0271e-05],
          [4.8591e-05],
          [4.6975e-05],
          [4.2315e-05],
          [4.4215e-05],
          [6.4439e-05],
          [3.5445e-05],
          [3.0294e-05],
          [5.9806e-05],
          [2.9973e-05],
          [3.5178e-05],
          [2.4446e-05],
          [3.3694e-05],
          [2.3631e-05],
          [2.3948e-05],
          [2.2794e-05],
          [2.7219e-04],
          [3.2328e-05],
          [1.9178e-03],
          [1.7673e-05],
          [2.3340e-05],
          [2.5489e-05],
          [1.9294e-05],
          [1.9962e-05],
          [2.6861e-05],
          [2.7273e-05],
          [2.1139e-05],
          [1.5202e-05],
          [1.9017e-05],
          [1.7070e-05],
          [1.3045e-05],
          [1.6621e-05],
          [1.3990e-05],
          [2.9624e-04],
          [7.1618e-05],
          [9.5809e-04],
          [1.7312e-05],
          [1.6379e-05],
          [1.7434e-05],
          [2.1140e-05],
          [3.8187e-04],
          [5.9617e-04],
          [3.4622e-05],
          [5.0967e-05],
          [4.1032e-05],
          [7.2425e-05],
          [9.9529e-05],
          [1.2061e-04],
          [1.3186e-04],
          [1.0013e-04],
          [7.0788e-05],
          [3.9426e-05],
          [4.0602e-05],
          [2.0240e-05],
          [2.6817e-05],
          [2.1261e-05],
          [3.0594e-05],
          [1.7766e-05],
          [2.1073e-05],
          [1.5355e-04],
          [5.6739e-05],
          [5.0149e-05],
          [2.7053e-04],
          [3.7539e-05],
          [4.2716e-05],
          [2.6118e-05],
          [2.5354e-05],
          [2.1253e-05],
          [1.6577e-04],
          [2.8464e-04],
          [2.4802e-05],
          [2.1388e-05],
          [3.0951e-05],
          [2.5774e-05],
          [2.9012e-05],
          [3.0947e-05],
          [3.8784e-05],
          [1.3789e-04],
          [9.3292e-05],
          [2.0452e-04],
          [5.4508e-04],
          [4.0596e-05],
          [1.5214e-05],
          [1.5817e-05],
          [1.9911e-05],
          [1.4185e-05],
          [2.1894e-04],
          [1.2726e-04],
          [1.2293e-05],
          [4.2483e-05],
          [1.2317e-04],
          [1.8229e-05],
          [3.1866e-04],
          [2.3454e-05],
          [2.2081e-04],
          [1.8144e-05],
          [1.4458e-05],
          [1.2967e-05],
          [1.7862e-05],
          [1.3995e-05],
          [6.5300e-05],
          [6.3173e-06]]]])
