# Using CPU
# Loading Embeddings...
# Making Predictions...
torch.Size([1, 1, 442, 253])
tensor([[[[1.5049e-04],
          [3.4805e-05],
          [9.1798e-05],
          [1.9496e-05],
          [9.3380e-06],
          [3.1220e-04],
          [3.9938e-04],
          [1.5942e-05],
          [2.8593e-04],
          [5.3022e-04],
          [2.0999e-05],
          [2.0750e-05],
          [5.6690e-04],
          [1.9756e-04],
          [1.3352e-05],
          [1.2596e-05],
          [1.2834e-05],
          [1.2840e-05],
          [1.5648e-05],
          [1.7953e-05],
          [7.3923e-04],
          [2.5917e-05],
          [1.7810e-04],
          [1.6637e-05],
          [2.3719e-05],
          [3.2749e-05],
          [4.7482e-05],
          [8.4001e-05],
          [9.1277e-05],
          [1.3119e-04],
          [1.0914e-04],
          [1.3867e-04],
          [1.2372e-04],
          [1.3677e-04],
          [1.1293e-04],
          [9.0174e-05],
          [2.9825e-03],
          [8.9913e-05],
          [1.9848e-04],
          [3.1969e-04],
          [1.7161e-04],
          [2.9839e-05],
          [2.5868e-05],
          [2.7623e-05],
          [1.9109e-05],
          [1.7470e-05],
          [1.4955e-05],
          [1.2837e-05],
          [1.5968e-05],
          [2.8438e-04],
          [1.6139e-04],
          [1.1975e-05],
          [1.1727e-05],
          [3.9267e-04],
          [2.3900e-04],
          [1.6827e-05],
          [1.7566e-05],
          [1.8251e-05],
          [2.2604e-05],
          [2.7862e-05],
          [2.7015e-05],
          [2.6950e-05],
          [5.5983e-04],
          [2.7302e-04],
          [2.0236e-05],
          [2.1452e-05],
          [1.8142e-05],
          [1.6380e-05],
          [1.7508e-05],
          [1.5306e-05],
          [1.5912e-05],
          [4.1433e-04],
          [2.5534e-05],
          [1.9500e-05],
          [1.7262e-05],
          [2.1779e-05],
          [4.4632e-04],
          [1.6798e-05],
          [1.5019e-05],
          [1.2236e-05],
          [2.1554e-04],
          [1.4801e-04],
          [1.3459e-05],
          [1.4798e-05],
          [1.7345e-05],
          [2.1197e-05],
          [2.2822e-05],
          [2.6003e-05],
          [2.1829e-05],
          [1.8697e-05],
          [3.6122e-04],
          [1.1164e-04],
          [2.2989e-04],
          [1.1616e-05],
          [1.8700e-05],
          [2.7802e-05],
          [3.3597e-05],
          [4.5262e-05],
          [3.2670e-05],
          [3.5246e-05],
          [3.5604e-05],
          [2.4342e-05],
          [1.8834e-05],
          [1.2999e-05],
          [1.5305e-05],
          [2.2575e-05],
          [2.5841e-05],
          [3.2352e-05],
          [3.4902e-05],
          [3.5577e-05],
          [2.8215e-05],
          [1.1000e-04],
          [1.1913e-04],
          [2.9511e-05],
          [2.5014e-04],
          [2.0859e-05],
          [1.5955e-05],
          [1.1892e-05],
          [1.5640e-05],
          [1.7058e-05],
          [1.7160e-05],
          [1.3717e-05],
          [1.5495e-05],
          [1.3071e-05],
          [1.6106e-05],
          [1.5673e-05],
          [1.8777e-05],
          [1.8333e-05],
          [2.3822e-05],
          [2.4498e-05],
          [2.4058e-05],
          [4.7345e-04],
          [3.5128e-04],
          [2.7917e-05],
          [3.7181e-05],
          [2.9224e-05],
          [2.3044e-05],
          [2.0610e-05],
          [1.7440e-05],
          [1.9155e-05],
          [1.4908e-05],
          [1.4665e-05],
          [1.1538e-05],
          [1.3563e-05],
          [1.7299e-05],
          [2.3966e-05],
          [2.6407e-05],
          [3.6046e-05],
          [4.9391e-05],
          [7.3942e-05],
          [7.7017e-05],
          [7.7099e-05],
          [8.7798e-05],
          [7.3913e-05],
          [7.4704e-05],
          [6.2767e-05],
          [6.7537e-04],
          [2.7800e-04],
          [1.8585e-04],
          [4.8514e-04],
          [1.8976e-05],
          [1.8380e-05],
          [1.7157e-05],
          [1.8841e-05],
          [1.9715e-05],
          [2.7306e-05],
          [2.0113e-05],
          [2.3564e-05],
          [2.5268e-05],
          [2.8738e-05],
          [2.3156e-05],
          [3.7226e-04],
          [1.7211e-04],
          [3.0614e-05],
          [4.3556e-05],
          [4.4135e-05],
          [4.4510e-05],
          [4.2284e-05],
          [4.8452e-04],
          [5.0279e-05],
          [3.2763e-04],
          [1.9159e-05],
          [1.4743e-05],
          [3.2695e-04],
          [1.4006e-05],
          [2.0830e-04],
          [2.1547e-05],
          [2.1945e-05],
          [1.6599e-05],
          [3.9023e-04],
          [3.9046e-05],
          [1.3918e-03],
          [2.3429e-05],
          [3.1391e-05],
          [3.3324e-05],
          [3.3374e-05],
          [3.6852e-05],
          [3.4913e-05],
          [4.6200e-04],
          [1.5053e-04],
          [2.4434e-05],
          [2.0111e-05],
          [1.9662e-05],
          [1.5480e-05],
          [1.4819e-05],
          [1.6759e-05],
          [1.6970e-05],
          [3.3222e-04],
          [2.4300e-04],
          [1.6968e-05],
          [1.4167e-05],
          [1.5998e-05],
          [1.7281e-05],
          [3.3146e-04],
          [4.0991e-05],
          [2.5616e-05],
          [3.9206e-04],
          [1.6295e-05],
          [1.4658e-05],
          [1.3560e-05],
          [1.2566e-05],
          [1.6112e-05],
          [1.3168e-05],
          [1.2904e-05],
          [1.3799e-05],
          [1.6416e-05],
          [1.7888e-05],
          [1.6630e-05],
          [1.4284e-05],
          [1.2727e-05],
          [1.0705e-05],
          [1.2027e-05],
          [1.2214e-05],
          [1.2674e-05],
          [3.2645e-04],
          [1.4401e-04],
          [1.5626e-05],
          [1.7307e-05],
          [1.4374e-05],
          [1.7412e-05],
          [1.7704e-05],
          [2.3665e-05],
          [2.1504e-05],
          [2.6715e-05],
          [2.5134e-05],
          [1.5004e-05],
          [2.1335e-04],
          [4.9448e-04],
          [2.2128e-05],
          [1.9476e-04],
          [1.2577e-05],
          [2.4520e-04],
          [1.1602e-04],
          [2.2166e-05],
          [2.8841e-05],
          [3.3973e-05],
          [2.8247e-05],
          [3.7542e-05],
          [4.3866e-05],
          [5.4080e-05],
          [5.5267e-05],
          [8.4006e-05],
          [9.6323e-05],
          [1.1493e-04],
          [1.2555e-04],
          [1.4296e-04],
          [9.8319e-05],
          [4.8474e-04],
          [3.8363e-05],
          [3.3657e-05],
          [2.4249e-04],
          [1.5358e-04],
          [2.9776e-05],
          [9.8850e-05],
          [2.2754e-04],
          [5.4048e-05],
          [2.7459e-04],
          [1.3838e-05],
          [1.1622e-05],
          [1.0936e-05],
          [9.7335e-06],
          [9.1988e-06],
          [8.9511e-06],
          [3.3893e-05],
          [1.4150e-05],
          [2.0101e-05],
          [1.4070e-05],
          [3.5347e-04],
          [2.4042e-05],
          [8.2266e-05],
          [5.7243e-05],
          [1.1715e-05],
          [1.1540e-05],
          [1.1439e-05],
          [1.0714e-05],
          [1.0386e-05],
          [9.9891e-06],
          [4.2121e-04],
          [2.6798e-05],
          [2.4208e-04],
          [1.3107e-05],
          [1.2869e-05],
          [1.5198e-05],
          [1.5293e-05],
          [1.5860e-05],
          [1.5791e-05],
          [1.6277e-05],
          [2.1875e-05],
          [1.8841e-05],
          [2.7421e-05],
          [3.2365e-05],
          [4.0559e-05],
          [6.6489e-04],
          [1.9873e-04],
          [2.5868e-05],
          [2.1507e-05],
          [1.5645e-05],
          [1.2904e-05],
          [1.4162e-05],
          [2.3735e-05],
          [3.0374e-05],
          [2.6735e-05],
          [2.0708e-05],
          [1.6768e-05],
          [1.7241e-05],
          [1.4888e-05],
          [1.4706e-05],
          [1.5116e-05],
          [1.6626e-05],
          [1.4544e-05],
          [1.5149e-05],
          [1.5477e-05],
          [1.6657e-05],
          [1.5338e-05],
          [1.4300e-05],
          [2.0602e-05],
          [2.4042e-05],
          [3.0070e-05],
          [2.3972e-05],
          [4.0889e-05],
          [4.2259e-05],
          [4.3129e-05],
          [2.4435e-05],
          [3.3256e-05],
          [2.5448e-05],
          [2.5641e-05],
          [2.0102e-05],
          [2.1423e-05],
          [2.0876e-05],
          [2.3500e-05],
          [2.1920e-05],
          [2.2343e-05],
          [2.0105e-05],
          [2.2227e-05],
          [1.7754e-05],
          [1.6510e-05],
          [2.6845e-04],
          [5.3804e-05],
          [1.9555e-03],
          [2.1411e-05],
          [2.2684e-05],
          [1.9454e-05],
          [1.8663e-05],
          [1.8339e-05],
          [1.4183e-05],
          [1.3478e-05],
          [1.2955e-05],
          [1.1411e-05],
          [1.1388e-05],
          [1.2681e-05],
          [1.4971e-05],
          [1.8313e-05],
          [1.7802e-05],
          [2.3220e-04],
          [8.6766e-05],
          [3.7757e-04],
          [1.2388e-05],
          [1.1635e-05],
          [1.1338e-05],
          [1.1200e-05],
          [5.8056e-04],
          [2.2039e-04],
          [1.2926e-05],
          [1.1853e-05],
          [1.2547e-05],
          [1.5275e-05],
          [2.1494e-05],
          [3.7306e-05],
          [5.8691e-05],
          [5.0367e-05],
          [4.6475e-05],
          [3.2430e-05],
          [2.2450e-05],
          [1.7550e-05],
          [1.2756e-05],
          [1.2855e-05],
          [1.2813e-05],
          [1.2678e-05],
          [1.3483e-05],
          [4.8654e-05],
          [4.2102e-05],
          [4.7219e-05],
          [4.4861e-05],
          [3.0319e-05],
          [2.4189e-05],
          [2.4506e-05],
          [2.5622e-05],
          [2.2448e-05],
          [4.1894e-04],
          [1.4684e-04],
          [2.4504e-05],
          [2.3258e-05],
          [1.9660e-05],
          [1.5744e-05],
          [1.9184e-05],
          [2.0185e-05],
          [2.3776e-05],
          [1.5329e-04],
          [1.2054e-04],
          [3.3364e-04],
          [3.4226e-04],
          [2.0176e-05],
          [1.5717e-05],
          [1.6003e-05],
          [1.7305e-05],
          [1.5589e-05],
          [2.9404e-04],
          [2.8611e-04],
          [2.1093e-05],
          [7.4549e-05],
          [1.2064e-04],
          [2.3468e-05],
          [2.3494e-04],
          [3.0983e-05],
          [3.2102e-04],
          [2.5429e-05],
          [1.5884e-05],
          [1.2135e-05],
          [1.4238e-05],
          [1.1591e-05],
          [5.9920e-05],
          [8.7440e-06]]]])
