# Using CPU
# Loading Embeddings...
# Making Predictions...
torch.Size([1, 1, 442, 259])
tensor([[[[2.4579e-04],
          [3.3064e-05],
          [1.0218e-04],
          [6.6854e-05],
          [1.2087e-05],
          [5.0712e-04],
          [3.9036e-04],
          [4.2804e-05],
          [3.9211e-04],
          [4.2527e-04],
          [2.2161e-05],
          [2.0333e-05],
          [1.2535e-03],
          [2.6041e-04],
          [3.2028e-05],
          [1.2409e-05],
          [1.2986e-05],
          [1.0530e-05],
          [1.2252e-05],
          [1.7382e-05],
          [6.9333e-04],
          [2.9999e-05],
          [2.6436e-04],
          [1.6738e-05],
          [2.2092e-05],
          [3.3594e-05],
          [4.9798e-05],
          [9.3578e-05],
          [1.2093e-04],
          [1.6572e-04],
          [1.6848e-04],
          [2.0556e-04],
          [2.0048e-04],
          [2.1382e-04],
          [1.6676e-04],
          [1.1856e-04],
          [1.0008e-03],
          [7.0050e-05],
          [1.9332e-04],
          [8.8245e-05],
          [2.7863e-04],
          [3.2362e-05],
          [3.3047e-05],
          [3.7384e-05],
          [2.5761e-05],
          [2.3827e-05],
          [1.8404e-05],
          [1.5329e-05],
          [1.2992e-05],
          [6.8920e-04],
          [2.1387e-04],
          [1.1026e-05],
          [1.0564e-05],
          [7.6256e-04],
          [2.3903e-04],
          [1.7232e-05],
          [1.8773e-05],
          [1.9216e-05],
          [2.6188e-05],
          [3.3496e-05],
          [3.4540e-05],
          [3.0991e-05],
          [4.9484e-04],
          [3.0015e-04],
          [2.1915e-05],
          [2.1692e-05],
          [1.9259e-05],
          [1.6628e-05],
          [1.8162e-05],
          [1.6447e-05],
          [1.5989e-05],
          [8.9534e-04],
          [3.1402e-05],
          [4.1037e-05],
          [1.7899e-05],
          [2.5990e-05],
          [6.5129e-04],
          [1.6037e-05],
          [1.6428e-05],
          [1.4744e-05],
          [8.4227e-04],
          [2.6386e-04],
          [1.6572e-05],
          [1.8636e-05],
          [2.1139e-05],
          [2.4830e-05],
          [2.7377e-05],
          [2.9962e-05],
          [2.3110e-05],
          [1.8962e-05],
          [5.7406e-04],
          [2.1339e-04],
          [4.6098e-04],
          [1.5457e-05],
          [1.7532e-05],
          [2.5545e-05],
          [2.6710e-05],
          [2.9090e-05],
          [2.1874e-05],
          [1.9254e-05],
          [1.7727e-05],
          [1.5282e-05],
          [1.3219e-05],
          [1.3727e-05],
          [1.5417e-05],
          [2.2156e-05],
          [2.5804e-05],
          [3.4015e-05],
          [3.6215e-05],
          [3.7592e-05],
          [2.9289e-05],
          [3.0266e-04],
          [3.5125e-04],
          [2.2420e-05],
          [4.0240e-04],
          [2.1419e-05],
          [1.7219e-05],
          [1.4411e-05],
          [1.8956e-05],
          [2.2968e-05],
          [2.1448e-05],
          [1.5037e-05],
          [1.6707e-05],
          [1.2751e-05],
          [1.5873e-05],
          [1.4704e-05],
          [1.7183e-05],
          [1.8044e-05],
          [2.1529e-05],
          [2.6623e-05],
          [6.9455e-05],
          [1.9241e-03],
          [4.2710e-04],
          [1.1351e-04],
          [3.5321e-05],
          [3.5647e-05],
          [2.9419e-05],
          [3.1456e-05],
          [2.6229e-05],
          [2.7282e-05],
          [1.9953e-05],
          [1.8759e-05],
          [1.1722e-05],
          [1.4056e-05],
          [1.7428e-05],
          [2.6295e-05],
          [2.9455e-05],
          [4.6030e-05],
          [6.3959e-05],
          [1.0176e-04],
          [1.1119e-04],
          [1.2736e-04],
          [1.1126e-04],
          [1.4265e-04],
          [1.1082e-04],
          [9.1693e-05],
          [8.8015e-04],
          [2.4763e-04],
          [3.9061e-04],
          [4.2337e-04],
          [1.9215e-05],
          [2.0316e-05],
          [3.3662e-05],
          [3.6422e-05],
          [2.5368e-05],
          [3.1462e-05],
          [3.1991e-05],
          [3.1950e-05],
          [3.2451e-05],
          [3.0233e-05],
          [2.7985e-05],
          [7.2695e-04],
          [4.1773e-04],
          [4.3027e-05],
          [5.0864e-05],
          [5.9566e-05],
          [6.5748e-05],
          [5.5161e-05],
          [5.5548e-04],
          [5.2151e-05],
          [3.1555e-04],
          [1.9922e-05],
          [1.7775e-05],
          [5.0399e-04],
          [2.8277e-05],
          [4.2791e-04],
          [1.3364e-05],
          [1.9944e-05],
          [1.3987e-05],
          [8.5884e-04],
          [6.9305e-05],
          [1.0733e-03],
          [2.6268e-05],
          [3.4575e-05],
          [3.5874e-05],
          [3.5656e-05],
          [4.0758e-05],
          [3.1565e-05],
          [7.0921e-04],
          [2.9444e-04],
          [2.4591e-05],
          [2.0772e-05],
          [1.9695e-05],
          [1.4824e-05],
          [1.4821e-05],
          [1.3329e-05],
          [3.2462e-05],
          [5.2664e-04],
          [1.9562e-04],
          [1.2982e-05],
          [1.3551e-05],
          [1.5050e-05],
          [1.5391e-05],
          [7.3312e-04],
          [5.0627e-05],
          [1.9026e-05],
          [6.4189e-04],
          [1.5578e-05],
          [1.3851e-05],
          [1.4709e-05],
          [1.3731e-05],
          [1.5446e-05],
          [1.1855e-05],
          [1.0802e-05],
          [1.0699e-05],
          [1.2883e-05],
          [1.5056e-05],
          [1.1507e-05],
          [1.1757e-05],
          [1.1377e-05],
          [9.6026e-06],
          [1.0809e-05],
          [1.0690e-05],
          [1.2258e-05],
          [4.3714e-04],
          [1.4294e-04],
          [1.5525e-05],
          [1.7772e-05],
          [1.3534e-05],
          [1.8095e-05],
          [4.5440e-05],
          [1.9636e-05],
          [1.8495e-05],
          [2.3539e-05],
          [1.9444e-05],
          [1.5330e-05],
          [8.6191e-04],
          [8.8169e-04],
          [1.7807e-05],
          [5.0179e-04],
          [1.3540e-05],
          [3.3398e-04],
          [2.4806e-04],
          [2.8048e-05],
          [3.6027e-05],
          [3.6614e-05],
          [3.4106e-05],
          [4.1655e-05],
          [4.9685e-05],
          [7.0485e-05],
          [6.8418e-05],
          [1.0658e-04],
          [1.4121e-04],
          [2.1786e-04],
          [1.8476e-04],
          [1.8236e-04],
          [1.1749e-04],
          [2.0774e-04],
          [5.0017e-05],
          [4.9433e-05],
          [2.1588e-04],
          [3.7815e-04],
          [7.4786e-05],
          [1.3808e-04],
          [2.0779e-04],
          [6.9219e-05],
          [3.6012e-04],
          [1.5568e-05],
          [1.4073e-05],
          [1.1319e-05],
          [9.5497e-06],
          [1.0388e-05],
          [9.7258e-06],
          [2.1818e-05],
          [1.1659e-05],
          [1.8585e-05],
          [1.1196e-05],
          [1.3261e-03],
          [3.6903e-05],
          [2.1658e-04],
          [1.0225e-04],
          [1.2812e-05],
          [1.1986e-05],
          [1.5960e-05],
          [1.2085e-05],
          [1.1144e-05],
          [1.4007e-05],
          [1.0783e-03],
          [2.4265e-05],
          [4.2900e-04],
          [1.3355e-05],
          [1.2076e-05],
          [1.3514e-05],
          [1.3719e-05],
          [1.3420e-05],
          [1.3627e-05],
          [1.3892e-05],
          [1.7365e-05],
          [1.7262e-05],
          [2.4259e-05],
          [3.2514e-05],
          [4.1401e-05],
          [5.9362e-04],
          [3.1810e-04],
          [2.6797e-05],
          [2.1229e-05],
          [1.0825e-04],
          [1.1574e-05],
          [1.1405e-05],
          [1.5935e-05],
          [2.2485e-05],
          [2.2297e-05],
          [2.2565e-05],
          [1.3414e-05],
          [1.3818e-05],
          [1.0527e-05],
          [9.6309e-06],
          [1.0547e-05],
          [1.2719e-05],
          [1.0963e-05],
          [1.1170e-05],
          [1.1669e-05],
          [1.8300e-05],
          [1.2371e-05],
          [1.3610e-05],
          [1.6834e-05],
          [1.6270e-05],
          [1.8556e-05],
          [1.4875e-05],
          [2.0745e-05],
          [1.9855e-05],
          [2.2953e-05],
          [1.8602e-05],
          [1.8934e-05],
          [2.1103e-05],
          [2.7132e-05],
          [1.7324e-05],
          [2.0397e-05],
          [2.3592e-05],
          [1.7927e-05],
          [1.8104e-05],
          [1.3871e-05],
          [1.5034e-05],
          [1.4836e-05],
          [1.7521e-05],
          [1.5229e-05],
          [8.3043e-04],
          [1.2735e-04],
          [1.9224e-03],
          [1.8223e-05],
          [1.9861e-05],
          [1.5984e-05],
          [1.6835e-05],
          [1.4891e-05],
          [1.4029e-05],
          [1.2640e-05],
          [1.5458e-05],
          [1.0285e-05],
          [1.0174e-05],
          [1.0986e-05],
          [1.1817e-05],
          [1.5669e-05],
          [1.5895e-05],
          [6.5933e-04],
          [2.1602e-04],
          [4.0999e-04],
          [1.2334e-05],
          [1.0764e-05],
          [1.1113e-05],
          [4.8239e-05],
          [1.0781e-03],
          [3.0838e-04],
          [1.7763e-05],
          [1.6186e-05],
          [1.3994e-05],
          [1.8932e-05],
          [2.3923e-05],
          [3.3874e-05],
          [3.7472e-05],
          [2.9506e-05],
          [3.1098e-05],
          [1.6031e-05],
          [1.5032e-05],
          [1.0749e-05],
          [1.1228e-05],
          [9.8840e-06],
          [1.0168e-05],
          [1.2076e-05],
          [1.3467e-05],
          [5.8719e-05],
          [2.7677e-05],
          [3.5518e-05],
          [4.2405e-05],
          [2.9351e-05],
          [2.3912e-05],
          [2.7474e-05],
          [2.9622e-05],
          [2.2809e-05],
          [8.1581e-04],
          [1.8160e-04],
          [2.8043e-05],
          [2.5207e-05],
          [2.0480e-05],
          [1.7770e-05],
          [2.3462e-05],
          [2.5114e-05],
          [2.2537e-05],
          [2.3622e-04],
          [6.8943e-05],
          [2.9344e-04],
          [1.9643e-04],
          [2.0778e-05],
          [1.6854e-05],
          [1.8065e-05],
          [1.5911e-05],
          [1.5886e-05],
          [4.0802e-04],
          [2.5930e-04],
          [1.3633e-05],
          [6.5228e-05],
          [1.6921e-04],
          [1.7837e-05],
          [7.3060e-04],
          [1.3888e-05],
          [5.2878e-04],
          [2.1798e-05],
          [1.7258e-05],
          [1.4120e-05],
          [1.4431e-05],
          [4.8404e-05],
          [9.7517e-05],
          [1.3291e-05]]]])
