# Using CPU
# Loading Embeddings...
# Making Predictions...
torch.Size([1, 1, 442, 251])
tensor([[[[1.5086e-04],
          [2.6084e-05],
          [1.2167e-04],
          [3.8489e-05],
          [1.3358e-05],
          [2.0515e-04],
          [1.0075e-04],
          [2.9922e-05],
          [1.2309e-04],
          [1.2909e-04],
          [1.9786e-05],
          [1.6619e-05],
          [4.1050e-04],
          [2.9243e-04],
          [4.5446e-05],
          [1.5818e-05],
          [1.7975e-05],
          [1.7630e-05],
          [2.2776e-05],
          [2.4380e-05],
          [1.9160e-04],
          [2.3926e-05],
          [1.5644e-04],
          [1.8577e-05],
          [1.7275e-05],
          [1.8489e-05],
          [2.7738e-05],
          [3.7270e-05],
          [3.3023e-05],
          [4.8800e-05],
          [3.6890e-05],
          [4.3279e-05],
          [4.2456e-05],
          [4.5845e-05],
          [4.0286e-05],
          [4.1734e-05],
          [1.0407e-03],
          [4.3423e-05],
          [1.4367e-04],
          [9.9133e-05],
          [1.7329e-04],
          [1.9052e-05],
          [2.1881e-05],
          [1.8546e-05],
          [1.5849e-05],
          [1.6459e-05],
          [1.4113e-05],
          [1.5478e-05],
          [1.4535e-05],
          [1.7324e-04],
          [1.5008e-04],
          [1.6634e-05],
          [1.6145e-05],
          [1.8546e-04],
          [1.1698e-04],
          [1.7231e-05],
          [1.4884e-05],
          [1.3783e-05],
          [1.4984e-05],
          [1.7500e-05],
          [1.9622e-05],
          [1.5467e-05],
          [2.9573e-04],
          [2.0611e-04],
          [1.7646e-05],
          [1.9388e-05],
          [2.2712e-05],
          [2.0952e-05],
          [2.1718e-05],
          [1.9912e-05],
          [1.6746e-05],
          [2.0598e-04],
          [2.2181e-05],
          [2.0942e-05],
          [1.2273e-05],
          [1.8922e-05],
          [2.2795e-04],
          [2.3746e-05],
          [1.7342e-05],
          [1.6893e-05],
          [2.2729e-04],
          [2.1386e-04],
          [1.6678e-05],
          [1.6154e-05],
          [1.6014e-05],
          [2.0629e-05],
          [2.4386e-05],
          [1.9972e-05],
          [1.7415e-05],
          [1.5618e-05],
          [1.5019e-04],
          [3.6675e-05],
          [2.8256e-04],
          [1.7088e-05],
          [1.6777e-05],
          [2.2467e-05],
          [2.6620e-05],
          [3.1900e-05],
          [2.5383e-05],
          [3.2851e-05],
          [2.5526e-05],
          [2.1275e-05],
          [1.7286e-05],
          [1.6007e-05],
          [1.4689e-05],
          [1.9000e-05],
          [1.9769e-05],
          [1.7265e-05],
          [2.0353e-05],
          [1.7928e-05],
          [1.4858e-05],
          [6.7713e-05],
          [1.0124e-04],
          [1.7102e-05],
          [1.6652e-04],
          [1.4643e-05],
          [1.3560e-05],
          [1.1849e-05],
          [1.6206e-05],
          [1.5962e-05],
          [1.8310e-05],
          [1.4678e-05],
          [1.8078e-05],
          [1.5054e-05],
          [1.6564e-05],
          [1.4056e-05],
          [1.6225e-05],
          [1.7401e-05],
          [2.1308e-05],
          [2.6942e-05],
          [2.5001e-05],
          [2.8349e-04],
          [2.5122e-04],
          [3.3030e-05],
          [3.6228e-05],
          [3.4369e-05],
          [2.9883e-05],
          [3.2545e-05],
          [2.2400e-05],
          [1.9083e-05],
          [1.6979e-05],
          [1.3453e-05],
          [1.1898e-05],
          [1.4963e-05],
          [1.4680e-05],
          [1.6839e-05],
          [2.4362e-05],
          [2.6999e-05],
          [3.9142e-05],
          [6.8251e-05],
          [6.9903e-05],
          [7.8322e-05],
          [7.0489e-05],
          [1.0493e-04],
          [7.5177e-05],
          [8.0710e-05],
          [1.9317e-04],
          [6.3533e-05],
          [1.0527e-04],
          [1.3948e-04],
          [1.7802e-05],
          [1.8936e-05],
          [2.0611e-05],
          [2.1146e-05],
          [2.5848e-05],
          [3.1593e-05],
          [3.4282e-05],
          [3.2831e-05],
          [3.8512e-05],
          [3.4028e-05],
          [2.8490e-05],
          [2.6015e-04],
          [9.5986e-05],
          [2.8672e-05],
          [2.9439e-05],
          [3.1919e-05],
          [2.3469e-05],
          [2.3743e-05],
          [2.3463e-04],
          [2.5122e-05],
          [2.4384e-04],
          [1.7075e-05],
          [1.6663e-05],
          [1.5310e-04],
          [1.2751e-05],
          [1.7454e-04],
          [1.6344e-05],
          [1.8242e-05],
          [1.6424e-05],
          [1.5925e-04],
          [1.8431e-05],
          [1.1295e-04],
          [1.7106e-05],
          [1.9044e-05],
          [1.5587e-05],
          [1.7918e-05],
          [1.6505e-05],
          [1.6019e-05],
          [2.2884e-04],
          [1.4822e-04],
          [1.4164e-05],
          [1.5101e-05],
          [1.4543e-05],
          [1.4659e-05],
          [1.7249e-05],
          [1.8020e-05],
          [1.5751e-05],
          [1.4903e-04],
          [9.4167e-05],
          [1.5219e-05],
          [1.4888e-05],
          [1.4090e-05],
          [1.4766e-05],
          [2.2048e-04],
          [2.4445e-05],
          [1.7962e-05],
          [2.1307e-04],
          [1.9976e-05],
          [1.5807e-05],
          [1.4461e-05],
          [1.6876e-05],
          [1.6466e-05],
          [1.6251e-05],
          [1.6935e-05],
          [1.7224e-05],
          [2.1973e-05],
          [1.8433e-05],
          [1.7068e-05],
          [1.6982e-05],
          [1.6602e-05],
          [1.4236e-05],
          [1.6315e-05],
          [1.5327e-05],
          [1.3021e-05],
          [2.1254e-04],
          [7.4290e-05],
          [1.6787e-05],
          [1.5955e-05],
          [1.6727e-05],
          [2.3424e-05],
          [6.8009e-05],
          [2.8162e-05],
          [1.6655e-05],
          [4.1881e-05],
          [2.3574e-05],
          [1.3429e-05],
          [1.4615e-04],
          [1.4351e-04],
          [1.5985e-05],
          [2.6183e-04],
          [1.1377e-05],
          [1.3316e-04],
          [1.4752e-04],
          [1.5066e-05],
          [1.3372e-05],
          [1.7096e-05],
          [1.5418e-05],
          [2.0882e-05],
          [2.5592e-05],
          [2.9875e-05],
          [2.8785e-05],
          [3.0592e-05],
          [3.7843e-05],
          [5.5043e-05],
          [7.0329e-05],
          [5.0580e-05],
          [6.4249e-05],
          [3.3854e-04],
          [2.4755e-05],
          [2.1912e-05],
          [1.7007e-04],
          [1.1121e-04],
          [2.1648e-05],
          [1.1394e-04],
          [1.4058e-04],
          [2.2956e-05],
          [2.1898e-04],
          [1.1934e-05],
          [1.2522e-05],
          [1.2162e-05],
          [1.1361e-05],
          [1.2238e-05],
          [1.3052e-05],
          [3.6070e-05],
          [1.6012e-05],
          [1.9450e-05],
          [1.4796e-05],
          [2.4048e-04],
          [1.8522e-05],
          [8.0296e-05],
          [4.1977e-05],
          [1.1857e-05],
          [1.1972e-05],
          [1.2315e-05],
          [1.1591e-05],
          [1.2885e-05],
          [1.1934e-05],
          [2.2078e-04],
          [1.7565e-05],
          [1.5204e-04],
          [1.6509e-05],
          [1.4356e-05],
          [1.5337e-05],
          [1.5377e-05],
          [1.5233e-05],
          [1.3742e-05],
          [1.5144e-05],
          [1.6248e-05],
          [1.4951e-05],
          [1.7467e-05],
          [1.8999e-05],
          [2.1244e-05],
          [3.2671e-04],
          [1.1929e-04],
          [1.5256e-05],
          [1.7311e-05],
          [1.4927e-05],
          [1.3297e-05],
          [1.4742e-05],
          [1.9177e-05],
          [2.1028e-05],
          [2.0715e-05],
          [4.8514e-05],
          [1.7563e-05],
          [1.6032e-05],
          [1.2307e-05],
          [1.2181e-05],
          [1.1924e-05],
          [1.8514e-05],
          [1.3890e-05],
          [1.4069e-05],
          [1.4599e-05],
          [1.6549e-05],
          [1.7519e-05],
          [2.0416e-05],
          [2.0186e-05],
          [2.1754e-05],
          [2.7439e-05],
          [2.1092e-05],
          [2.6994e-05],
          [2.5720e-05],
          [2.6824e-05],
          [2.3599e-05],
          [2.8112e-05],
          [3.2060e-05],
          [3.1751e-05],
          [2.2011e-05],
          [3.5641e-05],
          [2.6866e-05],
          [2.1988e-05],
          [1.8336e-05],
          [3.0454e-05],
          [2.2813e-05],
          [1.4001e-05],
          [1.5414e-05],
          [1.5457e-05],
          [1.4382e-04],
          [2.2718e-05],
          [1.2701e-04],
          [1.7133e-05],
          [1.8952e-05],
          [1.9742e-05],
          [1.7934e-05],
          [1.9358e-05],
          [1.6754e-05],
          [1.6912e-05],
          [1.4736e-05],
          [1.4060e-05],
          [1.3004e-05],
          [1.3872e-05],
          [1.4976e-05],
          [1.5520e-05],
          [1.8418e-05],
          [2.0280e-04],
          [4.3461e-05],
          [2.0307e-04],
          [1.4991e-05],
          [1.3745e-05],
          [1.2625e-05],
          [1.4768e-05],
          [2.5752e-04],
          [1.5612e-04],
          [1.3316e-05],
          [1.5074e-05],
          [1.7677e-05],
          [2.5516e-05],
          [3.2126e-05],
          [4.4234e-05],
          [4.8034e-05],
          [4.1837e-05],
          [3.6357e-05],
          [3.5715e-05],
          [2.7488e-05],
          [1.8574e-05],
          [1.3626e-05],
          [1.2855e-05],
          [1.2419e-05],
          [1.4711e-05],
          [1.6993e-05],
          [1.3430e-04],
          [3.6643e-05],
          [3.0221e-05],
          [5.1425e-05],
          [2.1405e-05],
          [2.6351e-05],
          [2.4329e-05],
          [2.0844e-05],
          [1.7557e-05],
          [1.3807e-04],
          [1.2847e-04],
          [1.9403e-05],
          [1.9341e-05],
          [2.1216e-05],
          [1.7338e-05],
          [2.8081e-05],
          [2.9548e-05],
          [3.4288e-05],
          [6.3489e-05],
          [9.2936e-05],
          [1.3245e-04],
          [1.0837e-04],
          [2.7393e-05],
          [2.3192e-05],
          [1.5764e-05],
          [2.2321e-05],
          [1.4126e-05],
          [2.0113e-04],
          [5.1149e-05],
          [1.1160e-05],
          [5.5012e-05],
          [1.0260e-04],
          [3.0266e-05],
          [2.7795e-04],
          [1.3122e-05],
          [3.1718e-04],
          [1.4228e-05],
          [1.2367e-05],
          [1.2338e-05],
          [2.2882e-05],
          [1.4025e-05],
          [4.7391e-05],
          [5.6674e-06]]]])
