# Using CPU
# Loading Embeddings...
# Making Predictions...
torch.Size([1, 1, 442, 338])
tensor([[[[4.1392e-04],
          [3.7003e-05],
          [6.9710e-05],
          [2.9883e-05],
          [1.5813e-05],
          [2.1529e-04],
          [4.1299e-04],
          [1.9811e-05],
          [1.4364e-04],
          [4.1536e-04],
          [2.1154e-05],
          [1.8617e-05],
          [3.0760e-04],
          [1.5999e-04],
          [3.8357e-05],
          [2.3377e-05],
          [2.2999e-05],
          [2.5557e-05],
          [2.5450e-05],
          [2.4394e-05],
          [2.2080e-04],
          [2.5398e-05],
          [2.6178e-04],
          [2.0942e-05],
          [1.7662e-05],
          [1.7099e-05],
          [1.6600e-05],
          [2.3618e-05],
          [2.7283e-05],
          [3.4081e-05],
          [3.3437e-05],
          [3.9368e-05],
          [3.6045e-05],
          [4.0053e-05],
          [3.1096e-05],
          [3.0458e-05],
          [9.2113e-04],
          [5.2904e-05],
          [1.4901e-04],
          [6.0717e-05],
          [2.2195e-04],
          [1.6661e-05],
          [1.3167e-05],
          [1.2452e-05],
          [1.1773e-05],
          [1.3779e-05],
          [1.1722e-05],
          [1.2918e-05],
          [1.6643e-05],
          [1.6138e-04],
          [1.9997e-04],
          [1.9351e-05],
          [1.8568e-05],
          [2.2691e-04],
          [2.0858e-04],
          [1.9110e-05],
          [1.4547e-05],
          [1.2221e-05],
          [1.6422e-05],
          [1.3117e-05],
          [1.2096e-05],
          [1.1509e-05],
          [3.5738e-04],
          [1.9909e-04],
          [2.6755e-05],
          [2.6891e-05],
          [3.1899e-05],
          [2.9071e-05],
          [3.5736e-05],
          [2.0303e-05],
          [1.8316e-05],
          [1.8143e-04],
          [2.4218e-05],
          [2.3259e-05],
          [1.1546e-05],
          [1.9096e-05],
          [6.8536e-04],
          [2.1875e-05],
          [2.1192e-05],
          [1.8999e-05],
          [1.8978e-04],
          [1.1695e-04],
          [1.9152e-05],
          [1.2516e-05],
          [1.1761e-05],
          [1.3045e-05],
          [1.0842e-05],
          [1.1153e-05],
          [1.1758e-05],
          [1.3419e-05],
          [1.5625e-04],
          [4.7051e-05],
          [1.7614e-04],
          [1.7978e-05],
          [1.7908e-05],
          [2.0200e-05],
          [2.0841e-05],
          [2.5490e-05],
          [3.0079e-05],
          [4.6407e-05],
          [6.9722e-05],
          [4.9226e-05],
          [2.5451e-05],
          [2.6387e-05],
          [2.0130e-05],
          [1.8292e-05],
          [1.5258e-05],
          [1.4969e-05],
          [1.2589e-05],
          [1.2359e-05],
          [1.1442e-05],
          [9.2346e-05],
          [1.7946e-04],
          [1.8327e-05],
          [1.8575e-04],
          [1.4539e-05],
          [1.0276e-05],
          [1.3688e-05],
          [1.1178e-05],
          [1.0975e-05],
          [1.2150e-05],
          [1.2956e-05],
          [1.6275e-05],
          [1.6794e-05],
          [1.8307e-05],
          [2.1370e-05],
          [2.0845e-05],
          [2.1968e-05],
          [2.6353e-05],
          [3.3920e-05],
          [5.0833e-05],
          [2.7277e-04],
          [2.3660e-04],
          [9.8355e-05],
          [4.4449e-05],
          [2.9344e-05],
          [1.7036e-05],
          [2.2210e-05],
          [2.0799e-05],
          [1.8069e-05],
          [1.5589e-05],
          [1.5279e-05],
          [1.3358e-05],
          [1.8267e-05],
          [1.3871e-05],
          [1.3449e-05],
          [1.3958e-05],
          [1.7706e-05],
          [1.9505e-05],
          [2.8125e-05],
          [2.8654e-05],
          [3.3001e-05],
          [2.9117e-05],
          [3.4433e-05],
          [2.6438e-05],
          [2.5588e-05],
          [2.1006e-04],
          [1.9787e-04],
          [9.1409e-05],
          [3.2018e-04],
          [2.2684e-05],
          [2.4632e-05],
          [4.0380e-05],
          [5.9797e-05],
          [3.6229e-05],
          [3.7741e-05],
          [2.9523e-05],
          [2.3993e-05],
          [2.6945e-05],
          [2.3259e-05],
          [1.6528e-05],
          [2.2429e-04],
          [3.2002e-04],
          [1.5566e-05],
          [1.7849e-05],
          [2.0545e-05],
          [2.1079e-05],
          [1.9133e-05],
          [2.7055e-04],
          [6.1176e-05],
          [2.2924e-04],
          [1.3507e-05],
          [2.1620e-05],
          [1.5962e-04],
          [2.1209e-05],
          [1.7245e-04],
          [2.6410e-05],
          [2.6357e-05],
          [2.3431e-05],
          [1.9692e-04],
          [3.7135e-05],
          [6.6863e-04],
          [1.4838e-05],
          [1.4731e-05],
          [1.2458e-05],
          [1.2541e-05],
          [1.3440e-05],
          [1.3423e-05],
          [2.7459e-04],
          [1.9106e-04],
          [1.3586e-05],
          [1.6672e-05],
          [1.9258e-05],
          [1.9118e-05],
          [2.2166e-05],
          [2.0946e-05],
          [2.3941e-05],
          [1.5452e-04],
          [2.2708e-04],
          [2.0680e-05],
          [1.4970e-05],
          [1.1403e-05],
          [1.1990e-05],
          [2.4184e-04],
          [2.6596e-05],
          [1.7408e-05],
          [5.2293e-04],
          [2.0139e-05],
          [2.1819e-05],
          [2.2382e-05],
          [2.9192e-05],
          [3.1538e-05],
          [2.9533e-05],
          [2.6016e-05],
          [2.6550e-05],
          [4.4521e-05],
          [3.5845e-05],
          [3.1887e-05],
          [3.1830e-05],
          [3.8883e-05],
          [2.3160e-05],
          [2.5869e-05],
          [1.7204e-05],
          [1.5020e-05],
          [2.7517e-04],
          [1.6364e-04],
          [2.0766e-05],
          [2.1426e-05],
          [2.3411e-05],
          [3.0399e-05],
          [4.0175e-05],
          [4.4427e-05],
          [2.8695e-05],
          [5.5895e-05],
          [4.8977e-05],
          [1.8561e-05],
          [1.3891e-04],
          [1.4877e-04],
          [2.0150e-05],
          [1.3655e-04],
          [1.7316e-05],
          [1.7511e-04],
          [1.9569e-04],
          [1.5361e-05],
          [1.7962e-05],
          [1.6495e-05],
          [1.5586e-05],
          [1.6450e-05],
          [1.7761e-05],
          [2.2884e-05],
          [2.3090e-05],
          [3.4388e-05],
          [4.3997e-05],
          [5.9830e-05],
          [7.9290e-05],
          [6.4050e-05],
          [6.2951e-05],
          [8.9505e-04],
          [2.7217e-05],
          [3.3012e-05],
          [2.4302e-04],
          [1.5238e-04],
          [3.6875e-05],
          [2.1150e-04],
          [1.2049e-04],
          [5.3313e-05],
          [1.8166e-04],
          [1.4128e-05],
          [1.0937e-05],
          [1.0942e-05],
          [1.1932e-05],
          [1.4094e-05],
          [1.6163e-05],
          [2.0891e-05],
          [1.9136e-05],
          [2.1715e-05],
          [2.1896e-05],
          [4.3952e-04],
          [2.2302e-05],
          [1.1310e-04],
          [1.3136e-04],
          [1.1967e-05],
          [1.1250e-05],
          [1.2435e-05],
          [1.2951e-05],
          [1.4007e-05],
          [1.7189e-05],
          [2.5597e-04],
          [2.2509e-05],
          [4.2083e-04],
          [2.3140e-05],
          [2.0507e-05],
          [2.1189e-05],
          [2.1159e-05],
          [1.8742e-05],
          [1.9865e-05],
          [2.2796e-05],
          [2.8954e-05],
          [2.5939e-05],
          [2.5639e-05],
          [1.9926e-05],
          [2.0234e-05],
          [2.6353e-04],
          [2.8345e-04],
          [1.8969e-05],
          [2.3538e-05],
          [2.1386e-05],
          [2.2588e-05],
          [2.5917e-05],
          [3.3222e-05],
          [3.1492e-05],
          [2.7629e-05],
          [2.1796e-05],
          [1.8652e-05],
          [1.7579e-05],
          [1.3224e-05],
          [1.2851e-05],
          [1.2633e-05],
          [1.9142e-05],
          [1.5250e-05],
          [1.6215e-05],
          [2.0222e-05],
          [2.3865e-05],
          [2.4052e-05],
          [2.9574e-05],
          [3.5349e-05],
          [3.2611e-05],
          [3.4738e-05],
          [2.9698e-05],
          [3.3410e-05],
          [3.4425e-05],
          [3.1638e-05],
          [2.7632e-05],
          [4.6741e-05],
          [4.8359e-05],
          [3.8208e-05],
          [2.7794e-05],
          [3.7184e-05],
          [2.6637e-05],
          [2.4056e-05],
          [1.9078e-05],
          [1.5713e-05],
          [2.1037e-05],
          [1.6750e-05],
          [1.9205e-05],
          [1.9877e-05],
          [1.5557e-04],
          [2.8588e-05],
          [5.6842e-04],
          [2.5365e-05],
          [2.5365e-05],
          [2.4156e-05],
          [2.1332e-05],
          [2.3578e-05],
          [1.9774e-05],
          [1.6826e-05],
          [1.3741e-05],
          [1.2429e-05],
          [1.4844e-05],
          [1.4532e-05],
          [1.3010e-05],
          [1.6848e-05],
          [1.4647e-05],
          [2.8585e-04],
          [7.2625e-05],
          [3.8835e-04],
          [1.8590e-05],
          [1.4482e-05],
          [1.4091e-05],
          [1.5534e-05],
          [2.4266e-04],
          [2.9001e-04],
          [2.0237e-05],
          [2.7392e-05],
          [3.9043e-05],
          [5.9214e-05],
          [7.9778e-05],
          [1.0962e-04],
          [1.1527e-04],
          [8.3001e-05],
          [5.3413e-05],
          [3.4058e-05],
          [3.4542e-05],
          [1.7466e-05],
          [1.3185e-05],
          [1.2388e-05],
          [1.9377e-05],
          [1.8524e-05],
          [1.3323e-05],
          [1.1839e-04],
          [2.9425e-05],
          [3.2977e-05],
          [7.5940e-05],
          [2.3230e-05],
          [4.3221e-05],
          [1.6715e-05],
          [1.9145e-05],
          [1.0817e-05],
          [1.4777e-04],
          [1.3683e-04],
          [1.5600e-05],
          [1.7734e-05],
          [1.8718e-05],
          [1.9034e-05],
          [2.2639e-05],
          [2.4727e-05],
          [3.0259e-05],
          [8.5903e-05],
          [8.7431e-05],
          [1.4351e-04],
          [1.9647e-04],
          [2.9355e-05],
          [1.9396e-05],
          [1.1408e-05],
          [1.6676e-05],
          [1.1474e-05],
          [3.0099e-04],
          [1.3714e-04],
          [1.7546e-05],
          [8.1355e-05],
          [1.6614e-04],
          [1.4019e-05],
          [1.7767e-04],
          [2.4076e-05],
          [2.1360e-04],
          [1.7100e-05],
          [1.4898e-05],
          [1.3806e-05],
          [1.7456e-05],
          [1.3753e-05],
          [2.4167e-05],
          [7.2483e-06]]]])
