# Using CPU
# Loading Embeddings...
# Making Predictions...
torch.Size([1, 1, 442, 491])
tensor([[[[4.2747e-04],
          [3.0701e-05],
          [1.1575e-04],
          [2.8201e-05],
          [1.0781e-05],
          [1.8999e-04],
          [1.4600e-04],
          [2.2626e-05],
          [1.8854e-04],
          [1.2680e-04],
          [1.2892e-05],
          [1.1893e-05],
          [2.9241e-04],
          [2.4472e-04],
          [3.1500e-05],
          [1.1730e-05],
          [1.3150e-05],
          [1.2989e-05],
          [1.5633e-05],
          [1.5694e-05],
          [1.4726e-04],
          [1.7969e-05],
          [1.1408e-04],
          [1.1941e-05],
          [1.0310e-05],
          [1.1381e-05],
          [1.2272e-05],
          [1.4906e-05],
          [1.5874e-05],
          [2.2063e-05],
          [1.9674e-05],
          [1.9483e-05],
          [2.0870e-05],
          [1.9561e-05],
          [1.7568e-05],
          [1.4712e-05],
          [5.0946e-04],
          [2.0827e-05],
          [9.7021e-05],
          [6.0655e-05],
          [1.0155e-04],
          [1.1410e-05],
          [9.5860e-06],
          [9.6180e-06],
          [9.0814e-06],
          [8.8727e-06],
          [8.4493e-06],
          [9.2745e-06],
          [9.2521e-06],
          [1.6110e-04],
          [1.1885e-04],
          [1.0901e-05],
          [1.2811e-05],
          [1.1432e-04],
          [8.8366e-05],
          [1.0075e-05],
          [9.1833e-06],
          [1.0571e-05],
          [9.5912e-06],
          [9.8523e-06],
          [9.6884e-06],
          [9.5384e-06],
          [3.5823e-04],
          [1.9207e-04],
          [1.0627e-05],
          [1.0878e-05],
          [9.6958e-06],
          [9.8800e-06],
          [1.1619e-05],
          [1.0957e-05],
          [1.0509e-05],
          [1.8362e-04],
          [2.0865e-05],
          [1.8091e-05],
          [1.1548e-05],
          [1.6278e-05],
          [1.8885e-04],
          [1.2297e-05],
          [1.0678e-05],
          [1.0561e-05],
          [2.2173e-04],
          [1.6361e-04],
          [9.5349e-06],
          [8.9723e-06],
          [8.9514e-06],
          [9.6619e-06],
          [9.8016e-06],
          [1.0863e-05],
          [1.0531e-05],
          [1.0687e-05],
          [1.2715e-04],
          [3.7540e-05],
          [1.7744e-04],
          [1.1098e-05],
          [9.6925e-06],
          [1.2790e-05],
          [1.4642e-05],
          [2.2768e-05],
          [2.1983e-05],
          [2.9236e-05],
          [3.1075e-05],
          [2.5174e-05],
          [1.8715e-05],
          [1.3710e-05],
          [1.3225e-05],
          [1.1962e-05],
          [1.1932e-05],
          [1.2566e-05],
          [1.3020e-05],
          [1.3176e-05],
          [1.1893e-05],
          [7.8371e-05],
          [1.4841e-04],
          [1.9295e-05],
          [1.9852e-04],
          [1.2633e-05],
          [9.2850e-06],
          [9.3177e-06],
          [9.7703e-06],
          [1.1207e-05],
          [1.0011e-05],
          [1.1684e-05],
          [2.1445e-05],
          [9.8144e-06],
          [1.2699e-05],
          [1.0383e-05],
          [1.2347e-05],
          [1.2325e-05],
          [1.3216e-05],
          [1.6197e-05],
          [1.3647e-05],
          [3.0773e-04],
          [2.1506e-04],
          [1.3106e-05],
          [1.3115e-05],
          [1.3708e-05],
          [1.1407e-05],
          [1.2800e-05],
          [1.0925e-05],
          [1.0482e-05],
          [1.0021e-05],
          [1.0081e-05],
          [9.3236e-06],
          [9.6884e-06],
          [1.0398e-05],
          [1.2349e-05],
          [1.3109e-05],
          [1.4377e-05],
          [1.6581e-05],
          [1.9821e-05],
          [2.0073e-05],
          [2.1722e-05],
          [1.9151e-05],
          [2.3580e-05],
          [2.0251e-05],
          [1.7981e-05],
          [2.6745e-04],
          [6.9953e-05],
          [9.1744e-05],
          [1.4180e-04],
          [1.1795e-05],
          [1.2050e-05],
          [1.1075e-05],
          [1.0015e-05],
          [1.1665e-05],
          [1.0828e-05],
          [1.0582e-05],
          [1.0499e-05],
          [1.1116e-05],
          [1.1724e-05],
          [1.1423e-05],
          [2.6335e-04],
          [1.4527e-04],
          [1.3022e-05],
          [1.5133e-05],
          [2.6461e-05],
          [1.3715e-05],
          [1.2480e-05],
          [1.9810e-04],
          [5.3920e-05],
          [2.5451e-04],
          [1.0204e-05],
          [1.7885e-05],
          [2.8801e-04],
          [1.5300e-05],
          [2.2166e-04],
          [1.5789e-05],
          [1.3246e-05],
          [1.2756e-05],
          [1.3991e-04],
          [2.2410e-05],
          [9.5331e-05],
          [1.0942e-05],
          [1.1077e-05],
          [1.0726e-05],
          [1.1026e-05],
          [1.1974e-05],
          [1.1222e-05],
          [2.3449e-04],
          [1.6187e-04],
          [1.3537e-05],
          [1.3516e-05],
          [1.2060e-05],
          [1.1898e-05],
          [1.0843e-05],
          [9.9098e-06],
          [1.0637e-05],
          [1.1693e-04],
          [1.0139e-04],
          [1.0801e-05],
          [9.2718e-06],
          [9.5577e-06],
          [9.8501e-06],
          [1.4631e-04],
          [3.1821e-05],
          [1.5547e-05],
          [1.7816e-04],
          [1.3224e-05],
          [1.7370e-05],
          [1.1293e-05],
          [1.3241e-05],
          [9.7324e-06],
          [9.4889e-06],
          [9.4028e-06],
          [1.0558e-05],
          [1.6497e-05],
          [1.1834e-05],
          [1.0284e-05],
          [1.3186e-05],
          [1.2554e-05],
          [1.2684e-05],
          [1.0815e-05],
          [9.7526e-06],
          [1.0226e-05],
          [1.2318e-04],
          [9.1196e-05],
          [1.2739e-05],
          [1.0700e-05],
          [1.1693e-05],
          [1.4908e-05],
          [2.4732e-05],
          [2.2338e-05],
          [1.6134e-05],
          [3.0810e-05],
          [2.9606e-05],
          [1.5636e-05],
          [1.1870e-04],
          [1.0328e-04],
          [1.6737e-05],
          [1.8432e-04],
          [9.7650e-06],
          [1.3775e-04],
          [1.1586e-04],
          [1.1000e-05],
          [1.3216e-05],
          [1.3619e-05],
          [1.2017e-05],
          [1.3442e-05],
          [1.5739e-05],
          [1.6419e-05],
          [1.8326e-05],
          [2.1490e-05],
          [2.1788e-05],
          [2.7282e-05],
          [3.8502e-05],
          [3.4578e-05],
          [3.7784e-05],
          [2.3080e-04],
          [1.7930e-05],
          [1.7869e-05],
          [1.3131e-04],
          [9.5832e-05],
          [3.7030e-05],
          [1.3256e-04],
          [1.0915e-04],
          [3.3126e-05],
          [1.7238e-04],
          [1.2186e-05],
          [8.9269e-06],
          [8.3070e-06],
          [9.2136e-06],
          [9.9153e-06],
          [1.0513e-05],
          [2.0110e-05],
          [1.1054e-05],
          [1.1799e-05],
          [1.1299e-05],
          [3.1807e-04],
          [2.2421e-05],
          [8.4921e-05],
          [4.0555e-05],
          [1.0068e-05],
          [9.1374e-06],
          [9.5827e-06],
          [1.2214e-05],
          [1.0404e-05],
          [1.0532e-05],
          [2.1191e-04],
          [1.9222e-05],
          [1.6228e-04],
          [1.2946e-05],
          [1.1739e-05],
          [1.0875e-05],
          [1.0209e-05],
          [9.4683e-06],
          [1.0103e-05],
          [9.5991e-06],
          [9.2250e-06],
          [1.1096e-05],
          [1.0194e-05],
          [1.0079e-05],
          [1.0593e-05],
          [1.7519e-04],
          [1.4052e-04],
          [1.2063e-05],
          [1.0198e-05],
          [1.1093e-05],
          [1.0405e-05],
          [1.0636e-05],
          [1.4556e-05],
          [1.5986e-05],
          [1.4494e-05],
          [1.3830e-05],
          [1.1911e-05],
          [1.2045e-05],
          [1.0912e-05],
          [1.1926e-05],
          [1.3872e-05],
          [2.2420e-05],
          [1.7386e-05],
          [1.1785e-05],
          [1.1475e-05],
          [1.1158e-05],
          [1.0935e-05],
          [1.0927e-05],
          [1.1570e-05],
          [1.2010e-05],
          [1.4436e-05],
          [1.3489e-05],
          [1.9824e-05],
          [2.2876e-05],
          [2.1673e-05],
          [1.4719e-05],
          [1.6055e-05],
          [1.7103e-05],
          [2.4163e-05],
          [2.4291e-05],
          [3.7445e-05],
          [3.1548e-05],
          [2.2404e-05],
          [2.7759e-05],
          [2.0674e-05],
          [1.5292e-05],
          [1.3481e-05],
          [1.1299e-05],
          [1.0629e-05],
          [1.1317e-04],
          [1.9580e-05],
          [8.2526e-05],
          [1.3350e-05],
          [1.1401e-05],
          [1.0488e-05],
          [1.0503e-05],
          [1.0003e-05],
          [1.1163e-05],
          [1.0097e-05],
          [9.1226e-06],
          [9.7907e-06],
          [1.1163e-05],
          [1.0731e-05],
          [9.3825e-06],
          [9.0764e-06],
          [9.4687e-06],
          [1.0203e-04],
          [5.9209e-05],
          [1.8178e-04],
          [1.1112e-05],
          [9.5085e-06],
          [9.4370e-06],
          [1.6103e-05],
          [2.9532e-04],
          [1.6884e-04],
          [1.3105e-05],
          [1.2474e-05],
          [1.2485e-05],
          [1.5014e-05],
          [1.7891e-05],
          [2.2997e-05],
          [3.2467e-05],
          [2.8357e-05],
          [2.4584e-05],
          [1.8972e-05],
          [1.6894e-05],
          [1.3726e-05],
          [1.1024e-05],
          [1.2236e-05],
          [1.3022e-05],
          [9.4238e-06],
          [1.2163e-05],
          [3.7340e-05],
          [2.5399e-05],
          [3.2825e-05],
          [2.9706e-05],
          [2.5081e-05],
          [2.8167e-05],
          [1.5984e-05],
          [1.4602e-05],
          [1.1329e-05],
          [1.2668e-04],
          [8.8406e-05],
          [1.1964e-05],
          [1.1065e-05],
          [1.2296e-05],
          [1.0794e-05],
          [1.7925e-05],
          [1.6661e-05],
          [2.3593e-05],
          [4.7571e-05],
          [3.0815e-05],
          [8.2294e-05],
          [1.2509e-04],
          [2.5119e-05],
          [1.7782e-05],
          [1.5091e-05],
          [2.0930e-05],
          [1.0715e-05],
          [1.4489e-04],
          [1.1370e-04],
          [1.4627e-05],
          [6.7494e-05],
          [5.9056e-05],
          [1.3720e-05],
          [2.1103e-04],
          [1.5039e-05],
          [2.3736e-04],
          [1.2143e-05],
          [9.3196e-06],
          [8.3451e-06],
          [1.4246e-05],
          [1.0643e-05],
          [1.2831e-05],
          [4.0452e-06]]]])
