# Using CPU
# Loading Embeddings...
# Making Predictions...
torch.Size([1, 1, 442, 370])
tensor([[[[9.0816e-05],
          [4.6991e-05],
          [7.7443e-05],
          [5.5369e-05],
          [4.3165e-05],
          [2.4526e-04],
          [1.4064e-04],
          [5.2043e-05],
          [3.2260e-04],
          [1.3888e-04],
          [3.7216e-05],
          [3.1207e-05],
          [3.6422e-04],
          [1.6229e-04],
          [5.2238e-05],
          [6.3999e-05],
          [8.5774e-05],
          [1.8796e-04],
          [2.9824e-04],
          [4.0200e-04],
          [3.7175e-04],
          [9.6452e-05],
          [1.3231e-04],
          [3.1597e-05],
          [4.5836e-05],
          [5.6450e-05],
          [7.9699e-05],
          [1.2999e-04],
          [1.5698e-04],
          [2.0288e-04],
          [1.9733e-04],
          [2.4269e-04],
          [2.2318e-04],
          [2.2267e-04],
          [1.7577e-04],
          [1.2419e-04],
          [3.2662e-03],
          [1.9955e-04],
          [4.0215e-04],
          [1.5838e-04],
          [2.3268e-04],
          [3.2475e-05],
          [4.7668e-05],
          [5.6895e-05],
          [5.3674e-05],
          [5.3601e-05],
          [5.6397e-05],
          [6.0904e-05],
          [5.2346e-05],
          [2.9191e-04],
          [1.5693e-04],
          [3.8968e-05],
          [3.3378e-05],
          [2.0745e-04],
          [9.1275e-05],
          [4.6356e-05],
          [3.9931e-05],
          [4.0585e-05],
          [5.2956e-05],
          [6.2220e-05],
          [5.7691e-05],
          [4.8081e-05],
          [8.1485e-04],
          [3.4923e-04],
          [4.1923e-05],
          [4.9548e-05],
          [5.0650e-05],
          [5.2789e-05],
          [5.3745e-05],
          [4.3750e-05],
          [4.4185e-05],
          [5.0570e-04],
          [5.2945e-05],
          [4.8414e-05],
          [2.9877e-05],
          [4.8546e-05],
          [2.3153e-04],
          [3.7764e-05],
          [4.1447e-05],
          [3.0799e-05],
          [2.9803e-04],
          [1.5548e-04],
          [3.0714e-05],
          [2.5295e-05],
          [2.8625e-05],
          [3.4065e-05],
          [4.0580e-05],
          [4.8703e-05],
          [5.4443e-05],
          [5.0412e-05],
          [2.5548e-04],
          [7.4474e-05],
          [2.6187e-04],
          [5.9820e-05],
          [1.5099e-04],
          [2.1810e-04],
          [3.3151e-04],
          [7.9178e-04],
          [1.3612e-03],
          [1.6801e-03],
          [1.9331e-03],
          [6.5748e-04],
          [2.0957e-04],
          [6.9630e-05],
          [5.2865e-05],
          [6.4906e-05],
          [4.8415e-05],
          [6.1211e-05],
          [5.7704e-05],
          [5.7808e-05],
          [4.2861e-05],
          [1.3347e-04],
          [3.2331e-04],
          [5.0381e-05],
          [4.0744e-04],
          [5.5120e-05],
          [3.5906e-05],
          [3.2352e-05],
          [4.8541e-05],
          [6.1798e-05],
          [6.6730e-05],
          [5.3333e-05],
          [6.7063e-05],
          [5.4070e-05],
          [6.0896e-05],
          [5.1555e-05],
          [5.4582e-05],
          [5.1995e-05],
          [7.5615e-05],
          [8.3444e-05],
          [8.4020e-05],
          [1.0553e-03],
          [4.6483e-04],
          [1.1807e-04],
          [1.3752e-04],
          [1.1805e-04],
          [9.9609e-05],
          [1.3581e-04],
          [1.0272e-04],
          [1.0583e-04],
          [6.9402e-05],
          [6.9236e-05],
          [4.7116e-05],
          [5.8223e-05],
          [6.1581e-05],
          [8.8396e-05],
          [8.7049e-05],
          [9.4725e-05],
          [1.0105e-04],
          [1.3496e-04],
          [1.1515e-04],
          [1.3017e-04],
          [1.4342e-04],
          [2.1954e-04],
          [2.5654e-04],
          [3.4479e-04],
          [8.5746e-04],
          [2.1273e-04],
          [2.4193e-04],
          [1.7019e-04],
          [1.0732e-04],
          [1.0655e-04],
          [9.9180e-05],
          [7.1388e-05],
          [8.4901e-05],
          [8.8433e-05],
          [9.9888e-05],
          [8.9341e-05],
          [1.1256e-04],
          [9.1484e-05],
          [1.1520e-04],
          [6.3930e-04],
          [3.4712e-04],
          [9.7448e-05],
          [8.0686e-05],
          [8.5398e-05],
          [6.6229e-05],
          [5.9379e-05],
          [8.3456e-04],
          [1.0266e-04],
          [5.7916e-04],
          [6.3350e-05],
          [5.9525e-05],
          [2.4568e-04],
          [4.7016e-05],
          [2.5027e-04],
          [1.1556e-04],
          [1.4325e-04],
          [9.5302e-05],
          [3.1540e-04],
          [6.6056e-05],
          [1.0576e-04],
          [7.9436e-05],
          [6.7446e-05],
          [5.9499e-05],
          [6.0675e-05],
          [7.4668e-05],
          [6.0079e-05],
          [6.4862e-04],
          [2.8848e-04],
          [5.5254e-05],
          [6.1101e-05],
          [5.7893e-05],
          [6.0702e-05],
          [6.5841e-05],
          [6.7473e-05],
          [5.2279e-05],
          [1.8975e-04],
          [9.6614e-05],
          [5.3500e-05],
          [5.0597e-05],
          [4.5448e-05],
          [4.3177e-05],
          [3.3157e-04],
          [8.2820e-05],
          [4.5701e-05],
          [3.0578e-04],
          [4.9555e-05],
          [4.3964e-05],
          [3.9712e-05],
          [3.9367e-05],
          [5.0016e-05],
          [4.0583e-05],
          [4.1849e-05],
          [3.4040e-05],
          [3.1674e-05],
          [2.5414e-05],
          [3.5287e-05],
          [2.8877e-05],
          [3.0632e-05],
          [2.7358e-05],
          [4.1467e-05],
          [4.6273e-05],
          [4.2087e-05],
          [3.5192e-04],
          [1.4999e-04],
          [3.3211e-05],
          [2.0538e-05],
          [2.5762e-05],
          [5.9214e-05],
          [2.0266e-04],
          [3.4282e-04],
          [1.9772e-04],
          [7.8696e-04],
          [5.4810e-04],
          [1.4393e-04],
          [1.4605e-04],
          [9.2113e-05],
          [2.1663e-05],
          [2.2789e-04],
          [2.2258e-05],
          [1.6092e-04],
          [1.4912e-04],
          [4.2296e-05],
          [5.0202e-05],
          [5.2985e-05],
          [5.3838e-05],
          [6.7331e-05],
          [6.3427e-05],
          [9.8184e-05],
          [9.5371e-05],
          [1.0576e-04],
          [1.0271e-04],
          [1.1682e-04],
          [1.7398e-04],
          [9.3187e-05],
          [7.0056e-05],
          [6.9147e-04],
          [5.8749e-05],
          [3.4416e-05],
          [4.3998e-04],
          [2.0492e-04],
          [5.7152e-05],
          [2.2798e-04],
          [1.4317e-04],
          [4.3701e-05],
          [6.0711e-04],
          [2.3212e-05],
          [2.1424e-05],
          [2.1527e-05],
          [2.3190e-05],
          [2.2044e-05],
          [5.5738e-05],
          [2.0743e-04],
          [1.9706e-04],
          [4.4092e-04],
          [2.1820e-04],
          [4.4154e-04],
          [6.4664e-05],
          [8.9317e-05],
          [4.5072e-05],
          [2.2749e-05],
          [2.2819e-05],
          [3.0230e-05],
          [2.4699e-05],
          [3.1199e-05],
          [4.1182e-05],
          [2.6042e-04],
          [5.9547e-05],
          [1.4235e-04],
          [4.9924e-05],
          [6.3626e-05],
          [3.7204e-05],
          [3.8992e-05],
          [4.0237e-05],
          [3.4217e-05],
          [3.5852e-05],
          [4.8206e-05],
          [4.6656e-05],
          [6.2477e-05],
          [6.8981e-05],
          [7.2056e-05],
          [5.2178e-04],
          [1.8053e-04],
          [5.8715e-05],
          [4.6632e-05],
          [3.0925e-05],
          [3.4899e-05],
          [4.7994e-05],
          [1.7375e-04],
          [3.6668e-04],
          [4.4739e-04],
          [4.7960e-04],
          [2.8352e-04],
          [1.6375e-04],
          [4.7967e-05],
          [3.4496e-05],
          [2.9352e-05],
          [4.7286e-05],
          [3.1026e-05],
          [3.8650e-05],
          [3.6015e-05],
          [4.8571e-05],
          [3.6767e-05],
          [3.9263e-05],
          [4.7554e-05],
          [6.5131e-05],
          [1.4959e-04],
          [1.1980e-04],
          [5.0075e-04],
          [3.9744e-04],
          [2.5116e-04],
          [4.9789e-05],
          [5.9082e-05],
          [3.9356e-05],
          [3.7566e-05],
          [2.3944e-05],
          [6.8090e-05],
          [2.6419e-05],
          [6.9856e-05],
          [1.2551e-04],
          [1.9787e-04],
          [1.1499e-04],
          [5.5362e-05],
          [3.1784e-05],
          [3.7184e-05],
          [2.4937e-04],
          [9.4682e-05],
          [1.6102e-04],
          [5.8425e-05],
          [7.5328e-05],
          [6.2361e-05],
          [6.7934e-05],
          [6.6764e-05],
          [5.9942e-05],
          [5.2271e-05],
          [4.3177e-05],
          [4.2190e-05],
          [3.8191e-05],
          [4.0853e-05],
          [5.1379e-05],
          [4.8669e-05],
          [4.8089e-05],
          [2.7992e-04],
          [1.4701e-04],
          [2.2965e-04],
          [3.6721e-05],
          [2.6669e-05],
          [2.4234e-05],
          [8.3943e-05],
          [2.1138e-04],
          [1.1235e-04],
          [7.1504e-05],
          [6.7929e-05],
          [3.1563e-05],
          [3.6876e-05],
          [3.5654e-05],
          [8.4685e-05],
          [1.9625e-04],
          [3.6407e-04],
          [2.8853e-04],
          [2.2063e-04],
          [1.4471e-04],
          [7.5904e-05],
          [2.7880e-05],
          [2.4904e-05],
          [2.6989e-05],
          [3.4446e-05],
          [3.4507e-05],
          [2.3598e-04],
          [1.3877e-04],
          [2.2003e-04],
          [3.6187e-04],
          [9.6857e-05],
          [1.1745e-04],
          [4.2401e-05],
          [5.6057e-05],
          [4.4088e-05],
          [3.7329e-04],
          [1.6462e-04],
          [7.5751e-05],
          [7.0776e-05],
          [6.1248e-05],
          [4.7776e-05],
          [7.4594e-05],
          [5.3269e-05],
          [8.2911e-05],
          [6.9690e-05],
          [1.5032e-04],
          [1.1855e-04],
          [1.1306e-04],
          [6.2372e-05],
          [3.5097e-05],
          [3.6423e-05],
          [4.5226e-05],
          [2.5855e-05],
          [2.2875e-04],
          [1.5980e-04],
          [2.4537e-05],
          [1.1181e-04],
          [2.1521e-04],
          [2.7327e-05],
          [3.0481e-04],
          [2.1677e-05],
          [4.7664e-04],
          [3.6686e-05],
          [3.3772e-05],
          [3.5965e-05],
          [4.7461e-05],
          [3.0548e-05],
          [4.3110e-05],
          [5.8290e-06]]]])
