# Using CPU
# Loading Embeddings...
# Making Predictions...
torch.Size([1, 1, 442, 317])
tensor([[[[1.6830e-04],
          [3.9491e-05],
          [1.0931e-04],
          [3.9015e-05],
          [2.4152e-05],
          [1.2183e-03],
          [8.4805e-04],
          [6.1081e-05],
          [6.6559e-04],
          [9.9838e-04],
          [3.8434e-05],
          [2.9605e-05],
          [6.1124e-04],
          [1.8412e-04],
          [3.9963e-05],
          [3.3779e-05],
          [2.7368e-05],
          [3.0424e-05],
          [2.9866e-05],
          [2.9200e-05],
          [6.2979e-04],
          [2.8862e-05],
          [5.0103e-04],
          [2.6707e-05],
          [2.5076e-05],
          [2.9318e-05],
          [3.0407e-05],
          [4.9655e-05],
          [5.5700e-05],
          [6.4514e-05],
          [6.9162e-05],
          [7.2764e-05],
          [6.3968e-05],
          [7.0946e-05],
          [5.2600e-05],
          [5.1081e-05],
          [1.4772e-03],
          [5.4493e-05],
          [2.0508e-04],
          [1.7351e-04],
          [3.7740e-04],
          [3.0327e-05],
          [2.1382e-05],
          [2.1491e-05],
          [2.6710e-05],
          [3.1965e-05],
          [1.8433e-05],
          [2.2320e-05],
          [2.9725e-05],
          [1.0807e-03],
          [3.1678e-04],
          [2.9168e-05],
          [2.6363e-05],
          [7.6791e-04],
          [5.1462e-04],
          [3.3463e-05],
          [2.5162e-05],
          [2.4803e-05],
          [3.0279e-05],
          [2.2605e-05],
          [2.6390e-05],
          [2.4261e-05],
          [6.9962e-04],
          [1.8231e-04],
          [2.5892e-05],
          [2.7306e-05],
          [3.7904e-05],
          [4.0014e-05],
          [3.9731e-05],
          [3.3246e-05],
          [2.8773e-05],
          [6.6966e-04],
          [3.5427e-05],
          [2.6346e-05],
          [2.3773e-05],
          [2.6441e-05],
          [1.5833e-03],
          [3.5688e-05],
          [3.1895e-05],
          [3.4269e-05],
          [3.1563e-04],
          [1.1677e-04],
          [3.2712e-05],
          [1.7812e-05],
          [2.0655e-05],
          [2.0189e-05],
          [2.1856e-05],
          [2.6299e-05],
          [2.2194e-05],
          [2.2662e-05],
          [7.6693e-04],
          [7.1182e-05],
          [1.7134e-04],
          [2.7480e-05],
          [3.1857e-05],
          [3.2725e-05],
          [3.2566e-05],
          [3.5111e-05],
          [3.4246e-05],
          [3.8415e-05],
          [3.2481e-05],
          [3.1955e-05],
          [2.9210e-05],
          [2.7667e-05],
          [2.9361e-05],
          [2.3426e-05],
          [2.1779e-05],
          [1.9946e-05],
          [2.2894e-05],
          [2.6434e-05],
          [1.7719e-05],
          [1.3470e-04],
          [1.1283e-04],
          [2.4441e-05],
          [1.6895e-04],
          [2.1421e-05],
          [1.9930e-05],
          [2.5448e-05],
          [1.8784e-05],
          [2.1908e-05],
          [1.9812e-05],
          [2.2126e-05],
          [2.5210e-05],
          [2.6737e-05],
          [2.3790e-05],
          [2.1386e-05],
          [2.5389e-05],
          [2.7040e-05],
          [5.5894e-05],
          [1.1970e-04],
          [4.9027e-04],
          [6.2252e-03],
          [4.4703e-03],
          [1.6335e-03],
          [3.7649e-04],
          [1.4897e-04],
          [7.1211e-05],
          [4.6994e-05],
          [2.9037e-05],
          [2.3834e-05],
          [2.7138e-05],
          [2.0146e-05],
          [1.9732e-05],
          [2.2941e-05],
          [2.1841e-05],
          [2.1111e-05],
          [2.1894e-05],
          [2.3882e-05],
          [3.1525e-05],
          [5.0335e-05],
          [5.0219e-05],
          [6.1651e-05],
          [5.9399e-05],
          [7.4744e-05],
          [5.5914e-05],
          [5.7132e-05],
          [7.7088e-04],
          [4.4248e-04],
          [5.2465e-04],
          [1.0348e-03],
          [5.7236e-05],
          [8.2243e-05],
          [2.0221e-04],
          [2.5047e-04],
          [1.0487e-04],
          [8.8343e-05],
          [7.4650e-05],
          [6.1705e-05],
          [3.2990e-05],
          [2.6768e-05],
          [2.6788e-05],
          [1.0277e-03],
          [5.2389e-04],
          [2.3242e-05],
          [2.7247e-05],
          [2.5464e-05],
          [2.6191e-05],
          [2.3692e-05],
          [5.7481e-04],
          [6.3413e-05],
          [2.1795e-04],
          [1.8264e-05],
          [2.2084e-05],
          [6.9984e-04],
          [2.5588e-05],
          [1.6352e-04],
          [2.6937e-05],
          [2.9546e-05],
          [3.0611e-05],
          [1.6609e-03],
          [2.6786e-05],
          [1.8672e-03],
          [2.5875e-05],
          [2.2812e-05],
          [2.4616e-05],
          [2.2164e-05],
          [2.0680e-05],
          [2.2371e-05],
          [5.5328e-04],
          [1.9466e-04],
          [1.7317e-05],
          [2.0370e-05],
          [2.5193e-05],
          [2.4297e-05],
          [2.5703e-05],
          [2.6255e-05],
          [2.8045e-05],
          [1.9352e-03],
          [5.0099e-04],
          [2.5753e-05],
          [2.8806e-05],
          [2.2522e-05],
          [2.5184e-05],
          [2.3413e-03],
          [4.3086e-05],
          [2.2743e-05],
          [9.5102e-04],
          [2.5527e-05],
          [2.8971e-05],
          [3.4087e-05],
          [3.1456e-05],
          [2.8851e-05],
          [3.2015e-05],
          [2.9423e-05],
          [2.9454e-05],
          [4.7577e-05],
          [3.1180e-05],
          [3.0069e-05],
          [3.4451e-05],
          [3.3754e-05],
          [2.3524e-05],
          [2.8051e-05],
          [2.5694e-05],
          [2.5255e-05],
          [1.7571e-03],
          [2.4497e-04],
          [2.0905e-05],
          [2.4266e-05],
          [3.5158e-05],
          [4.0861e-05],
          [3.8194e-05],
          [3.3867e-05],
          [2.4420e-05],
          [3.6329e-05],
          [3.3915e-05],
          [1.6188e-05],
          [2.9485e-04],
          [2.4913e-04],
          [2.4182e-05],
          [1.7325e-04],
          [1.6062e-05],
          [7.2330e-04],
          [1.8416e-04],
          [1.8463e-05],
          [1.8393e-05],
          [2.0515e-05],
          [1.9745e-05],
          [2.1930e-05],
          [2.0107e-05],
          [2.6067e-05],
          [2.6130e-05],
          [2.3210e-05],
          [2.8469e-05],
          [3.7926e-05],
          [5.4505e-05],
          [5.5185e-05],
          [4.1277e-05],
          [2.5801e-04],
          [2.9960e-05],
          [2.2396e-05],
          [2.0249e-04],
          [1.7272e-04],
          [2.5401e-05],
          [2.2550e-04],
          [1.9423e-04],
          [7.0428e-05],
          [2.2840e-04],
          [1.6149e-05],
          [1.4726e-05],
          [1.9786e-05],
          [1.8271e-05],
          [2.0062e-05],
          [1.9579e-05],
          [2.0979e-05],
          [2.1757e-05],
          [2.6410e-05],
          [2.7373e-05],
          [6.1504e-04],
          [3.2567e-05],
          [1.1796e-04],
          [1.1088e-04],
          [1.5715e-05],
          [1.7069e-05],
          [1.8947e-05],
          [1.6180e-05],
          [2.1009e-05],
          [2.0946e-05],
          [1.9353e-03],
          [3.1608e-05],
          [9.2588e-04],
          [2.4249e-05],
          [2.3580e-05],
          [2.2548e-05],
          [2.4588e-05],
          [2.2634e-05],
          [2.2810e-05],
          [2.8755e-05],
          [2.7684e-05],
          [3.7448e-05],
          [2.6691e-05],
          [3.0328e-05],
          [2.4229e-05],
          [2.5674e-03],
          [4.4596e-04],
          [1.9448e-05],
          [2.1648e-05],
          [2.4116e-05],
          [2.1717e-05],
          [2.1845e-05],
          [2.6111e-05],
          [2.2515e-05],
          [2.4211e-05],
          [1.8755e-05],
          [2.0718e-05],
          [2.4057e-05],
          [1.8672e-05],
          [2.0166e-05],
          [1.9628e-05],
          [2.5439e-05],
          [2.2706e-05],
          [2.5598e-05],
          [2.3900e-05],
          [2.5673e-05],
          [3.0152e-05],
          [3.3399e-05],
          [3.6742e-05],
          [3.8381e-05],
          [3.7750e-05],
          [3.7880e-05],
          [3.9871e-05],
          [3.6565e-05],
          [4.4903e-05],
          [4.1024e-05],
          [3.1849e-05],
          [3.2471e-05],
          [3.2153e-05],
          [3.1299e-05],
          [2.6603e-05],
          [3.1142e-05],
          [3.1620e-05],
          [3.0396e-05],
          [1.8452e-05],
          [2.9511e-05],
          [2.3146e-05],
          [3.1242e-05],
          [3.0187e-05],
          [3.2521e-04],
          [5.2590e-05],
          [2.1447e-03],
          [2.8089e-05],
          [3.0590e-05],
          [4.1838e-05],
          [3.0951e-05],
          [2.6622e-05],
          [3.9893e-05],
          [3.8210e-05],
          [2.3361e-05],
          [2.0947e-05],
          [2.4101e-05],
          [2.5136e-05],
          [2.4357e-05],
          [3.1832e-05],
          [2.7819e-05],
          [7.8703e-04],
          [1.4298e-04],
          [9.5191e-04],
          [1.9919e-05],
          [1.8022e-05],
          [1.6357e-05],
          [1.9763e-05],
          [1.1861e-03],
          [5.8630e-04],
          [2.0545e-05],
          [2.2958e-05],
          [3.5463e-05],
          [5.8613e-05],
          [6.2222e-05],
          [7.0644e-05],
          [9.2586e-05],
          [6.7938e-05],
          [4.3192e-05],
          [3.6963e-05],
          [5.0043e-05],
          [2.6977e-05],
          [3.1442e-05],
          [2.4868e-05],
          [3.4928e-05],
          [2.8081e-05],
          [2.0281e-05],
          [6.4354e-05],
          [3.5843e-05],
          [4.2321e-05],
          [6.9699e-05],
          [3.0268e-05],
          [2.8552e-05],
          [2.7023e-05],
          [2.5214e-05],
          [1.9511e-05],
          [5.6809e-04],
          [2.6331e-04],
          [2.4481e-05],
          [2.1694e-05],
          [3.1684e-05],
          [2.2305e-05],
          [2.4006e-05],
          [2.8838e-05],
          [2.2523e-05],
          [9.7175e-05],
          [1.2934e-04],
          [4.7909e-04],
          [5.7739e-04],
          [2.2556e-05],
          [1.5153e-05],
          [1.4936e-05],
          [1.7437e-05],
          [1.3680e-05],
          [4.7591e-04],
          [1.2303e-04],
          [1.5442e-05],
          [7.2921e-05],
          [8.3488e-05],
          [1.8234e-05],
          [2.6673e-04],
          [2.3442e-05],
          [2.9828e-04],
          [2.3544e-05],
          [1.3946e-05],
          [1.4497e-05],
          [2.3737e-05],
          [1.3541e-05],
          [3.4754e-05],
          [6.6539e-06]]]])
