# Using CPU
# Loading Embeddings...
# Making Predictions...
torch.Size([1, 1, 442, 452])
tensor([[[[8.6236e-05],
          [2.9686e-05],
          [7.1268e-05],
          [5.0192e-05],
          [3.8412e-05],
          [3.0904e-04],
          [1.1299e-04],
          [8.2168e-05],
          [4.9059e-04],
          [1.4506e-04],
          [1.0128e-04],
          [7.5422e-05],
          [9.9959e-04],
          [2.5032e-04],
          [8.1193e-05],
          [5.6270e-05],
          [5.4169e-05],
          [5.5216e-05],
          [5.1697e-05],
          [6.0696e-05],
          [1.5883e-04],
          [5.5904e-05],
          [7.5117e-05],
          [4.7915e-05],
          [5.9625e-05],
          [7.1007e-05],
          [1.4373e-04],
          [2.2856e-04],
          [2.5821e-04],
          [2.7921e-04],
          [2.6526e-04],
          [2.0575e-04],
          [2.0839e-04],
          [1.6568e-04],
          [1.4159e-04],
          [1.1241e-04],
          [1.0015e-03],
          [1.1939e-04],
          [1.6295e-04],
          [1.6170e-04],
          [1.3814e-04],
          [9.6313e-05],
          [8.6830e-05],
          [8.5752e-05],
          [8.8837e-05],
          [7.2947e-05],
          [6.4238e-05],
          [5.5742e-05],
          [6.0486e-05],
          [1.2216e-04],
          [1.0535e-04],
          [4.0451e-05],
          [4.0890e-05],
          [1.7620e-04],
          [6.2915e-05],
          [4.3961e-05],
          [4.2688e-05],
          [4.0385e-05],
          [7.3984e-05],
          [7.0185e-05],
          [8.3363e-05],
          [8.2909e-05],
          [3.5688e-04],
          [2.9495e-04],
          [6.9308e-05],
          [6.8910e-05],
          [7.0558e-05],
          [6.9995e-05],
          [1.1122e-04],
          [5.6404e-05],
          [5.0359e-05],
          [2.1749e-04],
          [4.9024e-05],
          [4.3390e-05],
          [5.9747e-05],
          [4.3855e-05],
          [1.0113e-04],
          [4.4459e-05],
          [4.4461e-05],
          [3.6888e-05],
          [1.8053e-04],
          [1.6129e-04],
          [3.0610e-05],
          [3.1655e-05],
          [4.0936e-05],
          [4.9537e-05],
          [6.5221e-05],
          [7.8267e-05],
          [6.6625e-05],
          [3.5691e-05],
          [1.5682e-04],
          [4.4982e-05],
          [1.4836e-04],
          [2.9166e-05],
          [3.0843e-05],
          [4.2218e-05],
          [5.0359e-05],
          [5.4168e-05],
          [6.7090e-05],
          [6.2669e-05],
          [8.1373e-05],
          [6.8865e-05],
          [5.8356e-05],
          [6.2627e-05],
          [5.4352e-05],
          [5.0722e-05],
          [4.9948e-05],
          [5.8840e-05],
          [6.4136e-05],
          [6.5084e-05],
          [4.8687e-05],
          [1.5073e-04],
          [1.3183e-04],
          [4.4463e-05],
          [2.5864e-04],
          [6.0505e-05],
          [5.2652e-05],
          [5.9792e-05],
          [4.3309e-05],
          [6.1127e-05],
          [6.5133e-05],
          [5.9276e-05],
          [4.7958e-05],
          [3.8243e-05],
          [5.4561e-05],
          [5.7218e-05],
          [4.7063e-05],
          [5.8369e-05],
          [8.0288e-05],
          [9.4643e-05],
          [2.0708e-04],
          [5.1236e-04],
          [8.8671e-04],
          [7.2305e-04],
          [2.2482e-04],
          [1.3909e-04],
          [1.2874e-04],
          [1.2862e-04],
          [1.1159e-04],
          [8.4089e-05],
          [5.6255e-05],
          [5.4827e-05],
          [4.1243e-05],
          [5.7967e-05],
          [5.1666e-05],
          [7.5657e-05],
          [9.5150e-05],
          [1.2402e-04],
          [1.5203e-04],
          [2.0321e-04],
          [2.0256e-04],
          [1.9292e-04],
          [1.9150e-04],
          [1.7443e-04],
          [1.3843e-04],
          [1.3066e-04],
          [5.6815e-04],
          [8.0227e-05],
          [1.4838e-04],
          [9.6900e-05],
          [5.2318e-05],
          [5.1005e-05],
          [1.4764e-04],
          [1.2872e-04],
          [6.9186e-05],
          [1.0656e-04],
          [9.0465e-05],
          [9.2564e-05],
          [1.0127e-04],
          [9.8497e-05],
          [8.9542e-05],
          [3.3741e-04],
          [1.4056e-04],
          [1.0507e-04],
          [1.2307e-04],
          [1.1762e-04],
          [1.1841e-04],
          [1.0164e-04],
          [3.5706e-04],
          [1.1165e-04],
          [4.5485e-04],
          [5.2558e-05],
          [5.6691e-05],
          [1.5146e-04],
          [3.5304e-05],
          [1.4695e-04],
          [3.9914e-05],
          [4.5022e-05],
          [3.5883e-05],
          [2.4322e-04],
          [4.6584e-05],
          [9.8758e-05],
          [5.3014e-05],
          [7.3381e-05],
          [9.2427e-05],
          [9.2066e-05],
          [7.7952e-05],
          [8.5404e-05],
          [3.0358e-04],
          [2.4433e-04],
          [5.0128e-05],
          [4.7325e-05],
          [5.0030e-05],
          [4.2924e-05],
          [4.3510e-05],
          [4.1991e-05],
          [3.6550e-05],
          [1.3952e-04],
          [7.1969e-05],
          [4.0739e-05],
          [4.2985e-05],
          [4.2033e-05],
          [4.1197e-05],
          [2.9003e-04],
          [4.4073e-05],
          [4.5719e-05],
          [1.5102e-04],
          [4.4119e-05],
          [4.3232e-05],
          [4.4584e-05],
          [4.3673e-05],
          [4.9338e-05],
          [4.9070e-05],
          [3.9671e-05],
          [3.6605e-05],
          [4.3367e-05],
          [4.4966e-05],
          [3.5486e-05],
          [4.3720e-05],
          [4.8813e-05],
          [4.4303e-05],
          [4.0684e-05],
          [3.7912e-05],
          [4.1236e-05],
          [2.8989e-04],
          [8.3859e-05],
          [3.7424e-05],
          [3.2314e-05],
          [3.7930e-05],
          [3.8895e-05],
          [8.7129e-05],
          [6.7148e-05],
          [4.1996e-05],
          [1.0835e-04],
          [7.2653e-05],
          [2.7474e-05],
          [9.0794e-05],
          [9.1706e-05],
          [3.1030e-05],
          [1.9889e-04],
          [3.1481e-05],
          [1.7786e-04],
          [9.9822e-05],
          [7.8692e-05],
          [9.2562e-05],
          [8.4074e-05],
          [7.1503e-05],
          [8.3175e-05],
          [1.0262e-04],
          [1.0157e-04],
          [1.1422e-04],
          [1.0154e-04],
          [1.0027e-04],
          [1.5763e-04],
          [1.4530e-04],
          [1.5288e-04],
          [1.2355e-04],
          [5.3324e-04],
          [8.2582e-05],
          [8.3825e-05],
          [3.9105e-04],
          [2.9336e-04],
          [4.4648e-05],
          [1.3282e-04],
          [2.3006e-04],
          [5.1360e-05],
          [3.2776e-04],
          [3.3041e-05],
          [3.9275e-05],
          [2.3323e-05],
          [2.2348e-05],
          [2.6282e-05],
          [2.9403e-05],
          [3.6537e-05],
          [3.5679e-05],
          [4.9147e-05],
          [3.5050e-05],
          [2.1604e-04],
          [2.0817e-05],
          [9.4387e-05],
          [3.4193e-05],
          [2.1283e-05],
          [2.3309e-05],
          [2.4344e-05],
          [2.7365e-05],
          [3.8440e-05],
          [3.1732e-05],
          [1.4021e-04],
          [4.8738e-05],
          [1.0544e-04],
          [3.7705e-05],
          [4.1734e-05],
          [4.3109e-05],
          [4.1335e-05],
          [3.7628e-05],
          [3.7903e-05],
          [3.8883e-05],
          [4.5098e-05],
          [4.5207e-05],
          [5.1748e-05],
          [5.4476e-05],
          [5.7988e-05],
          [4.5184e-04],
          [1.4031e-04],
          [5.0355e-05],
          [4.5442e-05],
          [3.2132e-05],
          [2.9889e-05],
          [4.4717e-05],
          [6.3025e-05],
          [5.6295e-05],
          [5.0597e-05],
          [4.6009e-05],
          [4.8340e-05],
          [3.1830e-05],
          [2.0606e-05],
          [2.0946e-05],
          [2.6176e-05],
          [2.9766e-05],
          [2.7940e-05],
          [2.9986e-05],
          [3.0418e-05],
          [3.8977e-05],
          [3.5921e-05],
          [3.6164e-05],
          [5.0016e-05],
          [5.2534e-05],
          [5.8801e-05],
          [5.1056e-05],
          [6.9180e-05],
          [6.2896e-05],
          [6.2052e-05],
          [3.5187e-05],
          [3.4036e-05],
          [3.8735e-05],
          [4.1114e-05],
          [3.2624e-05],
          [5.4740e-05],
          [3.4596e-05],
          [3.4252e-05],
          [4.1455e-05],
          [2.6373e-05],
          [3.3298e-05],
          [3.2802e-05],
          [4.1325e-05],
          [4.1027e-05],
          [2.0473e-04],
          [5.2008e-05],
          [1.3884e-04],
          [5.2538e-05],
          [5.8764e-05],
          [5.1628e-05],
          [5.3555e-05],
          [5.2840e-05],
          [4.6613e-05],
          [3.9914e-05],
          [3.5524e-05],
          [3.2692e-05],
          [3.1552e-05],
          [3.2865e-05],
          [3.1617e-05],
          [4.1060e-05],
          [4.1484e-05],
          [1.7280e-04],
          [4.6639e-05],
          [1.6462e-04],
          [4.1033e-05],
          [4.0136e-05],
          [2.8326e-05],
          [2.8448e-05],
          [8.8599e-05],
          [7.1019e-05],
          [3.4554e-05],
          [3.2348e-05],
          [3.3450e-05],
          [4.5124e-05],
          [6.3281e-05],
          [6.1326e-05],
          [8.6147e-05],
          [8.2097e-05],
          [6.9509e-05],
          [6.1284e-05],
          [4.2388e-05],
          [3.0574e-05],
          [2.2580e-05],
          [2.4166e-05],
          [3.7545e-05],
          [2.9804e-05],
          [2.8956e-05],
          [1.2876e-04],
          [7.8150e-05],
          [1.0047e-04],
          [1.1879e-04],
          [9.1916e-05],
          [1.0208e-04],
          [9.0997e-05],
          [7.6735e-05],
          [5.4722e-05],
          [1.5613e-04],
          [1.3551e-04],
          [7.3120e-05],
          [5.3219e-05],
          [5.6461e-05],
          [5.4687e-05],
          [5.9706e-05],
          [5.1523e-05],
          [5.1142e-05],
          [5.9428e-05],
          [7.0778e-05],
          [7.8773e-05],
          [7.5137e-05],
          [6.3259e-05],
          [6.4190e-05],
          [6.5415e-05],
          [5.4516e-05],
          [4.8996e-05],
          [2.1831e-04],
          [1.4920e-04],
          [4.2971e-05],
          [6.2884e-05],
          [1.0485e-04],
          [4.5207e-05],
          [1.9887e-04],
          [4.0543e-05],
          [3.5962e-04],
          [4.3134e-05],
          [4.4670e-05],
          [3.3759e-05],
          [3.9063e-05],
          [3.0375e-05],
          [1.2637e-05],
          [5.7383e-06]]]])
