# Using CPU
# Loading Embeddings...
# Making Predictions...
torch.Size([1, 1, 442, 285])
tensor([[[[1.2500e-04],
          [3.9645e-05],
          [1.0868e-04],
          [2.3055e-05],
          [1.7545e-05],
          [5.9888e-04],
          [2.7132e-04],
          [2.5494e-05],
          [3.4353e-04],
          [2.7698e-04],
          [1.7149e-05],
          [1.6060e-05],
          [4.3941e-04],
          [2.0446e-04],
          [4.8498e-05],
          [2.8849e-05],
          [3.2116e-05],
          [3.1554e-05],
          [3.5192e-05],
          [3.0506e-05],
          [1.2068e-03],
          [2.9239e-05],
          [2.1719e-04],
          [2.6498e-05],
          [1.8662e-05],
          [1.9297e-05],
          [2.5262e-05],
          [3.9304e-05],
          [4.3726e-05],
          [5.6184e-05],
          [5.2682e-05],
          [7.1568e-05],
          [5.9550e-05],
          [7.8030e-05],
          [5.2286e-05],
          [5.3719e-05],
          [2.0291e-03],
          [8.3342e-05],
          [1.7934e-04],
          [2.0564e-04],
          [1.7583e-04],
          [2.5480e-05],
          [1.9475e-05],
          [1.9300e-05],
          [1.5376e-05],
          [1.7627e-05],
          [1.5529e-05],
          [2.0586e-05],
          [1.8482e-05],
          [3.3538e-04],
          [1.4397e-04],
          [2.6007e-05],
          [2.2657e-05],
          [7.6411e-04],
          [1.6541e-04],
          [2.4681e-05],
          [2.0117e-05],
          [1.6036e-05],
          [1.6483e-05],
          [1.6862e-05],
          [1.7863e-05],
          [1.5138e-05],
          [4.2194e-04],
          [2.5959e-04],
          [3.6208e-05],
          [3.0170e-05],
          [3.4555e-05],
          [3.7299e-05],
          [4.5113e-05],
          [3.1246e-05],
          [1.8987e-05],
          [3.9491e-04],
          [2.5927e-05],
          [2.0429e-05],
          [1.3992e-05],
          [1.7028e-05],
          [6.3010e-04],
          [1.8298e-05],
          [1.8731e-05],
          [1.5807e-05],
          [2.9674e-04],
          [1.5286e-04],
          [1.7132e-05],
          [1.6563e-05],
          [1.4970e-05],
          [1.5890e-05],
          [1.5884e-05],
          [1.6712e-05],
          [1.6915e-05],
          [1.6504e-05],
          [7.8686e-04],
          [4.7505e-05],
          [2.2786e-04],
          [2.5055e-05],
          [2.6010e-05],
          [3.1367e-05],
          [3.1462e-05],
          [3.9850e-05],
          [3.6498e-05],
          [4.4286e-05],
          [4.2122e-05],
          [4.3042e-05],
          [3.2607e-05],
          [2.8328e-05],
          [2.4671e-05],
          [1.9014e-05],
          [1.5642e-05],
          [1.7466e-05],
          [1.8508e-05],
          [1.9576e-05],
          [1.5757e-05],
          [9.0768e-05],
          [1.2099e-04],
          [2.0413e-05],
          [1.9001e-04],
          [1.5868e-05],
          [1.2129e-05],
          [1.7016e-05],
          [1.2104e-05],
          [1.3854e-05],
          [1.4367e-05],
          [1.5476e-05],
          [1.9562e-05],
          [2.4783e-05],
          [2.7834e-05],
          [2.9878e-05],
          [2.8797e-05],
          [3.8864e-05],
          [4.2691e-05],
          [5.0288e-05],
          [3.6800e-05],
          [6.4212e-04],
          [2.6471e-04],
          [5.5741e-05],
          [2.8830e-05],
          [2.0293e-05],
          [1.6168e-05],
          [2.3629e-05],
          [2.1316e-05],
          [1.8111e-05],
          [1.7284e-05],
          [2.0465e-05],
          [2.0137e-05],
          [2.1142e-05],
          [1.9643e-05],
          [1.5608e-05],
          [1.4607e-05],
          [1.8476e-05],
          [2.2618e-05],
          [3.4867e-05],
          [3.6018e-05],
          [4.0940e-05],
          [3.8942e-05],
          [4.7570e-05],
          [4.3376e-05],
          [4.1744e-05],
          [2.6756e-04],
          [1.4592e-04],
          [3.2937e-04],
          [3.3072e-04],
          [2.2100e-05],
          [2.3714e-05],
          [3.2363e-05],
          [3.2257e-05],
          [3.7496e-05],
          [2.8196e-05],
          [2.4279e-05],
          [2.3568e-05],
          [2.1353e-05],
          [1.9399e-05],
          [1.6713e-05],
          [4.7470e-04],
          [1.6129e-04],
          [1.8087e-05],
          [2.0113e-05],
          [2.1199e-05],
          [2.3770e-05],
          [2.1611e-05],
          [2.6772e-04],
          [4.0791e-05],
          [3.2083e-04],
          [1.6159e-05],
          [1.3699e-05],
          [3.4007e-04],
          [1.9401e-05],
          [2.2036e-04],
          [2.5164e-05],
          [2.5515e-05],
          [2.0053e-05],
          [6.8919e-04],
          [2.3887e-05],
          [3.0549e-04],
          [1.6990e-05],
          [1.9500e-05],
          [2.0606e-05],
          [2.0862e-05],
          [2.4354e-05],
          [1.8879e-05],
          [3.0690e-04],
          [1.7774e-04],
          [1.6728e-05],
          [1.8810e-05],
          [1.9853e-05],
          [1.8035e-05],
          [2.4447e-05],
          [2.7115e-05],
          [2.2718e-05],
          [6.5984e-04],
          [1.9706e-04],
          [2.1710e-05],
          [1.7680e-05],
          [1.4688e-05],
          [1.3257e-05],
          [4.1963e-04],
          [3.4259e-05],
          [1.8117e-05],
          [3.8767e-04],
          [2.0431e-05],
          [2.2270e-05],
          [2.1977e-05],
          [3.3666e-05],
          [3.5254e-05],
          [3.7475e-05],
          [3.4645e-05],
          [3.2108e-05],
          [4.8697e-05],
          [4.6333e-05],
          [3.4220e-05],
          [4.5041e-05],
          [6.7321e-05],
          [3.2897e-05],
          [3.3448e-05],
          [2.4497e-05],
          [2.0364e-05],
          [4.4453e-04],
          [1.1645e-04],
          [2.7575e-05],
          [2.4022e-05],
          [2.6888e-05],
          [3.5624e-05],
          [3.7783e-05],
          [2.5915e-05],
          [3.4428e-05],
          [5.4991e-05],
          [2.5918e-05],
          [2.3040e-05],
          [2.2656e-04],
          [1.2849e-04],
          [2.4343e-05],
          [1.8870e-04],
          [2.0796e-05],
          [2.3777e-04],
          [1.1206e-04],
          [1.9811e-05],
          [2.6682e-05],
          [2.9728e-05],
          [2.7985e-05],
          [3.9205e-05],
          [4.4233e-05],
          [5.2946e-05],
          [4.5223e-05],
          [5.8713e-05],
          [6.3639e-05],
          [7.4549e-05],
          [5.8065e-05],
          [5.6931e-05],
          [3.6174e-05],
          [1.5646e-04],
          [2.4802e-05],
          [1.9719e-05],
          [2.4349e-04],
          [1.3124e-04],
          [2.5781e-05],
          [1.5255e-04],
          [1.3077e-04],
          [4.0979e-05],
          [2.4338e-04],
          [1.4077e-05],
          [1.1106e-05],
          [1.2798e-05],
          [1.7013e-05],
          [2.2602e-05],
          [2.4417e-05],
          [3.2254e-05],
          [3.1540e-05],
          [3.2528e-05],
          [2.5173e-05],
          [5.5125e-04],
          [2.7012e-05],
          [7.3983e-05],
          [5.8771e-05],
          [1.2807e-05],
          [1.1263e-05],
          [1.5281e-05],
          [1.5654e-05],
          [1.7438e-05],
          [1.8261e-05],
          [7.5319e-04],
          [2.8468e-05],
          [3.9657e-04],
          [2.6930e-05],
          [2.3017e-05],
          [2.2957e-05],
          [2.4017e-05],
          [2.6844e-05],
          [2.7504e-05],
          [3.0139e-05],
          [3.7838e-05],
          [3.5831e-05],
          [3.5623e-05],
          [2.9601e-05],
          [3.6654e-05],
          [3.4786e-04],
          [1.7810e-04],
          [2.4971e-05],
          [2.5786e-05],
          [2.4851e-05],
          [2.6847e-05],
          [3.4764e-05],
          [4.3793e-05],
          [3.9431e-05],
          [3.5242e-05],
          [3.2932e-05],
          [3.1317e-05],
          [2.4940e-05],
          [2.1598e-05],
          [2.0637e-05],
          [1.7440e-05],
          [1.8435e-05],
          [1.6530e-05],
          [2.0416e-05],
          [2.4312e-05],
          [2.7245e-05],
          [3.0787e-05],
          [3.6349e-05],
          [4.2775e-05],
          [4.2529e-05],
          [4.2993e-05],
          [4.6523e-05],
          [5.0989e-05],
          [5.0888e-05],
          [5.1883e-05],
          [3.7623e-05],
          [3.0922e-05],
          [3.5437e-05],
          [3.2894e-05],
          [2.2962e-05],
          [4.3482e-05],
          [3.1858e-05],
          [2.7631e-05],
          [2.8914e-05],
          [2.3130e-05],
          [2.6367e-05],
          [2.1192e-05],
          [2.6754e-05],
          [2.3373e-05],
          [2.2934e-04],
          [3.3721e-05],
          [3.4684e-04],
          [2.4456e-05],
          [2.6253e-05],
          [3.0948e-05],
          [2.6855e-05],
          [2.8630e-05],
          [2.8738e-05],
          [2.8850e-05],
          [2.1459e-05],
          [1.8452e-05],
          [2.2192e-05],
          [1.8898e-05],
          [1.6951e-05],
          [1.8519e-05],
          [1.5112e-05],
          [2.4158e-04],
          [7.5038e-05],
          [4.0155e-04],
          [2.4085e-05],
          [1.9980e-05],
          [1.6482e-05],
          [1.7971e-05],
          [9.4086e-04],
          [2.8695e-04],
          [2.7994e-05],
          [3.2118e-05],
          [3.2973e-05],
          [6.3184e-05],
          [8.3623e-05],
          [6.4610e-05],
          [1.2746e-04],
          [9.1286e-05],
          [6.2286e-05],
          [4.4894e-05],
          [4.3880e-05],
          [2.9406e-05],
          [2.5586e-05],
          [2.6329e-05],
          [3.5442e-05],
          [2.5810e-05],
          [1.9918e-05],
          [1.8689e-04],
          [5.8423e-05],
          [4.1673e-05],
          [4.5795e-05],
          [2.6736e-05],
          [2.4451e-05],
          [2.6416e-05],
          [2.4142e-05],
          [1.9800e-05],
          [3.9035e-04],
          [1.4237e-04],
          [1.9135e-05],
          [2.2074e-05],
          [2.7372e-05],
          [2.1980e-05],
          [2.5937e-05],
          [2.8155e-05],
          [3.4711e-05],
          [1.4902e-04],
          [8.2938e-05],
          [6.2407e-04],
          [1.9882e-04],
          [2.7579e-05],
          [2.0099e-05],
          [1.6454e-05],
          [1.7541e-05],
          [1.2963e-05],
          [3.2073e-04],
          [1.5661e-04],
          [2.2406e-05],
          [8.3523e-05],
          [1.1363e-04],
          [1.7638e-05],
          [2.3354e-04],
          [2.8504e-05],
          [3.8019e-04],
          [2.8229e-05],
          [1.7786e-05],
          [1.3467e-05],
          [2.2460e-05],
          [1.3788e-05],
          [4.0619e-05],
          [5.8320e-06]]]])
