# Using CPU
# Loading Embeddings...
# Making Predictions...
torch.Size([1, 1, 442, 258])
tensor([[[[1.6693e-04],
          [2.1521e-05],
          [6.8361e-05],
          [2.0862e-05],
          [9.0231e-06],
          [7.4892e-04],
          [5.7511e-04],
          [1.3708e-05],
          [5.8818e-04],
          [7.0669e-04],
          [1.6042e-05],
          [1.5778e-05],
          [8.4221e-04],
          [1.7830e-04],
          [1.8241e-05],
          [1.1156e-05],
          [1.3437e-05],
          [1.4336e-05],
          [2.0974e-05],
          [2.1880e-05],
          [1.0168e-03],
          [2.6421e-05],
          [2.2438e-04],
          [1.5522e-05],
          [1.4939e-05],
          [1.6941e-05],
          [2.1452e-05],
          [2.8658e-05],
          [3.1716e-05],
          [3.8549e-05],
          [3.9881e-05],
          [4.4853e-05],
          [3.8316e-05],
          [3.7151e-05],
          [3.1911e-05],
          [2.9771e-05],
          [9.9995e-04],
          [3.8529e-05],
          [1.5219e-04],
          [1.6034e-04],
          [1.4663e-04],
          [1.6393e-05],
          [1.4259e-05],
          [1.5321e-05],
          [1.2975e-05],
          [1.3029e-05],
          [1.2712e-05],
          [1.3107e-05],
          [1.3169e-05],
          [3.7394e-04],
          [1.2584e-04],
          [1.1795e-05],
          [1.8932e-05],
          [7.8825e-04],
          [3.2784e-04],
          [1.3846e-05],
          [1.4130e-05],
          [1.4016e-05],
          [1.5281e-05],
          [1.8291e-05],
          [1.6613e-05],
          [1.6320e-05],
          [6.6146e-04],
          [1.9457e-04],
          [1.6293e-05],
          [1.5141e-05],
          [1.4877e-05],
          [1.3754e-05],
          [1.5720e-05],
          [1.3614e-05],
          [1.3796e-05],
          [4.7679e-04],
          [3.4630e-05],
          [1.7586e-05],
          [1.5415e-05],
          [2.6380e-05],
          [5.3437e-04],
          [1.4081e-05],
          [1.9753e-05],
          [1.4257e-05],
          [4.3216e-04],
          [1.6179e-04],
          [1.1947e-05],
          [1.1443e-05],
          [1.2974e-05],
          [1.3693e-05],
          [1.5833e-05],
          [1.8266e-05],
          [1.7051e-05],
          [1.5577e-05],
          [6.5995e-04],
          [9.1611e-05],
          [2.5151e-04],
          [2.0708e-05],
          [2.5678e-05],
          [3.2378e-05],
          [3.0017e-05],
          [4.0761e-05],
          [3.0796e-05],
          [3.7630e-05],
          [3.2859e-05],
          [2.5969e-05],
          [1.7597e-05],
          [1.4720e-05],
          [1.3282e-05],
          [1.6958e-05],
          [1.9082e-05],
          [2.2216e-05],
          [2.3155e-05],
          [2.3715e-05],
          [2.0552e-05],
          [3.0738e-04],
          [2.6032e-04],
          [1.8624e-05],
          [2.3784e-04],
          [1.4871e-05],
          [1.1704e-05],
          [1.0400e-05],
          [1.1227e-05],
          [1.2633e-05],
          [1.3329e-05],
          [1.1986e-05],
          [1.8392e-05],
          [1.9248e-05],
          [1.3931e-05],
          [1.4373e-05],
          [1.6724e-05],
          [1.5734e-05],
          [1.8635e-05],
          [1.8576e-05],
          [2.0384e-05],
          [7.2804e-04],
          [2.1221e-04],
          [1.9515e-05],
          [2.3872e-05],
          [1.9196e-05],
          [1.6859e-05],
          [1.8204e-05],
          [1.4000e-05],
          [1.5273e-05],
          [1.4888e-05],
          [1.2512e-05],
          [1.0446e-05],
          [1.2488e-05],
          [1.4291e-05],
          [1.6258e-05],
          [1.6674e-05],
          [2.0537e-05],
          [2.6180e-05],
          [3.1847e-05],
          [3.2145e-05],
          [3.1996e-05],
          [3.7952e-05],
          [3.0391e-05],
          [2.8869e-05],
          [2.8234e-05],
          [8.8935e-04],
          [4.2156e-04],
          [3.4783e-04],
          [6.4271e-04],
          [4.2999e-05],
          [1.3504e-05],
          [1.3917e-05],
          [1.4724e-05],
          [1.4784e-05],
          [1.8954e-05],
          [1.5598e-05],
          [1.6369e-05],
          [1.7702e-05],
          [1.9268e-05],
          [1.7168e-05],
          [8.3163e-04],
          [3.1324e-04],
          [2.0138e-05],
          [2.5797e-05],
          [4.3808e-05],
          [2.9312e-05],
          [2.4748e-05],
          [3.8970e-04],
          [4.6419e-05],
          [2.6455e-04],
          [1.6152e-05],
          [1.3366e-05],
          [2.5725e-04],
          [2.1109e-05],
          [2.3273e-04],
          [2.7854e-05],
          [3.0510e-05],
          [2.0523e-05],
          [9.4741e-04],
          [2.6063e-05],
          [1.6346e-03],
          [1.6671e-05],
          [1.9967e-05],
          [2.0907e-05],
          [2.0089e-05],
          [2.2978e-05],
          [2.3461e-05],
          [3.7328e-04],
          [1.4550e-04],
          [1.9929e-05],
          [1.7071e-05],
          [1.6580e-05],
          [1.8823e-05],
          [2.3722e-05],
          [2.5382e-05],
          [4.6478e-05],
          [6.2196e-04],
          [3.3424e-04],
          [2.2502e-05],
          [1.7849e-05],
          [1.6348e-05],
          [1.5019e-05],
          [6.7739e-04],
          [3.9347e-05],
          [1.8995e-05],
          [2.5395e-04],
          [1.4723e-05],
          [1.5154e-05],
          [2.0815e-05],
          [2.3003e-05],
          [1.5149e-05],
          [1.6765e-05],
          [1.2922e-05],
          [1.2453e-05],
          [2.1809e-05],
          [1.4676e-05],
          [1.2144e-05],
          [1.1907e-05],
          [1.2163e-05],
          [1.1647e-05],
          [1.1183e-05],
          [1.1435e-05],
          [1.2829e-05],
          [8.3381e-04],
          [1.9255e-04],
          [1.4562e-05],
          [1.5228e-05],
          [1.6123e-05],
          [1.9978e-05],
          [5.2705e-05],
          [2.1468e-05],
          [1.8291e-05],
          [2.3108e-05],
          [2.2227e-05],
          [1.5500e-05],
          [6.4001e-04],
          [5.2744e-04],
          [2.0561e-05],
          [2.4548e-04],
          [1.2260e-05],
          [4.1139e-04],
          [1.1177e-04],
          [1.7441e-05],
          [1.6129e-05],
          [1.6791e-05],
          [1.6086e-05],
          [2.1100e-05],
          [2.3612e-05],
          [2.5913e-05],
          [2.9033e-05],
          [4.3750e-05],
          [4.3005e-05],
          [4.6424e-05],
          [1.0827e-04],
          [7.1348e-05],
          [9.5857e-05],
          [2.9168e-04],
          [2.8563e-05],
          [2.1253e-05],
          [1.6078e-04],
          [4.4244e-04],
          [3.0199e-05],
          [8.5159e-05],
          [1.8801e-04],
          [9.8473e-05],
          [2.2704e-04],
          [1.3567e-05],
          [1.0162e-05],
          [1.2309e-05],
          [9.6464e-06],
          [9.1834e-06],
          [1.0061e-05],
          [1.4502e-05],
          [1.4702e-05],
          [1.9686e-05],
          [1.5047e-05],
          [9.3085e-04],
          [5.4253e-05],
          [1.5196e-04],
          [6.3807e-05],
          [1.0938e-05],
          [1.1033e-05],
          [1.7887e-05],
          [9.9238e-06],
          [9.8414e-06],
          [1.1835e-05],
          [5.9312e-04],
          [2.2942e-05],
          [3.4961e-04],
          [1.4397e-05],
          [1.3273e-05],
          [1.2187e-05],
          [1.3328e-05],
          [1.2286e-05],
          [1.2366e-05],
          [1.2110e-05],
          [1.3026e-05],
          [1.3986e-05],
          [1.4889e-05],
          [1.6969e-05],
          [1.7217e-05],
          [6.4057e-04],
          [2.3824e-04],
          [1.4678e-05],
          [1.2825e-05],
          [1.2245e-05],
          [1.2429e-05],
          [1.5827e-05],
          [2.0510e-05],
          [2.0754e-05],
          [2.0613e-05],
          [2.1865e-05],
          [2.2495e-05],
          [2.2449e-05],
          [1.7227e-05],
          [1.4966e-05],
          [1.6587e-05],
          [1.3987e-05],
          [1.6154e-05],
          [1.7131e-05],
          [1.7364e-05],
          [2.3867e-05],
          [1.7680e-05],
          [1.5405e-05],
          [1.7753e-05],
          [1.9002e-05],
          [2.3189e-05],
          [2.0281e-05],
          [2.7718e-05],
          [2.8061e-05],
          [2.9869e-05],
          [2.0148e-05],
          [2.0880e-05],
          [2.0802e-05],
          [1.9841e-05],
          [1.7196e-05],
          [1.6249e-05],
          [1.6019e-05],
          [1.5954e-05],
          [1.4939e-05],
          [4.0207e-05],
          [1.5190e-05],
          [1.5072e-05],
          [1.4573e-05],
          [1.4443e-05],
          [8.4821e-04],
          [3.2732e-05],
          [2.1887e-03],
          [1.4515e-05],
          [1.7410e-05],
          [2.4267e-05],
          [1.4428e-05],
          [1.9157e-05],
          [1.9339e-05],
          [1.7847e-05],
          [1.6563e-05],
          [1.5632e-05],
          [1.4495e-05],
          [1.5077e-05],
          [1.2177e-05],
          [1.1089e-05],
          [1.1499e-05],
          [9.8517e-04],
          [1.3313e-04],
          [2.8489e-04],
          [1.3723e-05],
          [1.1190e-05],
          [9.9543e-06],
          [1.1218e-05],
          [5.9507e-04],
          [2.6741e-04],
          [1.4485e-05],
          [1.2386e-05],
          [1.3257e-05],
          [1.7640e-05],
          [2.2980e-05],
          [2.8333e-05],
          [4.3761e-05],
          [3.6637e-05],
          [3.1405e-05],
          [3.3594e-05],
          [3.3679e-05],
          [2.4477e-05],
          [1.6397e-05],
          [1.6674e-05],
          [1.5667e-05],
          [2.0227e-05],
          [1.1852e-05],
          [2.0860e-05],
          [3.9306e-05],
          [5.3841e-05],
          [6.8238e-05],
          [5.1483e-05],
          [5.0346e-05],
          [2.9844e-05],
          [2.0650e-05],
          [1.7021e-05],
          [3.3688e-04],
          [1.0762e-04],
          [1.5198e-05],
          [1.6032e-05],
          [1.3552e-05],
          [1.2037e-05],
          [1.3839e-05],
          [1.9541e-05],
          [1.4101e-05],
          [2.3682e-04],
          [1.2083e-04],
          [4.0330e-04],
          [3.9095e-04],
          [1.8918e-05],
          [1.7536e-05],
          [2.0463e-05],
          [1.5252e-05],
          [1.5432e-05],
          [5.0548e-04],
          [7.2867e-04],
          [1.5498e-05],
          [5.9157e-05],
          [1.0728e-04],
          [1.6787e-05],
          [3.8253e-04],
          [2.1040e-05],
          [3.1366e-04],
          [1.3579e-05],
          [1.1695e-05],
          [1.0940e-05],
          [1.1316e-05],
          [2.1359e-05],
          [1.4605e-04],
          [7.9602e-06]]]])
