# Using CPU
# Loading Embeddings...
# Making Predictions...
torch.Size([1, 1, 442, 264])
tensor([[[[4.4967e-04],
          [1.1556e-04],
          [7.4928e-05],
          [4.9993e-05],
          [1.5824e-05],
          [3.6824e-04],
          [7.4405e-05],
          [2.7987e-05],
          [3.6948e-04],
          [8.9653e-05],
          [2.2588e-05],
          [1.9663e-05],
          [3.2130e-04],
          [3.6979e-04],
          [5.8243e-05],
          [2.0835e-05],
          [2.1928e-05],
          [1.9074e-05],
          [1.7611e-05],
          [2.4601e-05],
          [2.3719e-04],
          [1.9235e-05],
          [1.0697e-04],
          [1.8102e-05],
          [1.8615e-05],
          [2.6801e-05],
          [3.7310e-05],
          [6.3903e-05],
          [7.5805e-05],
          [9.8026e-05],
          [9.0522e-05],
          [1.1078e-04],
          [9.4680e-05],
          [1.0831e-04],
          [7.9508e-05],
          [6.5027e-05],
          [5.9432e-04],
          [6.3138e-05],
          [2.3946e-04],
          [2.1915e-04],
          [1.4681e-04],
          [2.4861e-05],
          [1.9075e-05],
          [2.0901e-05],
          [1.9811e-05],
          [2.6515e-05],
          [2.1397e-05],
          [2.2005e-05],
          [2.3875e-05],
          [2.2829e-04],
          [2.3674e-04],
          [2.0663e-05],
          [1.7748e-05],
          [3.0881e-04],
          [6.8171e-05],
          [1.9477e-05],
          [1.8675e-05],
          [1.4816e-05],
          [1.9605e-05],
          [2.1227e-05],
          [1.9189e-05],
          [1.9763e-05],
          [4.6829e-04],
          [2.7695e-04],
          [2.7324e-05],
          [2.3374e-05],
          [2.9414e-05],
          [2.6305e-05],
          [2.7617e-05],
          [2.0251e-05],
          [1.8044e-05],
          [2.8491e-04],
          [2.5375e-05],
          [2.6214e-05],
          [1.5884e-05],
          [1.8791e-05],
          [1.6255e-04],
          [1.8940e-05],
          [2.1504e-05],
          [1.8750e-05],
          [1.0334e-03],
          [2.5040e-04],
          [2.0849e-05],
          [1.9415e-05],
          [1.8728e-05],
          [1.9237e-05],
          [2.0318e-05],
          [2.2286e-05],
          [2.1591e-05],
          [1.9133e-05],
          [2.5121e-04],
          [1.9353e-04],
          [2.7260e-04],
          [2.4025e-05],
          [2.3534e-05],
          [2.6388e-05],
          [2.4870e-05],
          [2.4257e-05],
          [2.1905e-05],
          [2.3723e-05],
          [3.6085e-05],
          [2.0496e-05],
          [1.8081e-05],
          [2.0134e-05],
          [2.1272e-05],
          [2.6438e-05],
          [2.4235e-05],
          [2.9726e-05],
          [3.0582e-05],
          [3.1389e-05],
          [2.4907e-05],
          [1.9417e-04],
          [3.1122e-04],
          [1.7008e-05],
          [3.6985e-04],
          [1.8652e-05],
          [2.0991e-05],
          [2.4402e-05],
          [1.8070e-05],
          [2.0462e-05],
          [2.1936e-05],
          [2.0679e-05],
          [1.9118e-05],
          [2.2163e-05],
          [2.2973e-05],
          [2.0336e-05],
          [2.3830e-05],
          [2.3984e-05],
          [2.8632e-05],
          [3.2333e-05],
          [3.8918e-05],
          [3.9391e-04],
          [3.5514e-04],
          [4.1848e-05],
          [2.9127e-05],
          [3.0784e-05],
          [2.5071e-05],
          [2.7174e-05],
          [2.5023e-05],
          [2.5745e-05],
          [1.8783e-05],
          [2.0867e-05],
          [1.5801e-05],
          [1.9066e-05],
          [1.7917e-05],
          [2.1685e-05],
          [2.5651e-05],
          [3.7070e-05],
          [5.0190e-05],
          [7.8468e-05],
          [8.2648e-05],
          [8.2043e-05],
          [7.3524e-05],
          [8.4886e-05],
          [6.5323e-05],
          [5.6937e-05],
          [6.4590e-04],
          [7.3620e-05],
          [1.7503e-04],
          [1.2076e-04],
          [2.2567e-05],
          [2.4416e-05],
          [2.8757e-05],
          [2.8829e-05],
          [2.7138e-05],
          [2.9253e-05],
          [2.8377e-05],
          [2.8076e-05],
          [3.0151e-05],
          [2.7229e-05],
          [2.4657e-05],
          [5.4360e-04],
          [1.6559e-04],
          [3.0965e-05],
          [4.0957e-05],
          [6.6067e-05],
          [4.3865e-05],
          [4.0081e-05],
          [3.9376e-04],
          [5.3370e-05],
          [3.7144e-04],
          [2.2422e-05],
          [2.3249e-05],
          [2.0544e-04],
          [2.0090e-05],
          [4.0101e-04],
          [2.5382e-05],
          [2.4120e-05],
          [2.1940e-05],
          [3.7035e-04],
          [2.3162e-05],
          [7.0098e-05],
          [2.1574e-05],
          [2.5449e-05],
          [2.7015e-05],
          [2.5717e-05],
          [3.0964e-05],
          [2.3901e-05],
          [3.3655e-04],
          [2.2557e-04],
          [2.1562e-05],
          [2.6469e-05],
          [2.6974e-05],
          [2.3892e-05],
          [2.6702e-05],
          [2.9509e-05],
          [2.2497e-05],
          [2.5940e-04],
          [7.7059e-05],
          [2.3333e-05],
          [1.8770e-05],
          [1.7442e-05],
          [1.7881e-05],
          [3.5042e-04],
          [4.0517e-05],
          [2.0594e-05],
          [3.1354e-04],
          [2.2680e-05],
          [1.9563e-05],
          [2.0686e-05],
          [2.2154e-05],
          [2.6886e-05],
          [2.4023e-05],
          [2.4738e-05],
          [2.2590e-05],
          [3.4385e-05],
          [2.8544e-05],
          [2.5896e-05],
          [3.4148e-05],
          [3.6757e-05],
          [1.8522e-05],
          [2.2179e-05],
          [2.1243e-05],
          [1.6585e-05],
          [3.8541e-04],
          [6.1560e-05],
          [2.2452e-05],
          [2.0188e-05],
          [2.1639e-05],
          [2.7308e-05],
          [2.8697e-05],
          [2.1480e-05],
          [1.8478e-05],
          [3.5608e-05],
          [2.1108e-05],
          [1.2295e-05],
          [2.1037e-04],
          [6.9989e-04],
          [1.8741e-05],
          [3.1449e-04],
          [1.5100e-05],
          [3.3316e-04],
          [1.1586e-04],
          [2.1227e-05],
          [2.2352e-05],
          [2.6212e-05],
          [2.4025e-05],
          [2.5251e-05],
          [2.9485e-05],
          [3.9909e-05],
          [3.9633e-05],
          [6.9325e-05],
          [8.6661e-05],
          [1.2852e-04],
          [1.9653e-04],
          [1.3090e-04],
          [1.9150e-04],
          [2.8074e-04],
          [3.0927e-05],
          [4.0371e-05],
          [1.8364e-04],
          [4.0862e-04],
          [3.2990e-05],
          [2.9679e-04],
          [2.2739e-04],
          [5.4343e-05],
          [3.7081e-04],
          [1.4576e-05],
          [1.4068e-05],
          [1.3841e-05],
          [1.1918e-05],
          [1.1534e-05],
          [1.5561e-05],
          [2.9459e-05],
          [1.3417e-05],
          [1.3746e-05],
          [1.3984e-05],
          [1.8331e-03],
          [2.6704e-05],
          [1.4207e-04],
          [3.4679e-05],
          [1.2959e-05],
          [1.3336e-05],
          [1.5577e-05],
          [1.4366e-05],
          [1.6691e-05],
          [1.5626e-05],
          [2.2318e-04],
          [1.9364e-05],
          [2.0713e-04],
          [2.1645e-05],
          [1.9567e-05],
          [2.1667e-05],
          [2.0196e-05],
          [1.8889e-05],
          [1.8751e-05],
          [2.0138e-05],
          [2.6194e-05],
          [2.1464e-05],
          [2.5490e-05],
          [2.8272e-05],
          [2.7268e-05],
          [5.5075e-04],
          [1.3202e-04],
          [2.4285e-05],
          [2.9738e-05],
          [2.7224e-05],
          [1.7216e-05],
          [1.7956e-05],
          [2.2017e-05],
          [2.0759e-05],
          [1.7447e-05],
          [2.1429e-05],
          [1.6228e-05],
          [1.4799e-05],
          [1.2409e-05],
          [1.4216e-05],
          [1.4875e-05],
          [2.5949e-05],
          [1.4665e-05],
          [1.6687e-05],
          [1.9833e-05],
          [2.0330e-05],
          [1.9109e-05],
          [2.7037e-05],
          [2.6968e-05],
          [2.4156e-05],
          [2.5507e-05],
          [2.6287e-05],
          [2.6357e-05],
          [3.2510e-05],
          [3.1213e-05],
          [2.8727e-05],
          [2.8496e-05],
          [3.4577e-05],
          [3.3001e-05],
          [2.8735e-05],
          [3.4676e-05],
          [3.1246e-05],
          [3.0868e-05],
          [2.8039e-05],
          [1.9022e-05],
          [1.6611e-05],
          [1.7291e-05],
          [1.7456e-05],
          [2.0885e-05],
          [2.7200e-04],
          [4.0215e-05],
          [8.4373e-05],
          [2.2461e-05],
          [2.5192e-05],
          [2.3699e-05],
          [1.9660e-05],
          [2.4205e-05],
          [1.9354e-05],
          [2.2295e-05],
          [1.4761e-05],
          [1.5043e-05],
          [1.4103e-05],
          [1.6394e-05],
          [1.6884e-05],
          [1.8363e-05],
          [1.7198e-05],
          [3.7163e-04],
          [9.7980e-05],
          [3.6741e-04],
          [1.4770e-05],
          [1.4230e-05],
          [1.1561e-05],
          [1.2659e-05],
          [5.0354e-04],
          [1.5165e-04],
          [1.4121e-05],
          [1.8318e-05],
          [2.6650e-05],
          [4.0780e-05],
          [4.4877e-05],
          [5.7435e-05],
          [6.7512e-05],
          [5.0686e-05],
          [3.5217e-05],
          [3.8229e-05],
          [3.6249e-05],
          [2.2285e-05],
          [2.2139e-05],
          [1.6105e-05],
          [2.8322e-05],
          [1.7399e-05],
          [1.5633e-05],
          [1.4592e-04],
          [4.9958e-05],
          [3.6556e-05],
          [4.8357e-05],
          [2.7353e-05],
          [2.7637e-05],
          [2.5343e-05],
          [2.5311e-05],
          [1.8765e-05],
          [2.8517e-04],
          [1.7459e-04],
          [2.3060e-05],
          [2.0737e-05],
          [1.9368e-05],
          [1.5822e-05],
          [2.0653e-05],
          [2.6853e-05],
          [2.1489e-05],
          [1.0310e-04],
          [9.4313e-05],
          [1.7626e-04],
          [1.8927e-04],
          [2.3304e-05],
          [2.0404e-05],
          [1.6311e-05],
          [1.4252e-05],
          [1.3411e-05],
          [3.5079e-04],
          [1.5617e-04],
          [1.9912e-05],
          [9.9789e-05],
          [6.9502e-05],
          [2.0035e-05],
          [4.3227e-04],
          [2.5265e-05],
          [3.7719e-04],
          [2.2232e-05],
          [1.3903e-05],
          [1.2012e-05],
          [1.8979e-05],
          [1.1513e-05],
          [3.3777e-05],
          [5.7136e-06]]]])
