# Using CPU
# Loading Embeddings...
# Making Predictions...
torch.Size([1, 1, 442, 261])
tensor([[[[7.6378e-05],
          [6.7803e-05],
          [7.3267e-05],
          [3.5313e-05],
          [1.0078e-05],
          [4.3113e-04],
          [3.0909e-04],
          [2.0350e-05],
          [3.2091e-04],
          [3.5264e-04],
          [2.0389e-05],
          [1.8227e-05],
          [2.7954e-04],
          [2.0251e-04],
          [2.7862e-05],
          [1.1483e-05],
          [1.4475e-05],
          [1.0391e-05],
          [1.3590e-05],
          [3.3199e-05],
          [5.1704e-04],
          [2.6341e-05],
          [2.0805e-04],
          [1.3547e-05],
          [2.2567e-05],
          [3.0399e-05],
          [4.7275e-05],
          [8.9931e-05],
          [1.1740e-04],
          [1.4866e-04],
          [1.5506e-04],
          [1.7665e-04],
          [1.7327e-04],
          [1.9106e-04],
          [1.4382e-04],
          [1.0410e-04],
          [3.1441e-04],
          [6.4256e-05],
          [1.1373e-04],
          [1.1189e-04],
          [1.7786e-04],
          [2.8422e-05],
          [2.9611e-05],
          [3.1742e-05],
          [2.1707e-05],
          [1.9843e-05],
          [1.4206e-05],
          [1.3061e-05],
          [1.1343e-05],
          [2.0995e-04],
          [1.8900e-04],
          [1.1160e-05],
          [1.1131e-05],
          [5.2335e-04],
          [1.9813e-04],
          [1.6319e-05],
          [1.6994e-05],
          [1.6330e-05],
          [2.0591e-05],
          [2.5416e-05],
          [2.9600e-05],
          [2.4228e-05],
          [1.9783e-04],
          [1.6461e-04],
          [1.8547e-05],
          [1.9610e-05],
          [1.7061e-05],
          [1.5692e-05],
          [1.6390e-05],
          [1.6043e-05],
          [1.5230e-05],
          [3.6330e-04],
          [1.5725e-05],
          [1.9152e-05],
          [1.6275e-05],
          [1.4278e-05],
          [3.6217e-04],
          [1.3808e-05],
          [1.4143e-05],
          [1.1662e-05],
          [1.3909e-04],
          [1.3399e-04],
          [1.2791e-05],
          [1.5205e-05],
          [1.8123e-05],
          [2.2439e-05],
          [2.4211e-05],
          [2.5683e-05],
          [2.1391e-05],
          [1.7201e-05],
          [4.1189e-04],
          [1.3889e-04],
          [2.2172e-04],
          [1.0614e-05],
          [1.2472e-05],
          [1.5391e-05],
          [1.9137e-05],
          [2.4510e-05],
          [1.8291e-05],
          [2.0373e-05],
          [1.9413e-05],
          [1.5240e-05],
          [1.1752e-05],
          [1.1943e-05],
          [1.4896e-05],
          [2.2517e-05],
          [2.6862e-05],
          [3.2869e-05],
          [3.4109e-05],
          [3.4815e-05],
          [2.7849e-05],
          [1.5892e-04],
          [5.5044e-05],
          [1.4070e-05],
          [2.1341e-04],
          [1.8889e-05],
          [1.5738e-05],
          [1.1657e-05],
          [1.5690e-05],
          [1.6720e-05],
          [1.6749e-05],
          [1.3497e-05],
          [2.6298e-05],
          [1.2435e-05],
          [1.5116e-05],
          [1.4709e-05],
          [1.7553e-05],
          [1.7780e-05],
          [2.3321e-05],
          [2.2612e-05],
          [2.2806e-05],
          [4.0488e-04],
          [3.3352e-04],
          [2.6974e-05],
          [3.4922e-05],
          [3.0305e-05],
          [2.4171e-05],
          [2.3301e-05],
          [1.7248e-05],
          [1.8460e-05],
          [1.5959e-05],
          [1.5312e-05],
          [1.1682e-05],
          [1.3299e-05],
          [1.7537e-05],
          [2.4616e-05],
          [2.7718e-05],
          [4.0488e-05],
          [5.4082e-05],
          [8.7618e-05],
          [9.0653e-05],
          [8.8772e-05],
          [9.2025e-05],
          [1.1406e-04],
          [1.0300e-04],
          [7.3866e-05],
          [3.4349e-04],
          [1.9480e-04],
          [2.0984e-04],
          [3.5544e-04],
          [1.8363e-05],
          [1.7557e-05],
          [1.6061e-05],
          [1.8799e-05],
          [1.9463e-05],
          [2.5529e-05],
          [2.1751e-05],
          [2.2065e-05],
          [2.3310e-05],
          [2.7091e-05],
          [2.2003e-05],
          [3.7497e-04],
          [2.0247e-04],
          [3.1456e-05],
          [4.6763e-05],
          [4.8805e-05],
          [4.7859e-05],
          [4.4404e-05],
          [2.7174e-04],
          [4.8427e-05],
          [1.7612e-04],
          [2.0381e-05],
          [1.4975e-05],
          [1.9013e-04],
          [1.1621e-05],
          [1.9395e-04],
          [1.9492e-05],
          [2.0723e-05],
          [1.6162e-05],
          [4.7745e-04],
          [3.7511e-05],
          [7.4284e-04],
          [2.1950e-05],
          [2.8573e-05],
          [3.1019e-05],
          [3.0893e-05],
          [3.5076e-05],
          [3.0541e-05],
          [2.1514e-04],
          [1.4482e-04],
          [2.2043e-05],
          [1.8396e-05],
          [1.7742e-05],
          [1.3439e-05],
          [1.4921e-05],
          [1.4801e-05],
          [1.4330e-05],
          [2.5444e-04],
          [2.3185e-04],
          [1.4147e-05],
          [1.3008e-05],
          [1.3668e-05],
          [1.4585e-05],
          [2.6425e-04],
          [2.3984e-05],
          [1.5216e-05],
          [3.1394e-04],
          [1.4030e-05],
          [1.9729e-05],
          [1.3139e-05],
          [1.5506e-05],
          [1.6806e-05],
          [1.5991e-05],
          [1.2864e-05],
          [1.3969e-05],
          [1.6470e-05],
          [1.6444e-05],
          [1.4035e-05],
          [1.2923e-05],
          [1.2206e-05],
          [1.2514e-05],
          [1.2866e-05],
          [1.2546e-05],
          [1.2016e-05],
          [2.6809e-04],
          [1.2629e-04],
          [1.6180e-05],
          [1.7772e-05],
          [1.6681e-05],
          [1.5638e-05],
          [1.9243e-05],
          [1.7940e-05],
          [1.5278e-05],
          [2.7543e-05],
          [2.0065e-05],
          [1.0948e-05],
          [2.6800e-04],
          [5.5956e-04],
          [1.6905e-05],
          [1.3403e-04],
          [1.2054e-05],
          [2.5694e-04],
          [9.6625e-05],
          [2.5005e-05],
          [3.2223e-05],
          [3.3913e-05],
          [3.2354e-05],
          [4.0850e-05],
          [4.7097e-05],
          [5.6652e-05],
          [5.3766e-05],
          [9.3736e-05],
          [1.0388e-04],
          [1.4860e-04],
          [1.3302e-04],
          [1.5856e-04],
          [8.7312e-05],
          [6.9100e-05],
          [3.9248e-05],
          [3.2875e-05],
          [1.5906e-04],
          [2.7474e-04],
          [2.0043e-05],
          [9.2678e-05],
          [1.8419e-04],
          [1.0433e-04],
          [1.7644e-04],
          [1.3175e-05],
          [1.1416e-05],
          [1.0886e-05],
          [9.5492e-06],
          [8.9926e-06],
          [8.9647e-06],
          [2.4376e-05],
          [9.8011e-06],
          [1.1156e-05],
          [1.0460e-05],
          [2.5226e-04],
          [2.3490e-05],
          [5.1667e-05],
          [6.5013e-05],
          [1.1439e-05],
          [1.1618e-05],
          [1.1277e-05],
          [1.1031e-05],
          [1.0168e-05],
          [1.2039e-05],
          [4.9706e-04],
          [2.0712e-05],
          [2.8409e-04],
          [1.3004e-05],
          [1.3500e-05],
          [1.4693e-05],
          [1.6119e-05],
          [1.5129e-05],
          [1.8868e-05],
          [1.7464e-05],
          [2.1729e-05],
          [2.2878e-05],
          [2.8997e-05],
          [3.3857e-05],
          [4.1755e-05],
          [2.6802e-04],
          [1.8840e-04],
          [2.7060e-05],
          [2.1938e-05],
          [1.6268e-05],
          [1.3884e-05],
          [1.1828e-05],
          [1.3729e-05],
          [1.6171e-05],
          [1.3462e-05],
          [1.4989e-05],
          [1.3597e-05],
          [1.3664e-05],
          [1.0815e-05],
          [1.3179e-05],
          [1.3973e-05],
          [1.5890e-05],
          [1.3476e-05],
          [1.4182e-05],
          [1.3014e-05],
          [1.4789e-05],
          [1.1954e-05],
          [1.2829e-05],
          [1.3541e-05],
          [1.5169e-05],
          [1.5596e-05],
          [1.3191e-05],
          [2.0256e-05],
          [1.8992e-05],
          [2.1306e-05],
          [1.8843e-05],
          [2.7221e-05],
          [2.4496e-05],
          [2.2765e-05],
          [2.0328e-05],
          [2.3196e-05],
          [2.6523e-05],
          [1.6108e-05],
          [1.3395e-05],
          [1.5573e-05],
          [1.4717e-05],
          [1.2644e-05],
          [1.5902e-05],
          [1.5285e-05],
          [4.7124e-04],
          [5.1599e-05],
          [1.1936e-03],
          [2.1948e-05],
          [2.2828e-05],
          [2.1162e-05],
          [1.8820e-05],
          [1.8772e-05],
          [1.4430e-05],
          [1.2428e-05],
          [1.2026e-05],
          [1.1965e-05],
          [1.3083e-05],
          [1.2985e-05],
          [1.4843e-05],
          [1.8495e-05],
          [1.8022e-05],
          [3.8323e-04],
          [7.1235e-05],
          [4.0313e-04],
          [1.4371e-05],
          [1.2051e-05],
          [9.0574e-06],
          [9.3969e-06],
          [3.8900e-04],
          [2.2582e-04],
          [1.2876e-05],
          [1.4610e-05],
          [1.9267e-05],
          [2.5487e-05],
          [2.6910e-05],
          [3.2362e-05],
          [3.8805e-05],
          [2.9366e-05],
          [2.5902e-05],
          [2.0647e-05],
          [1.8476e-05],
          [1.6112e-05],
          [1.5647e-05],
          [1.1878e-05],
          [1.2505e-05],
          [1.1546e-05],
          [1.5003e-05],
          [8.6926e-05],
          [2.7422e-05],
          [3.8210e-05],
          [6.5870e-05],
          [2.3105e-05],
          [3.2197e-05],
          [2.4666e-05],
          [2.6371e-05],
          [2.0292e-05],
          [2.1558e-04],
          [1.5773e-04],
          [2.4939e-05],
          [2.2920e-05],
          [2.0168e-05],
          [1.7091e-05],
          [2.0670e-05],
          [2.0922e-05],
          [2.8672e-05],
          [9.3376e-05],
          [6.7693e-05],
          [1.7931e-04],
          [2.1867e-04],
          [2.8175e-05],
          [1.6864e-05],
          [1.5428e-05],
          [1.7916e-05],
          [1.5967e-05],
          [3.7727e-04],
          [4.8651e-04],
          [1.4356e-05],
          [3.4043e-05],
          [1.3500e-04],
          [2.0442e-05],
          [1.9588e-04],
          [1.4382e-05],
          [1.7460e-04],
          [1.9888e-05],
          [1.6011e-05],
          [1.2439e-05],
          [1.2704e-05],
          [1.3375e-05],
          [7.6611e-05],
          [8.7612e-06]]]])
