# Using CPU
# Loading Embeddings...
# Making Predictions...
torch.Size([1, 1, 442, 252])
tensor([[[[9.2846e-05],
          [3.2595e-05],
          [1.0612e-04],
          [4.0042e-05],
          [9.6418e-06],
          [3.1576e-04],
          [1.9887e-03],
          [1.6253e-05],
          [2.1675e-04],
          [2.3575e-03],
          [1.7761e-05],
          [1.7366e-05],
          [2.8614e-04],
          [2.9543e-04],
          [1.3246e-05],
          [1.2603e-05],
          [1.3287e-05],
          [1.6468e-05],
          [2.2958e-05],
          [2.4637e-05],
          [5.4661e-04],
          [2.2015e-05],
          [1.3415e-03],
          [1.7769e-05],
          [2.4642e-05],
          [3.0635e-05],
          [3.8164e-05],
          [5.1327e-05],
          [5.5949e-05],
          [6.9340e-05],
          [6.6937e-05],
          [7.1041e-05],
          [7.4374e-05],
          [8.4370e-05],
          [6.2753e-05],
          [6.0467e-05],
          [4.2096e-04],
          [4.6488e-05],
          [3.8140e-04],
          [5.6389e-05],
          [1.1773e-03],
          [2.2602e-05],
          [2.4944e-05],
          [2.6354e-05],
          [2.4821e-05],
          [2.5161e-05],
          [2.0264e-05],
          [1.9390e-05],
          [1.8705e-05],
          [2.0205e-04],
          [7.6253e-04],
          [1.9218e-05],
          [1.9276e-05],
          [3.6384e-04],
          [1.1866e-03],
          [2.1040e-05],
          [2.1522e-05],
          [2.0877e-05],
          [2.4656e-05],
          [2.4771e-05],
          [2.8637e-05],
          [2.6827e-05],
          [2.7962e-04],
          [4.2275e-04],
          [2.4539e-05],
          [2.4436e-05],
          [2.4562e-05],
          [2.3180e-05],
          [2.5974e-05],
          [2.1579e-05],
          [2.1780e-05],
          [2.3504e-04],
          [2.4190e-05],
          [4.9191e-05],
          [1.8566e-05],
          [2.1355e-05],
          [4.8891e-03],
          [2.1298e-05],
          [2.1768e-05],
          [1.9601e-05],
          [2.0485e-04],
          [1.9387e-04],
          [2.3406e-05],
          [2.1267e-05],
          [2.3956e-05],
          [2.7431e-05],
          [3.1297e-05],
          [3.0370e-05],
          [2.6877e-05],
          [2.3931e-05],
          [3.3352e-04],
          [4.9555e-05],
          [3.3163e-04],
          [1.5097e-05],
          [1.7027e-05],
          [2.3946e-05],
          [2.5780e-05],
          [3.5449e-05],
          [3.0813e-05],
          [3.4970e-05],
          [3.3088e-05],
          [2.4181e-05],
          [1.7297e-05],
          [2.0586e-05],
          [2.1725e-05],
          [2.7315e-05],
          [2.8434e-05],
          [3.0839e-05],
          [3.2588e-05],
          [3.0916e-05],
          [2.6248e-05],
          [9.9392e-05],
          [1.3173e-04],
          [1.8708e-05],
          [2.9439e-04],
          [1.8558e-05],
          [1.9032e-05],
          [1.7975e-05],
          [2.5980e-05],
          [2.4618e-05],
          [3.0175e-05],
          [2.2591e-05],
          [2.2878e-05],
          [1.8909e-05],
          [2.5693e-05],
          [2.1734e-05],
          [2.4639e-05],
          [2.5034e-05],
          [2.6142e-05],
          [3.1701e-05],
          [2.9979e-05],
          [3.3502e-04],
          [5.5763e-04],
          [3.9750e-05],
          [4.2023e-05],
          [4.3940e-05],
          [3.9992e-05],
          [4.3588e-05],
          [3.4764e-05],
          [3.1090e-05],
          [2.5573e-05],
          [2.5593e-05],
          [1.8626e-05],
          [2.2180e-05],
          [2.3772e-05],
          [2.4474e-05],
          [3.0982e-05],
          [3.7822e-05],
          [4.3746e-05],
          [7.0558e-05],
          [6.6732e-05],
          [7.7112e-05],
          [6.6487e-05],
          [8.2603e-05],
          [6.3104e-05],
          [5.8473e-05],
          [2.4126e-04],
          [9.0642e-04],
          [1.6089e-04],
          [2.6968e-03],
          [2.4216e-05],
          [2.8854e-05],
          [2.8254e-05],
          [2.8850e-05],
          [3.2677e-05],
          [3.6719e-05],
          [3.6491e-05],
          [3.4314e-05],
          [3.7619e-05],
          [3.7037e-05],
          [3.0250e-05],
          [2.9652e-04],
          [1.4714e-03],
          [3.7511e-05],
          [3.6093e-05],
          [3.6946e-05],
          [3.5111e-05],
          [3.3505e-05],
          [1.7317e-04],
          [3.8999e-05],
          [3.7081e-04],
          [2.2871e-05],
          [3.3099e-05],
          [1.7978e-04],
          [1.5857e-05],
          [3.2875e-04],
          [1.5454e-05],
          [1.9100e-05],
          [1.5360e-05],
          [3.3577e-04],
          [4.8098e-05],
          [5.1416e-03],
          [2.5988e-05],
          [3.3093e-05],
          [3.1446e-05],
          [3.2860e-05],
          [3.2011e-05],
          [2.5468e-05],
          [2.0430e-04],
          [4.4249e-04],
          [2.3166e-05],
          [2.2098e-05],
          [2.1574e-05],
          [2.0658e-05],
          [1.9710e-05],
          [1.7801e-05],
          [1.5654e-05],
          [3.1655e-04],
          [1.4613e-03],
          [1.8952e-05],
          [1.7457e-05],
          [1.7347e-05],
          [1.7132e-05],
          [2.7391e-04],
          [3.1284e-05],
          [1.7313e-05],
          [3.2013e-03],
          [1.6280e-05],
          [1.6944e-05],
          [1.5672e-05],
          [1.7708e-05],
          [1.9113e-05],
          [1.7449e-05],
          [1.6134e-05],
          [1.7191e-05],
          [1.4992e-05],
          [1.6444e-05],
          [1.5939e-05],
          [1.3860e-05],
          [1.4864e-05],
          [1.5175e-05],
          [1.5029e-05],
          [1.4945e-05],
          [1.5625e-05],
          [3.0943e-04],
          [7.0387e-04],
          [1.8512e-05],
          [1.9721e-05],
          [1.8030e-05],
          [2.0296e-05],
          [1.7259e-05],
          [2.3467e-05],
          [1.7826e-05],
          [2.4637e-05],
          [2.4890e-05],
          [1.5237e-05],
          [2.1174e-04],
          [1.3390e-04],
          [2.5946e-05],
          [3.0953e-04],
          [1.0800e-05],
          [2.1962e-04],
          [5.0650e-04],
          [1.9176e-05],
          [2.3295e-05],
          [2.3127e-05],
          [2.2307e-05],
          [3.0447e-05],
          [3.1415e-05],
          [3.7800e-05],
          [3.9133e-05],
          [4.2350e-05],
          [4.4762e-05],
          [5.1684e-05],
          [5.4130e-05],
          [7.7931e-05],
          [4.0970e-05],
          [2.1096e-04],
          [2.3414e-05],
          [2.7928e-05],
          [5.6912e-04],
          [1.3831e-04],
          [2.9159e-05],
          [5.3879e-04],
          [1.5918e-04],
          [4.1957e-05],
          [2.9569e-04],
          [1.6992e-05],
          [1.6864e-05],
          [1.7992e-05],
          [1.3835e-05],
          [1.1364e-05],
          [1.0921e-05],
          [3.2157e-05],
          [1.6196e-05],
          [2.0255e-05],
          [1.4729e-05],
          [3.9230e-04],
          [4.1480e-05],
          [1.5325e-04],
          [3.4516e-04],
          [1.5150e-05],
          [1.5747e-05],
          [1.6331e-05],
          [1.4881e-05],
          [1.5664e-05],
          [1.3630e-05],
          [5.1033e-04],
          [1.9693e-05],
          [2.6001e-03],
          [1.3624e-05],
          [1.5495e-05],
          [1.7133e-05],
          [1.7812e-05],
          [1.7983e-05],
          [1.6955e-05],
          [1.6823e-05],
          [1.8999e-05],
          [1.7019e-05],
          [2.1303e-05],
          [2.1665e-05],
          [2.3777e-05],
          [3.0026e-04],
          [1.1406e-03],
          [2.0468e-05],
          [1.9706e-05],
          [1.6332e-05],
          [1.4507e-05],
          [1.4140e-05],
          [1.8018e-05],
          [2.1059e-05],
          [2.0575e-05],
          [1.6738e-05],
          [1.5843e-05],
          [1.4957e-05],
          [1.3135e-05],
          [1.4558e-05],
          [1.4084e-05],
          [1.6541e-05],
          [1.5151e-05],
          [1.5126e-05],
          [1.8258e-05],
          [1.8528e-05],
          [1.5804e-05],
          [1.7620e-05],
          [2.0877e-05],
          [1.9989e-05],
          [2.0813e-05],
          [2.0386e-05],
          [2.4391e-05],
          [2.7473e-05],
          [2.5365e-05],
          [2.1412e-05],
          [2.2141e-05],
          [2.6394e-05],
          [2.6116e-05],
          [1.8404e-05],
          [1.6153e-05],
          [1.8132e-05],
          [1.8593e-05],
          [1.6604e-05],
          [1.4247e-05],
          [1.4783e-05],
          [1.3751e-05],
          [2.1991e-05],
          [1.5882e-05],
          [2.0830e-04],
          [5.5336e-05],
          [6.1168e-03],
          [1.8548e-05],
          [2.3670e-05],
          [1.7471e-05],
          [2.0111e-05],
          [1.8743e-05],
          [1.8888e-05],
          [1.9009e-05],
          [1.8082e-05],
          [1.5528e-05],
          [1.5605e-05],
          [1.5757e-05],
          [1.4844e-05],
          [1.6773e-05],
          [1.6641e-05],
          [2.1946e-04],
          [8.2767e-05],
          [2.5228e-03],
          [1.4016e-05],
          [1.4771e-05],
          [1.2495e-05],
          [1.1982e-05],
          [5.4738e-04],
          [1.4526e-03],
          [1.3888e-05],
          [1.3795e-05],
          [1.5371e-05],
          [2.3647e-05],
          [2.6507e-05],
          [3.2243e-05],
          [3.3377e-05],
          [3.3436e-05],
          [2.9214e-05],
          [2.7550e-05],
          [2.2025e-05],
          [1.8110e-05],
          [1.4627e-05],
          [1.4186e-05],
          [1.4170e-05],
          [1.6238e-05],
          [1.5180e-05],
          [2.2569e-05],
          [3.2879e-05],
          [3.7336e-05],
          [4.7051e-05],
          [3.4312e-05],
          [3.1407e-05],
          [2.6788e-05],
          [2.7963e-05],
          [2.5307e-05],
          [1.9520e-04],
          [5.6425e-04],
          [2.8437e-05],
          [2.6095e-05],
          [2.6108e-05],
          [2.4401e-05],
          [2.6835e-05],
          [2.2469e-05],
          [2.0723e-05],
          [1.0488e-04],
          [1.9557e-04],
          [2.6704e-04],
          [1.3578e-03],
          [1.9538e-05],
          [1.8427e-05],
          [2.0206e-05],
          [2.0703e-05],
          [1.9354e-05],
          [2.8772e-04],
          [2.1066e-04],
          [2.3958e-05],
          [7.2168e-05],
          [3.6620e-04],
          [1.6311e-05],
          [2.1070e-04],
          [3.1647e-05],
          [3.3548e-04],
          [2.4544e-05],
          [1.7623e-05],
          [1.7104e-05],
          [1.6372e-05],
          [1.7008e-05],
          [2.9598e-05],
          [1.0160e-05]]]])
