# Using CPU
# Loading Embeddings...
# Making Predictions...
torch.Size([1, 1, 442, 251])
tensor([[[[8.9773e-05],
          [2.3981e-05],
          [6.7113e-05],
          [2.0703e-05],
          [8.2101e-06],
          [3.3931e-04],
          [1.0572e-04],
          [1.4822e-05],
          [2.4267e-04],
          [1.3391e-04],
          [1.8226e-05],
          [1.8491e-05],
          [3.5451e-04],
          [1.8674e-04],
          [1.3849e-05],
          [1.0632e-05],
          [9.4341e-06],
          [1.0588e-05],
          [1.1841e-05],
          [1.8213e-05],
          [4.6541e-04],
          [1.9525e-05],
          [1.0270e-04],
          [1.4291e-05],
          [2.0209e-05],
          [2.6594e-05],
          [3.9291e-05],
          [7.0289e-05],
          [9.0629e-05],
          [1.1712e-04],
          [1.2325e-04],
          [1.3458e-04],
          [1.3368e-04],
          [1.4772e-04],
          [1.0965e-04],
          [8.5685e-05],
          [8.2627e-04],
          [9.5754e-05],
          [1.7983e-04],
          [8.9120e-05],
          [1.7779e-04],
          [2.7760e-05],
          [2.5285e-05],
          [2.7298e-05],
          [1.9109e-05],
          [1.7458e-05],
          [1.4521e-05],
          [1.9922e-05],
          [2.4533e-05],
          [2.2473e-04],
          [1.7133e-04],
          [1.8738e-05],
          [1.8228e-05],
          [3.8587e-04],
          [1.0208e-04],
          [1.4678e-05],
          [1.6074e-05],
          [1.6528e-05],
          [1.9973e-05],
          [2.3520e-05],
          [2.3550e-05],
          [2.1796e-05],
          [2.6081e-04],
          [3.2916e-04],
          [1.7671e-05],
          [1.7985e-05],
          [1.5850e-05],
          [1.4646e-05],
          [1.5967e-05],
          [1.5627e-05],
          [1.4411e-05],
          [3.3841e-04],
          [2.6438e-05],
          [2.2038e-05],
          [1.5047e-05],
          [2.2223e-05],
          [2.3669e-04],
          [1.3534e-05],
          [1.3759e-05],
          [1.1862e-05],
          [1.9612e-04],
          [1.0604e-04],
          [1.4869e-05],
          [1.4709e-05],
          [1.6212e-05],
          [2.0090e-05],
          [1.9896e-05],
          [2.3052e-05],
          [1.9279e-05],
          [1.6931e-05],
          [3.1948e-04],
          [6.8705e-05],
          [2.2592e-04],
          [1.2987e-05],
          [1.5078e-05],
          [1.6272e-05],
          [1.8613e-05],
          [2.0834e-05],
          [1.9665e-05],
          [2.0863e-05],
          [2.1159e-05],
          [1.5100e-05],
          [1.3149e-05],
          [1.1414e-05],
          [1.2111e-05],
          [1.9866e-05],
          [2.2712e-05],
          [2.7201e-05],
          [2.8947e-05],
          [3.0177e-05],
          [2.3489e-05],
          [1.1620e-04],
          [1.0246e-04],
          [2.0125e-05],
          [3.3664e-04],
          [1.6400e-05],
          [1.4370e-05],
          [1.2294e-05],
          [1.5804e-05],
          [1.6036e-05],
          [1.5928e-05],
          [1.3769e-05],
          [2.2042e-05],
          [1.1921e-05],
          [1.4108e-05],
          [1.4014e-05],
          [1.6348e-05],
          [1.6067e-05],
          [1.7960e-05],
          [2.1549e-05],
          [3.5274e-05],
          [1.2499e-03],
          [3.2494e-04],
          [4.9532e-05],
          [2.6717e-05],
          [2.5705e-05],
          [2.0176e-05],
          [2.1421e-05],
          [1.6042e-05],
          [1.7852e-05],
          [1.4413e-05],
          [1.3853e-05],
          [1.0247e-05],
          [1.2416e-05],
          [1.4582e-05],
          [1.9687e-05],
          [2.1749e-05],
          [2.9615e-05],
          [4.0329e-05],
          [5.6381e-05],
          [6.0699e-05],
          [6.6484e-05],
          [6.6820e-05],
          [8.5408e-05],
          [8.0001e-05],
          [6.1670e-05],
          [2.3318e-04],
          [9.5622e-05],
          [1.6988e-04],
          [1.2186e-04],
          [1.7467e-05],
          [1.6478e-05],
          [2.2358e-05],
          [2.2186e-05],
          [1.8150e-05],
          [2.5766e-05],
          [2.0051e-05],
          [2.1292e-05],
          [2.3108e-05],
          [2.2462e-05],
          [1.9913e-05],
          [2.8677e-04],
          [1.3974e-04],
          [2.7592e-05],
          [3.4141e-05],
          [3.6921e-05],
          [3.9024e-05],
          [3.5667e-05],
          [2.6141e-04],
          [7.7734e-05],
          [5.0042e-04],
          [1.5805e-05],
          [1.8637e-05],
          [2.0794e-04],
          [1.3020e-05],
          [1.2377e-04],
          [1.9424e-05],
          [2.0620e-05],
          [1.8103e-05],
          [3.5596e-04],
          [3.5179e-05],
          [3.0450e-04],
          [1.8911e-05],
          [2.5029e-05],
          [2.5786e-05],
          [2.6839e-05],
          [2.9491e-05],
          [2.3817e-05],
          [2.4639e-04],
          [2.3588e-04],
          [2.1331e-05],
          [1.7995e-05],
          [1.7372e-05],
          [1.3968e-05],
          [1.7295e-05],
          [2.0477e-05],
          [2.3335e-05],
          [2.6373e-04],
          [6.2867e-05],
          [1.8280e-05],
          [1.4310e-05],
          [1.4197e-05],
          [1.4638e-05],
          [2.2495e-04],
          [2.5190e-05],
          [1.9110e-05],
          [2.6096e-04],
          [1.3606e-05],
          [1.6316e-05],
          [1.2712e-05],
          [1.2709e-05],
          [1.4602e-05],
          [1.4455e-05],
          [1.4490e-05],
          [1.6409e-05],
          [4.3563e-05],
          [1.6613e-05],
          [1.7699e-05],
          [1.4768e-05],
          [1.1820e-05],
          [1.1309e-05],
          [1.2505e-05],
          [1.2455e-05],
          [1.1796e-05],
          [2.7165e-04],
          [8.0771e-05],
          [1.4827e-05],
          [1.5222e-05],
          [1.5141e-05],
          [2.0214e-05],
          [1.7320e-05],
          [1.7997e-05],
          [1.4806e-05],
          [2.3350e-05],
          [1.8232e-05],
          [1.1669e-05],
          [2.4458e-04],
          [2.1352e-04],
          [1.6825e-05],
          [1.7514e-04],
          [1.1714e-05],
          [2.2448e-04],
          [1.3810e-04],
          [2.1789e-05],
          [2.5533e-05],
          [2.8495e-05],
          [2.8572e-05],
          [4.0102e-05],
          [4.8191e-05],
          [6.3262e-05],
          [5.5221e-05],
          [7.5644e-05],
          [8.0539e-05],
          [9.7929e-05],
          [9.7125e-05],
          [1.0520e-04],
          [6.2376e-05],
          [1.6981e-04],
          [3.0605e-05],
          [3.0193e-05],
          [3.4596e-04],
          [1.8645e-04],
          [4.9332e-05],
          [1.6560e-04],
          [1.6809e-04],
          [5.8143e-05],
          [4.8333e-04],
          [1.7170e-05],
          [1.1981e-05],
          [1.1441e-05],
          [8.6256e-06],
          [9.4110e-06],
          [9.6566e-06],
          [3.3689e-05],
          [1.0809e-05],
          [1.2901e-05],
          [1.1501e-05],
          [1.9466e-04],
          [1.9417e-05],
          [5.1959e-05],
          [5.3789e-05],
          [1.2123e-05],
          [1.2089e-05],
          [1.2546e-05],
          [1.0740e-05],
          [1.0212e-05],
          [1.0829e-05],
          [3.9482e-04],
          [1.6455e-05],
          [1.6693e-04],
          [1.3926e-05],
          [1.3246e-05],
          [1.2577e-05],
          [1.3070e-05],
          [1.3066e-05],
          [1.3723e-05],
          [1.3819e-05],
          [1.7883e-05],
          [1.6438e-05],
          [2.3389e-05],
          [3.0294e-05],
          [3.0870e-05],
          [2.3117e-04],
          [1.3826e-04],
          [2.1859e-05],
          [1.7355e-05],
          [2.8704e-05],
          [1.1493e-05],
          [1.3584e-05],
          [1.7183e-05],
          [1.7325e-05],
          [1.7767e-05],
          [1.6932e-05],
          [1.7967e-05],
          [1.9407e-05],
          [1.5114e-05],
          [1.6271e-05],
          [1.7413e-05],
          [1.7251e-05],
          [1.7435e-05],
          [1.8852e-05],
          [1.8784e-05],
          [1.9193e-05],
          [1.7567e-05],
          [1.7000e-05],
          [1.9104e-05],
          [1.9081e-05],
          [1.8671e-05],
          [2.0271e-05],
          [2.1672e-05],
          [2.2967e-05],
          [2.6191e-05],
          [2.2353e-05],
          [2.7809e-05],
          [2.9816e-05],
          [3.2032e-05],
          [1.9193e-05],
          [1.9616e-05],
          [2.2187e-05],
          [1.7079e-05],
          [1.4874e-05],
          [1.1675e-05],
          [1.4461e-05],
          [1.3752e-05],
          [1.5539e-05],
          [1.4887e-05],
          [2.4339e-04],
          [3.9407e-05],
          [4.0974e-04],
          [1.8110e-05],
          [1.8925e-05],
          [1.8088e-05],
          [1.5892e-05],
          [1.7819e-05],
          [1.5986e-05],
          [1.4805e-05],
          [1.5181e-05],
          [1.4928e-05],
          [1.4676e-05],
          [1.7237e-05],
          [1.5887e-05],
          [1.5773e-05],
          [1.6018e-05],
          [2.6662e-04],
          [8.5953e-05],
          [2.1913e-04],
          [1.5226e-05],
          [1.0949e-05],
          [8.4992e-06],
          [1.0185e-05],
          [3.8730e-04],
          [1.1047e-04],
          [1.2276e-05],
          [1.4013e-05],
          [1.5468e-05],
          [2.3815e-05],
          [3.2493e-05],
          [4.1786e-05],
          [4.1681e-05],
          [3.3422e-05],
          [3.0384e-05],
          [2.6390e-05],
          [2.4644e-05],
          [2.0751e-05],
          [1.4822e-05],
          [1.5665e-05],
          [1.6186e-05],
          [1.5476e-05],
          [1.4164e-05],
          [5.5350e-05],
          [3.3178e-05],
          [3.4296e-05],
          [3.4158e-05],
          [2.5311e-05],
          [2.4682e-05],
          [2.2139e-05],
          [2.2501e-05],
          [1.9022e-05],
          [1.8869e-04],
          [1.3526e-04],
          [2.1654e-05],
          [1.9568e-05],
          [1.6799e-05],
          [1.5614e-05],
          [2.1324e-05],
          [2.2489e-05],
          [2.6427e-05],
          [1.1153e-04],
          [4.5611e-05],
          [2.5565e-04],
          [9.6895e-05],
          [1.8345e-05],
          [1.4177e-05],
          [1.5197e-05],
          [1.7170e-05],
          [1.4054e-05],
          [2.8683e-04],
          [2.1097e-04],
          [2.2198e-05],
          [7.4985e-05],
          [1.8423e-04],
          [2.1059e-05],
          [2.5252e-04],
          [2.9358e-05],
          [4.8966e-04],
          [3.2229e-05],
          [1.7519e-05],
          [1.3236e-05],
          [1.2560e-05],
          [1.2786e-05],
          [4.1112e-05],
          [8.0254e-06]]]])
