# Using CPU
# Loading Embeddings...
# Making Predictions...
torch.Size([1, 1, 442, 297])
tensor([[[[2.1537e-04],
          [4.7315e-05],
          [1.2339e-04],
          [1.9282e-05],
          [8.9865e-06],
          [3.1667e-04],
          [6.6300e-04],
          [1.6328e-05],
          [1.6830e-04],
          [7.5066e-04],
          [1.8384e-05],
          [1.7815e-05],
          [7.6632e-04],
          [3.1304e-04],
          [1.2728e-05],
          [1.4654e-05],
          [1.3644e-05],
          [1.2781e-05],
          [2.0746e-05],
          [1.8972e-05],
          [5.0232e-04],
          [2.1014e-05],
          [3.6374e-04],
          [1.2811e-05],
          [1.7704e-05],
          [2.4352e-05],
          [3.5398e-05],
          [5.7929e-05],
          [6.8215e-05],
          [8.3226e-05],
          [8.7082e-05],
          [8.6235e-05],
          [8.0733e-05],
          [7.6774e-05],
          [5.9106e-05],
          [5.1048e-05],
          [5.8255e-04],
          [3.2591e-05],
          [1.7392e-04],
          [7.1449e-05],
          [2.7070e-04],
          [2.5119e-05],
          [2.4717e-05],
          [2.4754e-05],
          [1.7867e-05],
          [1.6942e-05],
          [1.5178e-05],
          [1.6599e-05],
          [1.9822e-05],
          [5.0727e-04],
          [2.1764e-04],
          [1.2545e-05],
          [1.2832e-05],
          [3.6176e-04],
          [3.7470e-04],
          [1.3998e-05],
          [1.4588e-05],
          [1.5088e-05],
          [1.8676e-05],
          [2.1294e-05],
          [2.0315e-05],
          [1.8910e-05],
          [4.1105e-04],
          [3.3740e-04],
          [1.4112e-05],
          [1.5230e-05],
          [2.2623e-05],
          [1.9575e-05],
          [1.7623e-05],
          [1.7528e-05],
          [1.5037e-05],
          [6.2139e-04],
          [2.1539e-05],
          [2.3400e-05],
          [1.3706e-05],
          [2.0491e-05],
          [1.1250e-03],
          [1.4340e-05],
          [1.4760e-05],
          [1.3291e-05],
          [5.1227e-04],
          [1.7175e-04],
          [1.3816e-05],
          [1.6006e-05],
          [1.7944e-05],
          [2.0964e-05],
          [2.2713e-05],
          [2.6477e-05],
          [2.2492e-05],
          [1.9033e-05],
          [2.5026e-04],
          [3.5293e-05],
          [2.5082e-04],
          [2.1587e-05],
          [2.7624e-05],
          [4.3404e-05],
          [4.6245e-05],
          [5.0519e-05],
          [3.5910e-05],
          [3.5950e-05],
          [2.7884e-05],
          [2.1824e-05],
          [1.3375e-05],
          [1.2016e-05],
          [1.3616e-05],
          [1.7718e-05],
          [1.9270e-05],
          [2.2532e-05],
          [2.5976e-05],
          [2.8138e-05],
          [2.0329e-05],
          [9.7584e-05],
          [9.8353e-05],
          [1.7054e-05],
          [3.4160e-04],
          [1.3913e-05],
          [1.2640e-05],
          [1.1382e-05],
          [1.4507e-05],
          [1.5053e-05],
          [1.5764e-05],
          [1.2959e-05],
          [2.1436e-05],
          [1.2648e-05],
          [1.2720e-05],
          [1.4021e-05],
          [1.4285e-05],
          [1.5859e-05],
          [1.7223e-05],
          [2.0626e-05],
          [2.1707e-05],
          [6.3869e-04],
          [2.3762e-04],
          [4.0396e-05],
          [2.5091e-05],
          [2.3727e-05],
          [1.8842e-05],
          [1.9553e-05],
          [1.4921e-05],
          [1.5509e-05],
          [1.3663e-05],
          [1.2318e-05],
          [9.8886e-06],
          [1.1589e-05],
          [1.2860e-05],
          [1.6257e-05],
          [1.9193e-05],
          [2.5559e-05],
          [3.5395e-05],
          [5.1084e-05],
          [5.6528e-05],
          [6.2144e-05],
          [6.0928e-05],
          [7.6006e-05],
          [6.1007e-05],
          [5.6007e-05],
          [1.6164e-04],
          [3.7874e-04],
          [1.6012e-04],
          [7.7934e-04],
          [1.7898e-05],
          [1.7537e-05],
          [1.7816e-05],
          [2.2486e-05],
          [1.7985e-05],
          [2.0853e-05],
          [2.0207e-05],
          [2.1835e-05],
          [2.3453e-05],
          [2.1997e-05],
          [1.9848e-05],
          [5.0745e-04],
          [3.9003e-04],
          [2.5433e-05],
          [3.0044e-05],
          [2.9622e-05],
          [3.0962e-05],
          [2.9169e-05],
          [3.7036e-04],
          [3.6939e-05],
          [3.0600e-04],
          [1.7761e-05],
          [1.4339e-05],
          [4.4992e-04],
          [1.3028e-05],
          [3.4082e-04],
          [1.8697e-05],
          [2.0525e-05],
          [1.5628e-05],
          [2.8428e-04],
          [3.4002e-05],
          [1.4421e-03],
          [1.8274e-05],
          [2.4842e-05],
          [2.2432e-05],
          [2.3059e-05],
          [2.2226e-05],
          [1.8932e-05],
          [5.2128e-04],
          [1.7822e-04],
          [1.7549e-05],
          [1.5742e-05],
          [1.5476e-05],
          [1.3240e-05],
          [1.2655e-05],
          [1.3707e-05],
          [1.4548e-05],
          [4.6306e-04],
          [3.8382e-04],
          [1.2507e-05],
          [1.3357e-05],
          [1.4856e-05],
          [1.4479e-05],
          [5.7629e-04],
          [2.2546e-05],
          [1.6568e-05],
          [8.0365e-04],
          [1.3843e-05],
          [1.4487e-05],
          [1.1443e-05],
          [1.1963e-05],
          [1.2537e-05],
          [1.3949e-05],
          [1.1897e-05],
          [1.6521e-05],
          [1.8783e-05],
          [2.4387e-05],
          [1.9616e-05],
          [1.9717e-05],
          [1.6842e-05],
          [1.6328e-05],
          [1.5173e-05],
          [1.3116e-05],
          [1.1009e-05],
          [4.3688e-04],
          [2.0789e-04],
          [1.3405e-05],
          [1.3572e-05],
          [1.4627e-05],
          [1.7351e-05],
          [1.8119e-05],
          [3.2008e-05],
          [2.1438e-05],
          [2.7394e-05],
          [3.3032e-05],
          [1.3057e-05],
          [2.3769e-04],
          [7.8885e-05],
          [1.9042e-05],
          [2.7003e-04],
          [1.0560e-05],
          [3.0929e-04],
          [3.1084e-04],
          [1.9118e-05],
          [1.9979e-05],
          [2.2692e-05],
          [2.0173e-05],
          [2.4360e-05],
          [2.4619e-05],
          [2.9588e-05],
          [2.7594e-05],
          [2.8236e-05],
          [3.2679e-05],
          [4.4868e-05],
          [4.3108e-05],
          [4.3014e-05],
          [4.8441e-05],
          [1.2263e-04],
          [1.6511e-05],
          [1.9208e-05],
          [3.7485e-04],
          [2.2726e-04],
          [2.4351e-05],
          [2.6640e-04],
          [1.3574e-04],
          [4.2112e-05],
          [3.2843e-04],
          [1.1532e-05],
          [1.1061e-05],
          [1.0487e-05],
          [9.8116e-06],
          [1.0499e-05],
          [1.1074e-05],
          [3.0572e-05],
          [1.3723e-05],
          [1.6631e-05],
          [1.3985e-05],
          [5.7727e-04],
          [2.1172e-05],
          [6.5282e-05],
          [6.5052e-05],
          [1.1789e-05],
          [1.2091e-05],
          [1.1896e-05],
          [1.1365e-05],
          [1.2107e-05],
          [1.0550e-05],
          [5.1709e-04],
          [2.0401e-05],
          [6.5650e-04],
          [1.3140e-05],
          [1.1860e-05],
          [1.2227e-05],
          [1.2755e-05],
          [1.2517e-05],
          [1.2072e-05],
          [1.3324e-05],
          [1.4156e-05],
          [1.3953e-05],
          [1.6029e-05],
          [1.7983e-05],
          [2.1291e-05],
          [8.3817e-04],
          [3.6627e-04],
          [1.9518e-05],
          [1.6152e-05],
          [1.4182e-05],
          [1.1744e-05],
          [1.4956e-05],
          [2.0479e-05],
          [2.0189e-05],
          [1.5161e-05],
          [1.4451e-05],
          [1.5676e-05],
          [1.4236e-05],
          [1.1886e-05],
          [1.1227e-05],
          [1.2146e-05],
          [1.5729e-05],
          [1.3332e-05],
          [1.2648e-05],
          [1.2045e-05],
          [1.3026e-05],
          [1.5816e-05],
          [1.4065e-05],
          [1.8424e-05],
          [1.7883e-05],
          [2.0890e-05],
          [2.0603e-05],
          [2.5110e-05],
          [3.1819e-05],
          [2.6647e-05],
          [2.3830e-05],
          [2.8351e-05],
          [3.2825e-05],
          [4.7706e-05],
          [2.5729e-05],
          [2.4033e-05],
          [3.7355e-05],
          [3.1921e-05],
          [3.3390e-05],
          [1.7008e-05],
          [1.8234e-05],
          [1.5565e-05],
          [1.5644e-05],
          [1.6134e-05],
          [1.9782e-04],
          [2.7412e-05],
          [1.5304e-03],
          [1.6483e-05],
          [1.7379e-05],
          [2.0470e-05],
          [1.5053e-05],
          [1.4861e-05],
          [1.2903e-05],
          [1.4010e-05],
          [1.0771e-05],
          [1.0758e-05],
          [1.0323e-05],
          [1.3767e-05],
          [1.2272e-05],
          [1.7647e-05],
          [1.5275e-05],
          [2.9322e-04],
          [9.0719e-05],
          [5.4115e-04],
          [1.1357e-05],
          [1.0226e-05],
          [8.5998e-06],
          [1.0357e-05],
          [5.3513e-04],
          [4.2145e-04],
          [1.5152e-05],
          [2.1530e-05],
          [2.6571e-05],
          [3.7794e-05],
          [4.6575e-05],
          [5.3222e-05],
          [6.3709e-05],
          [5.0402e-05],
          [3.5337e-05],
          [2.3824e-05],
          [1.8371e-05],
          [1.2587e-05],
          [1.0459e-05],
          [1.0283e-05],
          [1.1070e-05],
          [1.3244e-05],
          [1.5000e-05],
          [1.1643e-04],
          [4.8129e-05],
          [4.5957e-05],
          [2.0413e-04],
          [3.5375e-05],
          [4.2346e-05],
          [2.3271e-05],
          [2.3707e-05],
          [2.0642e-05],
          [3.3714e-04],
          [1.7884e-04],
          [2.3689e-05],
          [2.0710e-05],
          [1.8295e-05],
          [1.5205e-05],
          [1.8976e-05],
          [1.7632e-05],
          [3.8350e-05],
          [8.4520e-05],
          [9.3376e-05],
          [2.7058e-04],
          [3.8094e-04],
          [2.8362e-05],
          [1.5487e-05],
          [1.9211e-05],
          [1.7858e-05],
          [1.3559e-05],
          [5.5598e-04],
          [1.0742e-04],
          [1.3348e-05],
          [4.6875e-05],
          [1.2282e-04],
          [1.7399e-05],
          [2.1994e-04],
          [1.8402e-05],
          [2.0139e-04],
          [1.7688e-05],
          [1.4908e-05],
          [1.2183e-05],
          [1.4221e-05],
          [1.1478e-05],
          [2.9544e-05],
          [5.2770e-06]]]])
