# Using CPU
# Loading Embeddings...
# Making Predictions...
torch.Size([1, 1, 442, 306])
tensor([[[[2.2416e-04],
          [4.0533e-05],
          [1.2538e-04],
          [3.5145e-05],
          [1.0519e-05],
          [6.8837e-04],
          [8.8990e-04],
          [1.3418e-05],
          [4.8157e-04],
          [9.0406e-04],
          [1.6047e-05],
          [1.3830e-05],
          [4.7636e-04],
          [2.6617e-04],
          [4.7044e-05],
          [1.0722e-05],
          [1.3233e-05],
          [1.5332e-05],
          [2.2049e-05],
          [2.6964e-05],
          [1.3457e-03],
          [2.8278e-05],
          [4.3916e-04],
          [1.4820e-05],
          [1.9313e-05],
          [2.6134e-05],
          [3.5823e-05],
          [6.3092e-05],
          [6.8201e-05],
          [9.9032e-05],
          [6.9495e-05],
          [9.9002e-05],
          [7.1232e-05],
          [6.7408e-05],
          [5.1093e-05],
          [4.2558e-05],
          [7.8583e-04],
          [4.2124e-05],
          [1.9149e-04],
          [1.0037e-04],
          [3.2030e-04],
          [2.0822e-05],
          [1.9216e-05],
          [1.9336e-05],
          [1.5939e-05],
          [1.6097e-05],
          [1.2112e-05],
          [1.4197e-05],
          [1.6321e-05],
          [2.6144e-04],
          [2.9851e-04],
          [1.1790e-05],
          [1.2271e-05],
          [9.2697e-04],
          [4.5754e-04],
          [1.4992e-05],
          [1.4309e-05],
          [1.3115e-05],
          [1.5491e-05],
          [2.1650e-05],
          [2.1237e-05],
          [1.8390e-05],
          [4.4277e-04],
          [2.4997e-04],
          [1.5566e-05],
          [1.5561e-05],
          [1.5760e-05],
          [1.4371e-05],
          [1.4511e-05],
          [1.4600e-05],
          [1.5391e-05],
          [4.4391e-04],
          [2.9493e-05],
          [3.4246e-05],
          [1.3522e-05],
          [2.1833e-05],
          [1.3581e-03],
          [1.6308e-05],
          [1.2004e-05],
          [1.2507e-05],
          [3.4924e-04],
          [1.8297e-04],
          [1.1788e-05],
          [1.2878e-05],
          [1.5717e-05],
          [1.8134e-05],
          [1.9872e-05],
          [2.1277e-05],
          [1.8059e-05],
          [1.5823e-05],
          [7.7905e-04],
          [6.4218e-05],
          [2.7824e-04],
          [1.6048e-05],
          [2.2046e-05],
          [3.3218e-05],
          [3.7194e-05],
          [5.1724e-05],
          [4.8473e-05],
          [5.1179e-05],
          [4.5484e-05],
          [3.0076e-05],
          [1.7604e-05],
          [1.5391e-05],
          [1.5367e-05],
          [1.9893e-05],
          [2.4685e-05],
          [2.6377e-05],
          [2.8129e-05],
          [3.0517e-05],
          [2.3196e-05],
          [2.2379e-04],
          [1.6290e-04],
          [1.9664e-05],
          [3.3025e-04],
          [1.7682e-05],
          [1.6122e-05],
          [1.1219e-05],
          [1.3425e-05],
          [1.6724e-05],
          [1.6256e-05],
          [1.1986e-05],
          [1.6653e-05],
          [1.8073e-05],
          [1.4445e-05],
          [1.3991e-05],
          [1.6093e-05],
          [1.7463e-05],
          [2.0189e-05],
          [2.1055e-05],
          [2.1179e-05],
          [5.3383e-04],
          [3.3441e-04],
          [2.8678e-05],
          [3.4736e-05],
          [3.4338e-05],
          [2.7208e-05],
          [2.7893e-05],
          [2.2624e-05],
          [2.4322e-05],
          [1.8564e-05],
          [1.7188e-05],
          [1.1544e-05],
          [1.3084e-05],
          [1.5796e-05],
          [2.1601e-05],
          [2.5547e-05],
          [3.8623e-05],
          [4.7964e-05],
          [7.6167e-05],
          [7.0389e-05],
          [8.4214e-05],
          [8.4154e-05],
          [1.2028e-04],
          [8.8839e-05],
          [8.2997e-05],
          [6.5031e-04],
          [3.8980e-04],
          [3.2886e-04],
          [8.6814e-04],
          [2.9854e-05],
          [1.6592e-05],
          [1.4869e-05],
          [1.6628e-05],
          [1.9507e-05],
          [2.6785e-05],
          [2.6406e-05],
          [2.5750e-05],
          [2.9498e-05],
          [2.8536e-05],
          [2.5551e-05],
          [6.5374e-04],
          [4.7651e-04],
          [3.2660e-05],
          [3.9291e-05],
          [3.8517e-05],
          [3.7620e-05],
          [3.2435e-05],
          [3.0441e-04],
          [6.0333e-05],
          [2.6843e-04],
          [1.4843e-05],
          [1.6362e-05],
          [3.0020e-04],
          [2.2169e-05],
          [2.3803e-04],
          [1.6648e-05],
          [1.7350e-05],
          [1.5193e-05],
          [1.1763e-03],
          [2.9950e-05],
          [1.4674e-03],
          [2.0453e-05],
          [2.6750e-05],
          [2.6312e-05],
          [2.7839e-05],
          [2.8058e-05],
          [2.8086e-05],
          [3.8434e-04],
          [1.9823e-04],
          [1.7931e-05],
          [1.6277e-05],
          [1.4648e-05],
          [1.4395e-05],
          [1.2212e-05],
          [1.4422e-05],
          [2.0807e-05],
          [6.4992e-04],
          [5.2807e-04],
          [1.1461e-05],
          [1.2292e-05],
          [1.3937e-05],
          [1.3546e-05],
          [5.3225e-04],
          [3.5277e-05],
          [2.0674e-05],
          [7.2693e-04],
          [1.4660e-05],
          [1.9020e-05],
          [1.2558e-05],
          [1.2451e-05],
          [1.1982e-05],
          [1.2067e-05],
          [1.1837e-05],
          [1.2142e-05],
          [1.3358e-05],
          [1.3393e-05],
          [1.4472e-05],
          [1.2167e-05],
          [1.0082e-05],
          [1.0079e-05],
          [1.1235e-05],
          [1.0030e-05],
          [1.1806e-05],
          [7.3861e-04],
          [2.5354e-04],
          [1.4281e-05],
          [1.5829e-05],
          [1.2271e-05],
          [1.9859e-05],
          [1.9107e-05],
          [2.6314e-05],
          [2.1927e-05],
          [2.8333e-05],
          [2.8382e-05],
          [1.6926e-05],
          [5.3277e-04],
          [2.2407e-04],
          [2.9963e-05],
          [3.5603e-04],
          [1.2083e-05],
          [3.5522e-04],
          [1.7262e-04],
          [1.4628e-05],
          [1.5903e-05],
          [1.6777e-05],
          [1.6834e-05],
          [1.8993e-05],
          [2.1214e-05],
          [3.1451e-05],
          [3.3653e-05],
          [5.4004e-05],
          [5.8859e-05],
          [1.0573e-04],
          [8.9728e-05],
          [9.7496e-05],
          [6.1298e-05],
          [3.2724e-04],
          [3.0908e-05],
          [3.4106e-05],
          [2.3592e-04],
          [3.2795e-04],
          [2.9280e-05],
          [2.4531e-04],
          [2.1558e-04],
          [4.6256e-05],
          [2.8367e-04],
          [1.5359e-05],
          [1.1151e-05],
          [1.0337e-05],
          [9.0915e-06],
          [1.0065e-05],
          [1.0949e-05],
          [2.2970e-05],
          [1.8381e-05],
          [2.7075e-05],
          [1.9613e-05],
          [4.7812e-04],
          [6.5046e-05],
          [1.0544e-04],
          [8.2228e-05],
          [1.1400e-05],
          [1.0889e-05],
          [1.0340e-05],
          [1.0874e-05],
          [9.2731e-06],
          [1.0262e-05],
          [8.3267e-04],
          [2.2211e-05],
          [9.6988e-04],
          [1.5131e-05],
          [1.0107e-05],
          [1.0380e-05],
          [1.0306e-05],
          [1.0057e-05],
          [9.6621e-06],
          [9.6285e-06],
          [1.1406e-05],
          [1.2120e-05],
          [1.6800e-05],
          [2.2563e-05],
          [2.5122e-05],
          [4.5263e-04],
          [5.0791e-04],
          [1.5987e-05],
          [1.3475e-05],
          [1.6559e-05],
          [1.0697e-05],
          [1.2693e-05],
          [1.8820e-05],
          [2.1417e-05],
          [1.9225e-05],
          [1.5636e-05],
          [1.3813e-05],
          [1.3688e-05],
          [1.1998e-05],
          [1.0104e-05],
          [1.0830e-05],
          [1.1678e-05],
          [1.0121e-05],
          [1.0754e-05],
          [1.0749e-05],
          [1.1071e-05],
          [1.1239e-05],
          [1.5646e-05],
          [1.8328e-05],
          [2.1872e-05],
          [2.6903e-05],
          [2.0541e-05],
          [3.0235e-05],
          [2.9736e-05],
          [2.9014e-05],
          [2.0178e-05],
          [2.1937e-05],
          [2.2919e-05],
          [2.3010e-05],
          [1.6333e-05],
          [1.6501e-05],
          [1.7700e-05],
          [1.9321e-05],
          [1.8245e-05],
          [1.7037e-05],
          [1.4518e-05],
          [1.4607e-05],
          [1.3532e-05],
          [1.3313e-05],
          [4.7284e-04],
          [3.0451e-05],
          [1.9288e-03],
          [1.3805e-05],
          [1.5634e-05],
          [1.6529e-05],
          [1.4182e-05],
          [1.3844e-05],
          [1.2924e-05],
          [1.2204e-05],
          [1.0780e-05],
          [1.0169e-05],
          [1.0226e-05],
          [1.0020e-05],
          [1.0288e-05],
          [1.2962e-05],
          [1.3851e-05],
          [6.5554e-04],
          [8.7068e-05],
          [8.7120e-04],
          [1.3794e-05],
          [1.2022e-05],
          [1.0235e-05],
          [1.0920e-05],
          [9.4336e-04],
          [6.6095e-04],
          [1.5825e-05],
          [1.3044e-05],
          [1.3158e-05],
          [1.8261e-05],
          [2.4116e-05],
          [2.9292e-05],
          [4.4658e-05],
          [3.8665e-05],
          [3.6438e-05],
          [2.6504e-05],
          [1.7812e-05],
          [1.2588e-05],
          [1.1086e-05],
          [9.6118e-06],
          [9.8898e-06],
          [1.1640e-05],
          [1.2936e-05],
          [2.7783e-05],
          [4.5480e-05],
          [5.5908e-05],
          [6.7594e-05],
          [4.5939e-05],
          [3.6063e-05],
          [2.0741e-05],
          [1.9264e-05],
          [1.8491e-05],
          [2.8889e-04],
          [2.1538e-04],
          [2.1256e-05],
          [1.8225e-05],
          [1.6013e-05],
          [1.3765e-05],
          [1.4675e-05],
          [1.3823e-05],
          [1.7062e-05],
          [1.6683e-04],
          [1.0607e-04],
          [6.6528e-04],
          [5.2507e-04],
          [1.9176e-05],
          [1.5059e-05],
          [1.9148e-05],
          [1.5193e-05],
          [1.3862e-05],
          [4.2187e-04],
          [1.9867e-04],
          [1.7381e-05],
          [8.1453e-05],
          [1.6139e-04],
          [1.8197e-05],
          [5.1681e-04],
          [2.5814e-05],
          [4.2002e-04],
          [1.8993e-05],
          [1.2147e-05],
          [1.0477e-05],
          [1.3203e-05],
          [1.3871e-05],
          [1.6228e-04],
          [7.4620e-06]]]])
