# Using CPU
# Loading Embeddings...
# Making Predictions...
torch.Size([1, 1, 442, 254])
tensor([[[[9.9931e-05],
          [2.5540e-05],
          [8.9035e-05],
          [2.5711e-05],
          [9.4320e-06],
          [6.8474e-04],
          [7.9831e-04],
          [1.6586e-05],
          [5.0153e-04],
          [8.2786e-04],
          [2.0501e-05],
          [1.9131e-05],
          [3.2201e-04],
          [2.0112e-04],
          [2.1663e-05],
          [1.2506e-05],
          [1.1870e-05],
          [1.2733e-05],
          [1.4831e-05],
          [2.1458e-05],
          [1.3682e-03],
          [2.7314e-05],
          [4.6356e-04],
          [1.4604e-05],
          [2.0890e-05],
          [3.1984e-05],
          [4.3220e-05],
          [8.2758e-05],
          [9.6431e-05],
          [1.1589e-04],
          [1.1154e-04],
          [1.2550e-04],
          [1.2224e-04],
          [1.4333e-04],
          [1.0961e-04],
          [8.9882e-05],
          [3.8050e-04],
          [6.9646e-05],
          [1.7925e-04],
          [8.6350e-05],
          [3.5383e-04],
          [2.6997e-05],
          [2.6006e-05],
          [2.9824e-05],
          [2.1257e-05],
          [2.0437e-05],
          [1.6321e-05],
          [3.1125e-05],
          [3.7169e-05],
          [2.7341e-04],
          [3.4448e-04],
          [2.3994e-05],
          [2.2260e-05],
          [8.5470e-04],
          [4.3120e-04],
          [1.6001e-05],
          [1.7183e-05],
          [1.7217e-05],
          [2.1229e-05],
          [2.6125e-05],
          [2.5856e-05],
          [2.3128e-05],
          [3.0987e-04],
          [3.1860e-04],
          [1.8528e-05],
          [1.8946e-05],
          [1.7894e-05],
          [1.6251e-05],
          [1.7255e-05],
          [1.6229e-05],
          [1.5010e-05],
          [3.0891e-04],
          [2.2086e-05],
          [1.7329e-05],
          [1.6167e-05],
          [1.8437e-05],
          [1.3175e-03],
          [1.4778e-05],
          [1.5703e-05],
          [1.2679e-05],
          [1.7503e-04],
          [1.5741e-04],
          [1.3715e-05],
          [1.5887e-05],
          [1.8959e-05],
          [2.2430e-05],
          [2.4957e-05],
          [2.6711e-05],
          [2.2183e-05],
          [1.8673e-05],
          [7.6091e-04],
          [4.2297e-05],
          [2.0888e-04],
          [1.2208e-05],
          [1.5767e-05],
          [1.8552e-05],
          [2.0437e-05],
          [2.8516e-05],
          [2.6701e-05],
          [2.6233e-05],
          [2.9831e-05],
          [1.8943e-05],
          [1.4850e-05],
          [1.2216e-05],
          [1.4667e-05],
          [1.9354e-05],
          [2.1037e-05],
          [2.5770e-05],
          [2.7547e-05],
          [2.9631e-05],
          [2.3860e-05],
          [2.2602e-04],
          [1.1830e-04],
          [1.6326e-05],
          [2.3464e-04],
          [1.7974e-05],
          [1.6266e-05],
          [1.3891e-05],
          [1.7183e-05],
          [1.9677e-05],
          [1.9914e-05],
          [1.4224e-05],
          [1.4983e-05],
          [1.2743e-05],
          [1.4562e-05],
          [1.4036e-05],
          [1.4903e-05],
          [1.5546e-05],
          [1.9577e-05],
          [2.1697e-05],
          [2.4467e-05],
          [4.1480e-04],
          [3.1869e-04],
          [3.5027e-05],
          [2.6731e-05],
          [2.6374e-05],
          [2.2975e-05],
          [2.5171e-05],
          [2.0251e-05],
          [2.2761e-05],
          [1.7363e-05],
          [1.7134e-05],
          [1.1597e-05],
          [1.3071e-05],
          [1.4518e-05],
          [1.8051e-05],
          [1.9411e-05],
          [2.7426e-05],
          [3.5043e-05],
          [5.5052e-05],
          [6.1673e-05],
          [7.9316e-05],
          [7.9946e-05],
          [9.8904e-05],
          [8.7578e-05],
          [7.6895e-05],
          [7.1537e-04],
          [3.5420e-04],
          [3.7788e-04],
          [7.7555e-04],
          [1.8077e-05],
          [1.9094e-05],
          [1.8463e-05],
          [2.0931e-05],
          [2.3409e-05],
          [2.9652e-05],
          [2.7837e-05],
          [2.7685e-05],
          [2.8968e-05],
          [2.8792e-05],
          [2.4924e-05],
          [5.6586e-04],
          [5.0728e-04],
          [2.8312e-05],
          [3.1621e-05],
          [3.2849e-05],
          [3.6570e-05],
          [3.3745e-05],
          [1.9268e-04],
          [3.5805e-05],
          [3.7112e-04],
          [1.8009e-05],
          [1.4431e-05],
          [1.8452e-04],
          [1.4316e-05],
          [2.0759e-04],
          [1.5866e-05],
          [1.8114e-05],
          [1.4564e-05],
          [1.0754e-03],
          [2.3251e-05],
          [1.4452e-03],
          [2.3445e-05],
          [2.8554e-05],
          [2.9334e-05],
          [2.9756e-05],
          [3.4813e-05],
          [2.7648e-05],
          [2.0810e-04],
          [2.2730e-04],
          [2.3325e-05],
          [1.9788e-05],
          [1.9992e-05],
          [1.5763e-05],
          [1.6217e-05],
          [1.7714e-05],
          [1.7440e-05],
          [7.2955e-04],
          [4.9705e-04],
          [1.5621e-05],
          [1.5138e-05],
          [1.6479e-05],
          [1.6462e-05],
          [5.6404e-04],
          [3.1974e-05],
          [1.8461e-05],
          [7.4885e-04],
          [1.7263e-05],
          [1.5570e-05],
          [1.4906e-05],
          [1.4621e-05],
          [1.8105e-05],
          [1.6990e-05],
          [1.4552e-05],
          [1.5371e-05],
          [1.7918e-05],
          [1.9692e-05],
          [1.7841e-05],
          [1.6717e-05],
          [1.2748e-05],
          [1.3438e-05],
          [1.4250e-05],
          [1.3378e-05],
          [1.4835e-05],
          [6.2875e-04],
          [2.4934e-04],
          [1.7810e-05],
          [2.0079e-05],
          [1.6517e-05],
          [1.9853e-05],
          [1.7852e-05],
          [1.9544e-05],
          [1.6441e-05],
          [2.0884e-05],
          [2.2384e-05],
          [1.3400e-05],
          [5.5638e-04],
          [1.2489e-04],
          [1.9148e-05],
          [2.2900e-04],
          [1.1609e-05],
          [3.1805e-04],
          [1.9179e-04],
          [2.4635e-05],
          [3.0177e-05],
          [3.3232e-05],
          [3.0286e-05],
          [4.1859e-05],
          [4.4904e-05],
          [5.6781e-05],
          [5.0702e-05],
          [7.2804e-05],
          [8.2380e-05],
          [1.2261e-04],
          [9.0536e-05],
          [9.3788e-05],
          [5.8645e-05],
          [1.9607e-04],
          [3.1075e-05],
          [3.2175e-05],
          [2.7796e-04],
          [2.7723e-04],
          [2.3876e-05],
          [2.5523e-04],
          [1.2295e-04],
          [3.0282e-05],
          [2.8466e-04],
          [1.3808e-05],
          [1.3034e-05],
          [1.1938e-05],
          [9.4593e-06],
          [8.9015e-06],
          [8.9744e-06],
          [2.6156e-05],
          [1.2823e-05],
          [1.6703e-05],
          [1.2746e-05],
          [2.4370e-04],
          [2.3739e-05],
          [6.4475e-05],
          [1.0693e-04],
          [1.1513e-05],
          [1.0810e-05],
          [1.1461e-05],
          [1.1198e-05],
          [1.0619e-05],
          [9.7201e-06],
          [8.0686e-04],
          [2.0842e-05],
          [8.1850e-04],
          [1.3613e-05],
          [1.1883e-05],
          [1.5064e-05],
          [1.4864e-05],
          [1.5483e-05],
          [1.8056e-05],
          [1.6930e-05],
          [2.3403e-05],
          [2.3572e-05],
          [3.2447e-05],
          [3.6708e-05],
          [4.6048e-05],
          [4.3228e-04],
          [4.0233e-04],
          [2.9460e-05],
          [2.3099e-05],
          [2.6072e-05],
          [1.3877e-05],
          [1.2720e-05],
          [1.4658e-05],
          [1.8534e-05],
          [1.6681e-05],
          [1.7099e-05],
          [1.6056e-05],
          [1.7590e-05],
          [1.2755e-05],
          [1.2669e-05],
          [1.3328e-05],
          [1.5556e-05],
          [1.3844e-05],
          [1.4061e-05],
          [1.3275e-05],
          [1.6063e-05],
          [1.3468e-05],
          [1.3435e-05],
          [1.6016e-05],
          [1.7553e-05],
          [1.9662e-05],
          [1.8829e-05],
          [2.7072e-05],
          [2.4985e-05],
          [2.7234e-05],
          [1.9499e-05],
          [2.1587e-05],
          [2.3214e-05],
          [2.8784e-05],
          [1.7741e-05],
          [2.1190e-05],
          [2.7975e-05],
          [1.6198e-05],
          [1.6423e-05],
          [1.6639e-05],
          [1.6744e-05],
          [1.4490e-05],
          [1.7956e-05],
          [1.8366e-05],
          [5.6402e-04],
          [2.7900e-05],
          [1.4879e-03],
          [2.5640e-05],
          [2.6086e-05],
          [2.2847e-05],
          [2.2093e-05],
          [1.9756e-05],
          [1.5306e-05],
          [1.2316e-05],
          [1.2464e-05],
          [1.0927e-05],
          [1.0945e-05],
          [1.2090e-05],
          [1.4308e-05],
          [2.0366e-05],
          [1.8988e-05],
          [6.7534e-04],
          [7.1449e-05],
          [7.7633e-04],
          [1.5066e-05],
          [1.3001e-05],
          [9.4229e-06],
          [1.0493e-05],
          [8.4583e-04],
          [5.3936e-04],
          [1.0450e-05],
          [1.1966e-05],
          [1.4607e-05],
          [2.3762e-05],
          [3.1674e-05],
          [3.8684e-05],
          [3.9753e-05],
          [3.1223e-05],
          [3.0429e-05],
          [1.9819e-05],
          [1.9405e-05],
          [1.5002e-05],
          [1.1597e-05],
          [1.2023e-05],
          [1.1765e-05],
          [1.1471e-05],
          [1.2132e-05],
          [6.3962e-05],
          [3.2913e-05],
          [3.6945e-05],
          [7.9981e-05],
          [2.4388e-05],
          [2.6253e-05],
          [2.8424e-05],
          [2.9592e-05],
          [2.2184e-05],
          [2.6149e-04],
          [2.4448e-04],
          [2.6872e-05],
          [2.4504e-05],
          [2.1272e-05],
          [1.8600e-05],
          [1.8163e-05],
          [1.7812e-05],
          [3.1984e-05],
          [2.1592e-04],
          [1.3941e-04],
          [5.6391e-04],
          [4.7857e-04],
          [2.3750e-05],
          [1.6517e-05],
          [1.6929e-05],
          [2.0708e-05],
          [1.5096e-05],
          [4.1983e-04],
          [9.3262e-05],
          [1.3713e-05],
          [4.2773e-05],
          [1.0723e-04],
          [1.8889e-05],
          [2.3046e-04],
          [2.1106e-05],
          [2.5978e-04],
          [2.2060e-05],
          [1.7335e-05],
          [1.4386e-05],
          [1.5020e-05],
          [1.4504e-05],
          [1.0361e-04],
          [7.5413e-06]]]])
