# Using CPU
# Loading Embeddings...
# Making Predictions...
torch.Size([1, 1, 442, 276])
tensor([[[[1.3889e-04],
          [2.3832e-05],
          [5.0752e-05],
          [3.8480e-05],
          [1.1181e-05],
          [1.5387e-04],
          [1.3902e-04],
          [1.6917e-05],
          [1.1567e-04],
          [1.6613e-04],
          [1.2992e-05],
          [1.3316e-05],
          [2.7552e-04],
          [9.3486e-05],
          [2.9041e-05],
          [1.4573e-05],
          [2.4345e-05],
          [1.9006e-05],
          [1.6091e-05],
          [2.1348e-05],
          [2.2152e-04],
          [1.9476e-05],
          [1.0055e-04],
          [1.2498e-05],
          [1.7538e-05],
          [2.1523e-05],
          [2.9457e-05],
          [5.2795e-05],
          [6.9778e-05],
          [9.3345e-05],
          [9.7185e-05],
          [1.1960e-04],
          [1.1426e-04],
          [1.1734e-04],
          [8.9691e-05],
          [7.1550e-05],
          [3.4843e-04],
          [7.5667e-05],
          [7.0476e-05],
          [4.6970e-05],
          [9.4297e-05],
          [1.8176e-05],
          [1.9716e-05],
          [2.0258e-05],
          [1.6893e-05],
          [1.7471e-05],
          [1.3943e-05],
          [1.3359e-05],
          [1.3906e-05],
          [1.2365e-04],
          [7.4139e-05],
          [1.6643e-05],
          [1.2879e-05],
          [1.3779e-04],
          [9.8684e-05],
          [1.6454e-05],
          [1.7079e-05],
          [1.5958e-05],
          [1.7780e-05],
          [1.9149e-05],
          [2.4010e-05],
          [2.0127e-05],
          [2.2404e-04],
          [1.0576e-04],
          [1.6260e-05],
          [1.9528e-05],
          [2.1574e-05],
          [2.3182e-05],
          [2.1982e-05],
          [1.6928e-05],
          [1.4367e-05],
          [1.9067e-04],
          [1.9495e-05],
          [2.3216e-05],
          [1.3744e-05],
          [1.9293e-05],
          [2.2767e-04],
          [1.3491e-05],
          [1.3376e-05],
          [1.3099e-05],
          [1.8170e-04],
          [7.6859e-05],
          [1.4392e-05],
          [1.3954e-05],
          [1.4486e-05],
          [1.6262e-05],
          [1.8175e-05],
          [1.8142e-05],
          [1.5738e-05],
          [1.3883e-05],
          [1.5899e-04],
          [4.0324e-05],
          [8.2895e-05],
          [1.1982e-05],
          [1.2785e-05],
          [2.0628e-05],
          [2.4152e-05],
          [3.3979e-05],
          [2.5440e-05],
          [2.7662e-05],
          [2.3101e-05],
          [2.2365e-05],
          [1.6626e-05],
          [1.4245e-05],
          [1.4772e-05],
          [1.7898e-05],
          [2.0717e-05],
          [2.2301e-05],
          [2.3743e-05],
          [2.5664e-05],
          [1.8550e-05],
          [7.6650e-05],
          [9.5092e-05],
          [2.1493e-05],
          [1.0155e-04],
          [1.4358e-05],
          [1.3107e-05],
          [1.1729e-05],
          [1.8594e-05],
          [1.8169e-05],
          [1.9667e-05],
          [1.5439e-05],
          [2.1501e-05],
          [1.4309e-05],
          [1.5062e-05],
          [1.6618e-05],
          [1.5901e-05],
          [1.7617e-05],
          [2.0758e-05],
          [2.1455e-05],
          [2.3174e-05],
          [2.1591e-04],
          [1.1209e-04],
          [3.4334e-05],
          [2.8550e-05],
          [2.9664e-05],
          [2.6016e-05],
          [2.9848e-05],
          [2.2127e-05],
          [2.0740e-05],
          [1.6949e-05],
          [1.5649e-05],
          [1.1485e-05],
          [1.3770e-05],
          [1.5407e-05],
          [1.9459e-05],
          [2.1856e-05],
          [3.0734e-05],
          [3.6243e-05],
          [5.6827e-05],
          [6.4733e-05],
          [7.7423e-05],
          [6.7885e-05],
          [8.3412e-05],
          [6.2885e-05],
          [5.0913e-05],
          [1.4674e-04],
          [1.0363e-04],
          [1.0433e-04],
          [1.4156e-04],
          [2.6093e-05],
          [1.6939e-05],
          [2.2392e-05],
          [2.2015e-05],
          [2.3638e-05],
          [2.1892e-05],
          [2.2708e-05],
          [2.0085e-05],
          [2.3205e-05],
          [2.5754e-05],
          [1.8100e-05],
          [1.8484e-04],
          [1.0601e-04],
          [2.5382e-05],
          [3.1711e-05],
          [3.4210e-05],
          [3.3546e-05],
          [2.9185e-05],
          [1.6245e-04],
          [5.1962e-05],
          [1.5576e-04],
          [1.4921e-05],
          [1.5559e-05],
          [1.3529e-04],
          [1.4389e-05],
          [9.4351e-05],
          [2.1146e-05],
          [2.5061e-05],
          [2.1099e-05],
          [1.6588e-04],
          [1.7804e-05],
          [2.5559e-04],
          [1.6276e-05],
          [2.2366e-05],
          [2.1742e-05],
          [2.3067e-05],
          [2.2410e-05],
          [1.9411e-05],
          [1.7045e-04],
          [7.5544e-05],
          [1.6798e-05],
          [1.5649e-05],
          [1.6895e-05],
          [1.7672e-05],
          [2.0810e-05],
          [2.4267e-05],
          [2.3059e-05],
          [1.3174e-04],
          [8.5927e-05],
          [1.8564e-05],
          [1.5467e-05],
          [1.5055e-05],
          [1.2191e-05],
          [1.7160e-04],
          [2.8315e-05],
          [2.0476e-05],
          [1.6058e-04],
          [1.3360e-05],
          [1.7564e-05],
          [1.4749e-05],
          [1.9971e-05],
          [2.0189e-05],
          [2.2873e-05],
          [1.8614e-05],
          [2.0892e-05],
          [2.9722e-05],
          [2.4771e-05],
          [2.0959e-05],
          [2.3866e-05],
          [1.8978e-05],
          [2.0307e-05],
          [2.1310e-05],
          [1.9323e-05],
          [1.4168e-05],
          [1.7886e-04],
          [7.8457e-05],
          [1.5172e-05],
          [1.7922e-05],
          [2.0554e-05],
          [2.7657e-05],
          [3.2208e-05],
          [2.9598e-05],
          [1.9509e-05],
          [4.4467e-05],
          [3.4715e-05],
          [1.6286e-05],
          [1.2574e-04],
          [1.3039e-04],
          [1.9239e-05],
          [1.1853e-04],
          [1.3278e-05],
          [1.2305e-04],
          [6.6268e-05],
          [1.5546e-05],
          [2.0889e-05],
          [2.3122e-05],
          [2.1813e-05],
          [2.8209e-05],
          [3.3023e-05],
          [3.9074e-05],
          [3.9953e-05],
          [5.2776e-05],
          [6.2901e-05],
          [9.8328e-05],
          [9.5741e-05],
          [1.0482e-04],
          [6.7200e-05],
          [3.0685e-04],
          [2.7058e-05],
          [3.4655e-05],
          [1.7842e-04],
          [8.6593e-05],
          [1.9170e-05],
          [7.3007e-05],
          [1.0064e-04],
          [3.9275e-05],
          [1.5009e-04],
          [1.3375e-05],
          [1.2711e-05],
          [1.2014e-05],
          [9.0279e-06],
          [1.1205e-05],
          [1.1869e-05],
          [2.2870e-05],
          [1.4757e-05],
          [1.8855e-05],
          [1.9120e-05],
          [2.1919e-04],
          [2.2748e-05],
          [7.2871e-05],
          [4.4992e-05],
          [1.1440e-05],
          [1.0237e-05],
          [1.2242e-05],
          [1.0959e-05],
          [1.4361e-05],
          [1.3492e-05],
          [1.7759e-04],
          [1.6211e-05],
          [1.5347e-04],
          [1.4577e-05],
          [1.4673e-05],
          [1.5282e-05],
          [1.4653e-05],
          [1.6144e-05],
          [1.8311e-05],
          [1.7952e-05],
          [2.0514e-05],
          [2.0707e-05],
          [2.1279e-05],
          [2.3062e-05],
          [2.7547e-05],
          [2.0039e-04],
          [9.5183e-05],
          [1.9640e-05],
          [1.9308e-05],
          [1.6946e-05],
          [1.7351e-05],
          [1.9068e-05],
          [2.4294e-05],
          [2.4509e-05],
          [2.5575e-05],
          [2.0538e-05],
          [2.2947e-05],
          [2.0142e-05],
          [1.6103e-05],
          [1.6088e-05],
          [1.5657e-05],
          [2.3278e-05],
          [1.9222e-05],
          [1.7475e-05],
          [1.9850e-05],
          [1.9894e-05],
          [2.0434e-05],
          [2.7300e-05],
          [2.2256e-05],
          [2.5780e-05],
          [2.7194e-05],
          [2.3711e-05],
          [2.7265e-05],
          [3.1358e-05],
          [2.9328e-05],
          [2.4939e-05],
          [2.6634e-05],
          [2.9073e-05],
          [3.5514e-05],
          [1.7487e-05],
          [3.3947e-05],
          [3.2095e-05],
          [1.7993e-05],
          [2.4252e-05],
          [1.6282e-05],
          [1.7073e-05],
          [1.6314e-05],
          [1.5424e-05],
          [1.9000e-05],
          [1.1331e-04],
          [3.0055e-05],
          [2.3989e-04],
          [2.0203e-05],
          [2.0469e-05],
          [2.2533e-05],
          [2.0556e-05],
          [2.8506e-05],
          [2.1289e-05],
          [2.1440e-05],
          [1.9007e-05],
          [1.8654e-05],
          [1.7382e-05],
          [1.9570e-05],
          [1.8638e-05],
          [2.0111e-05],
          [2.1926e-05],
          [1.8942e-04],
          [5.5858e-05],
          [1.4458e-04],
          [1.4357e-05],
          [1.5160e-05],
          [1.5156e-05],
          [1.6335e-05],
          [1.6723e-04],
          [1.0666e-04],
          [1.7014e-05],
          [1.9200e-05],
          [3.2792e-05],
          [3.3510e-05],
          [4.4500e-05],
          [5.3829e-05],
          [5.7301e-05],
          [4.7761e-05],
          [3.5576e-05],
          [2.8831e-05],
          [2.3858e-05],
          [1.9005e-05],
          [1.3550e-05],
          [1.3271e-05],
          [1.3516e-05],
          [1.8130e-05],
          [2.0278e-05],
          [1.6008e-04],
          [7.0856e-05],
          [3.2099e-05],
          [1.5930e-04],
          [2.7256e-05],
          [3.4138e-05],
          [1.9509e-05],
          [1.8876e-05],
          [1.6276e-05],
          [1.1295e-04],
          [6.5533e-05],
          [1.9896e-05],
          [1.7165e-05],
          [1.9012e-05],
          [1.6888e-05],
          [2.2367e-05],
          [2.8201e-05],
          [4.7493e-05],
          [6.6528e-05],
          [9.1430e-05],
          [9.7188e-05],
          [9.2104e-05],
          [3.4675e-05],
          [2.3879e-05],
          [1.3832e-05],
          [2.2288e-05],
          [1.4934e-05],
          [1.6054e-04],
          [1.2104e-04],
          [1.6942e-05],
          [9.9997e-05],
          [1.2399e-04],
          [1.5795e-05],
          [3.8282e-04],
          [2.0719e-05],
          [1.5406e-04],
          [2.1483e-05],
          [1.4147e-05],
          [1.1727e-05],
          [1.6225e-05],
          [1.2748e-05],
          [1.7676e-05],
          [5.4484e-06]]]])
