# Using CPU
# Loading Embeddings...
# Making Predictions...
torch.Size([1, 1, 442, 264])
tensor([[[[1.7061e-04],
          [2.5576e-05],
          [7.5659e-05],
          [2.3201e-05],
          [1.0416e-05],
          [1.7726e-04],
          [3.5149e-04],
          [2.2571e-05],
          [1.3058e-04],
          [3.5632e-04],
          [1.7187e-05],
          [1.6582e-05],
          [4.7464e-04],
          [2.3136e-04],
          [2.4426e-05],
          [1.5115e-05],
          [1.0193e-05],
          [8.5233e-06],
          [9.4826e-06],
          [2.4231e-05],
          [1.7838e-04],
          [1.9726e-05],
          [2.4643e-04],
          [1.6283e-05],
          [1.8148e-05],
          [2.4030e-05],
          [3.3902e-05],
          [5.5851e-05],
          [6.4379e-05],
          [8.0797e-05],
          [7.7147e-05],
          [7.8721e-05],
          [7.7112e-05],
          [9.7932e-05],
          [7.7585e-05],
          [7.0658e-05],
          [2.1018e-03],
          [8.2358e-05],
          [3.0172e-04],
          [2.0470e-04],
          [2.2479e-04],
          [2.6902e-05],
          [2.3581e-05],
          [2.3951e-05],
          [1.6962e-05],
          [1.4700e-05],
          [1.3346e-05],
          [1.1367e-05],
          [1.1001e-05],
          [1.6430e-04],
          [1.8888e-04],
          [1.0603e-05],
          [1.0473e-05],
          [2.1030e-04],
          [1.9610e-04],
          [1.4233e-05],
          [1.5003e-05],
          [1.5020e-05],
          [1.7690e-05],
          [2.0855e-05],
          [1.9586e-05],
          [1.8423e-05],
          [3.8657e-04],
          [2.3289e-04],
          [1.5307e-05],
          [1.6223e-05],
          [1.4531e-05],
          [1.3689e-05],
          [1.5242e-05],
          [1.2754e-05],
          [1.3661e-05],
          [2.6297e-04],
          [1.8708e-05],
          [3.2272e-05],
          [1.4019e-05],
          [1.7209e-05],
          [7.3769e-04],
          [1.3293e-05],
          [1.2921e-05],
          [1.1582e-05],
          [1.8041e-04],
          [1.1758e-04],
          [1.1489e-05],
          [1.2623e-05],
          [1.4880e-05],
          [1.7600e-05],
          [1.8537e-05],
          [2.0549e-05],
          [1.7894e-05],
          [1.6328e-05],
          [1.6752e-04],
          [2.9377e-05],
          [1.8848e-04],
          [1.1961e-05],
          [1.4284e-05],
          [1.6247e-05],
          [1.6795e-05],
          [2.1730e-05],
          [1.6338e-05],
          [1.6287e-05],
          [1.4785e-05],
          [1.2421e-05],
          [9.7658e-06],
          [1.1198e-05],
          [1.3397e-05],
          [1.7817e-05],
          [2.0295e-05],
          [2.4817e-05],
          [2.7682e-05],
          [2.7941e-05],
          [2.1546e-05],
          [9.7859e-05],
          [8.8032e-05],
          [2.6185e-05],
          [1.8646e-04],
          [1.6368e-05],
          [1.2573e-05],
          [1.1063e-05],
          [1.2020e-05],
          [1.3653e-05],
          [1.3372e-05],
          [1.1942e-05],
          [2.2680e-05],
          [1.1591e-05],
          [1.4003e-05],
          [1.3912e-05],
          [1.6240e-05],
          [1.4829e-05],
          [1.8172e-05],
          [1.7908e-05],
          [2.8058e-05],
          [8.6343e-04],
          [2.4851e-04],
          [3.0972e-05],
          [2.6051e-05],
          [1.8560e-05],
          [1.5632e-05],
          [1.6372e-05],
          [1.3891e-05],
          [1.4800e-05],
          [1.1235e-05],
          [1.1396e-05],
          [9.6221e-06],
          [1.1971e-05],
          [1.5327e-05],
          [2.0382e-05],
          [2.2635e-05],
          [3.0475e-05],
          [4.1481e-05],
          [6.0816e-05],
          [6.4336e-05],
          [5.8710e-05],
          [6.8580e-05],
          [6.0989e-05],
          [6.2515e-05],
          [4.9527e-05],
          [2.6955e-04],
          [1.7226e-04],
          [1.4169e-04],
          [3.2765e-04],
          [1.7116e-05],
          [1.5968e-05],
          [1.5518e-05],
          [2.1746e-05],
          [1.6405e-05],
          [2.1900e-05],
          [1.8076e-05],
          [1.8890e-05],
          [1.8985e-05],
          [1.9339e-05],
          [1.7227e-05],
          [1.9779e-04],
          [2.4410e-04],
          [2.0906e-05],
          [2.8408e-05],
          [2.8559e-05],
          [3.0125e-05],
          [2.9561e-05],
          [3.3758e-04],
          [4.0596e-05],
          [2.2320e-04],
          [1.7673e-05],
          [1.6583e-05],
          [1.3361e-04],
          [1.2887e-05],
          [1.4378e-04],
          [1.0305e-05],
          [1.5408e-05],
          [1.0334e-05],
          [1.5577e-04],
          [2.5952e-05],
          [5.5399e-04],
          [1.7868e-05],
          [2.3815e-05],
          [2.3714e-05],
          [2.3808e-05],
          [2.3274e-05],
          [2.4362e-05],
          [3.0664e-04],
          [1.7587e-04],
          [1.8237e-05],
          [1.6133e-05],
          [1.5501e-05],
          [1.3463e-05],
          [1.2501e-05],
          [1.2146e-05],
          [2.0829e-05],
          [1.4264e-04],
          [2.2248e-04],
          [1.2450e-05],
          [1.2361e-05],
          [1.3497e-05],
          [1.4374e-05],
          [2.4299e-04],
          [3.0571e-05],
          [2.1365e-05],
          [4.5025e-04],
          [1.4287e-05],
          [1.9629e-05],
          [1.4108e-05],
          [1.3828e-05],
          [1.2916e-05],
          [1.0761e-05],
          [1.0292e-05],
          [1.1698e-05],
          [2.5866e-05],
          [1.6772e-05],
          [1.2401e-05],
          [1.3136e-05],
          [1.0817e-05],
          [1.3320e-05],
          [1.3985e-05],
          [1.0883e-05],
          [1.1504e-05],
          [1.6510e-04],
          [1.3857e-04],
          [1.4537e-05],
          [1.4493e-05],
          [1.2623e-05],
          [1.3480e-05],
          [1.6950e-05],
          [1.6643e-05],
          [1.3975e-05],
          [2.0804e-05],
          [1.9304e-05],
          [1.0208e-05],
          [2.0499e-04],
          [6.7015e-05],
          [2.6167e-05],
          [1.7078e-04],
          [1.0602e-05],
          [1.7003e-04],
          [1.5099e-04],
          [1.9552e-05],
          [2.2270e-05],
          [2.6111e-05],
          [2.3411e-05],
          [3.0117e-05],
          [3.5870e-05],
          [4.3611e-05],
          [3.9261e-05],
          [5.7678e-05],
          [6.6270e-05],
          [9.0795e-05],
          [8.7424e-05],
          [7.1263e-05],
          [7.5786e-05],
          [5.4248e-04],
          [3.7755e-05],
          [3.4842e-05],
          [5.3633e-04],
          [1.1147e-04],
          [2.8441e-05],
          [1.6850e-04],
          [1.7589e-04],
          [2.4254e-05],
          [1.9435e-04],
          [1.3163e-05],
          [1.0516e-05],
          [1.0123e-05],
          [8.8499e-06],
          [9.0532e-06],
          [9.0515e-06],
          [3.5034e-05],
          [9.1368e-06],
          [9.4854e-06],
          [9.3189e-06],
          [2.3120e-04],
          [1.9687e-05],
          [6.1263e-05],
          [8.6909e-05],
          [1.0490e-05],
          [9.9417e-06],
          [9.8202e-06],
          [9.4621e-06],
          [9.2057e-06],
          [1.2620e-05],
          [1.9241e-04],
          [1.9078e-05],
          [4.2762e-04],
          [1.2702e-05],
          [1.0223e-05],
          [1.2914e-05],
          [1.1662e-05],
          [1.1266e-05],
          [1.1872e-05],
          [1.1928e-05],
          [1.5752e-05],
          [1.4916e-05],
          [2.1589e-05],
          [2.5644e-05],
          [3.1908e-05],
          [3.5866e-04],
          [2.2037e-04],
          [2.2292e-05],
          [1.7200e-05],
          [3.7873e-05],
          [1.0675e-05],
          [1.0568e-05],
          [1.2725e-05],
          [1.4228e-05],
          [1.1816e-05],
          [1.3679e-05],
          [1.0410e-05],
          [1.0165e-05],
          [9.2180e-06],
          [9.5865e-06],
          [1.0956e-05],
          [1.2845e-05],
          [1.1326e-05],
          [1.1730e-05],
          [1.0993e-05],
          [1.5651e-05],
          [1.1193e-05],
          [1.1075e-05],
          [1.2833e-05],
          [1.3616e-05],
          [1.6957e-05],
          [1.6331e-05],
          [2.3100e-05],
          [2.8282e-05],
          [2.6691e-05],
          [2.2248e-05],
          [2.8022e-05],
          [3.2661e-05],
          [3.1469e-05],
          [2.3812e-05],
          [2.4358e-05],
          [2.7225e-05],
          [2.0720e-05],
          [1.8130e-05],
          [1.4058e-05],
          [1.5397e-05],
          [1.5157e-05],
          [1.4734e-05],
          [1.4619e-05],
          [2.7126e-04],
          [3.8128e-05],
          [5.6654e-04],
          [1.7390e-05],
          [1.8615e-05],
          [1.5932e-05],
          [1.5349e-05],
          [1.6245e-05],
          [1.3081e-05],
          [1.2470e-05],
          [1.0989e-05],
          [1.0454e-05],
          [1.1037e-05],
          [1.1973e-05],
          [1.1962e-05],
          [1.4625e-05],
          [1.4315e-05],
          [1.2294e-04],
          [5.5825e-05],
          [3.7665e-04],
          [1.2705e-05],
          [1.0889e-05],
          [9.1506e-06],
          [1.0263e-05],
          [1.8501e-04],
          [3.0186e-04],
          [1.1339e-05],
          [1.1742e-05],
          [1.3907e-05],
          [1.9259e-05],
          [2.4320e-05],
          [2.9581e-05],
          [3.0602e-05],
          [2.4857e-05],
          [2.0166e-05],
          [1.5892e-05],
          [1.4110e-05],
          [1.1705e-05],
          [9.3651e-06],
          [1.0133e-05],
          [9.6778e-06],
          [1.0491e-05],
          [1.1527e-05],
          [3.6524e-05],
          [2.7700e-05],
          [3.0341e-05],
          [2.7993e-05],
          [1.9025e-05],
          [2.7992e-05],
          [2.2262e-05],
          [2.2783e-05],
          [1.9467e-05],
          [2.8475e-04],
          [1.3209e-04],
          [2.0937e-05],
          [1.9007e-05],
          [1.6648e-05],
          [1.4215e-05],
          [1.9889e-05],
          [1.6776e-05],
          [2.7228e-05],
          [6.9771e-05],
          [1.6654e-04],
          [9.1994e-05],
          [1.9687e-04],
          [2.5045e-05],
          [1.9119e-05],
          [1.4096e-05],
          [1.9123e-05],
          [1.3155e-05],
          [1.9720e-04],
          [6.8362e-05],
          [1.8858e-05],
          [6.7739e-05],
          [3.2308e-04],
          [1.9829e-05],
          [1.8470e-04],
          [1.8266e-05],
          [2.5380e-04],
          [1.6094e-05],
          [1.2890e-05],
          [1.1181e-05],
          [1.1379e-05],
          [1.4184e-05],
          [6.0510e-05],
          [5.0463e-06]]]])
