# Using CPU
# Loading Embeddings...
# Making Predictions...
torch.Size([1, 1, 442, 269])
tensor([[[[4.8266e-04],
          [1.7038e-04],
          [1.4427e-04],
          [5.3043e-05],
          [1.0454e-05],
          [6.4262e-04],
          [2.0489e-04],
          [4.2276e-05],
          [3.3644e-04],
          [2.8004e-04],
          [1.1555e-05],
          [1.0773e-05],
          [2.6892e-04],
          [2.4493e-04],
          [7.4937e-05],
          [9.8234e-06],
          [1.3413e-05],
          [1.5656e-05],
          [2.0423e-05],
          [2.1399e-05],
          [1.5768e-03],
          [3.4546e-05],
          [2.7521e-04],
          [1.4098e-05],
          [1.3744e-05],
          [1.5247e-05],
          [1.9348e-05],
          [2.5319e-05],
          [2.5851e-05],
          [2.9188e-05],
          [2.6599e-05],
          [2.8000e-05],
          [2.6622e-05],
          [4.5970e-05],
          [2.7176e-05],
          [2.6004e-05],
          [5.1872e-04],
          [3.8910e-05],
          [1.2869e-04],
          [1.0886e-04],
          [1.8846e-04],
          [1.4073e-05],
          [1.3790e-05],
          [1.5161e-05],
          [1.3623e-05],
          [1.3353e-05],
          [1.0450e-05],
          [1.0677e-05],
          [1.0970e-05],
          [3.0504e-04],
          [2.0686e-04],
          [1.2568e-05],
          [1.0731e-05],
          [8.6891e-04],
          [2.0738e-04],
          [1.2882e-05],
          [1.1638e-05],
          [1.6299e-05],
          [1.7191e-05],
          [1.6165e-05],
          [1.5984e-05],
          [1.4882e-05],
          [1.1192e-03],
          [4.1540e-04],
          [1.4574e-05],
          [1.4423e-05],
          [1.7291e-05],
          [1.5577e-05],
          [1.8390e-05],
          [1.3837e-05],
          [1.1491e-05],
          [6.7531e-04],
          [2.5092e-05],
          [7.2251e-05],
          [1.7301e-05],
          [1.9836e-05],
          [4.0303e-04],
          [1.5067e-05],
          [1.1672e-05],
          [1.0874e-05],
          [1.0614e-03],
          [3.1420e-04],
          [1.1976e-05],
          [9.5855e-06],
          [1.0237e-05],
          [1.2119e-05],
          [1.3161e-05],
          [1.2523e-05],
          [1.2064e-05],
          [1.1650e-05],
          [8.2339e-04],
          [1.5534e-04],
          [4.3510e-04],
          [1.4679e-05],
          [1.8813e-05],
          [3.5078e-05],
          [3.6377e-05],
          [5.4855e-05],
          [4.6946e-05],
          [5.7153e-05],
          [5.3650e-05],
          [3.1600e-05],
          [1.9147e-05],
          [1.5343e-05],
          [1.3085e-05],
          [1.3112e-05],
          [1.3669e-05],
          [1.6242e-05],
          [1.7398e-05],
          [1.8821e-05],
          [1.6938e-05],
          [2.0931e-04],
          [7.8889e-04],
          [2.3727e-05],
          [8.3914e-04],
          [1.4954e-05],
          [1.0712e-05],
          [9.7324e-06],
          [1.0450e-05],
          [1.1602e-05],
          [1.2665e-05],
          [1.2002e-05],
          [2.0720e-05],
          [1.4129e-05],
          [1.6786e-05],
          [1.4320e-05],
          [1.6373e-05],
          [1.5681e-05],
          [1.7502e-05],
          [2.7371e-05],
          [5.4710e-05],
          [8.9140e-04],
          [3.3363e-04],
          [1.0762e-04],
          [4.7451e-05],
          [2.4623e-05],
          [1.8694e-05],
          [2.0539e-05],
          [1.6252e-05],
          [1.5064e-05],
          [1.2320e-05],
          [1.0789e-05],
          [1.0016e-05],
          [1.3845e-05],
          [1.2624e-05],
          [1.4984e-05],
          [1.4362e-05],
          [1.9474e-05],
          [2.2299e-05],
          [3.2391e-05],
          [3.3816e-05],
          [4.2472e-05],
          [3.4630e-05],
          [4.7384e-05],
          [3.6897e-05],
          [3.7952e-05],
          [8.9798e-04],
          [1.3984e-04],
          [3.6309e-04],
          [3.3359e-04],
          [1.8811e-05],
          [1.7218e-05],
          [2.5440e-05],
          [2.9067e-05],
          [1.8788e-05],
          [1.9791e-05],
          [2.0605e-05],
          [1.8798e-05],
          [2.3676e-05],
          [2.4637e-05],
          [2.0912e-05],
          [4.9765e-04],
          [1.9964e-04],
          [1.9954e-05],
          [1.9175e-05],
          [5.0528e-05],
          [2.7668e-05],
          [2.0206e-05],
          [4.5647e-04],
          [5.8868e-05],
          [6.9345e-04],
          [3.0818e-05],
          [1.4065e-05],
          [1.2767e-03],
          [1.5199e-05],
          [6.4487e-04],
          [1.6991e-05],
          [1.8319e-05],
          [1.4870e-05],
          [1.0519e-03],
          [6.1711e-05],
          [5.3164e-04],
          [1.6554e-05],
          [1.8526e-05],
          [1.7643e-05],
          [1.9047e-05],
          [2.0340e-05],
          [1.5929e-05],
          [7.8565e-04],
          [3.2739e-04],
          [1.5973e-05],
          [1.6183e-05],
          [1.6112e-05],
          [1.7595e-05],
          [1.8450e-05],
          [1.9288e-05],
          [1.5987e-05],
          [7.6346e-04],
          [1.4226e-04],
          [1.7733e-05],
          [1.5552e-05],
          [1.4299e-05],
          [1.2797e-05],
          [4.1301e-04],
          [3.4228e-05],
          [2.5739e-05],
          [3.2920e-04],
          [1.8188e-05],
          [1.9968e-05],
          [1.5568e-05],
          [2.0494e-05],
          [1.4610e-05],
          [1.5099e-05],
          [1.4528e-05],
          [1.8468e-05],
          [2.3861e-05],
          [2.4617e-05],
          [1.8539e-05],
          [1.8885e-05],
          [1.5014e-05],
          [1.2071e-05],
          [1.4639e-05],
          [1.3175e-05],
          [1.3135e-05],
          [5.0201e-04],
          [1.1268e-04],
          [1.3635e-05],
          [1.4331e-05],
          [1.3349e-05],
          [2.0697e-05],
          [2.1379e-05],
          [2.9881e-05],
          [2.3003e-05],
          [3.3908e-05],
          [2.8647e-05],
          [1.7290e-05],
          [5.3564e-04],
          [5.1283e-04],
          [1.9832e-05],
          [7.1364e-04],
          [1.1221e-05],
          [2.7096e-04],
          [1.4794e-04],
          [1.4665e-05],
          [1.8274e-05],
          [2.0090e-05],
          [2.0319e-05],
          [2.5389e-05],
          [2.9702e-05],
          [3.4839e-05],
          [3.2599e-05],
          [3.4582e-05],
          [3.5012e-05],
          [4.9245e-05],
          [1.4712e-04],
          [4.8903e-05],
          [1.0707e-04],
          [1.0398e-03],
          [1.6526e-05],
          [2.5085e-05],
          [6.2484e-04],
          [2.3558e-04],
          [7.2997e-05],
          [1.4747e-04],
          [2.5605e-04],
          [5.3772e-05],
          [6.3871e-04],
          [1.5170e-05],
          [1.0247e-05],
          [8.3356e-06],
          [8.8743e-06],
          [1.0004e-05],
          [1.0287e-05],
          [2.3542e-05],
          [1.7669e-05],
          [2.2335e-05],
          [1.6515e-05],
          [1.5944e-03],
          [2.2164e-05],
          [3.3561e-04],
          [5.5583e-05],
          [1.1422e-05],
          [9.2922e-06],
          [9.0092e-06],
          [9.3384e-06],
          [9.2719e-06],
          [1.1821e-05],
          [1.0831e-03],
          [2.5657e-05],
          [3.3225e-04],
          [1.4670e-05],
          [1.1205e-05],
          [1.2250e-05],
          [1.2400e-05],
          [1.2016e-05],
          [1.2211e-05],
          [1.2065e-05],
          [1.4865e-05],
          [1.4579e-05],
          [1.7740e-05],
          [1.8616e-05],
          [2.2547e-05],
          [3.1552e-04],
          [2.1483e-04],
          [1.8222e-05],
          [1.5209e-05],
          [1.3482e-05],
          [1.2328e-05],
          [1.1700e-05],
          [1.7381e-05],
          [2.5428e-05],
          [2.5082e-05],
          [2.8766e-05],
          [1.9558e-05],
          [1.7611e-05],
          [1.4355e-05],
          [1.3470e-05],
          [1.0209e-05],
          [1.2127e-05],
          [1.0762e-05],
          [1.1071e-05],
          [1.1033e-05],
          [1.3902e-05],
          [1.2502e-05],
          [1.2517e-05],
          [1.5719e-05],
          [1.8998e-05],
          [2.1159e-05],
          [1.8664e-05],
          [2.9245e-05],
          [3.1143e-05],
          [3.2393e-05],
          [1.8466e-05],
          [1.7572e-05],
          [1.7866e-05],
          [2.0270e-05],
          [1.2754e-05],
          [2.2826e-05],
          [1.9639e-05],
          [1.4563e-05],
          [1.5038e-05],
          [1.7040e-05],
          [1.7662e-05],
          [1.7026e-05],
          [1.3671e-05],
          [1.2770e-05],
          [4.1027e-04],
          [7.7759e-05],
          [6.2369e-04],
          [1.4587e-05],
          [1.4983e-05],
          [1.3685e-05],
          [1.3829e-05],
          [1.3713e-05],
          [1.2031e-05],
          [1.2365e-05],
          [1.1147e-05],
          [9.8621e-06],
          [1.0280e-05],
          [9.6972e-06],
          [1.0232e-05],
          [1.2952e-05],
          [1.3344e-05],
          [6.5999e-04],
          [1.2956e-04],
          [4.0738e-04],
          [1.3784e-05],
          [1.0638e-05],
          [1.0094e-05],
          [1.3760e-05],
          [1.5261e-03],
          [3.6246e-04],
          [1.2373e-05],
          [1.3398e-05],
          [1.1692e-05],
          [1.4711e-05],
          [2.0382e-05],
          [3.5989e-05],
          [4.8799e-05],
          [4.0505e-05],
          [5.5409e-05],
          [3.0404e-05],
          [2.5287e-05],
          [1.7296e-05],
          [1.8451e-05],
          [1.0497e-05],
          [1.1260e-05],
          [1.0736e-05],
          [1.3684e-05],
          [5.3806e-05],
          [4.1997e-05],
          [4.4765e-05],
          [5.7974e-05],
          [3.9223e-05],
          [3.1895e-05],
          [2.3947e-05],
          [2.1029e-05],
          [1.4199e-05],
          [3.2825e-04],
          [1.4811e-04],
          [1.3823e-05],
          [1.3320e-05],
          [1.5245e-05],
          [1.4056e-05],
          [2.3165e-05],
          [2.0614e-05],
          [3.2862e-05],
          [2.5445e-04],
          [5.2250e-05],
          [7.6570e-04],
          [2.9928e-04],
          [2.4542e-05],
          [1.9810e-05],
          [1.6867e-05],
          [2.1895e-05],
          [1.1818e-05],
          [3.2876e-04],
          [3.1673e-04],
          [1.6308e-05],
          [2.7915e-04],
          [1.2234e-04],
          [1.8915e-05],
          [8.9307e-04],
          [2.1722e-05],
          [9.2238e-04],
          [1.4347e-05],
          [1.0144e-05],
          [8.6600e-06],
          [1.3012e-05],
          [1.7222e-05],
          [2.5600e-04],
          [1.2021e-05]]]])
