# Using CPU
# Loading Embeddings...
# Making Predictions...
torch.Size([1, 1, 442, 710])
tensor([[[[3.7491e-04],
          [3.2844e-05],
          [9.8335e-05],
          [4.6860e-05],
          [1.0940e-05],
          [1.5324e-04],
          [1.6512e-04],
          [1.9265e-05],
          [1.5818e-04],
          [1.7614e-04],
          [1.2327e-05],
          [1.0195e-05],
          [2.1212e-04],
          [1.3963e-04],
          [2.4054e-05],
          [9.1789e-06],
          [1.0341e-05],
          [9.2389e-06],
          [9.7569e-06],
          [2.2041e-05],
          [2.3699e-04],
          [1.7335e-05],
          [1.0019e-04],
          [1.5055e-05],
          [1.4598e-05],
          [1.6181e-05],
          [1.9209e-05],
          [3.8357e-05],
          [4.5322e-05],
          [4.0634e-05],
          [3.7969e-05],
          [4.4115e-05],
          [3.8469e-05],
          [5.1137e-05],
          [3.3928e-05],
          [2.3814e-05],
          [3.5233e-04],
          [2.0485e-05],
          [1.1976e-04],
          [6.7361e-05],
          [1.6556e-04],
          [1.5185e-05],
          [1.3922e-05],
          [1.4896e-05],
          [1.2322e-05],
          [1.1838e-05],
          [9.5920e-06],
          [8.6733e-06],
          [8.1528e-06],
          [1.0310e-04],
          [1.0150e-04],
          [1.0441e-05],
          [1.1970e-05],
          [1.5054e-04],
          [1.1375e-04],
          [1.2365e-05],
          [1.0464e-05],
          [1.2312e-05],
          [1.1089e-05],
          [1.0867e-05],
          [1.1142e-05],
          [1.0421e-05],
          [2.1604e-04],
          [1.4724e-04],
          [1.2736e-05],
          [1.2658e-05],
          [1.2864e-05],
          [1.3917e-05],
          [1.4950e-05],
          [1.2772e-05],
          [1.2540e-05],
          [1.4456e-04],
          [2.0005e-05],
          [1.2755e-05],
          [1.0996e-05],
          [1.6074e-05],
          [1.6657e-04],
          [1.4229e-05],
          [9.2910e-06],
          [1.0394e-05],
          [1.5525e-04],
          [1.2765e-04],
          [1.0948e-05],
          [8.0679e-06],
          [8.8725e-06],
          [1.0318e-05],
          [1.0706e-05],
          [1.1452e-05],
          [1.0374e-05],
          [1.0506e-05],
          [1.7334e-04],
          [3.9064e-05],
          [1.5514e-04],
          [1.1675e-05],
          [9.3617e-06],
          [1.1260e-05],
          [1.2126e-05],
          [1.3320e-05],
          [1.2445e-05],
          [1.5704e-05],
          [1.9475e-05],
          [1.5242e-05],
          [1.0967e-05],
          [1.3982e-05],
          [1.3893e-05],
          [1.6753e-05],
          [1.6072e-05],
          [1.8334e-05],
          [1.7743e-05],
          [1.6364e-05],
          [1.3048e-05],
          [6.2934e-05],
          [8.3441e-05],
          [1.7055e-05],
          [1.5018e-04],
          [1.2393e-05],
          [9.8410e-06],
          [9.8425e-06],
          [1.1895e-05],
          [1.5233e-05],
          [1.2332e-05],
          [1.0968e-05],
          [1.4048e-05],
          [1.1788e-05],
          [1.2791e-05],
          [1.0856e-05],
          [1.3184e-05],
          [1.3722e-05],
          [3.5095e-05],
          [1.6443e-04],
          [2.0079e-03],
          [2.1614e-02],
          [1.3500e-02],
          [6.8464e-03],
          [2.0337e-03],
          [7.3713e-04],
          [2.2454e-04],
          [5.6263e-05],
          [1.7344e-05],
          [1.6506e-05],
          [1.4387e-05],
          [1.2514e-05],
          [9.5868e-06],
          [9.9963e-06],
          [1.1427e-05],
          [1.4613e-05],
          [1.7697e-05],
          [2.5480e-05],
          [3.5549e-05],
          [5.3955e-05],
          [5.5987e-05],
          [5.4694e-05],
          [4.5997e-05],
          [5.2036e-05],
          [4.2243e-05],
          [3.5863e-05],
          [1.7317e-04],
          [9.0240e-05],
          [9.0570e-05],
          [1.7241e-04],
          [2.5772e-05],
          [1.2076e-04],
          [2.7226e-04],
          [3.0496e-04],
          [8.2922e-05],
          [7.9144e-05],
          [8.5592e-05],
          [3.4158e-05],
          [1.6040e-05],
          [1.6013e-05],
          [1.3506e-05],
          [1.9275e-04],
          [1.3100e-04],
          [1.6357e-05],
          [2.1806e-05],
          [2.3709e-05],
          [2.0339e-05],
          [1.9332e-05],
          [1.5747e-04],
          [3.3209e-05],
          [1.4686e-04],
          [1.0939e-05],
          [1.7623e-05],
          [1.6934e-04],
          [1.3535e-05],
          [2.9140e-04],
          [1.1469e-05],
          [9.4324e-06],
          [1.0952e-05],
          [1.4301e-04],
          [2.1393e-05],
          [1.8536e-04],
          [1.4319e-05],
          [1.3812e-05],
          [1.6259e-05],
          [1.4306e-05],
          [1.7381e-05],
          [1.4415e-05],
          [1.6274e-04],
          [1.0369e-04],
          [1.2740e-05],
          [1.2371e-05],
          [1.1914e-05],
          [1.0218e-05],
          [9.8232e-06],
          [9.2625e-06],
          [8.9155e-06],
          [1.8960e-04],
          [1.1568e-04],
          [1.0316e-05],
          [9.1930e-06],
          [9.2635e-06],
          [9.9327e-06],
          [1.5658e-04],
          [2.6795e-05],
          [1.4343e-05],
          [2.4457e-04],
          [1.5028e-05],
          [1.2185e-05],
          [1.0748e-05],
          [1.3331e-05],
          [1.2545e-05],
          [1.0903e-05],
          [9.9293e-06],
          [1.0994e-05],
          [1.6059e-05],
          [1.2063e-05],
          [1.2397e-05],
          [1.1332e-05],
          [1.1091e-05],
          [1.1429e-05],
          [1.0762e-05],
          [9.7967e-06],
          [9.7702e-06],
          [1.7433e-04],
          [1.0718e-04],
          [1.2664e-05],
          [1.1746e-05],
          [1.0898e-05],
          [1.3942e-05],
          [3.6125e-05],
          [1.7709e-05],
          [1.2586e-05],
          [1.5094e-05],
          [1.9657e-05],
          [1.0227e-05],
          [1.3289e-04],
          [1.1134e-04],
          [2.0635e-05],
          [1.3597e-04],
          [1.1096e-05],
          [1.1096e-04],
          [1.1644e-04],
          [1.3335e-05],
          [1.2511e-05],
          [1.3610e-05],
          [1.4215e-05],
          [1.6300e-05],
          [1.7956e-05],
          [2.2600e-05],
          [2.2147e-05],
          [3.6017e-05],
          [4.4043e-05],
          [7.6646e-05],
          [6.9505e-05],
          [7.6634e-05],
          [4.8786e-05],
          [1.6750e-04],
          [1.9342e-05],
          [1.7567e-05],
          [1.0654e-04],
          [9.2718e-05],
          [1.6297e-05],
          [6.7465e-05],
          [9.4501e-05],
          [2.5568e-05],
          [1.2634e-04],
          [1.4559e-05],
          [1.0035e-05],
          [8.2743e-06],
          [8.5836e-06],
          [9.2915e-06],
          [9.4726e-06],
          [1.7441e-05],
          [8.7872e-06],
          [9.2796e-06],
          [9.4214e-06],
          [1.9665e-04],
          [1.9119e-05],
          [7.6847e-05],
          [6.0548e-05],
          [1.2444e-05],
          [8.8971e-06],
          [8.6811e-06],
          [9.1352e-06],
          [8.8112e-06],
          [8.8710e-06],
          [3.1225e-04],
          [1.8236e-05],
          [1.9305e-04],
          [1.1553e-05],
          [1.1339e-05],
          [1.0412e-05],
          [1.1283e-05],
          [1.0334e-05],
          [1.1993e-05],
          [1.1258e-05],
          [1.1965e-05],
          [1.0479e-05],
          [1.2530e-05],
          [1.3394e-05],
          [1.3316e-05],
          [2.0089e-04],
          [1.7217e-04],
          [1.2009e-05],
          [1.2953e-05],
          [9.4166e-06],
          [9.9445e-06],
          [1.0133e-05],
          [1.1737e-05],
          [1.2498e-05],
          [1.1128e-05],
          [1.2047e-05],
          [8.9638e-06],
          [8.8289e-06],
          [8.8399e-06],
          [9.2750e-06],
          [1.0010e-05],
          [1.1064e-05],
          [1.0332e-05],
          [9.3568e-06],
          [9.1063e-06],
          [1.0303e-05],
          [1.2450e-05],
          [1.1777e-05],
          [1.2847e-05],
          [1.2790e-05],
          [1.3566e-05],
          [1.1993e-05],
          [1.6684e-05],
          [1.6622e-05],
          [1.8727e-05],
          [1.5249e-05],
          [1.6834e-05],
          [1.8332e-05],
          [1.8983e-05],
          [1.5143e-05],
          [1.3676e-05],
          [1.4265e-05],
          [1.4794e-05],
          [1.3280e-05],
          [1.1354e-05],
          [1.2706e-05],
          [1.4336e-05],
          [1.5248e-05],
          [1.6598e-05],
          [1.2159e-04],
          [2.8235e-05],
          [2.3844e-04],
          [1.8199e-05],
          [1.6390e-05],
          [1.5551e-05],
          [1.6476e-05],
          [1.5638e-05],
          [1.2494e-05],
          [1.1801e-05],
          [1.0387e-05],
          [1.0002e-05],
          [9.8181e-06],
          [9.0178e-06],
          [9.5104e-06],
          [1.0770e-05],
          [9.9743e-06],
          [1.3408e-04],
          [6.2534e-05],
          [2.8695e-04],
          [1.2393e-05],
          [9.6592e-06],
          [8.9197e-06],
          [1.0706e-05],
          [3.1705e-04],
          [1.5424e-04],
          [1.3419e-05],
          [1.1924e-05],
          [1.4499e-05],
          [1.7223e-05],
          [1.7746e-05],
          [1.7645e-05],
          [2.0945e-05],
          [1.6443e-05],
          [1.5387e-05],
          [1.1439e-05],
          [1.0467e-05],
          [9.9184e-06],
          [9.4283e-06],
          [8.8861e-06],
          [8.9348e-06],
          [1.2218e-05],
          [1.2675e-05],
          [2.5673e-05],
          [3.0024e-05],
          [3.8262e-05],
          [4.1154e-05],
          [2.9609e-05],
          [2.2254e-05],
          [2.1611e-05],
          [1.7882e-05],
          [1.3866e-05],
          [2.0576e-04],
          [1.3212e-04],
          [1.9161e-05],
          [2.1808e-05],
          [2.4629e-05],
          [2.5294e-05],
          [2.7000e-05],
          [2.2965e-05],
          [2.2664e-05],
          [4.9039e-05],
          [3.8093e-05],
          [1.4660e-04],
          [1.1178e-04],
          [1.7102e-05],
          [1.5219e-05],
          [1.6256e-05],
          [1.6175e-05],
          [1.1990e-05],
          [1.6272e-04],
          [9.1681e-05],
          [1.3698e-05],
          [4.8395e-05],
          [7.9390e-05],
          [1.5430e-05],
          [2.1012e-04],
          [2.1764e-05],
          [2.0168e-04],
          [1.7464e-05],
          [1.4842e-05],
          [1.2194e-05],
          [1.4283e-05],
          [1.4572e-05],
          [2.0771e-05],
          [4.4350e-06]]]])
