# Using CPU
# Loading Embeddings...
# Making Predictions...
torch.Size([1, 1, 442, 253])
tensor([[[[1.6712e-04],
          [2.7041e-05],
          [1.0265e-04],
          [2.3887e-05],
          [9.4055e-06],
          [3.7036e-04],
          [6.8560e-04],
          [1.5196e-05],
          [2.3075e-04],
          [7.5713e-04],
          [1.8615e-05],
          [1.7383e-05],
          [6.2193e-04],
          [2.4973e-04],
          [1.3191e-05],
          [1.1520e-05],
          [1.0400e-05],
          [1.0476e-05],
          [1.2337e-05],
          [1.4746e-05],
          [6.7005e-04],
          [2.8459e-05],
          [3.7723e-04],
          [1.4637e-05],
          [1.8789e-05],
          [2.5203e-05],
          [3.5003e-05],
          [5.9517e-05],
          [7.0119e-05],
          [9.1241e-05],
          [8.6164e-05],
          [9.9711e-05],
          [9.9771e-05],
          [1.0533e-04],
          [8.3691e-05],
          [6.6375e-05],
          [4.1207e-04],
          [6.5641e-05],
          [1.5338e-04],
          [6.5001e-05],
          [2.5629e-04],
          [2.1940e-05],
          [2.1754e-05],
          [2.3108e-05],
          [1.5979e-05],
          [1.7258e-05],
          [1.4256e-05],
          [1.4397e-05],
          [1.6693e-05],
          [3.1527e-04],
          [2.2287e-04],
          [1.2204e-05],
          [1.2498e-05],
          [4.4068e-04],
          [3.5958e-04],
          [1.4604e-05],
          [1.4140e-05],
          [1.4007e-05],
          [1.6931e-05],
          [2.0913e-05],
          [2.1277e-05],
          [2.0399e-05],
          [4.8378e-04],
          [2.3433e-04],
          [1.8052e-05],
          [1.7550e-05],
          [1.5730e-05],
          [1.5455e-05],
          [1.5781e-05],
          [1.4375e-05],
          [1.4698e-05],
          [4.4157e-04],
          [2.6983e-05],
          [2.0804e-05],
          [1.8351e-05],
          [1.9783e-05],
          [7.5626e-04],
          [1.4635e-05],
          [1.3991e-05],
          [1.2341e-05],
          [5.1091e-04],
          [1.7800e-04],
          [1.2272e-05],
          [1.2352e-05],
          [1.4313e-05],
          [1.8155e-05],
          [1.7931e-05],
          [2.0656e-05],
          [1.8681e-05],
          [1.6532e-05],
          [4.0974e-04],
          [9.9067e-05],
          [2.7325e-04],
          [1.4832e-05],
          [2.0205e-05],
          [3.0770e-05],
          [4.0127e-05],
          [4.7946e-05],
          [4.1421e-05],
          [3.6633e-05],
          [3.7219e-05],
          [2.0904e-05],
          [1.4604e-05],
          [1.2430e-05],
          [1.4646e-05],
          [1.8806e-05],
          [2.1144e-05],
          [2.6354e-05],
          [2.6595e-05],
          [2.6770e-05],
          [2.4568e-05],
          [1.0548e-04],
          [2.1836e-04],
          [2.1669e-05],
          [2.3658e-04],
          [1.9346e-05],
          [1.5786e-05],
          [1.1305e-05],
          [1.3752e-05],
          [1.5035e-05],
          [1.4929e-05],
          [1.2555e-05],
          [1.4393e-05],
          [1.1602e-05],
          [1.4765e-05],
          [1.4887e-05],
          [1.8690e-05],
          [1.8548e-05],
          [2.3226e-05],
          [2.3051e-05],
          [2.3531e-05],
          [8.9021e-04],
          [3.9201e-04],
          [2.3398e-05],
          [2.8638e-05],
          [2.1860e-05],
          [1.8213e-05],
          [1.8074e-05],
          [1.5233e-05],
          [1.6339e-05],
          [1.3680e-05],
          [1.3141e-05],
          [1.0681e-05],
          [1.2943e-05],
          [1.6428e-05],
          [2.2081e-05],
          [2.3874e-05],
          [3.0893e-05],
          [3.7779e-05],
          [5.0472e-05],
          [5.0806e-05],
          [4.5474e-05],
          [5.2814e-05],
          [5.5471e-05],
          [5.2816e-05],
          [4.8907e-05],
          [2.2800e-04],
          [3.1419e-04],
          [1.8757e-04],
          [7.1081e-04],
          [1.5862e-05],
          [1.5312e-05],
          [1.5133e-05],
          [1.6721e-05],
          [1.8064e-05],
          [2.3720e-05],
          [1.9481e-05],
          [2.0395e-05],
          [2.0500e-05],
          [2.4882e-05],
          [2.0205e-05],
          [2.8335e-04],
          [4.6571e-04],
          [2.7018e-05],
          [3.4984e-05],
          [3.3751e-05],
          [3.3491e-05],
          [3.0825e-05],
          [2.8813e-04],
          [4.9973e-05],
          [2.9822e-04],
          [1.7220e-05],
          [1.4141e-05],
          [3.0599e-04],
          [2.5034e-05],
          [2.9844e-04],
          [1.5508e-05],
          [1.4554e-05],
          [1.4015e-05],
          [4.0550e-04],
          [3.3429e-05],
          [1.3080e-03],
          [1.8738e-05],
          [2.2489e-05],
          [2.3401e-05],
          [2.4103e-05],
          [2.7583e-05],
          [2.9613e-05],
          [3.6831e-04],
          [1.8866e-04],
          [2.2283e-05],
          [1.9567e-05],
          [1.7633e-05],
          [1.4681e-05],
          [1.7392e-05],
          [2.0008e-05],
          [1.8718e-05],
          [3.3267e-04],
          [4.5910e-04],
          [1.7202e-05],
          [1.3659e-05],
          [1.4722e-05],
          [1.5434e-05],
          [2.9624e-04],
          [4.0882e-05],
          [2.0750e-05],
          [5.0349e-04],
          [1.6747e-05],
          [1.3610e-05],
          [1.2486e-05],
          [1.1635e-05],
          [1.4636e-05],
          [1.3293e-05],
          [1.2334e-05],
          [1.3469e-05],
          [1.6637e-05],
          [1.6250e-05],
          [1.5486e-05],
          [1.2857e-05],
          [1.1406e-05],
          [1.0510e-05],
          [1.0985e-05],
          [1.1211e-05],
          [1.1800e-05],
          [3.1341e-04],
          [2.7371e-04],
          [1.4540e-05],
          [1.5783e-05],
          [1.3210e-05],
          [1.6905e-05],
          [1.6336e-05],
          [2.2133e-05],
          [1.5736e-05],
          [2.3426e-05],
          [2.2228e-05],
          [1.3231e-05],
          [1.9296e-04],
          [4.2928e-04],
          [2.8234e-05],
          [2.3267e-04],
          [1.2215e-05],
          [1.8369e-04],
          [1.4142e-04],
          [2.0852e-05],
          [2.4787e-05],
          [2.8544e-05],
          [2.4893e-05],
          [3.3195e-05],
          [3.9689e-05],
          [4.8085e-05],
          [4.1137e-05],
          [6.1256e-05],
          [7.4529e-05],
          [7.7808e-05],
          [8.0022e-05],
          [9.6175e-05],
          [5.4679e-05],
          [1.9669e-04],
          [2.8777e-05],
          [2.6785e-05],
          [2.1118e-04],
          [1.9361e-04],
          [3.3276e-05],
          [1.2800e-04],
          [1.7797e-04],
          [3.6152e-05],
          [3.1762e-04],
          [1.2127e-05],
          [1.0794e-05],
          [9.6468e-06],
          [9.2561e-06],
          [9.0890e-06],
          [8.6134e-06],
          [1.7750e-05],
          [1.0969e-05],
          [1.4520e-05],
          [1.2380e-05],
          [1.4686e-03],
          [4.2880e-05],
          [1.9941e-04],
          [8.5113e-05],
          [1.0678e-05],
          [1.0766e-05],
          [1.0436e-05],
          [9.9416e-06],
          [1.0102e-05],
          [1.0547e-05],
          [4.4113e-04],
          [2.9190e-05],
          [5.8183e-04],
          [1.3378e-05],
          [1.2498e-05],
          [1.4075e-05],
          [1.3958e-05],
          [1.4212e-05],
          [1.4271e-05],
          [1.4843e-05],
          [1.9568e-05],
          [1.7439e-05],
          [2.4316e-05],
          [2.8883e-05],
          [3.5450e-05],
          [4.8050e-04],
          [3.8865e-04],
          [2.4436e-05],
          [1.9789e-05],
          [1.4336e-05],
          [1.2008e-05],
          [1.3598e-05],
          [1.5786e-05],
          [1.6815e-05],
          [1.5657e-05],
          [1.6787e-05],
          [1.7756e-05],
          [1.8941e-05],
          [1.5580e-05],
          [1.5743e-05],
          [1.6238e-05],
          [1.6628e-05],
          [1.6874e-05],
          [1.7909e-05],
          [1.7029e-05],
          [1.8193e-05],
          [1.7676e-05],
          [1.4898e-05],
          [1.6847e-05],
          [1.7282e-05],
          [1.7980e-05],
          [1.8875e-05],
          [2.4688e-05],
          [2.3982e-05],
          [2.1682e-05],
          [1.9557e-05],
          [2.2853e-05],
          [2.1793e-05],
          [2.0674e-05],
          [1.7757e-05],
          [1.6119e-05],
          [1.6613e-05],
          [1.5795e-05],
          [1.4364e-05],
          [1.5900e-05],
          [1.5279e-05],
          [1.4904e-05],
          [1.5604e-05],
          [1.5420e-05],
          [1.7090e-04],
          [4.0468e-05],
          [1.5464e-03],
          [2.0064e-05],
          [2.0800e-05],
          [1.7744e-05],
          [1.7505e-05],
          [1.6420e-05],
          [1.5384e-05],
          [1.5047e-05],
          [1.5008e-05],
          [1.4090e-05],
          [1.2377e-05],
          [1.5891e-05],
          [1.3441e-05],
          [1.6597e-05],
          [1.6248e-05],
          [2.5538e-04],
          [1.1487e-04],
          [5.3747e-04],
          [1.2591e-05],
          [1.0876e-05],
          [9.4308e-06],
          [1.0828e-05],
          [4.3712e-04],
          [4.5062e-04],
          [1.3132e-05],
          [1.4098e-05],
          [1.4641e-05],
          [2.1422e-05],
          [2.3850e-05],
          [2.8067e-05],
          [3.3931e-05],
          [2.8244e-05],
          [2.4771e-05],
          [2.3157e-05],
          [2.4848e-05],
          [2.0736e-05],
          [1.5849e-05],
          [1.4109e-05],
          [1.5426e-05],
          [1.3804e-05],
          [1.3521e-05],
          [1.8919e-05],
          [3.5749e-05],
          [4.3732e-05],
          [4.5950e-05],
          [3.0407e-05],
          [2.8152e-05],
          [2.3753e-05],
          [2.4342e-05],
          [2.0663e-05],
          [3.8881e-04],
          [1.9214e-04],
          [2.1530e-05],
          [1.8912e-05],
          [1.6197e-05],
          [1.4598e-05],
          [1.6578e-05],
          [1.9106e-05],
          [1.7789e-05],
          [1.2989e-04],
          [9.7456e-05],
          [3.0583e-04],
          [3.7647e-04],
          [1.7230e-05],
          [1.4432e-05],
          [1.5171e-05],
          [1.6750e-05],
          [1.5526e-05],
          [2.7942e-04],
          [1.0909e-04],
          [1.8633e-05],
          [8.5624e-05],
          [1.8421e-04],
          [1.8625e-05],
          [4.1386e-04],
          [3.6364e-05],
          [3.0975e-04],
          [2.6562e-05],
          [1.4984e-05],
          [1.2245e-05],
          [1.1890e-05],
          [1.2171e-05],
          [4.0328e-05],
          [7.2141e-06]]]])
