# Using CPU
# Loading Embeddings...
# Making Predictions...
torch.Size([1, 1, 442, 244])
tensor([[[[9.2715e-05],
          [3.4280e-05],
          [2.1086e-04],
          [4.0302e-05],
          [1.0513e-05],
          [3.1411e-04],
          [1.2207e-03],
          [2.4746e-05],
          [1.9796e-04],
          [1.9231e-03],
          [1.3719e-05],
          [1.3168e-05],
          [2.3415e-04],
          [6.3710e-04],
          [6.5637e-05],
          [1.0429e-05],
          [1.3133e-05],
          [9.6405e-06],
          [1.1132e-05],
          [2.3348e-05],
          [3.0832e-04],
          [3.1669e-05],
          [1.3313e-03],
          [1.6657e-05],
          [1.4411e-05],
          [2.1809e-05],
          [2.9679e-05],
          [4.9727e-05],
          [5.7081e-05],
          [7.0339e-05],
          [6.6434e-05],
          [7.8728e-05],
          [7.0608e-05],
          [8.5545e-05],
          [6.4079e-05],
          [5.4612e-05],
          [4.1054e-04],
          [5.7487e-05],
          [4.5391e-04],
          [1.0394e-04],
          [1.2365e-03],
          [1.9061e-05],
          [1.7309e-05],
          [1.9150e-05],
          [1.4196e-05],
          [1.4722e-05],
          [1.1641e-05],
          [1.1350e-05],
          [1.1439e-05],
          [1.7609e-04],
          [7.6882e-04],
          [1.1966e-05],
          [9.7626e-06],
          [4.1194e-04],
          [1.0365e-03],
          [1.2776e-05],
          [1.3095e-05],
          [1.3436e-05],
          [1.5292e-05],
          [1.8692e-05],
          [1.8773e-05],
          [1.8353e-05],
          [2.8744e-04],
          [4.6322e-04],
          [1.4559e-05],
          [1.4408e-05],
          [1.4358e-05],
          [1.3151e-05],
          [1.3599e-05],
          [1.2771e-05],
          [1.2629e-05],
          [3.1193e-04],
          [2.0236e-05],
          [3.5292e-05],
          [1.1696e-05],
          [1.8572e-05],
          [4.2316e-03],
          [1.2579e-05],
          [1.1176e-05],
          [1.0871e-05],
          [1.6609e-04],
          [4.3935e-04],
          [1.1434e-05],
          [1.0123e-05],
          [1.1513e-05],
          [1.4085e-05],
          [1.4430e-05],
          [1.6678e-05],
          [1.4078e-05],
          [1.3002e-05],
          [2.9535e-04],
          [2.8468e-05],
          [7.9305e-04],
          [1.1523e-05],
          [1.0390e-05],
          [1.2924e-05],
          [1.3630e-05],
          [2.1555e-05],
          [1.5803e-05],
          [1.9972e-05],
          [2.7296e-05],
          [1.7130e-05],
          [1.2179e-05],
          [1.0835e-05],
          [1.0371e-05],
          [1.4251e-05],
          [1.5910e-05],
          [1.9641e-05],
          [2.0513e-05],
          [2.1315e-05],
          [1.8380e-05],
          [1.4116e-04],
          [1.2760e-04],
          [1.4089e-05],
          [6.0090e-04],
          [1.4567e-05],
          [1.1980e-05],
          [1.0591e-05],
          [1.1835e-05],
          [1.2681e-05],
          [1.2282e-05],
          [1.2229e-05],
          [1.9900e-05],
          [1.1470e-05],
          [1.3364e-05],
          [1.1674e-05],
          [1.3076e-05],
          [1.3345e-05],
          [1.7141e-05],
          [1.6206e-05],
          [1.6628e-05],
          [3.3086e-04],
          [1.3295e-03],
          [1.9538e-05],
          [2.1335e-05],
          [1.7843e-05],
          [1.5305e-05],
          [1.6179e-05],
          [1.4654e-05],
          [1.4419e-05],
          [1.2349e-05],
          [1.3510e-05],
          [1.0273e-05],
          [1.1519e-05],
          [1.3750e-05],
          [1.7047e-05],
          [1.8318e-05],
          [2.4906e-05],
          [3.0541e-05],
          [4.4751e-05],
          [4.5524e-05],
          [4.7805e-05],
          [4.5077e-05],
          [5.4705e-05],
          [4.5263e-05],
          [4.0083e-05],
          [2.9936e-04],
          [6.4919e-04],
          [1.6219e-04],
          [2.1453e-03],
          [1.4941e-05],
          [1.3401e-05],
          [1.3740e-05],
          [1.5226e-05],
          [1.5371e-05],
          [2.2198e-05],
          [1.6685e-05],
          [1.7641e-05],
          [1.7793e-05],
          [1.9942e-05],
          [1.6312e-05],
          [4.2358e-04],
          [1.0139e-03],
          [2.1793e-05],
          [2.6225e-05],
          [2.6223e-05],
          [2.9632e-05],
          [2.6404e-05],
          [2.2598e-04],
          [3.3696e-05],
          [2.5050e-04],
          [2.2703e-05],
          [2.0976e-05],
          [2.2344e-04],
          [1.4703e-05],
          [8.9524e-04],
          [1.4031e-05],
          [1.5203e-05],
          [1.3510e-05],
          [4.1445e-04],
          [3.5576e-05],
          [2.2633e-03],
          [1.7361e-05],
          [2.1149e-05],
          [2.2086e-05],
          [2.1940e-05],
          [2.5092e-05],
          [2.2105e-05],
          [2.1204e-04],
          [6.8276e-04],
          [1.6175e-05],
          [1.4195e-05],
          [1.3633e-05],
          [1.2879e-05],
          [1.5400e-05],
          [1.5546e-05],
          [1.4208e-05],
          [2.1977e-04],
          [9.0564e-04],
          [1.2376e-05],
          [1.1931e-05],
          [1.2479e-05],
          [1.1518e-05],
          [3.1220e-04],
          [2.7125e-05],
          [1.5374e-05],
          [3.4586e-03],
          [1.3326e-05],
          [1.6736e-05],
          [1.4406e-05],
          [1.7314e-05],
          [1.2912e-05],
          [1.1690e-05],
          [1.0378e-05],
          [1.1195e-05],
          [1.4306e-05],
          [1.3252e-05],
          [1.2293e-05],
          [1.3020e-05],
          [1.1653e-05],
          [1.2381e-05],
          [1.2854e-05],
          [1.0683e-05],
          [1.2463e-05],
          [2.7714e-04],
          [6.0862e-04],
          [2.2493e-05],
          [1.3213e-05],
          [1.1701e-05],
          [1.5359e-05],
          [2.0093e-05],
          [2.2496e-05],
          [1.4722e-05],
          [2.3217e-05],
          [2.0621e-05],
          [1.2764e-05],
          [2.5185e-04],
          [8.1264e-05],
          [1.8751e-05],
          [4.2496e-04],
          [9.6942e-06],
          [1.9310e-04],
          [4.8020e-04],
          [1.5861e-05],
          [1.9876e-05],
          [2.3618e-05],
          [2.2409e-05],
          [3.2075e-05],
          [3.9097e-05],
          [5.0621e-05],
          [4.7284e-05],
          [6.8737e-05],
          [6.8539e-05],
          [9.3818e-05],
          [6.6508e-05],
          [7.2540e-05],
          [4.6620e-05],
          [1.8654e-04],
          [2.2870e-05],
          [2.1530e-05],
          [4.0512e-04],
          [2.8075e-04],
          [2.0776e-05],
          [3.5248e-04],
          [1.8474e-04],
          [3.0566e-05],
          [2.4867e-04],
          [1.1483e-05],
          [1.1459e-05],
          [9.3785e-06],
          [8.7233e-06],
          [9.2578e-06],
          [8.8548e-06],
          [3.9509e-05],
          [9.7963e-06],
          [1.2919e-05],
          [1.2323e-05],
          [2.8725e-04],
          [2.4809e-05],
          [5.7199e-05],
          [2.3561e-04],
          [9.9151e-06],
          [9.2864e-06],
          [9.8445e-06],
          [9.1439e-06],
          [9.0494e-06],
          [8.9542e-06],
          [4.8266e-04],
          [2.7435e-05],
          [2.7918e-03],
          [1.1714e-05],
          [1.0142e-05],
          [1.0662e-05],
          [1.1394e-05],
          [1.0428e-05],
          [1.0943e-05],
          [1.1342e-05],
          [1.4421e-05],
          [1.3543e-05],
          [1.9068e-05],
          [2.6325e-05],
          [2.5864e-05],
          [2.5097e-04],
          [1.1560e-03],
          [1.7414e-05],
          [1.3979e-05],
          [1.6444e-05],
          [9.9051e-06],
          [1.0655e-05],
          [1.2804e-05],
          [1.5444e-05],
          [1.5449e-05],
          [1.4743e-05],
          [1.5183e-05],
          [1.4354e-05],
          [1.0780e-05],
          [1.0771e-05],
          [1.0194e-05],
          [1.1008e-05],
          [1.0362e-05],
          [1.0613e-05],
          [1.0185e-05],
          [1.1621e-05],
          [1.0836e-05],
          [1.1357e-05],
          [1.4912e-05],
          [1.3537e-05],
          [1.6414e-05],
          [1.3644e-05],
          [1.9004e-05],
          [1.7964e-05],
          [3.0362e-05],
          [1.7515e-05],
          [2.2752e-05],
          [2.2561e-05],
          [2.4183e-05],
          [1.5927e-05],
          [2.3655e-05],
          [2.4611e-05],
          [1.6076e-05],
          [1.6373e-05],
          [1.2145e-05],
          [1.3955e-05],
          [1.1965e-05],
          [1.2740e-05],
          [1.2509e-05],
          [2.6206e-04],
          [4.2251e-05],
          [2.0067e-03],
          [1.4371e-05],
          [1.5407e-05],
          [1.3323e-05],
          [1.3036e-05],
          [1.3174e-05],
          [1.4626e-05],
          [1.4642e-05],
          [1.2756e-05],
          [1.3187e-05],
          [1.1901e-05],
          [1.2647e-05],
          [1.1264e-05],
          [1.3981e-05],
          [1.3444e-05],
          [4.2516e-04],
          [7.5202e-05],
          [2.3646e-03],
          [1.1811e-05],
          [1.0490e-05],
          [9.0655e-06],
          [1.0457e-05],
          [3.6746e-04],
          [1.6931e-03],
          [1.1083e-05],
          [1.2162e-05],
          [1.5792e-05],
          [2.2474e-05],
          [3.0094e-05],
          [3.5933e-05],
          [3.7583e-05],
          [3.0843e-05],
          [2.7811e-05],
          [2.6826e-05],
          [1.5740e-05],
          [1.2167e-05],
          [1.0825e-05],
          [1.0063e-05],
          [9.3858e-06],
          [1.1118e-05],
          [1.2320e-05],
          [6.1918e-05],
          [2.2666e-05],
          [2.7181e-05],
          [3.2007e-05],
          [2.6444e-05],
          [2.9979e-05],
          [2.1055e-05],
          [1.9806e-05],
          [1.5105e-05],
          [1.8591e-04],
          [7.1810e-04],
          [1.6251e-05],
          [1.4862e-05],
          [1.3214e-05],
          [1.1840e-05],
          [2.3758e-05],
          [2.0080e-05],
          [2.9135e-05],
          [1.1334e-04],
          [6.6293e-05],
          [1.2552e-04],
          [1.1346e-03],
          [3.0166e-05],
          [2.2170e-05],
          [1.3573e-05],
          [2.2206e-05],
          [1.2737e-05],
          [3.3516e-04],
          [9.1836e-05],
          [1.4719e-05],
          [5.4179e-05],
          [7.3239e-04],
          [1.7013e-05],
          [1.8515e-04],
          [1.8811e-05],
          [2.2453e-04],
          [1.8245e-05],
          [1.1090e-05],
          [9.2590e-06],
          [1.1635e-05],
          [9.3174e-06],
          [5.5177e-05],
          [9.3713e-06]]]])
