# Using CPU
# Loading Embeddings...
# Making Predictions...
torch.Size([1, 1, 442, 294])
tensor([[[[2.1727e-04],
          [8.3045e-05],
          [1.3596e-04],
          [2.7559e-05],
          [9.7391e-06],
          [3.8743e-04],
          [8.0937e-04],
          [1.3543e-05],
          [2.7419e-04],
          [9.2243e-04],
          [1.7775e-05],
          [1.8130e-05],
          [6.3508e-04],
          [2.9702e-04],
          [1.5022e-05],
          [1.2825e-05],
          [1.1873e-05],
          [1.0679e-05],
          [1.1936e-05],
          [1.4493e-05],
          [3.9033e-04],
          [2.6888e-05],
          [5.5210e-04],
          [1.8559e-05],
          [1.9609e-05],
          [2.5474e-05],
          [3.5928e-05],
          [5.6107e-05],
          [6.7789e-05],
          [8.1898e-05],
          [7.9419e-05],
          [7.8824e-05],
          [8.1920e-05],
          [8.7698e-05],
          [6.9763e-05],
          [5.7133e-05],
          [1.4960e-03],
          [6.4477e-05],
          [2.2494e-04],
          [1.3166e-04],
          [3.6914e-04],
          [2.2546e-05],
          [2.1801e-05],
          [2.3558e-05],
          [1.8123e-05],
          [1.7507e-05],
          [1.5212e-05],
          [1.8113e-05],
          [3.3180e-05],
          [4.5171e-04],
          [3.1855e-04],
          [1.4798e-05],
          [1.7139e-05],
          [3.6286e-04],
          [4.1946e-04],
          [1.6749e-05],
          [1.7940e-05],
          [1.7605e-05],
          [2.1915e-05],
          [2.5417e-05],
          [2.5400e-05],
          [2.3649e-05],
          [4.6519e-04],
          [3.3524e-04],
          [1.8589e-05],
          [1.9209e-05],
          [1.6331e-05],
          [1.5232e-05],
          [1.5343e-05],
          [1.4826e-05],
          [1.4428e-05],
          [4.2841e-04],
          [3.4717e-05],
          [4.9239e-05],
          [1.6517e-05],
          [2.2155e-05],
          [1.6339e-03],
          [1.4813e-05],
          [1.4669e-05],
          [1.2285e-05],
          [3.0794e-04],
          [2.5786e-04],
          [1.3429e-05],
          [1.3433e-05],
          [1.5361e-05],
          [1.8366e-05],
          [1.9651e-05],
          [2.1861e-05],
          [1.8010e-05],
          [1.6228e-05],
          [3.3103e-04],
          [7.2451e-05],
          [4.2025e-04],
          [1.1795e-05],
          [1.3153e-05],
          [1.1589e-05],
          [1.7116e-05],
          [2.2999e-05],
          [2.0847e-05],
          [2.0281e-05],
          [1.9351e-05],
          [1.5074e-05],
          [1.2805e-05],
          [1.3662e-05],
          [1.4346e-05],
          [2.0763e-05],
          [2.3374e-05],
          [2.8983e-05],
          [3.0756e-05],
          [2.8513e-05],
          [2.4493e-05],
          [1.0958e-04],
          [2.0776e-04],
          [2.1357e-05],
          [3.6584e-04],
          [1.5368e-05],
          [1.2847e-05],
          [1.1391e-05],
          [1.5151e-05],
          [1.5700e-05],
          [1.5786e-05],
          [1.4025e-05],
          [1.4225e-05],
          [1.4153e-05],
          [1.7754e-05],
          [1.4150e-05],
          [1.5915e-05],
          [1.5892e-05],
          [1.9606e-05],
          [2.0248e-05],
          [2.2128e-05],
          [4.3015e-04],
          [6.0111e-04],
          [2.4739e-05],
          [2.6890e-05],
          [2.6308e-05],
          [2.2897e-05],
          [2.8562e-05],
          [2.2126e-05],
          [1.9869e-05],
          [1.6566e-05],
          [1.4658e-05],
          [1.2009e-05],
          [1.3629e-05],
          [1.4915e-05],
          [1.7954e-05],
          [2.0332e-05],
          [2.7192e-05],
          [3.9655e-05],
          [5.4975e-05],
          [5.9746e-05],
          [7.3991e-05],
          [6.1628e-05],
          [7.8988e-05],
          [5.8337e-05],
          [5.4215e-05],
          [5.0184e-04],
          [4.2795e-04],
          [2.8641e-04],
          [9.2937e-04],
          [2.0441e-05],
          [1.9399e-05],
          [1.9423e-05],
          [2.2066e-05],
          [2.8355e-05],
          [3.1315e-05],
          [3.1268e-05],
          [3.0880e-05],
          [3.6246e-05],
          [3.1622e-05],
          [2.0472e-05],
          [5.6524e-04],
          [4.2059e-04],
          [2.8689e-05],
          [3.3986e-05],
          [4.0162e-05],
          [4.0107e-05],
          [3.7588e-05],
          [4.1923e-04],
          [7.4499e-05],
          [4.0184e-04],
          [2.4713e-05],
          [2.1835e-05],
          [4.4090e-04],
          [1.5190e-05],
          [2.8646e-04],
          [1.8255e-05],
          [1.9409e-05],
          [1.6149e-05],
          [5.2290e-04],
          [4.6864e-05],
          [1.7015e-03],
          [2.1769e-05],
          [2.8468e-05],
          [3.0801e-05],
          [3.0450e-05],
          [3.3423e-05],
          [2.6210e-05],
          [3.0934e-04],
          [2.9728e-04],
          [2.0322e-05],
          [1.5730e-05],
          [1.6222e-05],
          [1.3948e-05],
          [1.6992e-05],
          [1.6564e-05],
          [1.4296e-05],
          [5.7220e-04],
          [5.1314e-04],
          [1.5591e-05],
          [1.4340e-05],
          [1.3618e-05],
          [1.3896e-05],
          [1.0574e-03],
          [3.5741e-05],
          [3.0982e-05],
          [1.0151e-03],
          [1.5333e-05],
          [1.3406e-05],
          [1.2736e-05],
          [1.1946e-05],
          [1.4301e-05],
          [1.3159e-05],
          [1.2505e-05],
          [1.2780e-05],
          [1.4624e-05],
          [1.4479e-05],
          [1.4316e-05],
          [1.2321e-05],
          [1.3827e-05],
          [1.0658e-05],
          [1.2175e-05],
          [1.1880e-05],
          [1.2963e-05],
          [6.0685e-04],
          [2.4530e-04],
          [1.5968e-05],
          [1.6515e-05],
          [1.4933e-05],
          [1.7957e-05],
          [1.6054e-05],
          [2.1188e-05],
          [1.6910e-05],
          [2.0910e-05],
          [1.9460e-05],
          [1.3505e-05],
          [2.5017e-04],
          [1.8077e-04],
          [1.9161e-05],
          [3.5087e-04],
          [1.1192e-05],
          [3.3283e-04],
          [2.2407e-04],
          [1.9544e-05],
          [2.4986e-05],
          [2.6315e-05],
          [2.2668e-05],
          [2.8904e-05],
          [3.0276e-05],
          [4.2577e-05],
          [4.2386e-05],
          [6.4844e-05],
          [6.9619e-05],
          [9.4625e-05],
          [9.7333e-05],
          [1.1934e-04],
          [6.6819e-05],
          [6.4748e-04],
          [5.7712e-05],
          [4.2305e-05],
          [3.4532e-04],
          [1.1891e-04],
          [3.4197e-05],
          [1.9108e-04],
          [2.8822e-04],
          [3.6022e-05],
          [2.6048e-04],
          [1.8461e-05],
          [1.3299e-05],
          [1.2234e-05],
          [9.9716e-06],
          [9.3924e-06],
          [9.1610e-06],
          [2.4078e-05],
          [1.0647e-05],
          [1.5344e-05],
          [1.2575e-05],
          [5.0771e-04],
          [3.1680e-05],
          [1.0439e-04],
          [1.0680e-04],
          [1.2102e-05],
          [1.2321e-05],
          [1.1571e-05],
          [1.1098e-05],
          [1.0328e-05],
          [1.1168e-05],
          [6.4137e-04],
          [3.1947e-05],
          [1.1196e-03],
          [1.2550e-05],
          [1.2462e-05],
          [1.6832e-05],
          [1.5728e-05],
          [1.6894e-05],
          [1.7029e-05],
          [1.6667e-05],
          [2.1622e-05],
          [2.0252e-05],
          [2.5644e-05],
          [2.4960e-05],
          [2.9383e-05],
          [8.9247e-04],
          [4.5486e-04],
          [2.6180e-05],
          [2.1640e-05],
          [1.6357e-05],
          [1.3503e-05],
          [1.3165e-05],
          [1.9105e-05],
          [2.5056e-05],
          [1.8152e-05],
          [1.6687e-05],
          [1.2431e-05],
          [1.2471e-05],
          [1.0706e-05],
          [1.3296e-05],
          [1.5265e-05],
          [1.7531e-05],
          [1.6823e-05],
          [1.7233e-05],
          [1.6674e-05],
          [1.7487e-05],
          [1.3910e-05],
          [1.3659e-05],
          [1.7579e-05],
          [2.0193e-05],
          [2.3703e-05],
          [1.9720e-05],
          [3.2743e-05],
          [3.2506e-05],
          [3.0304e-05],
          [1.9771e-05],
          [2.3365e-05],
          [2.3026e-05],
          [2.2854e-05],
          [1.9326e-05],
          [1.5831e-05],
          [1.6066e-05],
          [1.8268e-05],
          [1.5109e-05],
          [1.7319e-05],
          [1.2622e-05],
          [1.6938e-05],
          [1.6159e-05],
          [1.6869e-05],
          [2.8113e-04],
          [4.0777e-05],
          [1.8469e-03],
          [2.2628e-05],
          [2.3382e-05],
          [1.9525e-05],
          [1.9531e-05],
          [1.7842e-05],
          [1.4462e-05],
          [1.3143e-05],
          [1.1677e-05],
          [1.0885e-05],
          [1.2793e-05],
          [1.5203e-05],
          [1.4891e-05],
          [1.7758e-05],
          [1.6134e-05],
          [2.6354e-04],
          [7.8442e-05],
          [9.9157e-04],
          [1.3463e-05],
          [1.1195e-05],
          [9.1331e-06],
          [1.1047e-05],
          [4.6881e-04],
          [6.1674e-04],
          [1.5152e-05],
          [1.2437e-05],
          [1.7418e-05],
          [2.0079e-05],
          [2.5903e-05],
          [3.3006e-05],
          [3.9934e-05],
          [2.9186e-05],
          [2.5069e-05],
          [1.9811e-05],
          [1.5863e-05],
          [1.1689e-05],
          [9.6634e-06],
          [9.4049e-06],
          [1.0186e-05],
          [1.0663e-05],
          [1.2324e-05],
          [2.1205e-05],
          [3.2633e-05],
          [3.5975e-05],
          [1.1837e-04],
          [2.9548e-05],
          [3.0575e-05],
          [2.4155e-05],
          [2.2773e-05],
          [1.6072e-05],
          [4.2812e-04],
          [2.4189e-04],
          [1.8676e-05],
          [1.9149e-05],
          [1.6943e-05],
          [1.4386e-05],
          [1.6671e-05],
          [1.6163e-05],
          [1.9537e-05],
          [7.6815e-05],
          [8.0248e-05],
          [2.8074e-04],
          [5.6542e-04],
          [2.0924e-05],
          [1.6072e-05],
          [1.6433e-05],
          [1.8018e-05],
          [1.5425e-05],
          [3.2929e-04],
          [1.2655e-04],
          [1.8095e-05],
          [8.4840e-05],
          [2.9382e-04],
          [2.1946e-05],
          [5.8248e-04],
          [2.6532e-05],
          [3.2049e-04],
          [2.2163e-05],
          [1.3658e-05],
          [9.9831e-06],
          [1.0678e-05],
          [9.8997e-06],
          [5.5993e-05],
          [7.1056e-06]]]])
