# Using CPU
# Loading Embeddings...
# Making Predictions...
torch.Size([1, 1, 442, 485])
tensor([[[[2.5491e-04],
          [2.9894e-05],
          [8.1988e-05],
          [4.7365e-05],
          [1.1729e-05],
          [3.4532e-04],
          [4.4151e-04],
          [3.0729e-05],
          [2.0713e-04],
          [5.3094e-04],
          [1.7086e-05],
          [1.6539e-05],
          [3.6418e-04],
          [1.9422e-04],
          [3.4743e-05],
          [1.1653e-05],
          [1.3078e-05],
          [1.2491e-05],
          [1.4016e-05],
          [2.1959e-05],
          [6.9478e-04],
          [2.3656e-05],
          [3.0544e-04],
          [1.3810e-05],
          [1.7042e-05],
          [1.9216e-05],
          [2.4373e-05],
          [3.5583e-05],
          [3.5538e-05],
          [4.5767e-05],
          [4.4386e-05],
          [4.9488e-05],
          [4.4819e-05],
          [4.5812e-05],
          [3.7795e-05],
          [3.7063e-05],
          [1.2062e-03],
          [5.1436e-05],
          [1.5316e-04],
          [1.0884e-04],
          [2.8533e-04],
          [1.9571e-05],
          [1.7654e-05],
          [1.9166e-05],
          [1.5423e-05],
          [1.5090e-05],
          [1.4846e-05],
          [1.2507e-05],
          [1.2443e-05],
          [1.9814e-04],
          [2.1530e-04],
          [1.2581e-05],
          [1.0704e-05],
          [4.9915e-04],
          [3.1183e-04],
          [1.2915e-05],
          [1.4611e-05],
          [1.4140e-05],
          [1.6389e-05],
          [1.9869e-05],
          [1.8072e-05],
          [1.6865e-05],
          [4.3385e-04],
          [1.6481e-04],
          [1.5186e-05],
          [1.4450e-05],
          [1.7583e-05],
          [1.6657e-05],
          [1.5852e-05],
          [1.4993e-05],
          [1.3878e-05],
          [2.0665e-04],
          [3.4273e-05],
          [1.8138e-05],
          [1.3246e-05],
          [2.2209e-05],
          [7.3994e-04],
          [1.3283e-05],
          [1.3014e-05],
          [1.3458e-05],
          [1.5085e-04],
          [1.1055e-04],
          [1.2386e-05],
          [1.2174e-05],
          [1.3692e-05],
          [1.5502e-05],
          [1.7286e-05],
          [1.8121e-05],
          [1.7000e-05],
          [1.5414e-05],
          [4.2978e-04],
          [4.9665e-05],
          [1.6504e-04],
          [1.3462e-05],
          [1.3965e-05],
          [1.7479e-05],
          [1.9343e-05],
          [2.2511e-05],
          [2.1517e-05],
          [2.2870e-05],
          [3.0945e-05],
          [1.9524e-05],
          [1.6138e-05],
          [1.2895e-05],
          [1.3289e-05],
          [1.5527e-05],
          [1.5154e-05],
          [1.7429e-05],
          [1.9213e-05],
          [1.9785e-05],
          [1.6076e-05],
          [1.6908e-04],
          [1.6405e-04],
          [1.7866e-05],
          [2.5381e-04],
          [1.5416e-05],
          [1.1701e-05],
          [9.9352e-06],
          [1.0829e-05],
          [1.2061e-05],
          [1.2916e-05],
          [1.1562e-05],
          [1.6119e-05],
          [1.2675e-05],
          [1.1602e-05],
          [1.3391e-05],
          [1.3846e-05],
          [1.4097e-05],
          [1.4873e-05],
          [1.8584e-05],
          [1.5459e-05],
          [3.9171e-04],
          [2.6986e-04],
          [1.8719e-05],
          [2.2017e-05],
          [1.6289e-05],
          [1.4562e-05],
          [1.3857e-05],
          [1.2385e-05],
          [1.2483e-05],
          [1.2445e-05],
          [1.1059e-05],
          [1.2042e-05],
          [1.1741e-05],
          [1.2316e-05],
          [1.3297e-05],
          [1.5377e-05],
          [1.6510e-05],
          [2.1755e-05],
          [3.1679e-05],
          [3.0693e-05],
          [3.7855e-05],
          [3.6270e-05],
          [4.1286e-05],
          [3.5925e-05],
          [3.3534e-05],
          [4.9959e-04],
          [2.8453e-04],
          [1.9202e-04],
          [6.4925e-04],
          [1.5204e-05],
          [1.3982e-05],
          [1.7099e-05],
          [1.7595e-05],
          [1.7967e-05],
          [1.8172e-05],
          [1.6478e-05],
          [1.6483e-05],
          [1.7407e-05],
          [1.7532e-05],
          [1.6299e-05],
          [2.7972e-04],
          [4.0996e-04],
          [1.8496e-05],
          [2.0855e-05],
          [2.4882e-05],
          [2.1574e-05],
          [1.9399e-05],
          [3.0642e-04],
          [6.1887e-05],
          [2.4845e-04],
          [1.4202e-05],
          [1.9687e-05],
          [1.8541e-04],
          [1.5465e-05],
          [1.5081e-04],
          [1.9072e-05],
          [1.8940e-05],
          [1.8615e-05],
          [4.4111e-04],
          [4.0950e-05],
          [1.0263e-03],
          [1.4484e-05],
          [2.0035e-05],
          [1.9610e-05],
          [1.8199e-05],
          [1.8117e-05],
          [1.7250e-05],
          [2.1872e-04],
          [1.6678e-04],
          [1.5091e-05],
          [1.3967e-05],
          [1.3755e-05],
          [1.2809e-05],
          [1.2495e-05],
          [1.4357e-05],
          [1.2909e-05],
          [3.6028e-04],
          [3.2994e-04],
          [1.3760e-05],
          [1.3485e-05],
          [1.3729e-05],
          [1.3902e-05],
          [2.5745e-04],
          [4.0709e-05],
          [2.0730e-05],
          [7.6709e-04],
          [1.4907e-05],
          [1.6987e-05],
          [1.2011e-05],
          [1.2506e-05],
          [1.5225e-05],
          [1.4872e-05],
          [1.3936e-05],
          [1.3426e-05],
          [1.5558e-05],
          [1.7931e-05],
          [1.4472e-05],
          [1.4268e-05],
          [1.3653e-05],
          [1.2432e-05],
          [1.3018e-05],
          [1.2819e-05],
          [1.2239e-05],
          [3.0015e-04],
          [2.3151e-04],
          [1.5438e-05],
          [1.4201e-05],
          [1.4031e-05],
          [1.5860e-05],
          [1.7337e-05],
          [2.3764e-05],
          [1.5488e-05],
          [2.3730e-05],
          [2.0462e-05],
          [1.3484e-05],
          [4.0938e-04],
          [1.8812e-04],
          [1.7537e-05],
          [1.6273e-04],
          [1.0459e-05],
          [1.7659e-04],
          [1.6522e-04],
          [1.6256e-05],
          [1.7289e-05],
          [1.9910e-05],
          [1.8494e-05],
          [1.9244e-05],
          [1.9375e-05],
          [2.4880e-05],
          [2.2621e-05],
          [2.4799e-05],
          [2.4241e-05],
          [3.4037e-05],
          [3.7461e-05],
          [4.0633e-05],
          [5.5252e-05],
          [3.1278e-04],
          [2.7581e-05],
          [3.3056e-05],
          [2.4586e-04],
          [2.1882e-04],
          [2.5833e-05],
          [1.5287e-04],
          [1.2274e-04],
          [3.5789e-05],
          [2.4519e-04],
          [1.3862e-05],
          [1.0560e-05],
          [1.0699e-05],
          [9.0255e-06],
          [9.6532e-06],
          [1.1482e-05],
          [2.3694e-05],
          [1.2278e-05],
          [1.5508e-05],
          [1.1574e-05],
          [2.4863e-04],
          [2.4916e-05],
          [6.6750e-05],
          [1.3614e-04],
          [1.0317e-05],
          [9.8004e-06],
          [1.0905e-05],
          [9.7059e-06],
          [1.1641e-05],
          [1.1547e-05],
          [4.2393e-04],
          [2.1565e-05],
          [5.4346e-04],
          [1.4858e-05],
          [1.3390e-05],
          [1.2209e-05],
          [1.2645e-05],
          [1.0984e-05],
          [1.0768e-05],
          [1.1691e-05],
          [1.4323e-05],
          [1.3147e-05],
          [1.4738e-05],
          [1.4632e-05],
          [1.6460e-05],
          [1.9769e-04],
          [3.1269e-04],
          [1.4131e-05],
          [1.2067e-05],
          [1.2681e-05],
          [1.1181e-05],
          [1.3321e-05],
          [2.0589e-05],
          [3.1743e-05],
          [2.4048e-05],
          [2.3074e-05],
          [1.5758e-05],
          [1.5329e-05],
          [1.0397e-05],
          [1.0854e-05],
          [1.0283e-05],
          [1.5270e-05],
          [1.3468e-05],
          [1.2235e-05],
          [1.3592e-05],
          [1.3892e-05],
          [1.3807e-05],
          [1.4926e-05],
          [1.9837e-05],
          [2.2378e-05],
          [2.3672e-05],
          [2.0447e-05],
          [3.7528e-05],
          [3.9919e-05],
          [4.2050e-05],
          [2.4796e-05],
          [3.1560e-05],
          [3.8856e-05],
          [3.3244e-05],
          [2.2749e-05],
          [2.1104e-05],
          [2.3588e-05],
          [2.5285e-05],
          [2.2034e-05],
          [2.2034e-05],
          [1.8968e-05],
          [2.0779e-05],
          [1.5852e-05],
          [1.5692e-05],
          [3.0552e-04],
          [3.7040e-05],
          [1.2076e-03],
          [1.6188e-05],
          [1.6808e-05],
          [1.4239e-05],
          [1.4639e-05],
          [1.3484e-05],
          [1.2414e-05],
          [1.1251e-05],
          [1.0509e-05],
          [1.0118e-05],
          [1.0746e-05],
          [1.1088e-05],
          [1.0329e-05],
          [1.1791e-05],
          [1.3108e-05],
          [2.9761e-04],
          [7.9770e-05],
          [5.6769e-04],
          [1.3141e-05],
          [9.9676e-06],
          [1.0338e-05],
          [1.1699e-05],
          [7.3082e-04],
          [4.1135e-04],
          [1.3107e-05],
          [1.3668e-05],
          [1.8837e-05],
          [2.9792e-05],
          [4.1057e-05],
          [5.2201e-05],
          [6.4720e-05],
          [4.8947e-05],
          [4.8618e-05],
          [2.7000e-05],
          [2.1958e-05],
          [1.2564e-05],
          [1.1133e-05],
          [1.1319e-05],
          [1.1535e-05],
          [1.2123e-05],
          [1.3257e-05],
          [9.1909e-05],
          [3.3532e-05],
          [3.8159e-05],
          [1.2796e-04],
          [2.4022e-05],
          [2.2037e-05],
          [1.8864e-05],
          [2.0338e-05],
          [1.5127e-05],
          [1.8085e-04],
          [1.9247e-04],
          [1.6660e-05],
          [1.6869e-05],
          [1.6405e-05],
          [1.3238e-05],
          [1.4951e-05],
          [1.8942e-05],
          [2.0817e-05],
          [9.0321e-05],
          [6.0275e-05],
          [3.0017e-04],
          [2.9822e-04],
          [1.8920e-05],
          [1.6055e-05],
          [1.5648e-05],
          [1.5053e-05],
          [1.5225e-05],
          [2.0345e-04],
          [1.3380e-04],
          [1.5616e-05],
          [7.6019e-05],
          [1.5821e-04],
          [1.7231e-05],
          [2.2261e-04],
          [2.8529e-05],
          [2.7085e-04],
          [2.0682e-05],
          [1.3993e-05],
          [1.0852e-05],
          [1.2133e-05],
          [1.1217e-05],
          [4.0705e-05],
          [8.5808e-06]]]])
