# Using CPU
# Loading Embeddings...
# Making Predictions...
torch.Size([1, 1, 442, 252])
tensor([[[[1.9043e-04],
          [5.6269e-05],
          [1.1200e-04],
          [2.5034e-05],
          [1.0515e-05],
          [8.3023e-04],
          [2.3899e-04],
          [1.8462e-05],
          [6.3188e-04],
          [2.7357e-04],
          [1.7479e-05],
          [1.7159e-05],
          [5.2053e-04],
          [2.2361e-04],
          [2.4067e-05],
          [1.1563e-05],
          [1.1651e-05],
          [1.3272e-05],
          [1.3961e-05],
          [1.6098e-05],
          [1.7350e-03],
          [3.0237e-05],
          [2.0972e-04],
          [1.7589e-05],
          [1.7280e-05],
          [2.4658e-05],
          [3.4867e-05],
          [5.6089e-05],
          [7.0980e-05],
          [8.1263e-05],
          [8.9965e-05],
          [1.0379e-04],
          [1.1100e-04],
          [1.1420e-04],
          [9.0559e-05],
          [7.3971e-05],
          [3.4681e-03],
          [7.9686e-05],
          [2.6233e-04],
          [2.7043e-04],
          [2.0008e-04],
          [2.7896e-05],
          [2.6411e-05],
          [2.8964e-05],
          [2.0223e-05],
          [2.0440e-05],
          [1.5767e-05],
          [1.5597e-05],
          [2.2676e-05],
          [5.0859e-04],
          [1.8327e-04],
          [2.0830e-05],
          [1.2617e-05],
          [9.2094e-04],
          [1.8059e-04],
          [1.5958e-05],
          [1.6816e-05],
          [1.6694e-05],
          [2.1039e-05],
          [2.5882e-05],
          [2.5484e-05],
          [2.3637e-05],
          [5.5791e-04],
          [2.0189e-04],
          [1.8821e-05],
          [1.8872e-05],
          [1.8385e-05],
          [1.7049e-05],
          [1.8359e-05],
          [1.6909e-05],
          [1.6049e-05],
          [3.6582e-04],
          [3.4162e-05],
          [3.6643e-05],
          [1.5159e-05],
          [1.9852e-05],
          [4.0622e-04],
          [1.7585e-05],
          [1.6776e-05],
          [1.3787e-05],
          [2.7817e-04],
          [1.8160e-04],
          [1.3061e-05],
          [1.3471e-05],
          [1.5571e-05],
          [1.8569e-05],
          [2.0538e-05],
          [2.1820e-05],
          [1.9214e-05],
          [1.7089e-05],
          [8.6284e-04],
          [7.2702e-05],
          [2.5970e-04],
          [1.2608e-05],
          [1.4954e-05],
          [1.9147e-05],
          [2.1556e-05],
          [2.8976e-05],
          [2.3647e-05],
          [2.3724e-05],
          [2.3462e-05],
          [1.5617e-05],
          [1.2279e-05],
          [1.1475e-05],
          [1.3006e-05],
          [1.7448e-05],
          [1.9427e-05],
          [2.4490e-05],
          [2.6491e-05],
          [2.8363e-05],
          [2.3027e-05],
          [2.7739e-04],
          [2.6592e-04],
          [1.7435e-05],
          [2.7278e-04],
          [1.7290e-05],
          [1.5927e-05],
          [1.3626e-05],
          [1.6345e-05],
          [1.8482e-05],
          [1.8799e-05],
          [1.4196e-05],
          [1.4960e-05],
          [1.3045e-05],
          [1.4559e-05],
          [1.4017e-05],
          [1.5400e-05],
          [1.5981e-05],
          [1.9586e-05],
          [2.1700e-05],
          [2.0468e-05],
          [4.4171e-04],
          [3.8952e-04],
          [2.4358e-05],
          [2.5327e-05],
          [2.4153e-05],
          [2.1127e-05],
          [2.2301e-05],
          [1.8557e-05],
          [2.0815e-05],
          [1.6232e-05],
          [1.5781e-05],
          [1.1544e-05],
          [1.2677e-05],
          [1.4317e-05],
          [1.8001e-05],
          [1.9304e-05],
          [2.6893e-05],
          [3.5756e-05],
          [5.0696e-05],
          [5.1573e-05],
          [6.2383e-05],
          [6.0535e-05],
          [7.3790e-05],
          [6.5691e-05],
          [6.0463e-05],
          [9.4900e-04],
          [1.8616e-04],
          [4.2146e-04],
          [2.4468e-04],
          [1.8093e-05],
          [1.9185e-05],
          [1.8511e-05],
          [2.1205e-05],
          [2.3293e-05],
          [2.8779e-05],
          [2.6417e-05],
          [2.6604e-05],
          [2.7336e-05],
          [2.7822e-05],
          [2.3633e-05],
          [7.9149e-04],
          [1.7663e-04],
          [2.8561e-05],
          [3.4857e-05],
          [3.4151e-05],
          [3.4148e-05],
          [3.3320e-05],
          [3.7740e-04],
          [4.7938e-05],
          [3.0470e-04],
          [1.7564e-05],
          [1.4190e-05],
          [2.0748e-04],
          [1.6018e-05],
          [2.3773e-04],
          [1.2903e-05],
          [1.4080e-05],
          [1.3865e-05],
          [1.0209e-03],
          [1.9535e-05],
          [6.5589e-04],
          [2.3008e-05],
          [2.7868e-05],
          [2.8779e-05],
          [2.9791e-05],
          [3.3449e-05],
          [2.6383e-05],
          [4.6730e-04],
          [1.7603e-04],
          [2.2460e-05],
          [1.9633e-05],
          [1.9964e-05],
          [1.6394e-05],
          [1.7249e-05],
          [1.6719e-05],
          [1.3536e-05],
          [7.5189e-04],
          [1.5445e-04],
          [1.5622e-05],
          [1.5416e-05],
          [1.6442e-05],
          [1.6338e-05],
          [7.9670e-04],
          [4.2678e-05],
          [2.0146e-05],
          [3.4179e-04],
          [1.7654e-05],
          [1.6159e-05],
          [1.5542e-05],
          [1.5255e-05],
          [1.8611e-05],
          [1.6375e-05],
          [1.3245e-05],
          [1.4218e-05],
          [1.7174e-05],
          [1.9325e-05],
          [1.7462e-05],
          [1.5012e-05],
          [1.2616e-05],
          [1.3030e-05],
          [1.3659e-05],
          [1.3548e-05],
          [1.4918e-05],
          [7.9369e-04],
          [1.1822e-04],
          [1.8386e-05],
          [2.0621e-05],
          [1.7521e-05],
          [1.8163e-05],
          [1.4639e-05],
          [1.8364e-05],
          [1.4812e-05],
          [2.0847e-05],
          [1.9486e-05],
          [1.3222e-05],
          [6.2977e-04],
          [2.0259e-04],
          [2.0605e-05],
          [2.3912e-04],
          [1.2977e-05],
          [3.5745e-04],
          [1.2730e-04],
          [2.6914e-05],
          [3.3549e-05],
          [3.6663e-05],
          [3.2408e-05],
          [4.4395e-05],
          [4.7531e-05],
          [5.7432e-05],
          [5.2651e-05],
          [7.3832e-05],
          [7.4462e-05],
          [1.0278e-04],
          [7.3834e-05],
          [8.1684e-05],
          [6.6479e-05],
          [4.1171e-04],
          [3.3337e-05],
          [2.7775e-05],
          [2.0310e-04],
          [4.0078e-04],
          [3.8203e-05],
          [1.0448e-04],
          [2.1550e-04],
          [4.7977e-05],
          [2.4690e-04],
          [1.6471e-05],
          [1.2628e-05],
          [1.0837e-05],
          [9.1356e-06],
          [9.6427e-06],
          [9.7388e-06],
          [1.8076e-05],
          [1.1838e-05],
          [1.7241e-05],
          [1.2824e-05],
          [2.7882e-04],
          [4.0015e-05],
          [1.3846e-04],
          [4.5708e-05],
          [1.3683e-05],
          [1.2835e-05],
          [1.1404e-05],
          [1.1414e-05],
          [1.0848e-05],
          [1.0881e-05],
          [7.7412e-04],
          [2.1604e-05],
          [2.7226e-04],
          [1.3798e-05],
          [1.2976e-05],
          [1.6869e-05],
          [1.6843e-05],
          [1.7570e-05],
          [1.8596e-05],
          [1.8449e-05],
          [2.3783e-05],
          [2.3767e-05],
          [3.4913e-05],
          [3.8114e-05],
          [4.7284e-05],
          [7.3638e-04],
          [1.6791e-04],
          [3.1901e-05],
          [2.4739e-05],
          [1.8063e-05],
          [1.4502e-05],
          [1.3417e-05],
          [1.4279e-05],
          [1.6090e-05],
          [1.3841e-05],
          [1.5813e-05],
          [1.2945e-05],
          [1.4760e-05],
          [1.3251e-05],
          [1.1941e-05],
          [1.4608e-05],
          [1.7364e-05],
          [1.5172e-05],
          [1.5655e-05],
          [1.4690e-05],
          [1.7384e-05],
          [1.4347e-05],
          [1.3525e-05],
          [1.6774e-05],
          [1.7096e-05],
          [1.9662e-05],
          [1.7115e-05],
          [2.4678e-05],
          [2.6325e-05],
          [2.4964e-05],
          [1.9275e-05],
          [2.5190e-05],
          [2.3282e-05],
          [2.3785e-05],
          [1.8778e-05],
          [1.6397e-05],
          [1.7852e-05],
          [1.9801e-05],
          [1.8902e-05],
          [1.7701e-05],
          [1.8057e-05],
          [1.6146e-05],
          [1.8144e-05],
          [1.9172e-05],
          [6.8673e-04],
          [3.4960e-05],
          [7.3242e-04],
          [2.7168e-05],
          [2.7730e-05],
          [2.4488e-05],
          [2.3570e-05],
          [2.0501e-05],
          [1.5504e-05],
          [1.2308e-05],
          [1.2746e-05],
          [1.1580e-05],
          [1.1740e-05],
          [1.2836e-05],
          [1.4765e-05],
          [2.0223e-05],
          [2.0147e-05],
          [7.5746e-04],
          [7.3480e-05],
          [3.8826e-04],
          [1.5740e-05],
          [1.3289e-05],
          [1.1702e-05],
          [2.1738e-05],
          [7.1001e-04],
          [2.0564e-04],
          [1.1734e-05],
          [1.3169e-05],
          [1.5755e-05],
          [2.2338e-05],
          [2.4116e-05],
          [2.9183e-05],
          [2.9008e-05],
          [2.5445e-05],
          [2.3015e-05],
          [1.8431e-05],
          [1.6871e-05],
          [1.3486e-05],
          [1.3361e-05],
          [1.1550e-05],
          [1.3209e-05],
          [1.0927e-05],
          [1.2812e-05],
          [1.9536e-05],
          [3.2977e-05],
          [4.3100e-05],
          [4.1980e-05],
          [2.8417e-05],
          [2.7676e-05],
          [2.8852e-05],
          [2.9576e-05],
          [2.1702e-05],
          [4.2719e-04],
          [1.5147e-04],
          [2.5486e-05],
          [2.2067e-05],
          [1.7682e-05],
          [1.6328e-05],
          [1.6115e-05],
          [1.6667e-05],
          [1.6999e-05],
          [2.5200e-04],
          [8.5348e-05],
          [5.9096e-04],
          [1.9624e-04],
          [1.9443e-05],
          [1.7724e-05],
          [2.0292e-05],
          [1.6612e-05],
          [1.5123e-05],
          [6.0474e-04],
          [1.8759e-04],
          [1.5184e-05],
          [8.8838e-05],
          [1.2100e-04],
          [1.8955e-05],
          [3.4684e-04],
          [2.3554e-05],
          [3.2262e-04],
          [2.4895e-05],
          [1.4709e-05],
          [1.2033e-05],
          [1.2478e-05],
          [1.2330e-05],
          [1.0593e-04],
          [7.9550e-06]]]])
