# Using CPU
# Loading Embeddings...
# Making Predictions...
torch.Size([1, 1, 442, 255])
tensor([[[[1.2130e-04],
          [3.0260e-05],
          [6.9493e-05],
          [2.0974e-05],
          [9.9322e-06],
          [2.5408e-04],
          [2.6178e-04],
          [1.5205e-05],
          [1.7718e-04],
          [2.8976e-04],
          [1.8635e-05],
          [1.7292e-05],
          [3.6496e-04],
          [2.0620e-04],
          [1.3511e-05],
          [1.1926e-05],
          [1.1357e-05],
          [1.3268e-05],
          [1.4258e-05],
          [2.9924e-05],
          [2.9034e-04],
          [2.1754e-05],
          [1.5562e-04],
          [1.7794e-05],
          [2.1462e-05],
          [3.0138e-05],
          [4.1108e-05],
          [7.5785e-05],
          [1.0365e-04],
          [1.4030e-04],
          [1.4063e-04],
          [1.6749e-04],
          [1.6303e-04],
          [1.7139e-04],
          [1.3459e-04],
          [1.0886e-04],
          [2.7409e-03],
          [1.0300e-04],
          [1.6863e-04],
          [1.5001e-04],
          [1.5450e-04],
          [2.6689e-05],
          [2.5342e-05],
          [2.6783e-05],
          [1.9427e-05],
          [1.7456e-05],
          [1.3318e-05],
          [1.6663e-05],
          [2.1598e-05],
          [3.7294e-04],
          [1.3896e-04],
          [1.9391e-05],
          [1.2645e-05],
          [2.2134e-04],
          [1.5630e-04],
          [1.6562e-05],
          [1.7359e-05],
          [1.6441e-05],
          [1.9835e-05],
          [2.3467e-05],
          [2.6950e-05],
          [2.7577e-05],
          [5.8672e-04],
          [3.2178e-04],
          [1.9523e-05],
          [1.9515e-05],
          [1.7545e-05],
          [1.5516e-05],
          [1.6579e-05],
          [1.5005e-05],
          [1.5156e-05],
          [2.1233e-04],
          [2.9383e-05],
          [3.7503e-05],
          [1.5823e-05],
          [2.1319e-05],
          [2.8510e-04],
          [1.4115e-05],
          [1.3160e-05],
          [1.2713e-05],
          [1.6174e-04],
          [1.5290e-04],
          [1.2866e-05],
          [1.2954e-05],
          [1.5519e-05],
          [1.9966e-05],
          [2.0143e-05],
          [2.1079e-05],
          [1.7357e-05],
          [1.6210e-05],
          [2.0800e-04],
          [4.9298e-05],
          [1.8104e-04],
          [1.4084e-05],
          [1.2742e-05],
          [1.5858e-05],
          [1.6929e-05],
          [2.0008e-05],
          [1.8606e-05],
          [2.1018e-05],
          [2.2307e-05],
          [1.9810e-05],
          [1.4501e-05],
          [1.1521e-05],
          [1.4328e-05],
          [2.1476e-05],
          [2.4987e-05],
          [3.0566e-05],
          [3.1262e-05],
          [3.2224e-05],
          [2.6985e-05],
          [6.8183e-05],
          [2.0405e-04],
          [2.9600e-05],
          [2.3898e-04],
          [1.8858e-05],
          [1.6883e-05],
          [1.3478e-05],
          [1.7000e-05],
          [1.7833e-05],
          [1.7348e-05],
          [1.2904e-05],
          [1.4330e-05],
          [1.1814e-05],
          [1.5049e-05],
          [1.4454e-05],
          [1.8071e-05],
          [1.8478e-05],
          [2.2270e-05],
          [2.4948e-05],
          [7.5823e-05],
          [1.4564e-03],
          [2.8461e-04],
          [1.3898e-04],
          [5.8662e-05],
          [3.4494e-05],
          [2.8254e-05],
          [2.8377e-05],
          [2.1463e-05],
          [2.2872e-05],
          [1.7987e-05],
          [1.7002e-05],
          [1.1764e-05],
          [1.3422e-05],
          [1.6707e-05],
          [2.3780e-05],
          [2.5840e-05],
          [3.6554e-05],
          [4.7275e-05],
          [7.6058e-05],
          [8.1548e-05],
          [9.2547e-05],
          [8.8390e-05],
          [1.0810e-04],
          [9.3999e-05],
          [7.1565e-05],
          [1.8681e-04],
          [1.2728e-04],
          [1.0117e-04],
          [2.2052e-04],
          [1.7929e-05],
          [1.7281e-05],
          [3.2947e-05],
          [3.7153e-05],
          [2.1166e-05],
          [3.1805e-05],
          [2.5984e-05],
          [2.5033e-05],
          [2.6074e-05],
          [2.7350e-05],
          [2.4295e-05],
          [2.4760e-04],
          [1.9193e-04],
          [3.4536e-05],
          [4.4343e-05],
          [5.0172e-05],
          [4.8972e-05],
          [4.4369e-05],
          [4.6280e-04],
          [9.8264e-05],
          [3.6299e-04],
          [1.7452e-05],
          [1.5017e-05],
          [1.4793e-04],
          [1.4625e-05],
          [1.7185e-04],
          [1.2527e-05],
          [1.3124e-05],
          [1.2750e-05],
          [2.1659e-04],
          [2.5555e-05],
          [3.7523e-04],
          [2.3316e-05],
          [2.7659e-05],
          [3.0230e-05],
          [3.0311e-05],
          [3.9602e-05],
          [2.9253e-05],
          [4.0867e-04],
          [2.1842e-04],
          [2.3725e-05],
          [1.9855e-05],
          [1.8838e-05],
          [1.3982e-05],
          [1.4750e-05],
          [1.6179e-05],
          [1.5288e-05],
          [1.5421e-04],
          [1.4892e-04],
          [1.6960e-05],
          [1.4429e-05],
          [1.5465e-05],
          [1.4410e-05],
          [2.0349e-04],
          [3.4541e-05],
          [2.0736e-05],
          [2.0329e-04],
          [1.5735e-05],
          [1.5116e-05],
          [1.4894e-05],
          [1.3942e-05],
          [1.8953e-05],
          [1.5483e-05],
          [1.3998e-05],
          [1.4669e-05],
          [1.5196e-05],
          [1.7721e-05],
          [1.3834e-05],
          [1.4218e-05],
          [1.3698e-05],
          [1.3252e-05],
          [1.5153e-05],
          [1.3925e-05],
          [1.6056e-05],
          [1.9487e-04],
          [1.0969e-04],
          [1.7703e-05],
          [1.9657e-05],
          [1.6294e-05],
          [1.7771e-05],
          [2.5998e-05],
          [2.2235e-05],
          [1.8481e-05],
          [3.9967e-05],
          [2.6018e-05],
          [1.2457e-05],
          [1.2773e-04],
          [1.0379e-04],
          [2.8602e-05],
          [2.3246e-04],
          [1.3018e-05],
          [1.2369e-04],
          [1.2087e-04],
          [2.4641e-05],
          [2.9723e-05],
          [3.2884e-05],
          [2.9573e-05],
          [4.2089e-05],
          [5.4751e-05],
          [7.4872e-05],
          [7.0229e-05],
          [1.1446e-04],
          [1.2926e-04],
          [1.9330e-04],
          [1.8952e-04],
          [1.7861e-04],
          [1.5227e-04],
          [1.6069e-03],
          [4.3615e-05],
          [4.1399e-05],
          [2.8833e-04],
          [1.0782e-04],
          [4.2864e-05],
          [1.2494e-04],
          [1.4056e-04],
          [6.9226e-05],
          [3.1859e-04],
          [1.6640e-05],
          [1.2952e-05],
          [1.1663e-05],
          [9.7215e-06],
          [8.9912e-06],
          [9.7932e-06],
          [1.8516e-05],
          [1.2217e-05],
          [1.4249e-05],
          [1.0415e-05],
          [1.8446e-04],
          [2.1604e-05],
          [7.9159e-05],
          [4.5768e-05],
          [1.3403e-05],
          [1.2201e-05],
          [1.1687e-05],
          [1.1110e-05],
          [1.0337e-05],
          [1.0851e-05],
          [2.2724e-04],
          [1.9133e-05],
          [1.8434e-04],
          [1.1929e-05],
          [1.1824e-05],
          [1.5518e-05],
          [1.4630e-05],
          [1.4643e-05],
          [1.4834e-05],
          [1.5254e-05],
          [2.0522e-05],
          [1.7655e-05],
          [2.9912e-05],
          [3.7006e-05],
          [4.7412e-05],
          [3.4260e-04],
          [1.5994e-04],
          [2.8386e-05],
          [2.2755e-05],
          [2.5147e-05],
          [1.1997e-05],
          [1.2775e-05],
          [1.6899e-05],
          [1.7070e-05],
          [1.8214e-05],
          [1.6750e-05],
          [1.6760e-05],
          [1.4217e-05],
          [1.3464e-05],
          [1.1841e-05],
          [1.3005e-05],
          [1.5305e-05],
          [1.3339e-05],
          [1.3140e-05],
          [1.2240e-05],
          [1.4384e-05],
          [1.2943e-05],
          [1.3882e-05],
          [1.4492e-05],
          [1.5150e-05],
          [1.8192e-05],
          [1.5009e-05],
          [2.2188e-05],
          [1.9937e-05],
          [2.1468e-05],
          [1.7222e-05],
          [1.7544e-05],
          [2.1280e-05],
          [2.2066e-05],
          [1.6969e-05],
          [2.1812e-05],
          [2.1398e-05],
          [1.6579e-05],
          [1.6325e-05],
          [1.2769e-05],
          [1.4777e-05],
          [1.2857e-05],
          [1.6284e-05],
          [1.7554e-05],
          [9.6133e-05],
          [2.9158e-05],
          [4.0700e-04],
          [2.3392e-05],
          [2.5150e-05],
          [2.0526e-05],
          [1.9797e-05],
          [1.9219e-05],
          [1.4586e-05],
          [1.4179e-05],
          [1.3517e-05],
          [1.2755e-05],
          [1.2719e-05],
          [1.3335e-05],
          [1.3405e-05],
          [1.8712e-05],
          [1.8493e-05],
          [1.2108e-04],
          [9.7740e-05],
          [1.9889e-04],
          [1.3879e-05],
          [1.2268e-05],
          [9.7944e-06],
          [1.4058e-05],
          [1.9832e-04],
          [1.6707e-04],
          [1.1271e-05],
          [1.2713e-05],
          [1.7774e-05],
          [2.1803e-05],
          [2.9331e-05],
          [3.6483e-05],
          [3.7129e-05],
          [2.9713e-05],
          [2.5884e-05],
          [2.1086e-05],
          [2.2943e-05],
          [1.8999e-05],
          [1.3460e-05],
          [1.3768e-05],
          [1.3368e-05],
          [1.1339e-05],
          [1.2155e-05],
          [7.4092e-05],
          [2.6537e-05],
          [3.2193e-05],
          [4.9991e-05],
          [2.5671e-05],
          [3.2262e-05],
          [2.8497e-05],
          [2.6899e-05],
          [2.1079e-05],
          [2.4936e-04],
          [1.1967e-04],
          [2.2778e-05],
          [1.9224e-05],
          [1.6244e-05],
          [1.4294e-05],
          [2.1326e-05],
          [1.8951e-05],
          [3.5758e-05],
          [5.4196e-05],
          [6.1274e-05],
          [1.2641e-04],
          [1.4282e-04],
          [2.7773e-05],
          [1.5989e-05],
          [1.6305e-05],
          [1.9320e-05],
          [1.4917e-05],
          [2.1510e-04],
          [1.7232e-04],
          [3.0209e-05],
          [1.2004e-04],
          [1.0649e-04],
          [2.2313e-05],
          [3.4055e-04],
          [2.9373e-05],
          [5.1914e-04],
          [2.9342e-05],
          [1.6518e-05],
          [1.1961e-05],
          [1.4245e-05],
          [1.2837e-05],
          [1.8091e-05],
          [5.3687e-06]]]])
