# Using CPU
# Loading Embeddings...
# Making Predictions...
torch.Size([1, 1, 442, 251])
tensor([[[[1.2695e-04],
          [4.2079e-05],
          [2.2919e-04],
          [2.5475e-05],
          [9.2851e-06],
          [2.6194e-04],
          [1.4534e-03],
          [1.3576e-05],
          [1.8578e-04],
          [1.7847e-03],
          [1.3836e-05],
          [1.3195e-05],
          [4.5653e-04],
          [4.6403e-04],
          [1.0675e-05],
          [1.0325e-05],
          [1.1911e-05],
          [1.4088e-05],
          [1.7825e-05],
          [2.0421e-05],
          [4.5961e-04],
          [2.8521e-05],
          [1.0470e-03],
          [1.5090e-05],
          [1.5677e-05],
          [2.0849e-05],
          [2.8889e-05],
          [4.8282e-05],
          [6.0900e-05],
          [9.0167e-05],
          [7.9361e-05],
          [9.9495e-05],
          [9.0859e-05],
          [1.0216e-04],
          [7.6111e-05],
          [6.3358e-05],
          [6.9647e-04],
          [4.5416e-05],
          [2.7069e-04],
          [6.5314e-05],
          [8.6031e-04],
          [2.0153e-05],
          [1.7973e-05],
          [2.0386e-05],
          [1.4760e-05],
          [1.4883e-05],
          [1.2348e-05],
          [1.4137e-05],
          [1.3485e-05],
          [2.5374e-04],
          [6.2851e-04],
          [1.2275e-05],
          [1.2487e-05],
          [3.0619e-04],
          [9.7262e-04],
          [1.3090e-05],
          [1.2655e-05],
          [1.2428e-05],
          [1.5843e-05],
          [1.8141e-05],
          [1.8510e-05],
          [1.6855e-05],
          [4.0454e-04],
          [3.5434e-04],
          [1.5140e-05],
          [1.5995e-05],
          [1.5640e-05],
          [1.4973e-05],
          [1.7525e-05],
          [1.4081e-05],
          [1.4105e-05],
          [4.1405e-04],
          [2.3981e-05],
          [4.8277e-05],
          [1.5495e-05],
          [2.8454e-05],
          [2.9449e-03],
          [1.3868e-05],
          [1.3338e-05],
          [1.2215e-05],
          [2.3111e-04],
          [4.7693e-04],
          [1.5802e-05],
          [1.4526e-05],
          [1.6072e-05],
          [1.7968e-05],
          [2.0186e-05],
          [2.0694e-05],
          [1.7718e-05],
          [1.6406e-05],
          [2.9954e-04],
          [4.7149e-05],
          [6.0180e-04],
          [1.2900e-05],
          [1.9155e-05],
          [2.4605e-05],
          [2.5476e-05],
          [3.0665e-05],
          [3.2699e-05],
          [3.4762e-05],
          [3.1259e-05],
          [2.3535e-05],
          [1.4898e-05],
          [1.2696e-05],
          [1.3388e-05],
          [1.6998e-05],
          [1.9980e-05],
          [2.0064e-05],
          [2.1968e-05],
          [2.1952e-05],
          [1.7884e-05],
          [8.9689e-05],
          [1.8446e-04],
          [1.9805e-05],
          [5.3383e-04],
          [1.4485e-05],
          [1.3708e-05],
          [1.2092e-05],
          [1.8604e-05],
          [1.7294e-05],
          [2.2501e-05],
          [1.6293e-05],
          [1.6360e-05],
          [1.3658e-05],
          [1.5404e-05],
          [1.5610e-05],
          [1.5616e-05],
          [1.5663e-05],
          [1.7611e-05],
          [1.8957e-05],
          [1.6471e-05],
          [4.3028e-04],
          [5.9215e-04],
          [2.7517e-05],
          [2.6708e-05],
          [2.9297e-05],
          [2.6541e-05],
          [2.6119e-05],
          [2.2874e-05],
          [1.8400e-05],
          [1.6004e-05],
          [1.4566e-05],
          [1.1834e-05],
          [1.5247e-05],
          [1.5275e-05],
          [1.5643e-05],
          [1.8999e-05],
          [2.2414e-05],
          [2.9374e-05],
          [4.7985e-05],
          [4.4005e-05],
          [5.4152e-05],
          [5.2482e-05],
          [7.0751e-05],
          [5.7601e-05],
          [5.5098e-05],
          [2.0460e-04],
          [6.6285e-04],
          [1.3940e-04],
          [2.0350e-03],
          [1.5609e-05],
          [1.8691e-05],
          [1.6749e-05],
          [1.7728e-05],
          [2.0997e-05],
          [2.2700e-05],
          [2.0997e-05],
          [2.1531e-05],
          [2.3819e-05],
          [2.3320e-05],
          [2.0558e-05],
          [2.8602e-04],
          [1.1184e-03],
          [2.2213e-05],
          [2.4982e-05],
          [2.6177e-05],
          [2.9555e-05],
          [2.5306e-05],
          [3.1855e-04],
          [3.1049e-05],
          [9.0584e-04],
          [1.3868e-05],
          [2.0363e-05],
          [2.4476e-04],
          [1.9855e-05],
          [5.2105e-04],
          [1.3450e-05],
          [1.2537e-05],
          [1.1293e-05],
          [3.0847e-04],
          [5.9127e-05],
          [4.3350e-03],
          [1.7754e-05],
          [2.0956e-05],
          [2.0818e-05],
          [2.1679e-05],
          [2.4689e-05],
          [1.8522e-05],
          [3.5231e-04],
          [3.7634e-04],
          [1.6958e-05],
          [1.4672e-05],
          [1.5255e-05],
          [1.2789e-05],
          [1.3434e-05],
          [1.3519e-05],
          [1.2906e-05],
          [2.5794e-04],
          [1.1540e-03],
          [1.3339e-05],
          [1.2271e-05],
          [1.2884e-05],
          [1.3081e-05],
          [2.1942e-04],
          [2.7557e-05],
          [1.9168e-05],
          [2.7527e-03],
          [1.3783e-05],
          [1.2224e-05],
          [1.1483e-05],
          [1.5674e-05],
          [1.3764e-05],
          [1.1976e-05],
          [1.1612e-05],
          [1.0968e-05],
          [1.4928e-05],
          [1.4023e-05],
          [1.3300e-05],
          [1.2298e-05],
          [1.0520e-05],
          [1.1591e-05],
          [1.0741e-05],
          [1.0749e-05],
          [1.0754e-05],
          [2.4872e-04],
          [6.5313e-04],
          [2.2179e-05],
          [1.4729e-05],
          [1.1891e-05],
          [1.5783e-05],
          [1.8833e-05],
          [2.3499e-05],
          [1.8379e-05],
          [2.3971e-05],
          [2.4823e-05],
          [1.5057e-05],
          [2.2915e-04],
          [1.4537e-04],
          [1.8194e-05],
          [5.6834e-04],
          [1.0162e-05],
          [1.6648e-04],
          [3.4811e-04],
          [1.6793e-05],
          [2.0428e-05],
          [2.2818e-05],
          [2.1135e-05],
          [2.6724e-05],
          [3.0417e-05],
          [3.8097e-05],
          [3.4045e-05],
          [4.6925e-05],
          [5.3313e-05],
          [7.6463e-05],
          [6.0545e-05],
          [5.9775e-05],
          [4.3011e-05],
          [2.7972e-04],
          [2.7855e-05],
          [2.2515e-05],
          [4.2732e-04],
          [1.1086e-04],
          [2.4796e-05],
          [3.0101e-04],
          [2.1398e-04],
          [3.3765e-05],
          [6.7882e-04],
          [1.4504e-05],
          [1.0188e-05],
          [1.0266e-05],
          [1.0057e-05],
          [1.0464e-05],
          [1.0142e-05],
          [2.2895e-05],
          [1.7218e-05],
          [2.0841e-05],
          [1.4138e-05],
          [3.9831e-04],
          [2.8867e-05],
          [1.7360e-04],
          [2.2964e-04],
          [9.7116e-06],
          [1.0436e-05],
          [1.0390e-05],
          [1.2163e-05],
          [1.0818e-05],
          [1.0013e-05],
          [3.0435e-04],
          [3.1064e-05],
          [2.1971e-03],
          [1.5284e-05],
          [1.1127e-05],
          [1.1682e-05],
          [1.2400e-05],
          [1.1469e-05],
          [1.1910e-05],
          [1.2779e-05],
          [1.6042e-05],
          [1.4919e-05],
          [2.1245e-05],
          [2.4650e-05],
          [2.8875e-05],
          [2.3060e-04],
          [9.7773e-04],
          [1.9620e-05],
          [1.6318e-05],
          [1.5893e-05],
          [1.0990e-05],
          [1.2404e-05],
          [1.5322e-05],
          [1.8784e-05],
          [1.7492e-05],
          [1.9800e-05],
          [1.5426e-05],
          [1.5104e-05],
          [1.2319e-05],
          [1.1365e-05],
          [1.2039e-05],
          [1.4421e-05],
          [1.4246e-05],
          [1.6226e-05],
          [1.7058e-05],
          [1.7009e-05],
          [1.5294e-05],
          [1.4211e-05],
          [1.6007e-05],
          [1.7251e-05],
          [2.1741e-05],
          [1.8409e-05],
          [2.6070e-05],
          [2.2749e-05],
          [2.3006e-05],
          [1.9079e-05],
          [2.0693e-05],
          [2.4180e-05],
          [2.3251e-05],
          [1.7745e-05],
          [1.6085e-05],
          [1.7747e-05],
          [1.7177e-05],
          [1.7867e-05],
          [1.5047e-05],
          [1.4906e-05],
          [1.3603e-05],
          [1.5699e-05],
          [1.5637e-05],
          [1.7717e-04],
          [7.0350e-05],
          [5.2471e-03],
          [1.8810e-05],
          [1.9779e-05],
          [1.7074e-05],
          [1.5917e-05],
          [1.5979e-05],
          [1.5180e-05],
          [1.6948e-05],
          [1.4539e-05],
          [1.3537e-05],
          [1.2889e-05],
          [1.6310e-05],
          [1.3149e-05],
          [1.3438e-05],
          [1.3937e-05],
          [1.9538e-04],
          [9.2610e-05],
          [2.1092e-03],
          [1.2940e-05],
          [1.1300e-05],
          [9.7627e-06],
          [1.1865e-05],
          [3.7884e-04],
          [1.2977e-03],
          [1.5916e-05],
          [1.6088e-05],
          [1.6158e-05],
          [2.0851e-05],
          [2.3554e-05],
          [2.7849e-05],
          [3.0044e-05],
          [2.8068e-05],
          [2.5832e-05],
          [2.5932e-05],
          [2.2476e-05],
          [1.8921e-05],
          [1.4271e-05],
          [1.3116e-05],
          [1.3322e-05],
          [1.4159e-05],
          [1.3557e-05],
          [2.1353e-05],
          [3.6523e-05],
          [4.7368e-05],
          [6.1504e-05],
          [3.7316e-05],
          [2.8422e-05],
          [2.3550e-05],
          [2.2993e-05],
          [1.7602e-05],
          [1.8228e-04],
          [5.3803e-04],
          [1.9584e-05],
          [1.8709e-05],
          [1.6738e-05],
          [1.5355e-05],
          [1.6661e-05],
          [1.8229e-05],
          [1.6914e-05],
          [1.0983e-04],
          [1.0724e-04],
          [2.3264e-04],
          [1.0453e-03],
          [2.0199e-05],
          [1.6799e-05],
          [1.6599e-05],
          [1.4711e-05],
          [1.3744e-05],
          [2.7302e-04],
          [7.9249e-05],
          [1.5102e-05],
          [4.0788e-05],
          [2.6755e-04],
          [1.4489e-05],
          [3.7430e-04],
          [1.3175e-05],
          [6.2002e-04],
          [1.4102e-05],
          [1.2252e-05],
          [1.0857e-05],
          [1.1091e-05],
          [1.1834e-05],
          [3.8627e-05],
          [1.2197e-05]]]])
