# Using CPU
# Loading Embeddings...
# Making Predictions...
torch.Size([1, 1, 442, 412])
tensor([[[[1.7539e-04],
          [4.7127e-05],
          [9.0572e-05],
          [2.5665e-05],
          [1.0602e-05],
          [6.4940e-04],
          [5.3980e-04],
          [1.3890e-05],
          [5.2645e-04],
          [5.3618e-04],
          [1.6319e-05],
          [1.6710e-05],
          [5.5850e-04],
          [2.0476e-04],
          [3.4564e-05],
          [1.1385e-05],
          [1.1079e-05],
          [1.1687e-05],
          [1.3493e-05],
          [1.4811e-05],
          [4.4384e-04],
          [2.3139e-05],
          [3.3288e-04],
          [1.3650e-05],
          [1.7419e-05],
          [2.4453e-05],
          [3.3818e-05],
          [5.9037e-05],
          [7.4910e-05],
          [9.4412e-05],
          [9.8859e-05],
          [1.1507e-04],
          [1.0289e-04],
          [1.1003e-04],
          [8.3474e-05],
          [5.7547e-05],
          [1.7173e-03],
          [4.5238e-05],
          [2.7480e-04],
          [2.4859e-04],
          [3.1617e-04],
          [2.1100e-05],
          [2.0718e-05],
          [2.2642e-05],
          [1.6649e-05],
          [1.5470e-05],
          [1.3893e-05],
          [1.1772e-05],
          [1.2418e-05],
          [6.1604e-04],
          [2.4284e-04],
          [1.1561e-05],
          [1.1472e-05],
          [4.6295e-04],
          [3.0506e-04],
          [1.3807e-05],
          [1.4928e-05],
          [1.5024e-05],
          [1.8711e-05],
          [2.0895e-05],
          [2.0522e-05],
          [1.9412e-05],
          [8.4500e-04],
          [3.3869e-04],
          [1.5744e-05],
          [1.5888e-05],
          [1.5399e-05],
          [1.5347e-05],
          [1.5438e-05],
          [1.3381e-05],
          [1.3100e-05],
          [4.3466e-04],
          [2.8735e-05],
          [1.8891e-05],
          [1.6115e-05],
          [1.8429e-05],
          [1.0790e-03],
          [1.3752e-05],
          [1.3560e-05],
          [1.1912e-05],
          [3.1593e-04],
          [1.3896e-04],
          [1.2508e-05],
          [1.2965e-05],
          [1.4097e-05],
          [1.6288e-05],
          [1.7335e-05],
          [1.8962e-05],
          [1.5806e-05],
          [1.4439e-05],
          [3.9575e-04],
          [6.9573e-05],
          [2.1092e-04],
          [1.2687e-05],
          [1.4225e-05],
          [1.3495e-05],
          [1.3378e-05],
          [1.9300e-05],
          [1.8989e-05],
          [2.0384e-05],
          [2.3263e-05],
          [1.7332e-05],
          [1.4352e-05],
          [1.0766e-05],
          [1.2467e-05],
          [1.6067e-05],
          [1.7085e-05],
          [2.0795e-05],
          [2.2436e-05],
          [2.2159e-05],
          [1.8070e-05],
          [1.2053e-04],
          [1.3916e-04],
          [1.7471e-05],
          [3.0509e-04],
          [1.4491e-05],
          [1.2403e-05],
          [1.1096e-05],
          [1.3380e-05],
          [1.4258e-05],
          [1.3679e-05],
          [1.2362e-05],
          [1.3144e-05],
          [1.1504e-05],
          [1.1844e-05],
          [1.2621e-05],
          [1.3631e-05],
          [1.4637e-05],
          [1.5381e-05],
          [1.9647e-05],
          [1.6850e-05],
          [7.1426e-04],
          [2.8337e-04],
          [1.8567e-05],
          [2.2539e-05],
          [2.1624e-05],
          [1.9174e-05],
          [1.8616e-05],
          [1.5648e-05],
          [1.6603e-05],
          [1.4298e-05],
          [1.2415e-05],
          [1.0328e-05],
          [1.1634e-05],
          [1.2888e-05],
          [1.4093e-05],
          [1.5579e-05],
          [2.0006e-05],
          [2.6627e-05],
          [4.5505e-05],
          [5.3572e-05],
          [6.3800e-05],
          [6.5174e-05],
          [6.8528e-05],
          [6.0396e-05],
          [4.4184e-05],
          [9.1357e-04],
          [2.7784e-04],
          [3.7074e-04],
          [5.7111e-04],
          [1.3780e-05],
          [1.4630e-05],
          [1.3685e-05],
          [1.4639e-05],
          [1.6298e-05],
          [1.8688e-05],
          [1.7599e-05],
          [1.7624e-05],
          [2.0256e-05],
          [1.7980e-05],
          [1.7761e-05],
          [1.2515e-03],
          [4.1474e-04],
          [2.3429e-05],
          [2.5410e-05],
          [3.4495e-05],
          [2.8828e-05],
          [2.9051e-05],
          [7.3226e-04],
          [3.1963e-05],
          [3.5184e-04],
          [1.4509e-05],
          [2.3433e-05],
          [3.0568e-04],
          [1.9067e-05],
          [2.1580e-04],
          [1.2684e-05],
          [1.2934e-05],
          [1.2593e-05],
          [6.1818e-04],
          [2.6314e-05],
          [1.0120e-03],
          [1.7132e-05],
          [2.0312e-05],
          [2.1274e-05],
          [2.1326e-05],
          [2.4913e-05],
          [2.0033e-05],
          [5.2860e-04],
          [2.0519e-04],
          [1.7407e-05],
          [1.4643e-05],
          [1.4998e-05],
          [1.1792e-05],
          [1.3418e-05],
          [1.2237e-05],
          [1.1976e-05],
          [5.1854e-04],
          [3.4213e-04],
          [1.1757e-05],
          [1.2617e-05],
          [1.2862e-05],
          [1.3115e-05],
          [1.0029e-03],
          [5.1602e-05],
          [2.3812e-05],
          [8.2761e-04],
          [1.7639e-05],
          [1.2628e-05],
          [1.1026e-05],
          [1.1182e-05],
          [1.2312e-05],
          [1.2331e-05],
          [1.2260e-05],
          [1.2574e-05],
          [1.4445e-05],
          [1.6014e-05],
          [1.2937e-05],
          [1.2956e-05],
          [1.0835e-05],
          [1.2861e-05],
          [1.1516e-05],
          [1.1340e-05],
          [1.1515e-05],
          [6.7456e-04],
          [2.1242e-04],
          [1.5690e-05],
          [1.3858e-05],
          [1.2388e-05],
          [1.4848e-05],
          [2.3446e-05],
          [1.8845e-05],
          [1.6291e-05],
          [2.7040e-05],
          [1.9095e-05],
          [1.2610e-05],
          [2.2006e-04],
          [1.7254e-04],
          [1.9472e-05],
          [2.5326e-04],
          [1.1420e-05],
          [3.0042e-04],
          [2.0004e-04],
          [1.7718e-05],
          [2.1187e-05],
          [2.2553e-05],
          [2.2690e-05],
          [2.7697e-05],
          [2.8707e-05],
          [3.4425e-05],
          [3.4999e-05],
          [4.9792e-05],
          [6.8947e-05],
          [8.5902e-05],
          [8.7338e-05],
          [9.1012e-05],
          [6.2724e-05],
          [2.7251e-04],
          [3.0972e-05],
          [3.1014e-05],
          [2.8609e-04],
          [1.3968e-04],
          [1.9926e-05],
          [2.7927e-04],
          [2.2971e-04],
          [3.0096e-05],
          [2.2231e-04],
          [1.3623e-05],
          [1.2276e-05],
          [1.1604e-05],
          [1.0288e-05],
          [1.0198e-05],
          [9.8144e-06],
          [4.4367e-05],
          [1.1707e-05],
          [1.4432e-05],
          [1.1236e-05],
          [3.4166e-04],
          [2.6004e-05],
          [8.4354e-05],
          [1.3990e-04],
          [1.2148e-05],
          [1.2342e-05],
          [1.1720e-05],
          [1.0793e-05],
          [1.0023e-05],
          [9.0529e-06],
          [5.3899e-04],
          [2.1688e-05],
          [6.5448e-04],
          [1.1625e-05],
          [1.0705e-05],
          [1.1722e-05],
          [1.1593e-05],
          [1.1451e-05],
          [1.2017e-05],
          [1.1917e-05],
          [1.3090e-05],
          [1.2248e-05],
          [1.5892e-05],
          [1.7142e-05],
          [2.0689e-05],
          [1.1212e-03],
          [3.5044e-04],
          [1.5721e-05],
          [1.3740e-05],
          [1.2976e-05],
          [1.2119e-05],
          [1.4500e-05],
          [2.1141e-05],
          [2.7407e-05],
          [2.3700e-05],
          [2.0964e-05],
          [1.7841e-05],
          [1.6737e-05],
          [1.1610e-05],
          [1.0458e-05],
          [1.0287e-05],
          [1.2546e-05],
          [1.0374e-05],
          [1.0309e-05],
          [1.0328e-05],
          [1.1546e-05],
          [1.1843e-05],
          [1.3440e-05],
          [1.7413e-05],
          [1.8346e-05],
          [2.2096e-05],
          [1.9741e-05],
          [2.8497e-05],
          [2.8648e-05],
          [2.8608e-05],
          [1.7243e-05],
          [2.1117e-05],
          [1.8633e-05],
          [2.4349e-05],
          [1.7286e-05],
          [1.9166e-05],
          [2.4679e-05],
          [1.5007e-05],
          [1.4314e-05],
          [1.3779e-05],
          [1.4937e-05],
          [1.3252e-05],
          [1.5709e-05],
          [1.5376e-05],
          [2.4106e-04],
          [3.6333e-05],
          [1.1955e-03],
          [1.8057e-05],
          [1.6118e-05],
          [1.5027e-05],
          [1.3173e-05],
          [1.6358e-05],
          [1.3454e-05],
          [1.1935e-05],
          [1.0644e-05],
          [1.0546e-05],
          [1.0906e-05],
          [1.1453e-05],
          [1.1247e-05],
          [1.2398e-05],
          [1.2693e-05],
          [2.7173e-04],
          [7.7460e-05],
          [6.8863e-04],
          [1.2920e-05],
          [1.0134e-05],
          [1.0431e-05],
          [1.0165e-05],
          [4.6794e-04],
          [4.3745e-04],
          [1.2001e-05],
          [1.3047e-05],
          [1.5194e-05],
          [2.1751e-05],
          [2.9474e-05],
          [4.2382e-05],
          [6.3881e-05],
          [5.5080e-05],
          [6.1149e-05],
          [3.9848e-05],
          [2.6957e-05],
          [1.5473e-05],
          [1.2147e-05],
          [1.0521e-05],
          [1.0237e-05],
          [1.1982e-05],
          [1.1142e-05],
          [2.9698e-05],
          [2.6127e-05],
          [3.4875e-05],
          [2.9578e-05],
          [2.2077e-05],
          [2.3944e-05],
          [2.3948e-05],
          [2.0738e-05],
          [1.5534e-05],
          [5.9706e-04],
          [1.8294e-04],
          [1.7976e-05],
          [1.7993e-05],
          [1.6705e-05],
          [1.4819e-05],
          [1.6197e-05],
          [1.6649e-05],
          [3.0555e-05],
          [1.0050e-04],
          [8.0918e-05],
          [2.3762e-04],
          [2.8609e-04],
          [2.4990e-05],
          [1.5042e-05],
          [1.5208e-05],
          [1.6687e-05],
          [1.3626e-05],
          [4.4186e-04],
          [8.4593e-05],
          [1.2945e-05],
          [4.5261e-05],
          [1.6704e-04],
          [1.7534e-05],
          [2.6468e-04],
          [1.5589e-05],
          [2.5042e-04],
          [1.8499e-05],
          [1.3702e-05],
          [1.0636e-05],
          [1.1582e-05],
          [1.1691e-05],
          [3.7755e-05],
          [5.9716e-06]]]])
