# Using CPU
# Loading Embeddings...
# Making Predictions...
torch.Size([1, 1, 442, 252])
tensor([[[[2.0810e-04],
          [3.1641e-05],
          [1.0593e-04],
          [2.4217e-05],
          [1.0407e-05],
          [3.5840e-04],
          [1.1793e-03],
          [1.4921e-05],
          [2.3984e-04],
          [1.3109e-03],
          [1.7779e-05],
          [1.6842e-05],
          [2.3340e-04],
          [2.8310e-04],
          [1.3518e-05],
          [1.3478e-05],
          [1.2901e-05],
          [1.7422e-05],
          [2.2971e-05],
          [2.2853e-05],
          [4.8548e-04],
          [2.3780e-05],
          [7.7172e-04],
          [1.3993e-05],
          [1.9347e-05],
          [2.6624e-05],
          [4.1222e-05],
          [6.4638e-05],
          [7.5971e-05],
          [1.0404e-04],
          [9.9107e-05],
          [1.1155e-04],
          [1.0658e-04],
          [1.1314e-04],
          [8.6404e-05],
          [7.1660e-05],
          [5.7384e-04],
          [7.8123e-05],
          [2.3839e-04],
          [5.9212e-05],
          [6.2911e-04],
          [2.2530e-05],
          [2.2274e-05],
          [2.1428e-05],
          [1.5465e-05],
          [1.4464e-05],
          [1.3720e-05],
          [1.3333e-05],
          [1.3396e-05],
          [1.7898e-04],
          [4.4036e-04],
          [1.3282e-05],
          [1.1256e-05],
          [3.9739e-04],
          [6.5721e-04],
          [1.3117e-05],
          [1.4448e-05],
          [1.4755e-05],
          [1.7056e-05],
          [2.0426e-05],
          [2.1417e-05],
          [1.9235e-05],
          [1.6996e-04],
          [2.7669e-04],
          [1.5330e-05],
          [1.5546e-05],
          [1.5367e-05],
          [1.3490e-05],
          [1.5369e-05],
          [1.4492e-05],
          [1.3783e-05],
          [2.2400e-04],
          [2.2581e-05],
          [2.6411e-05],
          [1.3432e-05],
          [2.1035e-05],
          [2.5317e-03],
          [1.2805e-05],
          [1.2907e-05],
          [1.2024e-05],
          [2.8024e-04],
          [1.9664e-04],
          [1.2686e-05],
          [1.5886e-05],
          [1.6051e-05],
          [1.9943e-05],
          [2.0974e-05],
          [2.1520e-05],
          [1.9068e-05],
          [1.7608e-05],
          [3.5295e-04],
          [7.8004e-05],
          [2.8802e-04],
          [1.6035e-05],
          [1.6542e-05],
          [2.3838e-05],
          [2.3214e-05],
          [3.1101e-05],
          [2.8946e-05],
          [3.1148e-05],
          [3.0003e-05],
          [2.2367e-05],
          [1.6087e-05],
          [1.6140e-05],
          [1.6123e-05],
          [1.7913e-05],
          [1.9525e-05],
          [2.4603e-05],
          [2.5180e-05],
          [2.4602e-05],
          [2.0579e-05],
          [1.2737e-04],
          [2.1114e-04],
          [1.8311e-05],
          [2.9611e-04],
          [1.7326e-05],
          [1.2390e-05],
          [1.0373e-05],
          [1.3893e-05],
          [2.1675e-05],
          [1.5082e-05],
          [2.2697e-05],
          [1.7983e-05],
          [1.3632e-05],
          [1.4897e-05],
          [1.6525e-05],
          [1.6516e-05],
          [1.5667e-05],
          [1.5446e-05],
          [1.7865e-05],
          [3.1101e-05],
          [2.8266e-04],
          [3.7425e-04],
          [4.8109e-05],
          [3.2190e-05],
          [2.7389e-05],
          [2.2925e-05],
          [1.8811e-05],
          [1.8592e-05],
          [1.5744e-05],
          [1.5711e-05],
          [1.3630e-05],
          [1.2308e-05],
          [1.3532e-05],
          [1.3272e-05],
          [1.7933e-05],
          [1.8380e-05],
          [2.1773e-05],
          [3.1420e-05],
          [4.4524e-05],
          [4.9693e-05],
          [6.7811e-05],
          [5.8421e-05],
          [7.5013e-05],
          [6.3981e-05],
          [5.1823e-05],
          [3.3705e-04],
          [5.4450e-04],
          [1.9259e-04],
          [1.4650e-03],
          [1.6447e-05],
          [1.8527e-05],
          [2.2040e-05],
          [2.9248e-05],
          [1.8068e-05],
          [1.9612e-05],
          [2.0162e-05],
          [1.9460e-05],
          [1.8520e-05],
          [1.9657e-05],
          [1.8572e-05],
          [3.1657e-04],
          [8.7002e-04],
          [2.3187e-05],
          [2.5077e-05],
          [2.9890e-05],
          [3.0092e-05],
          [2.7825e-05],
          [1.6956e-04],
          [4.0352e-05],
          [3.8770e-04],
          [1.3761e-05],
          [1.9660e-05],
          [1.8633e-04],
          [1.4083e-05],
          [2.0618e-04],
          [1.7532e-05],
          [2.1006e-05],
          [1.7336e-05],
          [4.2828e-04],
          [3.8430e-05],
          [2.6801e-03],
          [1.7123e-05],
          [2.3249e-05],
          [2.4278e-05],
          [2.4156e-05],
          [2.6807e-05],
          [2.1031e-05],
          [1.9703e-04],
          [2.6937e-04],
          [1.7131e-05],
          [1.3829e-05],
          [1.4533e-05],
          [1.2420e-05],
          [1.5679e-05],
          [1.5651e-05],
          [1.4458e-05],
          [3.2188e-04],
          [8.6412e-04],
          [1.3767e-05],
          [1.2715e-05],
          [1.3167e-05],
          [1.3207e-05],
          [2.6835e-04],
          [2.7234e-05],
          [1.3381e-05],
          [1.4302e-03],
          [1.2821e-05],
          [1.9297e-05],
          [1.1395e-05],
          [1.1376e-05],
          [1.2905e-05],
          [1.1803e-05],
          [1.2182e-05],
          [1.1725e-05],
          [1.5864e-05],
          [1.6588e-05],
          [1.6794e-05],
          [1.2074e-05],
          [1.0860e-05],
          [1.1239e-05],
          [1.0763e-05],
          [1.0193e-05],
          [1.1147e-05],
          [3.0293e-04],
          [4.1656e-04],
          [1.6540e-05],
          [1.3889e-05],
          [1.2231e-05],
          [1.6678e-05],
          [1.6661e-05],
          [2.3259e-05],
          [1.8281e-05],
          [2.3526e-05],
          [2.4580e-05],
          [1.5686e-05],
          [2.6774e-04],
          [2.1446e-04],
          [2.9104e-05],
          [2.9865e-04],
          [1.0718e-05],
          [1.9978e-04],
          [2.9927e-04],
          [2.1248e-05],
          [2.9054e-05],
          [3.2009e-05],
          [2.6974e-05],
          [3.1283e-05],
          [3.2631e-05],
          [3.4771e-05],
          [2.8874e-05],
          [3.7181e-05],
          [4.1386e-05],
          [5.9335e-05],
          [5.8286e-05],
          [6.5970e-05],
          [4.1856e-05],
          [1.4876e-04],
          [2.1470e-05],
          [2.2498e-05],
          [3.1584e-04],
          [1.5872e-04],
          [2.1307e-05],
          [3.7376e-04],
          [1.6475e-04],
          [4.1984e-05],
          [3.0183e-04],
          [1.6604e-05],
          [1.1095e-05],
          [1.0573e-05],
          [1.0871e-05],
          [1.0604e-05],
          [1.0852e-05],
          [2.1072e-05],
          [1.5573e-05],
          [1.8709e-05],
          [1.4195e-05],
          [3.6856e-04],
          [3.3751e-05],
          [9.8876e-05],
          [1.5080e-04],
          [1.2165e-05],
          [1.1646e-05],
          [1.1372e-05],
          [1.1998e-05],
          [1.2660e-05],
          [1.1504e-05],
          [4.4890e-04],
          [1.9333e-05],
          [1.5073e-03],
          [1.3805e-05],
          [1.2753e-05],
          [1.4199e-05],
          [1.4373e-05],
          [1.5002e-05],
          [1.5159e-05],
          [1.5071e-05],
          [1.9701e-05],
          [1.6374e-05],
          [2.2849e-05],
          [2.5440e-05],
          [3.2780e-05],
          [2.6560e-04],
          [7.3819e-04],
          [2.3191e-05],
          [2.0017e-05],
          [2.4741e-05],
          [1.2110e-05],
          [1.3767e-05],
          [2.0782e-05],
          [2.2054e-05],
          [2.1631e-05],
          [1.8913e-05],
          [1.9485e-05],
          [1.8074e-05],
          [1.5157e-05],
          [1.3802e-05],
          [1.4637e-05],
          [1.7110e-05],
          [1.6797e-05],
          [1.9368e-05],
          [2.2776e-05],
          [2.2756e-05],
          [1.8899e-05],
          [2.0931e-05],
          [2.3487e-05],
          [2.2068e-05],
          [2.2273e-05],
          [2.1975e-05],
          [2.6345e-05],
          [3.0556e-05],
          [2.8215e-05],
          [2.3444e-05],
          [2.6681e-05],
          [3.0321e-05],
          [3.0305e-05],
          [2.1870e-05],
          [1.8256e-05],
          [2.0527e-05],
          [2.1234e-05],
          [1.8677e-05],
          [1.3706e-05],
          [1.4557e-05],
          [1.5737e-05],
          [1.7473e-05],
          [1.6039e-05],
          [3.2075e-04],
          [4.2108e-05],
          [2.9533e-03],
          [1.9609e-05],
          [1.9948e-05],
          [1.9516e-05],
          [1.7497e-05],
          [2.0405e-05],
          [1.9549e-05],
          [2.2450e-05],
          [1.8329e-05],
          [1.7242e-05],
          [1.6573e-05],
          [2.0529e-05],
          [1.5751e-05],
          [1.5341e-05],
          [1.3643e-05],
          [3.1152e-04],
          [4.4837e-05],
          [1.2378e-03],
          [1.2186e-05],
          [1.0665e-05],
          [9.0039e-06],
          [1.2129e-05],
          [4.3071e-04],
          [9.2646e-04],
          [1.5239e-05],
          [1.3644e-05],
          [1.5602e-05],
          [2.3196e-05],
          [2.8776e-05],
          [3.5387e-05],
          [3.7077e-05],
          [3.3264e-05],
          [2.9444e-05],
          [3.3915e-05],
          [2.9939e-05],
          [2.3819e-05],
          [1.8110e-05],
          [1.7185e-05],
          [1.7258e-05],
          [1.9848e-05],
          [1.7918e-05],
          [2.5915e-05],
          [3.7373e-05],
          [4.3747e-05],
          [4.6395e-05],
          [3.4901e-05],
          [3.1779e-05],
          [2.3733e-05],
          [2.2818e-05],
          [1.7643e-05],
          [1.7389e-04],
          [3.2565e-04],
          [1.9311e-05],
          [1.8394e-05],
          [1.7469e-05],
          [1.5828e-05],
          [1.6799e-05],
          [1.9914e-05],
          [1.7179e-05],
          [1.2638e-04],
          [1.1734e-04],
          [2.7918e-04],
          [7.1257e-04],
          [1.7916e-05],
          [1.5538e-05],
          [1.6878e-05],
          [1.5247e-05],
          [1.4104e-05],
          [2.3757e-04],
          [2.8455e-04],
          [2.0546e-05],
          [6.3476e-05],
          [1.5683e-04],
          [1.8644e-05],
          [4.5605e-04],
          [2.4401e-05],
          [3.1916e-04],
          [2.5265e-05],
          [1.5222e-05],
          [1.3833e-05],
          [1.3177e-05],
          [1.2609e-05],
          [4.3675e-05],
          [8.7033e-06]]]])
