# Using CPU
# Loading Embeddings...
# Making Predictions...
torch.Size([1, 1, 442, 290])
tensor([[[[1.8765e-04],
          [3.9753e-05],
          [1.2599e-04],
          [2.3226e-05],
          [1.2116e-05],
          [4.6175e-04],
          [7.9416e-04],
          [1.5942e-05],
          [6.5506e-04],
          [9.5359e-04],
          [1.9443e-05],
          [1.9973e-05],
          [4.4843e-04],
          [2.9465e-04],
          [1.5505e-05],
          [1.3027e-05],
          [1.3862e-05],
          [1.6730e-05],
          [1.7733e-05],
          [2.0485e-05],
          [8.3814e-04],
          [4.6309e-05],
          [5.4108e-04],
          [2.3209e-05],
          [2.0953e-05],
          [3.1323e-05],
          [4.6758e-05],
          [8.3534e-05],
          [8.5479e-05],
          [1.2090e-04],
          [9.4920e-05],
          [1.2944e-04],
          [9.2558e-05],
          [1.0240e-04],
          [8.0047e-05],
          [7.1099e-05],
          [4.9718e-04],
          [4.9782e-05],
          [2.0870e-04],
          [7.9358e-05],
          [3.9888e-04],
          [2.8402e-05],
          [2.6580e-05],
          [2.8652e-05],
          [1.9842e-05],
          [1.9037e-05],
          [1.6179e-05],
          [2.0148e-05],
          [2.7632e-05],
          [2.3045e-04],
          [3.8764e-04],
          [1.7985e-05],
          [1.7192e-05],
          [2.9243e-04],
          [4.3051e-04],
          [1.6614e-05],
          [1.8353e-05],
          [1.8621e-05],
          [2.3353e-05],
          [2.8647e-05],
          [2.6953e-05],
          [2.6263e-05],
          [3.2420e-04],
          [2.4135e-04],
          [1.9432e-05],
          [2.0354e-05],
          [1.7699e-05],
          [1.6103e-05],
          [1.7602e-05],
          [1.5492e-05],
          [1.6169e-05],
          [3.8269e-04],
          [2.1480e-05],
          [2.3000e-05],
          [1.7603e-05],
          [1.7568e-05],
          [1.3276e-03],
          [1.9224e-05],
          [1.4812e-05],
          [1.4699e-05],
          [2.9666e-04],
          [1.5087e-04],
          [1.4113e-05],
          [1.5477e-05],
          [1.7788e-05],
          [2.1573e-05],
          [2.2960e-05],
          [2.5668e-05],
          [1.9944e-05],
          [1.7032e-05],
          [3.8498e-04],
          [5.6315e-05],
          [2.6280e-04],
          [1.0959e-05],
          [1.3816e-05],
          [1.0546e-05],
          [1.0693e-05],
          [1.2530e-05],
          [1.4892e-05],
          [1.5846e-05],
          [2.2343e-05],
          [1.5353e-05],
          [1.5374e-05],
          [1.7352e-05],
          [1.5524e-05],
          [2.3619e-05],
          [2.7311e-05],
          [3.3580e-05],
          [3.5470e-05],
          [3.6547e-05],
          [2.7798e-05],
          [1.6219e-04],
          [1.6871e-04],
          [2.7705e-05],
          [2.9169e-04],
          [1.8438e-05],
          [1.4676e-05],
          [1.1580e-05],
          [1.4990e-05],
          [1.7687e-05],
          [1.6634e-05],
          [1.3357e-05],
          [1.5372e-05],
          [1.2775e-05],
          [1.5312e-05],
          [1.7064e-05],
          [1.7347e-05],
          [1.6694e-05],
          [2.1432e-05],
          [2.1977e-05],
          [2.2489e-05],
          [3.0926e-04],
          [3.7507e-04],
          [2.5874e-05],
          [3.4208e-05],
          [2.4725e-05],
          [1.8725e-05],
          [1.7179e-05],
          [1.5477e-05],
          [1.7230e-05],
          [1.4483e-05],
          [1.4576e-05],
          [1.1366e-05],
          [1.3417e-05],
          [1.7617e-05],
          [2.5151e-05],
          [2.7639e-05],
          [3.8065e-05],
          [5.1595e-05],
          [7.9572e-05],
          [8.6010e-05],
          [8.0844e-05],
          [8.4054e-05],
          [7.2273e-05],
          [6.4459e-05],
          [5.9829e-05],
          [5.5311e-04],
          [3.7234e-04],
          [2.6837e-04],
          [1.0917e-03],
          [2.3409e-05],
          [1.8321e-05],
          [1.7423e-05],
          [1.9031e-05],
          [1.8892e-05],
          [2.5058e-05],
          [2.0468e-05],
          [2.1827e-05],
          [2.2462e-05],
          [2.3648e-05],
          [1.9983e-05],
          [5.7722e-04],
          [5.3489e-04],
          [2.6502e-05],
          [3.7474e-05],
          [3.9450e-05],
          [4.4459e-05],
          [4.1585e-05],
          [3.7133e-04],
          [4.1717e-05],
          [3.6024e-04],
          [1.9302e-05],
          [2.0392e-05],
          [3.1190e-04],
          [1.8026e-05],
          [2.9060e-04],
          [1.8039e-05],
          [1.7216e-05],
          [1.6634e-05],
          [4.8598e-04],
          [3.9915e-05],
          [1.4717e-03],
          [2.2344e-05],
          [3.0984e-05],
          [3.3315e-05],
          [3.3316e-05],
          [3.4104e-05],
          [3.0034e-05],
          [2.7814e-04],
          [2.5622e-04],
          [2.1148e-05],
          [1.8284e-05],
          [1.7058e-05],
          [1.3956e-05],
          [1.5375e-05],
          [1.4499e-05],
          [1.3631e-05],
          [3.2996e-04],
          [5.5741e-04],
          [1.5575e-05],
          [1.4788e-05],
          [1.3978e-05],
          [1.5148e-05],
          [4.0637e-04],
          [2.5771e-05],
          [2.2936e-05],
          [1.1205e-03],
          [1.8518e-05],
          [1.3649e-05],
          [1.3641e-05],
          [1.2112e-05],
          [1.4845e-05],
          [1.2270e-05],
          [1.2170e-05],
          [1.2198e-05],
          [1.3170e-05],
          [1.5457e-05],
          [1.3532e-05],
          [1.2665e-05],
          [1.0070e-05],
          [1.0411e-05],
          [1.1434e-05],
          [1.1722e-05],
          [1.2890e-05],
          [5.2854e-04],
          [2.7907e-04],
          [1.8379e-05],
          [1.7901e-05],
          [1.6119e-05],
          [1.9723e-05],
          [2.0731e-05],
          [2.2237e-05],
          [1.5961e-05],
          [2.9923e-05],
          [3.1070e-05],
          [1.1662e-05],
          [2.7634e-04],
          [2.4325e-04],
          [2.1869e-05],
          [2.1892e-04],
          [1.2102e-05],
          [2.1284e-04],
          [2.0101e-04],
          [2.0743e-05],
          [2.4773e-05],
          [2.6579e-05],
          [2.8486e-05],
          [3.8450e-05],
          [4.2585e-05],
          [6.3670e-05],
          [6.2168e-05],
          [8.0728e-05],
          [8.7186e-05],
          [1.0679e-04],
          [2.1753e-04],
          [1.1278e-04],
          [6.5459e-05],
          [1.8122e-04],
          [3.3018e-05],
          [2.8195e-05],
          [2.9751e-04],
          [1.5821e-04],
          [2.3686e-05],
          [2.0659e-04],
          [3.2044e-04],
          [4.4836e-05],
          [3.2404e-04],
          [1.3415e-05],
          [1.1949e-05],
          [1.1013e-05],
          [1.0915e-05],
          [1.0757e-05],
          [1.0560e-05],
          [2.6087e-05],
          [1.0323e-05],
          [1.0604e-05],
          [9.1598e-06],
          [6.7060e-04],
          [3.9336e-05],
          [7.4188e-05],
          [1.3430e-04],
          [1.2697e-05],
          [1.1027e-05],
          [1.0946e-05],
          [1.0278e-05],
          [1.0105e-05],
          [1.0937e-05],
          [4.6072e-04],
          [3.0091e-05],
          [1.0544e-03],
          [1.5968e-05],
          [1.2001e-05],
          [1.2607e-05],
          [1.6323e-05],
          [1.2153e-05],
          [1.2033e-05],
          [1.2557e-05],
          [1.5463e-05],
          [1.6019e-05],
          [1.9874e-05],
          [2.7449e-05],
          [2.7395e-05],
          [4.5070e-04],
          [5.6462e-04],
          [2.4412e-05],
          [1.9311e-05],
          [1.5661e-05],
          [1.2439e-05],
          [1.0747e-05],
          [1.2529e-05],
          [1.2587e-05],
          [1.2833e-05],
          [1.6890e-05],
          [1.1982e-05],
          [1.2900e-05],
          [1.2019e-05],
          [1.2720e-05],
          [1.4448e-05],
          [1.5022e-05],
          [1.4361e-05],
          [1.4296e-05],
          [1.4193e-05],
          [1.5369e-05],
          [1.3788e-05],
          [1.2330e-05],
          [1.3891e-05],
          [1.3865e-05],
          [1.4962e-05],
          [1.3795e-05],
          [1.6415e-05],
          [1.8975e-05],
          [1.8209e-05],
          [1.9596e-05],
          [2.2112e-05],
          [2.7861e-05],
          [2.5548e-05],
          [2.4192e-05],
          [1.9756e-05],
          [2.2478e-05],
          [2.0303e-05],
          [1.8232e-05],
          [1.1775e-05],
          [1.6454e-05],
          [2.2198e-05],
          [1.5691e-05],
          [1.6894e-05],
          [2.7743e-04],
          [4.0999e-05],
          [1.8349e-03],
          [1.8385e-05],
          [1.8940e-05],
          [1.5608e-05],
          [1.6078e-05],
          [1.7367e-05],
          [1.5474e-05],
          [1.5852e-05],
          [1.5747e-05],
          [1.4610e-05],
          [1.3767e-05],
          [1.3654e-05],
          [1.4695e-05],
          [1.7968e-05],
          [1.5848e-05],
          [3.1028e-04],
          [8.6132e-05],
          [1.1158e-03],
          [1.4470e-05],
          [1.1415e-05],
          [1.0294e-05],
          [1.1906e-05],
          [2.8376e-04],
          [7.5754e-04],
          [1.3457e-05],
          [1.1402e-05],
          [1.3099e-05],
          [1.7860e-05],
          [2.2968e-05],
          [2.5905e-05],
          [2.6968e-05],
          [2.3306e-05],
          [1.9488e-05],
          [1.7097e-05],
          [1.3343e-05],
          [1.1397e-05],
          [9.7463e-06],
          [1.0751e-05],
          [1.0991e-05],
          [1.0848e-05],
          [1.0905e-05],
          [6.9763e-05],
          [2.9849e-05],
          [2.6254e-05],
          [2.6511e-04],
          [2.4971e-05],
          [3.0381e-05],
          [2.2262e-05],
          [2.2646e-05],
          [2.0377e-05],
          [1.9343e-04],
          [2.9181e-04],
          [2.2977e-05],
          [2.2255e-05],
          [1.9191e-05],
          [1.7083e-05],
          [2.3451e-05],
          [2.0922e-05],
          [2.7383e-05],
          [1.0470e-04],
          [9.3633e-05],
          [1.4830e-04],
          [5.5871e-04],
          [2.4588e-05],
          [1.4635e-05],
          [1.4940e-05],
          [2.0373e-05],
          [1.5487e-05],
          [3.8984e-04],
          [1.5737e-04],
          [1.2946e-05],
          [4.8264e-05],
          [1.3239e-04],
          [2.2236e-05],
          [5.1117e-04],
          [2.5558e-05],
          [2.7267e-04],
          [1.9858e-05],
          [1.5196e-05],
          [1.1885e-05],
          [1.1867e-05],
          [1.1222e-05],
          [6.7459e-05],
          [7.6651e-06]]]])
