# Using CPU
# Loading Embeddings...
# Making Predictions...
torch.Size([1, 1, 442, 262])
tensor([[[[2.2224e-04],
          [2.6395e-05],
          [9.8526e-05],
          [2.3083e-05],
          [9.2368e-06],
          [6.4011e-04],
          [1.2586e-03],
          [1.5209e-05],
          [4.4871e-04],
          [1.2726e-03],
          [1.9913e-05],
          [1.8873e-05],
          [9.3046e-04],
          [2.1389e-04],
          [3.6548e-05],
          [1.2234e-05],
          [1.1443e-05],
          [1.3907e-05],
          [1.7781e-05],
          [1.7198e-05],
          [8.2890e-04],
          [2.7991e-05],
          [5.9175e-04],
          [1.6468e-05],
          [2.0153e-05],
          [2.7270e-05],
          [3.5704e-05],
          [5.5188e-05],
          [5.8880e-05],
          [8.0412e-05],
          [7.1964e-05],
          [8.4556e-05],
          [7.5537e-05],
          [7.8974e-05],
          [6.3164e-05],
          [5.4467e-05],
          [1.8000e-03],
          [8.6175e-05],
          [2.5239e-04],
          [2.1311e-04],
          [5.2450e-04],
          [2.3841e-05],
          [2.3884e-05],
          [2.6130e-05],
          [2.0168e-05],
          [1.9557e-05],
          [1.4958e-05],
          [1.6273e-05],
          [1.7887e-05],
          [4.5189e-04],
          [3.9867e-04],
          [1.3114e-05],
          [1.5458e-05],
          [6.3017e-04],
          [6.6195e-04],
          [1.8676e-05],
          [2.0087e-05],
          [1.8838e-05],
          [2.2483e-05],
          [2.8534e-05],
          [2.8595e-05],
          [2.8511e-05],
          [7.5261e-04],
          [2.5450e-04],
          [2.1464e-05],
          [2.0297e-05],
          [1.7805e-05],
          [1.7189e-05],
          [1.7953e-05],
          [1.6187e-05],
          [1.6721e-05],
          [3.8922e-04],
          [3.3741e-05],
          [2.0522e-05],
          [1.9692e-05],
          [1.9880e-05],
          [1.8801e-03],
          [1.6920e-05],
          [1.6137e-05],
          [1.4850e-05],
          [5.1562e-04],
          [1.5790e-04],
          [1.3032e-05],
          [1.4802e-05],
          [1.7197e-05],
          [2.0446e-05],
          [2.1865e-05],
          [2.3223e-05],
          [2.0062e-05],
          [1.8145e-05],
          [4.9754e-04],
          [1.2358e-04],
          [2.6431e-04],
          [1.7869e-05],
          [2.6140e-05],
          [3.1773e-05],
          [3.1511e-05],
          [4.6111e-05],
          [3.0678e-05],
          [2.8856e-05],
          [2.3402e-05],
          [2.2974e-05],
          [1.4197e-05],
          [1.2872e-05],
          [1.6308e-05],
          [2.3322e-05],
          [2.7153e-05],
          [3.2208e-05],
          [3.3532e-05],
          [3.5243e-05],
          [2.9878e-05],
          [1.7151e-04],
          [3.0394e-04],
          [3.1461e-05],
          [2.3272e-04],
          [2.3559e-05],
          [1.8126e-05],
          [1.3695e-05],
          [1.5684e-05],
          [1.9001e-05],
          [1.9407e-05],
          [1.5114e-05],
          [1.6835e-05],
          [1.3572e-05],
          [1.6971e-05],
          [1.6260e-05],
          [1.9537e-05],
          [1.9529e-05],
          [2.6087e-05],
          [2.5799e-05],
          [2.7682e-05],
          [1.0471e-03],
          [3.4923e-04],
          [2.9188e-05],
          [3.7703e-05],
          [3.0378e-05],
          [2.6948e-05],
          [2.4662e-05],
          [1.9414e-05],
          [2.2096e-05],
          [1.8636e-05],
          [1.8455e-05],
          [1.3349e-05],
          [1.6038e-05],
          [1.8905e-05],
          [2.6183e-05],
          [2.8334e-05],
          [3.9739e-05],
          [4.7530e-05],
          [7.1887e-05],
          [7.0437e-05],
          [6.5398e-05],
          [7.1929e-05],
          [6.4415e-05],
          [5.4885e-05],
          [5.0184e-05],
          [5.4627e-04],
          [6.3504e-04],
          [2.1782e-04],
          [1.2476e-03],
          [2.8480e-05],
          [1.8500e-05],
          [1.7740e-05],
          [2.0174e-05],
          [2.1333e-05],
          [3.0779e-05],
          [2.2607e-05],
          [2.4658e-05],
          [2.5306e-05],
          [2.8992e-05],
          [2.3799e-05],
          [5.0763e-04],
          [8.9881e-04],
          [3.1593e-05],
          [4.3539e-05],
          [6.0958e-05],
          [4.7656e-05],
          [4.4509e-05],
          [5.5702e-04],
          [5.4626e-05],
          [2.8851e-04],
          [2.1457e-05],
          [1.6708e-05],
          [3.0734e-04],
          [2.6510e-05],
          [2.9098e-04],
          [2.2783e-05],
          [2.7688e-05],
          [2.6262e-05],
          [6.2320e-04],
          [3.4531e-05],
          [2.7121e-03],
          [2.4553e-05],
          [3.1049e-05],
          [3.2851e-05],
          [3.3118e-05],
          [3.6216e-05],
          [3.5595e-05],
          [4.9308e-04],
          [2.7825e-04],
          [2.4287e-05],
          [2.0868e-05],
          [1.8739e-05],
          [1.9063e-05],
          [2.8880e-05],
          [3.4649e-05],
          [3.8188e-05],
          [4.1500e-04],
          [7.0327e-04],
          [3.5480e-05],
          [2.6468e-05],
          [2.4116e-05],
          [1.6535e-05],
          [4.2268e-04],
          [4.0693e-05],
          [2.6091e-05],
          [1.1774e-03],
          [1.8185e-05],
          [1.5650e-05],
          [1.6474e-05],
          [1.6113e-05],
          [1.7945e-05],
          [2.0058e-05],
          [1.5812e-05],
          [1.4508e-05],
          [2.4569e-05],
          [1.4750e-05],
          [1.4520e-05],
          [1.5155e-05],
          [1.9617e-05],
          [1.4571e-05],
          [1.5276e-05],
          [1.4760e-05],
          [1.8532e-05],
          [5.1658e-04],
          [3.7106e-04],
          [2.0228e-05],
          [1.8142e-05],
          [2.0386e-05],
          [2.4950e-05],
          [5.7804e-05],
          [2.4000e-05],
          [2.1775e-05],
          [7.1103e-05],
          [2.9402e-05],
          [1.2658e-05],
          [3.7185e-04],
          [3.8810e-04],
          [2.1378e-05],
          [2.5130e-04],
          [1.2627e-05],
          [2.9582e-04],
          [2.3319e-04],
          [2.2432e-05],
          [2.5827e-05],
          [2.7290e-05],
          [2.6973e-05],
          [3.3871e-05],
          [3.8818e-05],
          [5.6729e-05],
          [6.0335e-05],
          [9.3834e-05],
          [1.0759e-04],
          [1.2911e-04],
          [2.1305e-04],
          [1.5533e-04],
          [1.8293e-04],
          [7.8890e-04],
          [5.1802e-05],
          [4.2498e-05],
          [3.3508e-04],
          [3.2226e-04],
          [3.6211e-05],
          [4.1455e-04],
          [2.3803e-04],
          [4.1251e-05],
          [2.1703e-04],
          [1.5842e-05],
          [1.3052e-05],
          [1.2705e-05],
          [1.4287e-05],
          [1.1346e-05],
          [1.3421e-05],
          [2.3195e-05],
          [1.6892e-05],
          [2.2628e-05],
          [2.1230e-05],
          [1.0834e-03],
          [5.1720e-05],
          [1.8923e-04],
          [1.0979e-04],
          [1.2200e-05],
          [1.1610e-05],
          [1.1575e-05],
          [1.1137e-05],
          [1.2427e-05],
          [1.5100e-05],
          [4.9031e-04],
          [2.6285e-05],
          [1.1211e-03],
          [1.3285e-05],
          [1.2125e-05],
          [1.5060e-05],
          [1.4827e-05],
          [1.4949e-05],
          [1.4603e-05],
          [1.4957e-05],
          [1.7375e-05],
          [1.8524e-05],
          [2.3685e-05],
          [2.8826e-05],
          [3.2092e-05],
          [5.3731e-04],
          [6.1551e-04],
          [2.4751e-05],
          [1.9962e-05],
          [1.4969e-05],
          [1.2312e-05],
          [1.6711e-05],
          [2.4454e-05],
          [2.3562e-05],
          [2.3659e-05],
          [2.8484e-05],
          [3.1757e-05],
          [3.2175e-05],
          [2.7553e-05],
          [1.9908e-05],
          [2.1697e-05],
          [1.9543e-05],
          [2.5489e-05],
          [2.6469e-05],
          [2.7787e-05],
          [2.5033e-05],
          [2.7936e-05],
          [2.2173e-05],
          [2.2973e-05],
          [2.5216e-05],
          [2.5430e-05],
          [2.7479e-05],
          [3.2214e-05],
          [3.7844e-05],
          [3.4063e-05],
          [3.5214e-05],
          [3.4926e-05],
          [3.4569e-05],
          [3.5733e-05],
          [3.1154e-05],
          [2.5631e-05],
          [2.7795e-05],
          [2.7450e-05],
          [2.3990e-05],
          [2.1164e-05],
          [1.6941e-05],
          [1.3617e-05],
          [1.8221e-05],
          [1.7188e-05],
          [2.5998e-04],
          [3.4431e-05],
          [2.7040e-03],
          [1.8852e-05],
          [2.2237e-05],
          [2.5223e-05],
          [2.0406e-05],
          [2.5956e-05],
          [3.0124e-05],
          [3.3077e-05],
          [2.9555e-05],
          [2.8473e-05],
          [2.7296e-05],
          [3.4043e-05],
          [2.6701e-05],
          [2.4714e-05],
          [1.8364e-05],
          [4.6004e-04],
          [1.1504e-04],
          [1.1737e-03],
          [1.3324e-05],
          [1.2573e-05],
          [1.0812e-05],
          [1.3818e-05],
          [4.5038e-04],
          [6.7230e-04],
          [1.6471e-05],
          [1.6014e-05],
          [1.5763e-05],
          [2.1275e-05],
          [2.7038e-05],
          [3.3258e-05],
          [3.5947e-05],
          [3.2483e-05],
          [2.7707e-05],
          [3.9032e-05],
          [4.0534e-05],
          [3.4299e-05],
          [2.4221e-05],
          [2.1634e-05],
          [2.2326e-05],
          [2.1278e-05],
          [1.7785e-05],
          [1.0168e-04],
          [4.0371e-05],
          [4.9479e-05],
          [9.9463e-05],
          [3.0254e-05],
          [2.6812e-05],
          [2.5508e-05],
          [2.4969e-05],
          [2.0199e-05],
          [4.1804e-04],
          [3.2171e-04],
          [2.2627e-05],
          [2.0568e-05],
          [1.7426e-05],
          [1.5758e-05],
          [2.7536e-05],
          [2.8903e-05],
          [3.2595e-05],
          [1.5675e-04],
          [1.3337e-04],
          [3.0573e-04],
          [6.3207e-04],
          [2.8264e-05],
          [2.6821e-05],
          [1.9845e-05],
          [1.8362e-05],
          [1.7110e-05],
          [4.6766e-04],
          [1.6456e-04],
          [1.8151e-05],
          [1.5461e-04],
          [1.4599e-04],
          [2.2562e-05],
          [6.5500e-04],
          [2.9248e-05],
          [4.1147e-04],
          [2.0135e-05],
          [1.5053e-05],
          [1.1967e-05],
          [1.3360e-05],
          [1.4276e-05],
          [7.6079e-05],
          [5.9109e-06]]]])
