# Using CPU
# Loading Embeddings...
# Making Predictions...
torch.Size([1, 1, 442, 275])
tensor([[[[2.3571e-04],
          [3.0816e-05],
          [1.9589e-04],
          [2.5381e-05],
          [9.8197e-06],
          [3.6377e-04],
          [7.9181e-04],
          [2.0081e-05],
          [2.4465e-04],
          [8.2062e-04],
          [2.2176e-05],
          [1.9776e-05],
          [2.8709e-04],
          [3.0998e-04],
          [1.6789e-05],
          [1.2562e-05],
          [1.3858e-05],
          [1.2765e-05],
          [1.6081e-05],
          [3.1814e-05],
          [5.7866e-04],
          [2.9359e-05],
          [5.9754e-04],
          [1.6064e-05],
          [2.1873e-05],
          [2.9805e-05],
          [4.8111e-05],
          [9.4912e-05],
          [1.2425e-04],
          [1.4213e-04],
          [1.4721e-04],
          [1.8019e-04],
          [1.7773e-04],
          [1.9407e-04],
          [1.5087e-04],
          [1.1728e-04],
          [5.4351e-04],
          [7.5893e-05],
          [3.0441e-04],
          [6.0270e-05],
          [5.9074e-04],
          [3.1428e-05],
          [3.3582e-05],
          [3.3918e-05],
          [2.0837e-05],
          [1.9198e-05],
          [1.4660e-05],
          [1.3427e-05],
          [1.3479e-05],
          [2.8291e-04],
          [4.0323e-04],
          [1.5500e-05],
          [1.3947e-05],
          [3.8976e-04],
          [5.0753e-04],
          [1.3949e-05],
          [1.6119e-05],
          [1.6030e-05],
          [2.1313e-05],
          [2.3728e-05],
          [2.4290e-05],
          [1.9276e-05],
          [3.5093e-04],
          [3.1883e-04],
          [1.5115e-05],
          [2.0314e-05],
          [2.1917e-05],
          [2.1115e-05],
          [2.4876e-05],
          [1.8436e-05],
          [1.6982e-05],
          [2.5150e-04],
          [2.3452e-05],
          [2.1720e-05],
          [1.3980e-05],
          [2.0907e-05],
          [1.9955e-03],
          [1.7225e-05],
          [1.7150e-05],
          [1.6041e-05],
          [2.5386e-04],
          [3.1421e-04],
          [1.6206e-05],
          [1.9921e-05],
          [2.3607e-05],
          [2.8067e-05],
          [3.0428e-05],
          [3.1590e-05],
          [2.6704e-05],
          [2.0120e-05],
          [3.7627e-04],
          [6.5006e-05],
          [4.1752e-04],
          [1.4996e-05],
          [1.5806e-05],
          [1.9995e-05],
          [2.2371e-05],
          [3.2972e-05],
          [2.6497e-05],
          [3.0154e-05],
          [2.9424e-05],
          [2.0248e-05],
          [1.9568e-05],
          [2.2303e-05],
          [1.9882e-05],
          [2.0740e-05],
          [2.0732e-05],
          [2.4837e-05],
          [2.5160e-05],
          [2.7226e-05],
          [2.1062e-05],
          [1.0734e-04],
          [2.6659e-04],
          [1.5248e-05],
          [3.5625e-04],
          [1.4286e-05],
          [1.0383e-05],
          [1.0038e-05],
          [1.2346e-05],
          [1.4672e-05],
          [1.4785e-05],
          [1.4543e-05],
          [1.6729e-05],
          [1.4382e-05],
          [1.8976e-05],
          [1.7347e-05],
          [1.9816e-05],
          [1.9929e-05],
          [2.0717e-05],
          [2.3518e-05],
          [1.6998e-05],
          [2.9186e-04],
          [4.9203e-04],
          [2.9785e-05],
          [3.5150e-05],
          [2.8092e-05],
          [2.5058e-05],
          [2.6583e-05],
          [1.9418e-05],
          [1.8764e-05],
          [1.7250e-05],
          [1.7126e-05],
          [1.6021e-05],
          [1.8449e-05],
          [1.5566e-05],
          [1.6752e-05],
          [1.8672e-05],
          [2.4646e-05],
          [3.1635e-05],
          [4.7743e-05],
          [5.3180e-05],
          [6.1125e-05],
          [7.9518e-05],
          [8.9148e-05],
          [9.9852e-05],
          [7.0897e-05],
          [3.0642e-04],
          [3.5887e-04],
          [2.0521e-04],
          [8.9337e-04],
          [2.4684e-05],
          [2.0872e-05],
          [2.3703e-05],
          [2.3906e-05],
          [2.4549e-05],
          [2.8319e-05],
          [2.3621e-05],
          [2.0615e-05],
          [2.2265e-05],
          [2.4312e-05],
          [1.6598e-05],
          [2.7624e-04],
          [6.0601e-04],
          [1.7735e-05],
          [2.0319e-05],
          [2.1664e-05],
          [2.5708e-05],
          [2.5804e-05],
          [2.2418e-04],
          [3.7253e-05],
          [4.8730e-04],
          [1.4069e-05],
          [2.3171e-05],
          [2.4899e-04],
          [1.4841e-05],
          [3.2128e-04],
          [1.4191e-05],
          [2.6331e-05],
          [1.2502e-05],
          [3.9911e-04],
          [4.0949e-05],
          [1.6639e-03],
          [1.6488e-05],
          [2.2859e-05],
          [2.2386e-05],
          [2.2134e-05],
          [2.1662e-05],
          [1.7970e-05],
          [2.2933e-04],
          [3.4987e-04],
          [1.6608e-05],
          [1.6643e-05],
          [1.7029e-05],
          [1.3957e-05],
          [1.5734e-05],
          [1.5575e-05],
          [1.2531e-05],
          [3.2390e-04],
          [5.6620e-04],
          [1.4100e-05],
          [1.3903e-05],
          [1.4468e-05],
          [1.4605e-05],
          [2.5179e-04],
          [3.1770e-05],
          [1.6741e-05],
          [1.4568e-03],
          [1.4794e-05],
          [1.3233e-05],
          [1.2019e-05],
          [1.4047e-05],
          [1.4323e-05],
          [1.4717e-05],
          [1.3600e-05],
          [1.2927e-05],
          [1.4917e-05],
          [1.3789e-05],
          [1.2638e-05],
          [1.2612e-05],
          [1.2421e-05],
          [1.2274e-05],
          [1.1490e-05],
          [1.1242e-05],
          [1.2025e-05],
          [2.6529e-04],
          [3.2973e-04],
          [1.7747e-05],
          [1.5344e-05],
          [1.3992e-05],
          [1.7799e-05],
          [5.5346e-05],
          [2.3131e-05],
          [1.7498e-05],
          [2.0484e-05],
          [2.2379e-05],
          [1.4060e-05],
          [2.4850e-04],
          [1.9258e-04],
          [2.1018e-05],
          [4.1243e-04],
          [1.1644e-05],
          [1.7283e-04],
          [2.7930e-04],
          [3.2666e-05],
          [4.3193e-05],
          [4.1233e-05],
          [3.3450e-05],
          [3.7668e-05],
          [3.5277e-05],
          [4.1757e-05],
          [3.3173e-05],
          [3.9100e-05],
          [4.3124e-05],
          [5.8921e-05],
          [4.5078e-05],
          [4.2745e-05],
          [2.9184e-05],
          [2.0276e-04],
          [2.1344e-05],
          [1.9398e-05],
          [4.0530e-04],
          [1.2247e-04],
          [2.7917e-05],
          [2.8196e-04],
          [1.2836e-04],
          [3.5894e-05],
          [4.7720e-04],
          [1.7135e-05],
          [1.0394e-05],
          [1.0651e-05],
          [1.0555e-05],
          [1.0777e-05],
          [1.1048e-05],
          [2.4767e-05],
          [1.3436e-05],
          [1.6864e-05],
          [1.2972e-05],
          [4.8482e-04],
          [2.9350e-05],
          [8.6719e-05],
          [1.9572e-04],
          [1.3229e-05],
          [1.1937e-05],
          [1.2769e-05],
          [1.3258e-05],
          [1.3385e-05],
          [1.2943e-05],
          [3.9618e-04],
          [2.3631e-05],
          [9.7849e-04],
          [1.3968e-05],
          [1.3789e-05],
          [1.5113e-05],
          [1.6385e-05],
          [1.5470e-05],
          [1.5887e-05],
          [1.5795e-05],
          [2.0418e-05],
          [2.0506e-05],
          [2.5809e-05],
          [3.0143e-05],
          [3.4863e-05],
          [3.1534e-04],
          [4.7387e-04],
          [2.6212e-05],
          [2.1726e-05],
          [1.8979e-05],
          [1.3354e-05],
          [1.2985e-05],
          [1.9758e-05],
          [2.2029e-05],
          [2.0743e-05],
          [3.3985e-05],
          [1.5510e-05],
          [1.4062e-05],
          [1.0561e-05],
          [1.3124e-05],
          [1.4232e-05],
          [1.7068e-05],
          [1.5381e-05],
          [1.6557e-05],
          [1.6614e-05],
          [1.9592e-05],
          [1.6068e-05],
          [1.4420e-05],
          [1.5590e-05],
          [1.6024e-05],
          [1.9467e-05],
          [2.0311e-05],
          [2.6720e-05],
          [2.2303e-05],
          [2.6286e-05],
          [1.6742e-05],
          [1.9297e-05],
          [1.9724e-05],
          [1.7952e-05],
          [1.6141e-05],
          [1.4409e-05],
          [1.6188e-05],
          [1.4875e-05],
          [1.4092e-05],
          [1.4849e-05],
          [1.6391e-05],
          [1.6349e-05],
          [1.6728e-05],
          [1.5646e-05],
          [2.5263e-04],
          [4.2465e-05],
          [1.5170e-03],
          [2.2454e-05],
          [2.3326e-05],
          [1.9220e-05],
          [1.9667e-05],
          [1.8734e-05],
          [1.7384e-05],
          [1.3761e-05],
          [1.2443e-05],
          [1.2957e-05],
          [1.2731e-05],
          [1.4341e-05],
          [1.4520e-05],
          [1.7121e-05],
          [1.6387e-05],
          [2.4943e-04],
          [8.0714e-05],
          [1.0868e-03],
          [1.3075e-05],
          [1.2743e-05],
          [1.0305e-05],
          [1.1099e-05],
          [3.9579e-04],
          [6.2250e-04],
          [1.2745e-05],
          [1.2133e-05],
          [1.2668e-05],
          [1.6218e-05],
          [2.0390e-05],
          [3.0547e-05],
          [4.6210e-05],
          [4.4096e-05],
          [3.8756e-05],
          [3.1685e-05],
          [2.2571e-05],
          [1.5396e-05],
          [1.1532e-05],
          [1.1067e-05],
          [1.1488e-05],
          [1.2440e-05],
          [1.1890e-05],
          [2.9156e-05],
          [2.5761e-05],
          [3.2817e-05],
          [4.5339e-05],
          [2.4063e-05],
          [3.5162e-05],
          [2.9396e-05],
          [3.1396e-05],
          [2.4046e-05],
          [1.9328e-04],
          [3.1683e-04],
          [2.8695e-05],
          [2.5383e-05],
          [2.3473e-05],
          [2.0395e-05],
          [2.2159e-05],
          [2.0815e-05],
          [2.3587e-05],
          [9.8591e-05],
          [7.9660e-05],
          [2.8659e-04],
          [4.3626e-04],
          [2.7015e-05],
          [1.7638e-05],
          [1.9848e-05],
          [2.0057e-05],
          [1.5336e-05],
          [2.1701e-04],
          [1.4342e-04],
          [1.4975e-05],
          [5.4500e-05],
          [3.4125e-04],
          [1.7687e-05],
          [5.0211e-04],
          [1.6287e-05],
          [3.3492e-04],
          [2.5319e-05],
          [2.0156e-05],
          [1.6270e-05],
          [1.6895e-05],
          [1.5709e-05],
          [4.1696e-05],
          [7.8883e-06]]]])
