# Using CPU
# Loading Embeddings...
# Making Predictions...
torch.Size([1, 1, 442, 296])
tensor([[[[1.8483e-04],
          [2.4267e-05],
          [7.5089e-05],
          [4.4534e-05],
          [1.6507e-05],
          [2.6594e-04],
          [2.0938e-04],
          [2.4293e-05],
          [2.4420e-04],
          [2.4371e-04],
          [2.1199e-05],
          [1.7095e-05],
          [3.6601e-04],
          [1.5677e-04],
          [3.2630e-05],
          [2.5766e-05],
          [1.7935e-05],
          [1.3252e-05],
          [1.8544e-05],
          [3.2239e-05],
          [4.6612e-04],
          [2.0568e-05],
          [1.1277e-04],
          [1.5497e-05],
          [1.8735e-05],
          [2.7539e-05],
          [3.4310e-05],
          [5.5393e-05],
          [5.9610e-05],
          [7.3723e-05],
          [6.5493e-05],
          [7.3458e-05],
          [6.4921e-05],
          [7.1182e-05],
          [5.8854e-05],
          [4.9940e-05],
          [1.4049e-03],
          [6.2020e-05],
          [2.0825e-04],
          [1.9541e-04],
          [1.4969e-04],
          [2.1613e-05],
          [2.1263e-05],
          [2.1354e-05],
          [2.2064e-05],
          [3.1142e-05],
          [1.8118e-05],
          [2.1489e-05],
          [1.7141e-05],
          [2.1485e-04],
          [1.1511e-04],
          [2.4836e-05],
          [2.2554e-05],
          [3.3354e-04],
          [1.1999e-04],
          [3.3876e-05],
          [2.1637e-05],
          [2.2977e-05],
          [2.7388e-05],
          [2.1651e-05],
          [2.7140e-05],
          [2.1604e-05],
          [4.3527e-04],
          [1.5501e-04],
          [3.2164e-05],
          [2.8517e-05],
          [4.1598e-05],
          [3.8918e-05],
          [3.6581e-05],
          [3.8294e-05],
          [2.2692e-05],
          [2.7217e-04],
          [2.1333e-05],
          [2.8431e-05],
          [1.5585e-05],
          [2.0906e-05],
          [2.0534e-04],
          [1.6780e-05],
          [1.8733e-05],
          [1.4945e-05],
          [2.3723e-04],
          [1.0574e-04],
          [2.2994e-05],
          [2.0718e-05],
          [1.8808e-05],
          [1.8466e-05],
          [1.9590e-05],
          [2.2725e-05],
          [1.7974e-05],
          [1.6243e-05],
          [3.0827e-04],
          [7.0000e-05],
          [1.4864e-04],
          [2.2439e-05],
          [2.5986e-05],
          [2.4641e-05],
          [2.3951e-05],
          [3.1955e-05],
          [1.9838e-05],
          [2.5587e-05],
          [4.9267e-05],
          [2.0085e-05],
          [2.0646e-05],
          [1.9241e-05],
          [2.1144e-05],
          [2.6143e-05],
          [2.2487e-05],
          [2.6766e-05],
          [2.7405e-05],
          [2.9105e-05],
          [2.3712e-05],
          [9.1317e-05],
          [9.8702e-05],
          [2.4325e-05],
          [1.4906e-04],
          [1.6450e-05],
          [1.8839e-05],
          [2.4255e-05],
          [1.6938e-05],
          [1.7338e-05],
          [1.7864e-05],
          [1.7899e-05],
          [2.7807e-05],
          [2.7982e-05],
          [2.8097e-05],
          [2.9381e-05],
          [3.1251e-05],
          [3.9989e-05],
          [4.2300e-05],
          [6.5676e-05],
          [6.3222e-04],
          [1.5170e-03],
          [2.8043e-03],
          [1.2467e-03],
          [3.3730e-04],
          [1.2676e-04],
          [4.6585e-05],
          [3.1996e-05],
          [3.0739e-05],
          [2.2447e-05],
          [3.1397e-05],
          [3.0988e-05],
          [2.9393e-05],
          [2.6834e-05],
          [3.2658e-05],
          [3.3158e-05],
          [2.7128e-05],
          [3.6900e-05],
          [4.5613e-05],
          [7.3772e-05],
          [7.3239e-05],
          [7.4502e-05],
          [6.6105e-05],
          [7.4865e-05],
          [6.0815e-05],
          [5.3409e-05],
          [3.9036e-04],
          [1.4001e-04],
          [1.4602e-04],
          [2.2479e-04],
          [3.3722e-05],
          [5.8454e-05],
          [1.3649e-04],
          [1.3077e-04],
          [3.9409e-05],
          [3.3489e-05],
          [3.4246e-05],
          [2.8802e-05],
          [2.6694e-05],
          [2.9690e-05],
          [2.3294e-05],
          [3.7342e-04],
          [1.1204e-04],
          [2.9156e-05],
          [3.6984e-05],
          [4.0414e-05],
          [4.0054e-05],
          [3.6713e-05],
          [3.6540e-04],
          [3.9442e-05],
          [1.8767e-04],
          [1.6466e-05],
          [1.5597e-05],
          [2.0038e-04],
          [1.5687e-05],
          [1.5788e-04],
          [2.3558e-05],
          [2.5854e-05],
          [2.2571e-05],
          [3.2539e-04],
          [2.1970e-05],
          [5.1284e-04],
          [2.1557e-05],
          [2.8322e-05],
          [2.6694e-05],
          [2.7993e-05],
          [2.8093e-05],
          [2.3611e-05],
          [3.0951e-04],
          [1.0718e-04],
          [1.9882e-05],
          [2.0078e-05],
          [1.8627e-05],
          [1.7373e-05],
          [2.2912e-05],
          [2.2419e-05],
          [2.2780e-05],
          [2.6712e-04],
          [1.3395e-04],
          [1.9501e-05],
          [2.2086e-05],
          [1.8578e-05],
          [1.6263e-05],
          [2.5731e-04],
          [3.1871e-05],
          [2.0674e-05],
          [1.8098e-04],
          [1.9036e-05],
          [1.8916e-05],
          [2.3571e-05],
          [2.7295e-05],
          [2.6819e-05],
          [3.2354e-05],
          [2.3319e-05],
          [3.4356e-05],
          [4.2481e-05],
          [2.9964e-05],
          [3.5894e-05],
          [4.7280e-05],
          [3.7208e-05],
          [2.9125e-05],
          [2.7921e-05],
          [2.5956e-05],
          [1.8264e-05],
          [2.6352e-04],
          [8.9245e-05],
          [2.1344e-05],
          [2.1385e-05],
          [2.5418e-05],
          [2.0640e-05],
          [2.9267e-05],
          [2.1458e-05],
          [1.8036e-05],
          [2.9965e-05],
          [2.2169e-05],
          [1.4058e-05],
          [1.5900e-04],
          [1.9353e-04],
          [2.1234e-05],
          [1.4994e-04],
          [1.2998e-05],
          [1.8857e-04],
          [8.0448e-05],
          [1.7189e-05],
          [2.2651e-05],
          [2.4711e-05],
          [2.1885e-05],
          [2.8673e-05],
          [3.1062e-05],
          [3.9798e-05],
          [4.1093e-05],
          [5.4201e-05],
          [6.3176e-05],
          [9.0723e-05],
          [1.0188e-04],
          [8.6060e-05],
          [9.1542e-05],
          [3.2485e-04],
          [2.9088e-05],
          [2.9298e-05],
          [1.8523e-04],
          [1.6389e-04],
          [3.3594e-05],
          [6.5637e-05],
          [2.0054e-04],
          [3.5054e-05],
          [1.6327e-04],
          [1.3259e-05],
          [1.3566e-05],
          [1.3076e-05],
          [1.1367e-05],
          [1.0859e-05],
          [1.1681e-05],
          [2.6583e-05],
          [1.4857e-05],
          [1.5937e-05],
          [1.2986e-05],
          [3.0216e-04],
          [1.8290e-05],
          [5.1174e-05],
          [3.9068e-05],
          [1.2818e-05],
          [1.2504e-05],
          [1.3900e-05],
          [1.3187e-05],
          [1.3748e-05],
          [1.9489e-05],
          [3.3233e-04],
          [2.4547e-05],
          [1.5392e-04],
          [1.6435e-05],
          [1.8904e-05],
          [1.8037e-05],
          [2.1931e-05],
          [2.0194e-05],
          [2.1328e-05],
          [2.9487e-05],
          [2.7773e-05],
          [3.4808e-05],
          [2.6587e-05],
          [3.0434e-05],
          [2.7173e-05],
          [3.6276e-04],
          [1.0120e-04],
          [2.2070e-05],
          [1.9690e-05],
          [2.7897e-05],
          [1.9842e-05],
          [1.9757e-05],
          [2.4504e-05],
          [2.6392e-05],
          [2.1618e-05],
          [2.1266e-05],
          [1.6098e-05],
          [1.6726e-05],
          [1.6272e-05],
          [1.5801e-05],
          [1.4369e-05],
          [2.0660e-05],
          [1.4377e-05],
          [1.5935e-05],
          [1.7108e-05],
          [2.1440e-05],
          [2.7356e-05],
          [2.2409e-05],
          [2.7059e-05],
          [2.9175e-05],
          [2.9017e-05],
          [3.0313e-05],
          [2.8396e-05],
          [2.9358e-05],
          [3.7320e-05],
          [3.0966e-05],
          [3.1779e-05],
          [3.1887e-05],
          [2.7598e-05],
          [2.1874e-05],
          [3.3823e-05],
          [2.5646e-05],
          [1.8044e-05],
          [2.1760e-05],
          [1.6267e-05],
          [2.8196e-05],
          [1.7785e-05],
          [2.2058e-05],
          [2.2286e-05],
          [1.4120e-04],
          [2.8703e-05],
          [4.5904e-04],
          [1.9677e-05],
          [2.1286e-05],
          [2.8088e-05],
          [2.1436e-05],
          [2.2112e-05],
          [3.1498e-05],
          [2.6350e-05],
          [1.5804e-05],
          [1.6014e-05],
          [1.8847e-05],
          [1.7767e-05],
          [1.9728e-05],
          [2.4488e-05],
          [1.4947e-05],
          [1.8263e-04],
          [5.1150e-05],
          [2.2157e-04],
          [1.6255e-05],
          [1.4444e-05],
          [1.3921e-05],
          [1.1460e-05],
          [4.2413e-04],
          [1.4562e-04],
          [1.6043e-05],
          [1.6283e-05],
          [2.7378e-05],
          [3.3058e-05],
          [4.9798e-05],
          [6.1172e-05],
          [6.7863e-05],
          [5.3559e-05],
          [4.6575e-05],
          [3.1443e-05],
          [5.0461e-05],
          [2.3132e-05],
          [1.9507e-05],
          [1.4855e-05],
          [2.6943e-05],
          [1.7757e-05],
          [2.3169e-05],
          [1.0944e-04],
          [2.7612e-05],
          [3.8013e-05],
          [7.8537e-05],
          [2.3773e-05],
          [2.3528e-05],
          [2.2364e-05],
          [2.2532e-05],
          [1.8029e-05],
          [2.5547e-04],
          [9.9037e-05],
          [2.2037e-05],
          [2.1356e-05],
          [2.9893e-05],
          [1.7808e-05],
          [3.0257e-05],
          [2.6649e-05],
          [2.3445e-05],
          [7.4720e-05],
          [7.6694e-05],
          [1.9404e-04],
          [1.2964e-04],
          [1.8862e-05],
          [1.7047e-05],
          [1.6048e-05],
          [1.5212e-05],
          [1.4186e-05],
          [2.5082e-04],
          [1.3537e-04],
          [1.4778e-05],
          [5.3660e-05],
          [1.2285e-04],
          [1.8483e-05],
          [1.2675e-04],
          [2.2106e-05],
          [2.5155e-04],
          [1.8954e-05],
          [1.2588e-05],
          [1.2697e-05],
          [1.9973e-05],
          [1.6378e-05],
          [2.6527e-05],
          [5.9233e-06]]]])
