# Using CPU
# Loading Embeddings...
# Making Predictions...
torch.Size([1, 1, 442, 264])
tensor([[[[1.0565e-04],
          [2.1303e-05],
          [6.7726e-05],
          [4.4522e-05],
          [1.2148e-05],
          [1.6256e-04],
          [3.7957e-04],
          [2.9571e-05],
          [1.0413e-04],
          [4.2954e-04],
          [1.7822e-05],
          [1.5864e-05],
          [3.0308e-04],
          [1.9146e-04],
          [4.4363e-05],
          [1.1076e-05],
          [1.4095e-05],
          [1.3743e-05],
          [1.7684e-05],
          [4.0208e-05],
          [1.4916e-04],
          [1.5444e-05],
          [2.9112e-04],
          [1.5289e-05],
          [1.7557e-05],
          [2.4167e-05],
          [3.6730e-05],
          [6.6061e-05],
          [8.7614e-05],
          [1.1716e-04],
          [1.1952e-04],
          [1.5100e-04],
          [1.4790e-04],
          [1.5460e-04],
          [1.2023e-04],
          [9.6649e-05],
          [2.3443e-03],
          [1.1430e-04],
          [1.5002e-04],
          [1.2413e-04],
          [2.9288e-04],
          [2.9963e-05],
          [2.6727e-05],
          [2.6284e-05],
          [1.9009e-05],
          [2.7477e-05],
          [1.7580e-05],
          [2.3773e-05],
          [2.2875e-05],
          [1.4951e-04],
          [2.1250e-04],
          [1.4683e-05],
          [1.3943e-05],
          [1.2158e-04],
          [2.5621e-04],
          [2.0389e-05],
          [1.2362e-05],
          [1.5751e-05],
          [2.0434e-05],
          [2.1176e-05],
          [2.7722e-05],
          [1.7676e-05],
          [3.1743e-04],
          [1.7877e-04],
          [1.6591e-05],
          [1.8699e-05],
          [3.0022e-05],
          [2.7881e-05],
          [3.0826e-05],
          [2.1421e-05],
          [1.4210e-05],
          [2.3161e-04],
          [2.8048e-05],
          [1.7433e-05],
          [1.3856e-05],
          [1.9088e-05],
          [7.6165e-04],
          [1.8879e-05],
          [2.1251e-05],
          [1.8964e-05],
          [1.8162e-04],
          [1.4523e-04],
          [1.2378e-05],
          [1.3758e-05],
          [1.6813e-05],
          [2.0114e-05],
          [1.9236e-05],
          [1.9347e-05],
          [2.0241e-05],
          [2.2622e-05],
          [1.2342e-04],
          [4.0274e-05],
          [2.0605e-04],
          [2.1434e-05],
          [1.7353e-05],
          [1.8196e-05],
          [1.8908e-05],
          [2.3745e-05],
          [1.8495e-05],
          [2.2432e-05],
          [2.5234e-05],
          [1.9836e-05],
          [1.5217e-05],
          [1.7705e-05],
          [1.3505e-05],
          [1.3139e-05],
          [1.4494e-05],
          [1.6568e-05],
          [1.5545e-05],
          [1.8285e-05],
          [1.6400e-05],
          [4.6020e-05],
          [1.3582e-04],
          [1.8107e-05],
          [1.7725e-04],
          [1.4218e-05],
          [1.1363e-05],
          [1.0290e-05],
          [1.1254e-05],
          [1.5694e-05],
          [1.8658e-05],
          [1.5435e-05],
          [1.7435e-05],
          [1.7627e-05],
          [1.9355e-05],
          [1.6513e-05],
          [2.0389e-05],
          [2.0220e-05],
          [2.2340e-05],
          [2.4410e-05],
          [2.3066e-05],
          [2.4691e-04],
          [3.3965e-04],
          [2.5955e-05],
          [2.0892e-05],
          [2.4997e-05],
          [1.7407e-05],
          [1.9679e-05],
          [1.9970e-05],
          [2.0915e-05],
          [1.4721e-05],
          [1.3209e-05],
          [1.5297e-05],
          [1.4717e-05],
          [1.5254e-05],
          [1.4653e-05],
          [1.4988e-05],
          [2.1794e-05],
          [2.6556e-05],
          [4.3532e-05],
          [4.5904e-05],
          [5.3922e-05],
          [6.6127e-05],
          [7.8855e-05],
          [7.9401e-05],
          [6.8762e-05],
          [1.4057e-04],
          [1.9087e-04],
          [1.0697e-04],
          [3.7091e-04],
          [3.8095e-05],
          [2.3144e-05],
          [2.8358e-05],
          [2.6184e-05],
          [3.5910e-05],
          [3.7142e-05],
          [4.2740e-05],
          [3.7603e-05],
          [4.1639e-05],
          [4.5988e-05],
          [3.9056e-05],
          [1.5183e-04],
          [2.6208e-04],
          [3.4027e-05],
          [3.0344e-05],
          [2.9652e-05],
          [2.8000e-05],
          [2.4460e-05],
          [2.0716e-04],
          [5.8209e-05],
          [1.8817e-04],
          [2.7895e-05],
          [2.4330e-05],
          [1.5747e-04],
          [1.9689e-05],
          [2.2643e-04],
          [2.6120e-05],
          [3.1292e-05],
          [2.7959e-05],
          [1.3854e-04],
          [3.0374e-05],
          [7.1871e-04],
          [2.2472e-05],
          [2.5864e-05],
          [1.7069e-05],
          [1.5879e-05],
          [1.7218e-05],
          [1.5746e-05],
          [2.5762e-04],
          [2.1128e-04],
          [1.4561e-05],
          [1.8137e-05],
          [1.9818e-05],
          [2.3028e-05],
          [3.0638e-05],
          [3.1363e-05],
          [2.8810e-05],
          [1.3951e-04],
          [2.5693e-04],
          [2.7026e-05],
          [2.5482e-05],
          [2.5963e-05],
          [1.6981e-05],
          [1.8494e-04],
          [3.1278e-05],
          [1.7670e-05],
          [6.7852e-04],
          [1.9129e-05],
          [1.6409e-05],
          [1.6845e-05],
          [1.6674e-05],
          [1.6628e-05],
          [2.1402e-05],
          [1.7743e-05],
          [1.9459e-05],
          [2.7813e-05],
          [2.5424e-05],
          [2.1467e-05],
          [2.5416e-05],
          [1.9436e-05],
          [2.1053e-05],
          [1.8160e-05],
          [1.7080e-05],
          [1.9841e-05],
          [1.5372e-04],
          [1.6841e-04],
          [1.9346e-05],
          [1.8803e-05],
          [2.0279e-05],
          [2.6299e-05],
          [3.5125e-05],
          [2.7512e-05],
          [1.7860e-05],
          [4.6654e-05],
          [3.5669e-05],
          [1.4184e-05],
          [8.4244e-05],
          [9.2466e-05],
          [1.9182e-05],
          [1.5416e-04],
          [1.2343e-05],
          [1.1034e-04],
          [1.7854e-04],
          [2.3808e-05],
          [2.6757e-05],
          [2.7286e-05],
          [2.3671e-05],
          [2.2784e-05],
          [2.1716e-05],
          [2.7060e-05],
          [2.6932e-05],
          [4.6644e-05],
          [5.9436e-05],
          [1.0543e-04],
          [1.3804e-04],
          [9.4425e-05],
          [9.6346e-05],
          [8.0473e-04],
          [4.9626e-05],
          [4.3194e-05],
          [1.9810e-04],
          [6.4628e-05],
          [2.3212e-05],
          [1.4968e-04],
          [1.3051e-04],
          [4.9607e-05],
          [1.8518e-04],
          [1.3877e-05],
          [1.0477e-05],
          [9.5911e-06],
          [8.8180e-06],
          [1.0011e-05],
          [1.0075e-05],
          [4.9520e-05],
          [1.3091e-05],
          [1.7490e-05],
          [1.3343e-05],
          [2.9892e-04],
          [1.9968e-05],
          [6.6970e-05],
          [1.6327e-04],
          [1.2120e-05],
          [1.1407e-05],
          [1.1604e-05],
          [1.2446e-05],
          [1.2981e-05],
          [1.7742e-05],
          [1.8807e-04],
          [1.6701e-05],
          [4.8086e-04],
          [1.6267e-05],
          [1.5594e-05],
          [1.2352e-05],
          [1.3994e-05],
          [1.2091e-05],
          [1.5836e-05],
          [1.4846e-05],
          [2.0024e-05],
          [1.8511e-05],
          [1.7885e-05],
          [1.7890e-05],
          [2.1476e-05],
          [2.1130e-04],
          [2.5755e-04],
          [1.8342e-05],
          [1.5680e-05],
          [2.8500e-05],
          [1.5844e-05],
          [1.7665e-05],
          [2.4665e-05],
          [2.7160e-05],
          [2.3027e-05],
          [2.0065e-05],
          [1.8836e-05],
          [1.6556e-05],
          [1.3644e-05],
          [1.2137e-05],
          [1.3496e-05],
          [1.4340e-05],
          [1.6433e-05],
          [1.4971e-05],
          [1.6235e-05],
          [1.7312e-05],
          [2.0254e-05],
          [1.9929e-05],
          [2.4817e-05],
          [2.7329e-05],
          [2.8100e-05],
          [2.3154e-05],
          [3.1156e-05],
          [3.6098e-05],
          [3.5289e-05],
          [2.8282e-05],
          [3.3867e-05],
          [4.0041e-05],
          [4.6316e-05],
          [2.3460e-05],
          [4.1163e-05],
          [4.5136e-05],
          [2.5388e-05],
          [3.3040e-05],
          [1.7048e-05],
          [1.8885e-05],
          [1.7764e-05],
          [1.3909e-05],
          [1.8832e-05],
          [8.0922e-05],
          [2.7522e-05],
          [6.3689e-04],
          [1.8201e-05],
          [1.8303e-05],
          [2.2391e-05],
          [1.8423e-05],
          [2.2130e-05],
          [2.2760e-05],
          [1.8958e-05],
          [1.9303e-05],
          [1.6139e-05],
          [1.4527e-05],
          [1.6985e-05],
          [1.4175e-05],
          [2.3550e-05],
          [1.8540e-05],
          [9.8973e-05],
          [6.0377e-05],
          [4.9322e-04],
          [1.5462e-05],
          [1.2430e-05],
          [1.4421e-05],
          [1.8110e-05],
          [2.9076e-04],
          [3.0389e-04],
          [1.7281e-05],
          [2.1685e-05],
          [3.4889e-05],
          [4.0610e-05],
          [5.6594e-05],
          [7.1980e-05],
          [8.0183e-05],
          [5.7832e-05],
          [4.1124e-05],
          [2.8182e-05],
          [2.2013e-05],
          [1.8341e-05],
          [1.3215e-05],
          [1.2136e-05],
          [1.6075e-05],
          [1.4355e-05],
          [1.4292e-05],
          [7.4422e-05],
          [3.4591e-05],
          [3.5272e-05],
          [1.2487e-04],
          [2.7597e-05],
          [3.5175e-05],
          [2.2503e-05],
          [2.2430e-05],
          [1.7532e-05],
          [2.1325e-04],
          [1.9295e-04],
          [2.2596e-05],
          [2.0379e-05],
          [2.0074e-05],
          [1.7472e-05],
          [2.5913e-05],
          [2.8855e-05],
          [4.4781e-05],
          [5.2150e-05],
          [7.8910e-05],
          [1.1972e-04],
          [2.2126e-04],
          [3.4942e-05],
          [2.2373e-05],
          [1.4874e-05],
          [2.0361e-05],
          [1.2937e-05],
          [1.3248e-04],
          [1.3778e-04],
          [1.9092e-05],
          [1.5012e-04],
          [2.1646e-04],
          [1.9229e-05],
          [2.6144e-04],
          [3.5367e-05],
          [2.6782e-04],
          [2.7091e-05],
          [1.7270e-05],
          [1.4604e-05],
          [1.4068e-05],
          [1.3272e-05],
          [1.8139e-05],
          [6.7277e-06]]]])
