# Using CPU
# Loading Embeddings...
# Making Predictions...
torch.Size([1, 1, 442, 426])
tensor([[[[1.4289e-04],
          [2.5667e-05],
          [8.2221e-05],
          [1.6574e-05],
          [1.0119e-05],
          [1.3944e-04],
          [1.3816e-04],
          [1.3178e-05],
          [1.1843e-04],
          [1.5038e-04],
          [1.4485e-05],
          [1.3747e-05],
          [2.0948e-04],
          [1.3508e-04],
          [1.3502e-05],
          [1.1903e-05],
          [1.0520e-05],
          [1.1455e-05],
          [1.1241e-05],
          [2.0972e-05],
          [1.9506e-04],
          [1.8238e-05],
          [8.6325e-05],
          [1.4463e-05],
          [1.3706e-05],
          [2.1764e-05],
          [2.2776e-05],
          [3.3744e-05],
          [3.9970e-05],
          [5.1389e-05],
          [4.7239e-05],
          [5.1487e-05],
          [4.3538e-05],
          [4.4478e-05],
          [3.4749e-05],
          [3.1397e-05],
          [6.4797e-04],
          [3.8349e-05],
          [1.0671e-04],
          [7.7354e-05],
          [1.1625e-04],
          [1.6486e-05],
          [1.2703e-05],
          [1.2339e-05],
          [1.1373e-05],
          [1.2176e-05],
          [1.1407e-05],
          [1.1377e-05],
          [1.0413e-05],
          [1.5350e-04],
          [1.2326e-04],
          [1.1138e-05],
          [1.0700e-05],
          [1.2621e-04],
          [9.7744e-05],
          [1.1502e-05],
          [1.0965e-05],
          [1.0303e-05],
          [1.1535e-05],
          [1.2533e-05],
          [1.2223e-05],
          [1.2918e-05],
          [2.7032e-04],
          [1.8323e-04],
          [1.4437e-05],
          [1.4989e-05],
          [1.2869e-05],
          [1.2937e-05],
          [1.4720e-05],
          [1.4561e-05],
          [1.3533e-05],
          [1.6306e-04],
          [2.0038e-05],
          [1.4997e-05],
          [1.4611e-05],
          [1.8825e-05],
          [1.3878e-04],
          [1.4149e-05],
          [1.1388e-05],
          [1.1677e-05],
          [1.6671e-04],
          [9.2153e-05],
          [1.0757e-05],
          [9.8266e-06],
          [1.0753e-05],
          [1.1638e-05],
          [1.1763e-05],
          [1.1668e-05],
          [1.1464e-05],
          [1.2118e-05],
          [1.4194e-04],
          [3.9956e-05],
          [1.0949e-04],
          [1.3138e-05],
          [1.1888e-05],
          [1.2787e-05],
          [1.4867e-05],
          [1.8861e-05],
          [1.9237e-05],
          [2.1834e-05],
          [2.1465e-05],
          [1.7938e-05],
          [1.3723e-05],
          [1.3328e-05],
          [1.3349e-05],
          [1.4518e-05],
          [1.5929e-05],
          [1.6470e-05],
          [1.6987e-05],
          [1.5224e-05],
          [1.3604e-05],
          [9.9395e-05],
          [9.2990e-05],
          [2.0326e-05],
          [1.8140e-04],
          [1.4533e-05],
          [1.2647e-05],
          [1.0771e-05],
          [1.1289e-05],
          [1.1816e-05],
          [1.2627e-05],
          [1.2101e-05],
          [3.0307e-05],
          [1.1043e-05],
          [1.4632e-05],
          [1.1904e-05],
          [1.2795e-05],
          [1.2349e-05],
          [1.5903e-05],
          [1.6039e-05],
          [1.7732e-05],
          [2.9125e-04],
          [1.8602e-04],
          [2.0711e-05],
          [1.9675e-05],
          [1.8381e-05],
          [1.6710e-05],
          [1.6659e-05],
          [1.3341e-05],
          [1.3801e-05],
          [1.2933e-05],
          [1.2816e-05],
          [1.0604e-05],
          [1.1927e-05],
          [1.2536e-05],
          [1.3884e-05],
          [1.4810e-05],
          [1.9233e-05],
          [2.4120e-05],
          [3.6706e-05],
          [3.6042e-05],
          [3.8552e-05],
          [3.2016e-05],
          [3.4451e-05],
          [2.7259e-05],
          [2.7828e-05],
          [1.2030e-04],
          [7.5223e-05],
          [7.0179e-05],
          [1.1743e-04],
          [1.3313e-05],
          [1.3088e-05],
          [1.2041e-05],
          [1.3135e-05],
          [1.3160e-05],
          [1.5227e-05],
          [1.3461e-05],
          [1.3617e-05],
          [1.4432e-05],
          [1.5106e-05],
          [1.3518e-05],
          [2.2037e-04],
          [1.4387e-04],
          [1.8823e-05],
          [2.2496e-05],
          [3.0727e-05],
          [2.6508e-05],
          [2.2196e-05],
          [2.1146e-04],
          [3.5943e-05],
          [1.6603e-04],
          [1.6952e-05],
          [1.6677e-05],
          [1.7856e-04],
          [1.3215e-05],
          [1.2882e-04],
          [1.5342e-05],
          [1.1729e-05],
          [1.3139e-05],
          [1.1827e-04],
          [1.7366e-05],
          [1.5843e-04],
          [1.3932e-05],
          [1.4919e-05],
          [1.4984e-05],
          [1.5445e-05],
          [1.5320e-05],
          [1.5666e-05],
          [2.5402e-04],
          [1.2573e-04],
          [1.6631e-05],
          [1.2955e-05],
          [1.2856e-05],
          [1.1476e-05],
          [1.2408e-05],
          [1.1280e-05],
          [1.0371e-05],
          [1.3361e-04],
          [7.9563e-05],
          [1.0510e-05],
          [1.0390e-05],
          [1.0755e-05],
          [1.0598e-05],
          [1.4384e-04],
          [2.8330e-05],
          [1.7038e-05],
          [2.0618e-04],
          [1.4562e-05],
          [1.9537e-05],
          [1.2809e-05],
          [1.6673e-05],
          [1.2111e-05],
          [1.2145e-05],
          [1.1510e-05],
          [1.3058e-05],
          [2.0931e-05],
          [1.2418e-05],
          [1.1221e-05],
          [1.9164e-05],
          [1.5246e-05],
          [1.3312e-05],
          [1.3245e-05],
          [1.1094e-05],
          [1.0703e-05],
          [1.8197e-04],
          [8.5933e-05],
          [1.3699e-05],
          [1.2323e-05],
          [1.3399e-05],
          [1.4895e-05],
          [2.3006e-05],
          [2.2988e-05],
          [1.7264e-05],
          [2.5934e-05],
          [2.5518e-05],
          [1.4462e-05],
          [1.1834e-04],
          [8.8808e-05],
          [1.8644e-05],
          [1.1523e-04],
          [1.1699e-05],
          [1.2158e-04],
          [9.5876e-05],
          [1.3964e-05],
          [1.5342e-05],
          [1.5756e-05],
          [1.5296e-05],
          [1.7127e-05],
          [1.8573e-05],
          [2.3919e-05],
          [2.5603e-05],
          [4.2563e-05],
          [7.0312e-05],
          [7.0114e-05],
          [1.3417e-04],
          [8.1750e-05],
          [1.2038e-04],
          [6.6244e-04],
          [4.4850e-05],
          [4.1124e-05],
          [1.8748e-04],
          [1.0386e-04],
          [2.6981e-05],
          [1.0283e-04],
          [1.0631e-04],
          [3.1868e-05],
          [1.9227e-04],
          [1.2688e-05],
          [1.0099e-05],
          [1.0645e-05],
          [1.0464e-05],
          [1.0209e-05],
          [1.0052e-05],
          [1.5959e-05],
          [1.0793e-05],
          [1.3940e-05],
          [1.1782e-05],
          [2.9867e-04],
          [1.9916e-05],
          [5.6550e-05],
          [3.7211e-05],
          [1.0798e-05],
          [9.7278e-06],
          [9.4286e-06],
          [9.8761e-06],
          [9.4456e-06],
          [9.8137e-06],
          [2.0196e-04],
          [1.6837e-05],
          [1.2127e-04],
          [1.2620e-05],
          [1.1537e-05],
          [1.1362e-05],
          [1.2203e-05],
          [1.0851e-05],
          [1.1377e-05],
          [1.0984e-05],
          [1.1534e-05],
          [1.3435e-05],
          [1.2493e-05],
          [1.3508e-05],
          [1.6556e-05],
          [1.7172e-04],
          [1.0239e-04],
          [1.3940e-05],
          [1.2695e-05],
          [1.8060e-05],
          [9.8269e-06],
          [1.1096e-05],
          [1.5527e-05],
          [1.8502e-05],
          [1.6131e-05],
          [1.5976e-05],
          [1.4152e-05],
          [1.4290e-05],
          [1.0850e-05],
          [9.3001e-06],
          [1.2225e-05],
          [1.5804e-05],
          [1.6467e-05],
          [1.1209e-05],
          [1.0688e-05],
          [9.9165e-06],
          [9.9613e-06],
          [1.1040e-05],
          [1.3054e-05],
          [1.4087e-05],
          [1.4971e-05],
          [1.4707e-05],
          [2.0855e-05],
          [2.3574e-05],
          [2.0610e-05],
          [1.4842e-05],
          [1.9238e-05],
          [1.4816e-05],
          [2.3564e-05],
          [1.5005e-05],
          [1.9701e-05],
          [2.8292e-05],
          [1.4091e-05],
          [1.4636e-05],
          [1.3630e-05],
          [1.6011e-05],
          [1.4154e-05],
          [1.2147e-05],
          [1.2274e-05],
          [1.1806e-04],
          [2.1882e-05],
          [1.2531e-04],
          [1.2832e-05],
          [1.2905e-05],
          [1.1290e-05],
          [1.1171e-05],
          [1.1349e-05],
          [1.2283e-05],
          [1.0512e-05],
          [1.0464e-05],
          [9.8520e-06],
          [1.3675e-05],
          [1.0502e-05],
          [1.0897e-05],
          [1.1435e-05],
          [1.0517e-05],
          [1.6459e-04],
          [5.3374e-05],
          [1.8442e-04],
          [1.1590e-05],
          [9.8883e-06],
          [9.9256e-06],
          [1.3104e-05],
          [2.9977e-04],
          [1.1408e-04],
          [1.3550e-05],
          [1.3154e-05],
          [1.5450e-05],
          [1.9599e-05],
          [2.4169e-05],
          [3.3846e-05],
          [3.6912e-05],
          [3.2549e-05],
          [2.4716e-05],
          [2.0608e-05],
          [1.6703e-05],
          [1.1027e-05],
          [1.0141e-05],
          [1.0863e-05],
          [1.2969e-05],
          [1.1330e-05],
          [1.1640e-05],
          [4.3243e-05],
          [2.5844e-05],
          [3.4345e-05],
          [3.8484e-05],
          [2.4362e-05],
          [3.3472e-05],
          [2.1584e-05],
          [1.9008e-05],
          [1.4347e-05],
          [1.2198e-04],
          [1.0329e-04],
          [1.3910e-05],
          [1.2946e-05],
          [1.2734e-05],
          [1.2883e-05],
          [1.7657e-05],
          [1.8844e-05],
          [2.7452e-05],
          [5.3274e-05],
          [4.0454e-05],
          [1.1130e-04],
          [8.7827e-05],
          [2.3359e-05],
          [2.0072e-05],
          [1.3011e-05],
          [1.9137e-05],
          [1.1690e-05],
          [1.5373e-04],
          [1.1691e-04],
          [1.7180e-05],
          [5.9635e-05],
          [8.3497e-05],
          [2.2089e-05],
          [1.5582e-04],
          [1.8914e-05],
          [1.8409e-04],
          [1.4761e-05],
          [1.0297e-05],
          [9.6384e-06],
          [1.4957e-05],
          [9.6923e-06],
          [7.1686e-06],
          [3.9281e-06]]]])
