# Using CPU
# Loading Embeddings...
# Making Predictions...
torch.Size([1, 1, 442, 71])
tensor([[[[1.6610e-04],
          [2.3568e-05],
          [5.9406e-05],
          [5.8056e-05],
          [1.0374e-05],
          [1.0067e-04],
          [4.1171e-04],
          [2.4702e-05],
          [7.1914e-05],
          [2.9111e-04],
          [8.8051e-06],
          [8.8687e-06],
          [3.7827e-04],
          [2.1129e-04],
          [6.9881e-05],
          [2.1104e-05],
          [2.1788e-05],
          [3.4742e-05],
          [3.5506e-05],
          [3.2890e-05],
          [9.0779e-05],
          [2.0066e-05],
          [1.5414e-04],
          [1.3703e-05],
          [1.1089e-05],
          [1.1727e-05],
          [1.0079e-05],
          [1.1194e-05],
          [1.2738e-05],
          [9.7347e-06],
          [9.2041e-06],
          [9.0650e-06],
          [1.2157e-05],
          [3.9837e-05],
          [6.5130e-06],
          [8.5374e-06],
          [4.9397e-04],
          [2.3235e-05],
          [1.6581e-04],
          [3.7003e-05],
          [1.7238e-04],
          [1.3485e-05],
          [7.5009e-06],
          [7.4576e-06],
          [7.5243e-06],
          [7.8534e-06],
          [7.8989e-06],
          [7.4609e-06],
          [9.1629e-06],
          [3.6300e-04],
          [1.2071e-04],
          [1.1255e-05],
          [8.4059e-06],
          [7.3927e-05],
          [1.8247e-04],
          [1.0700e-05],
          [9.4509e-06],
          [1.3570e-05],
          [1.1323e-05],
          [7.3783e-06],
          [7.2475e-06],
          [9.4004e-06],
          [3.0273e-04],
          [1.9887e-04],
          [1.1767e-05],
          [1.9173e-05],
          [1.7900e-05],
          [1.9960e-05],
          [1.7571e-05],
          [1.8362e-05],
          [1.2219e-05],
          [2.9678e-04],
          [2.7613e-05],
          [5.3890e-05],
          [1.2277e-05],
          [1.8868e-05],
          [6.8482e-04],
          [1.6531e-05],
          [1.4146e-05],
          [1.2346e-05],
          [2.6074e-04],
          [1.1297e-04],
          [8.7727e-06],
          [8.7172e-06],
          [8.9490e-06],
          [1.1226e-05],
          [1.2421e-05],
          [1.3124e-05],
          [1.4759e-05],
          [1.7077e-05],
          [6.9308e-05],
          [8.1906e-05],
          [1.9103e-04],
          [1.9752e-05],
          [2.5574e-05],
          [2.9231e-05],
          [3.5332e-05],
          [4.9774e-05],
          [4.2907e-05],
          [5.3406e-05],
          [9.8338e-05],
          [1.0583e-04],
          [5.9525e-05],
          [5.0262e-05],
          [2.8410e-05],
          [1.7902e-05],
          [1.3813e-05],
          [9.5188e-06],
          [9.8840e-06],
          [8.8439e-06],
          [9.0403e-06],
          [7.9671e-05],
          [1.9708e-04],
          [1.5581e-05],
          [2.6473e-04],
          [1.3970e-05],
          [8.2810e-06],
          [8.4724e-06],
          [7.2252e-06],
          [9.9019e-06],
          [9.0496e-06],
          [9.1800e-06],
          [9.6632e-06],
          [9.8642e-06],
          [9.4995e-06],
          [1.1837e-05],
          [1.1973e-05],
          [1.2377e-05],
          [1.1725e-05],
          [3.2811e-05],
          [2.8205e-04],
          [6.4526e-04],
          [1.4004e-03],
          [8.9201e-04],
          [1.0084e-04],
          [9.4316e-05],
          [1.9349e-05],
          [1.2773e-05],
          [8.6687e-06],
          [7.5142e-06],
          [9.0816e-06],
          [8.9542e-06],
          [9.7713e-06],
          [8.5338e-06],
          [8.3674e-06],
          [8.8731e-06],
          [8.3008e-06],
          [7.6561e-06],
          [7.6607e-06],
          [7.5109e-06],
          [6.8909e-06],
          [7.5368e-06],
          [7.9830e-06],
          [7.3232e-06],
          [8.0800e-06],
          [9.4593e-06],
          [1.0796e-04],
          [1.2826e-04],
          [4.0453e-05],
          [2.5026e-04],
          [1.6050e-05],
          [6.7337e-05],
          [2.1504e-04],
          [2.3367e-04],
          [2.9501e-05],
          [3.1801e-05],
          [2.8919e-05],
          [1.1428e-05],
          [8.7384e-06],
          [9.6772e-06],
          [1.0463e-05],
          [1.2068e-04],
          [2.6405e-04],
          [1.0412e-05],
          [1.0561e-05],
          [1.8235e-05],
          [1.5124e-05],
          [9.7980e-06],
          [1.7500e-04],
          [3.3038e-05],
          [2.5036e-04],
          [1.1698e-05],
          [1.3797e-05],
          [2.2901e-04],
          [2.0223e-05],
          [2.1610e-04],
          [1.8950e-05],
          [2.5795e-05],
          [1.9958e-05],
          [5.3525e-05],
          [1.2923e-05],
          [2.5194e-04],
          [1.1669e-05],
          [9.3872e-06],
          [9.6057e-06],
          [8.5991e-06],
          [8.8278e-06],
          [9.3160e-06],
          [2.5954e-04],
          [1.9865e-04],
          [1.1488e-05],
          [9.3201e-06],
          [8.9894e-06],
          [8.6187e-06],
          [1.2252e-05],
          [9.0915e-06],
          [1.0889e-05],
          [8.2062e-05],
          [1.6999e-04],
          [9.9870e-06],
          [8.9186e-06],
          [9.0557e-06],
          [1.1952e-05],
          [1.4339e-04],
          [3.0688e-05],
          [1.6032e-05],
          [2.9528e-04],
          [1.5621e-05],
          [1.0426e-05],
          [8.8224e-06],
          [1.1703e-05],
          [1.1754e-05],
          [1.6247e-05],
          [1.1629e-05],
          [1.2813e-05],
          [1.1359e-05],
          [1.2424e-05],
          [9.8717e-06],
          [1.2002e-05],
          [1.0604e-05],
          [1.2761e-05],
          [1.1929e-05],
          [9.6141e-06],
          [1.3010e-05],
          [9.8589e-05],
          [1.2609e-04],
          [1.2151e-05],
          [9.5395e-06],
          [1.5095e-05],
          [2.0154e-05],
          [2.2547e-05],
          [2.6287e-05],
          [2.4279e-05],
          [2.8246e-05],
          [2.5194e-05],
          [1.4936e-05],
          [5.2747e-05],
          [2.0835e-04],
          [1.4044e-05],
          [2.1326e-04],
          [8.5212e-06],
          [1.0460e-04],
          [1.2626e-04],
          [9.8912e-06],
          [7.3316e-06],
          [9.3030e-06],
          [8.4535e-06],
          [8.2778e-06],
          [7.7402e-06],
          [7.7286e-06],
          [8.1851e-06],
          [8.5606e-06],
          [8.6440e-06],
          [1.1682e-05],
          [2.8556e-05],
          [1.7858e-05],
          [4.3128e-05],
          [2.5726e-04],
          [1.5412e-05],
          [1.8682e-05],
          [2.1338e-04],
          [1.4234e-04],
          [2.9106e-05],
          [3.7941e-04],
          [9.1079e-05],
          [2.6946e-05],
          [2.2059e-04],
          [1.3820e-05],
          [8.9900e-06],
          [8.8640e-06],
          [9.9651e-06],
          [1.4556e-05],
          [1.3283e-05],
          [2.9629e-05],
          [3.0035e-05],
          [2.8311e-05],
          [2.1076e-05],
          [5.3325e-04],
          [3.0354e-05],
          [1.5055e-04],
          [3.2819e-05],
          [8.1130e-06],
          [8.4767e-06],
          [9.4686e-06],
          [1.0171e-05],
          [1.1225e-05],
          [1.3780e-05],
          [1.1060e-04],
          [1.5023e-05],
          [3.3955e-04],
          [1.3467e-05],
          [9.9558e-06],
          [1.1216e-05],
          [8.0532e-06],
          [9.1645e-06],
          [8.6290e-06],
          [1.0224e-05],
          [8.5752e-06],
          [9.8040e-06],
          [9.4389e-06],
          [1.0261e-05],
          [9.8666e-06],
          [1.3336e-04],
          [3.1778e-04],
          [1.1687e-05],
          [9.2294e-06],
          [9.5664e-06],
          [9.3592e-06],
          [1.0152e-05],
          [1.1543e-05],
          [1.4044e-05],
          [1.2137e-05],
          [1.1150e-05],
          [1.1395e-05],
          [1.0646e-05],
          [8.4671e-06],
          [8.9230e-06],
          [8.9522e-06],
          [8.9602e-06],
          [9.2318e-06],
          [8.5364e-06],
          [1.0893e-05],
          [1.2647e-05],
          [1.6205e-05],
          [2.4726e-05],
          [2.9105e-05],
          [3.0556e-05],
          [2.5042e-05],
          [2.3421e-05],
          [3.8567e-05],
          [3.4201e-05],
          [2.4530e-05],
          [2.3517e-05],
          [2.0964e-05],
          [1.8442e-05],
          [2.9409e-05],
          [1.8287e-05],
          [2.3342e-05],
          [2.5010e-05],
          [3.5004e-05],
          [2.7424e-05],
          [3.2878e-05],
          [2.1014e-05],
          [2.1279e-05],
          [2.3176e-05],
          [3.0099e-05],
          [1.1941e-04],
          [1.7641e-05],
          [2.1546e-04],
          [1.3677e-05],
          [1.2360e-05],
          [1.4347e-05],
          [1.2734e-05],
          [1.2197e-05],
          [1.1819e-05],
          [1.1019e-05],
          [1.0620e-05],
          [9.5555e-06],
          [1.0376e-05],
          [9.7580e-06],
          [9.5782e-06],
          [1.0428e-05],
          [1.1232e-05],
          [1.4818e-04],
          [1.2076e-04],
          [3.3976e-04],
          [1.3510e-05],
          [9.6210e-06],
          [1.0839e-05],
          [1.2303e-05],
          [1.8076e-04],
          [1.4846e-04],
          [1.4394e-05],
          [1.1465e-05],
          [9.4021e-06],
          [9.4667e-06],
          [9.9900e-06],
          [9.5871e-06],
          [1.1704e-05],
          [1.3507e-05],
          [1.2289e-05],
          [1.1606e-05],
          [1.0056e-05],
          [9.8547e-06],
          [9.8335e-06],
          [9.5824e-06],
          [8.9387e-06],
          [1.1516e-05],
          [1.7058e-05],
          [4.6095e-05],
          [1.0032e-04],
          [1.4810e-04],
          [1.1693e-04],
          [9.5059e-05],
          [5.6901e-05],
          [3.6892e-05],
          [2.1960e-05],
          [1.3337e-05],
          [1.4910e-04],
          [1.5006e-04],
          [2.4516e-05],
          [5.0641e-05],
          [7.1456e-05],
          [1.2316e-04],
          [1.1886e-04],
          [1.0490e-04],
          [7.7665e-05],
          [6.2747e-05],
          [5.8395e-05],
          [6.5014e-05],
          [1.3027e-04],
          [3.1140e-05],
          [5.0121e-05],
          [6.8340e-05],
          [4.3703e-05],
          [2.9102e-05],
          [1.2163e-04],
          [1.0608e-04],
          [1.2689e-05],
          [6.1946e-05],
          [9.1770e-05],
          [1.1067e-05],
          [2.9394e-04],
          [1.7545e-05],
          [2.3327e-04],
          [1.1336e-05],
          [1.6276e-05],
          [1.5686e-05],
          [3.2595e-05],
          [3.1611e-05],
          [6.5376e-05],
          [8.5821e-06]]]])
