# Using CPU
# Loading Embeddings...
# Making Predictions...
torch.Size([1, 1, 442, 227])
tensor([[[[1.1308e-04],
          [3.5479e-05],
          [1.8223e-04],
          [4.2317e-05],
          [1.5358e-05],
          [9.6267e-04],
          [1.9619e-04],
          [3.0502e-05],
          [5.3968e-04],
          [2.1890e-04],
          [2.8411e-05],
          [2.5301e-05],
          [5.7673e-04],
          [2.6520e-04],
          [3.8062e-05],
          [2.2528e-05],
          [3.0172e-05],
          [4.5415e-05],
          [6.5543e-05],
          [6.4626e-05],
          [5.7704e-04],
          [3.5399e-05],
          [2.0153e-04],
          [2.4392e-05],
          [1.9722e-05],
          [2.5192e-05],
          [2.2427e-05],
          [2.8461e-05],
          [3.1391e-05],
          [3.9575e-05],
          [3.7630e-05],
          [3.6577e-05],
          [3.8158e-05],
          [3.9170e-05],
          [3.0809e-05],
          [3.1616e-05],
          [8.5850e-04],
          [5.0192e-05],
          [2.2754e-04],
          [2.1825e-04],
          [2.9972e-04],
          [1.9600e-05],
          [1.5151e-05],
          [1.5361e-05],
          [1.2648e-05],
          [1.2025e-05],
          [1.1773e-05],
          [1.4320e-05],
          [1.2712e-05],
          [1.5860e-03],
          [3.6695e-04],
          [1.6464e-05],
          [1.2981e-05],
          [9.9825e-04],
          [1.3007e-04],
          [1.4542e-05],
          [1.4687e-05],
          [1.5252e-05],
          [1.6219e-05],
          [1.6389e-05],
          [1.6180e-05],
          [1.6306e-05],
          [8.4521e-04],
          [3.5564e-04],
          [1.8862e-05],
          [1.5779e-05],
          [1.2131e-05],
          [1.2722e-05],
          [1.4377e-05],
          [1.4660e-05],
          [1.7422e-05],
          [1.0018e-03],
          [2.4429e-05],
          [4.1093e-05],
          [1.3802e-05],
          [2.3442e-05],
          [2.9144e-04],
          [1.9918e-05],
          [1.5074e-05],
          [1.3102e-05],
          [1.1916e-03],
          [4.7758e-04],
          [3.9310e-05],
          [3.4259e-05],
          [1.2514e-05],
          [1.3217e-05],
          [1.8514e-05],
          [2.0707e-05],
          [2.4400e-05],
          [2.8788e-05],
          [1.0516e-03],
          [1.3181e-04],
          [6.5402e-04],
          [1.4346e-04],
          [3.8139e-04],
          [9.4998e-04],
          [4.5911e-04],
          [2.3881e-04],
          [5.8914e-04],
          [2.2190e-03],
          [1.4842e-03],
          [1.6394e-04],
          [1.3948e-04],
          [1.0331e-04],
          [7.4136e-05],
          [1.7632e-05],
          [1.5754e-05],
          [1.9588e-05],
          [1.9227e-05],
          [1.9447e-05],
          [1.7125e-05],
          [1.0779e-04],
          [2.9776e-04],
          [1.9369e-05],
          [6.1854e-04],
          [1.6727e-05],
          [1.2852e-05],
          [2.3632e-05],
          [7.9606e-05],
          [5.7399e-04],
          [1.4218e-04],
          [5.2719e-04],
          [8.7169e-05],
          [8.3203e-05],
          [2.4040e-05],
          [2.9103e-05],
          [2.5670e-05],
          [2.4510e-05],
          [2.5081e-05],
          [2.7984e-05],
          [2.3936e-05],
          [1.1023e-03],
          [3.0763e-04],
          [2.1896e-05],
          [2.2648e-05],
          [2.1403e-05],
          [2.0939e-05],
          [2.1176e-05],
          [1.7679e-05],
          [1.8762e-05],
          [1.6307e-05],
          [1.7338e-05],
          [1.4902e-05],
          [1.4527e-05],
          [1.5258e-05],
          [1.8476e-05],
          [1.6998e-05],
          [2.1281e-05],
          [2.7090e-05],
          [3.3803e-05],
          [3.3399e-05],
          [4.0123e-05],
          [3.4029e-05],
          [3.9116e-05],
          [3.4235e-05],
          [3.5708e-05],
          [3.6696e-04],
          [1.5527e-04],
          [4.7635e-04],
          [1.9862e-04],
          [2.4419e-05],
          [1.6515e-05],
          [1.7717e-05],
          [1.5660e-05],
          [1.7458e-05],
          [1.7182e-05],
          [1.7572e-05],
          [1.9251e-05],
          [2.1003e-05],
          [1.7955e-05],
          [1.6851e-05],
          [1.3278e-03],
          [2.2709e-04],
          [2.1496e-05],
          [2.5583e-05],
          [2.9454e-05],
          [2.6786e-05],
          [2.3647e-05],
          [7.2633e-04],
          [3.9699e-05],
          [5.2363e-04],
          [1.5484e-05],
          [2.7805e-05],
          [1.1478e-03],
          [2.4563e-05],
          [1.1751e-03],
          [3.9949e-05],
          [6.2204e-05],
          [4.3956e-05],
          [5.9438e-04],
          [3.8560e-05],
          [2.5960e-04],
          [1.9282e-05],
          [1.8053e-05],
          [1.8629e-05],
          [1.9526e-05],
          [2.1079e-05],
          [2.0600e-05],
          [8.4521e-04],
          [3.3452e-04],
          [3.2162e-05],
          [2.9317e-05],
          [2.3790e-05],
          [2.1513e-05],
          [2.0709e-05],
          [2.1475e-05],
          [1.9355e-05],
          [8.0954e-04],
          [9.9833e-05],
          [1.6086e-05],
          [1.5702e-05],
          [1.8545e-05],
          [1.8848e-05],
          [1.5291e-03],
          [4.5804e-05],
          [2.3195e-05],
          [5.1166e-04],
          [1.8355e-05],
          [1.1497e-05],
          [1.1076e-05],
          [1.3390e-05],
          [1.3589e-05],
          [1.8704e-05],
          [1.5515e-05],
          [1.5793e-05],
          [1.4786e-05],
          [1.3520e-05],
          [1.0097e-05],
          [1.0721e-05],
          [1.2059e-05],
          [1.1375e-05],
          [1.2768e-05],
          [1.2164e-05],
          [1.3348e-05],
          [1.4619e-03],
          [9.4983e-05],
          [1.6468e-05],
          [1.6148e-05],
          [2.3263e-05],
          [3.3942e-05],
          [4.4435e-05],
          [7.1594e-05],
          [5.5622e-05],
          [6.7437e-05],
          [8.4221e-05],
          [4.0239e-05],
          [1.2817e-04],
          [4.1169e-04],
          [2.8533e-05],
          [7.2814e-04],
          [1.6509e-05],
          [6.3278e-04],
          [1.9183e-04],
          [1.5921e-05],
          [1.8183e-05],
          [1.7543e-05],
          [1.8338e-05],
          [2.3874e-05],
          [2.4360e-05],
          [2.7318e-05],
          [3.1444e-05],
          [4.3347e-05],
          [4.7717e-05],
          [7.2060e-05],
          [7.9418e-05],
          [8.8687e-05],
          [8.0496e-05],
          [4.3481e-04],
          [3.9119e-05],
          [3.3875e-05],
          [8.2157e-04],
          [1.9205e-04],
          [3.9978e-05],
          [2.8804e-04],
          [4.4702e-04],
          [4.5502e-05],
          [5.9618e-04],
          [1.6533e-05],
          [1.4908e-05],
          [1.5568e-05],
          [1.3400e-05],
          [1.4778e-05],
          [1.5461e-05],
          [4.1813e-05],
          [3.1730e-05],
          [5.6186e-05],
          [3.6625e-05],
          [3.9538e-03],
          [2.8538e-05],
          [2.8916e-04],
          [6.4309e-05],
          [1.3882e-05],
          [1.2447e-05],
          [1.6482e-05],
          [1.8756e-05],
          [2.2935e-05],
          [2.5506e-05],
          [7.4947e-04],
          [1.9889e-05],
          [2.4542e-04],
          [1.8318e-05],
          [1.9631e-05],
          [1.2250e-05],
          [1.4583e-05],
          [1.4468e-05],
          [1.3530e-05],
          [1.4244e-05],
          [1.5279e-05],
          [1.4295e-05],
          [1.5599e-05],
          [1.8526e-05],
          [1.9278e-05],
          [1.3514e-03],
          [1.7449e-04],
          [1.9658e-05],
          [1.7164e-05],
          [1.5592e-05],
          [1.3675e-05],
          [2.0298e-05],
          [4.4085e-05],
          [5.0055e-05],
          [4.9465e-05],
          [4.6886e-05],
          [4.0980e-05],
          [3.4742e-05],
          [2.1037e-05],
          [1.4737e-05],
          [2.3598e-05],
          [1.9522e-05],
          [2.3133e-05],
          [1.4208e-05],
          [1.6634e-05],
          [1.8731e-05],
          [1.5705e-05],
          [1.9660e-05],
          [2.5598e-05],
          [3.1457e-05],
          [3.3679e-05],
          [3.1075e-05],
          [6.0560e-05],
          [5.8422e-05],
          [5.6648e-05],
          [2.5613e-05],
          [2.4439e-05],
          [1.8342e-05],
          [2.6537e-05],
          [1.7218e-05],
          [1.9623e-05],
          [2.0056e-05],
          [2.5362e-05],
          [2.8254e-05],
          [3.5976e-05],
          [2.1574e-05],
          [1.3555e-05],
          [1.4568e-05],
          [1.6955e-05],
          [1.4911e-04],
          [2.4021e-05],
          [1.9621e-04],
          [2.1379e-05],
          [2.4411e-05],
          [1.9446e-05],
          [2.0440e-05],
          [1.7403e-05],
          [1.6775e-05],
          [1.5149e-05],
          [1.6255e-05],
          [1.3682e-05],
          [1.5659e-05],
          [1.1823e-05],
          [1.1616e-05],
          [1.1843e-05],
          [1.3065e-05],
          [2.4426e-04],
          [3.5933e-04],
          [5.8270e-04],
          [1.3635e-05],
          [1.3393e-05],
          [1.2383e-05],
          [2.1682e-05],
          [1.3849e-03],
          [4.9204e-04],
          [2.1286e-05],
          [2.1262e-05],
          [1.2494e-05],
          [1.3688e-05],
          [1.9162e-05],
          [2.9924e-05],
          [6.5189e-05],
          [6.8704e-05],
          [5.7273e-05],
          [4.2204e-05],
          [3.3236e-05],
          [2.0193e-05],
          [1.2586e-05],
          [1.1463e-05],
          [1.4164e-05],
          [1.5453e-05],
          [1.6668e-05],
          [5.3241e-05],
          [5.8277e-05],
          [8.2677e-05],
          [7.8159e-05],
          [6.1239e-05],
          [4.5295e-05],
          [3.6553e-05],
          [3.3853e-05],
          [2.0586e-05],
          [7.6646e-04],
          [2.4962e-04],
          [1.7766e-05],
          [1.8028e-05],
          [1.7587e-05],
          [1.7652e-05],
          [2.3005e-05],
          [1.7687e-05],
          [1.9593e-05],
          [5.4807e-05],
          [4.4268e-05],
          [5.9723e-04],
          [1.5291e-04],
          [3.3998e-05],
          [2.2178e-05],
          [3.0305e-05],
          [3.1080e-05],
          [2.2613e-05],
          [1.1855e-03],
          [2.0841e-04],
          [2.2812e-05],
          [1.0745e-04],
          [2.4792e-04],
          [2.3019e-05],
          [4.6176e-04],
          [3.0070e-05],
          [7.0731e-04],
          [1.5995e-05],
          [1.3249e-05],
          [1.4143e-05],
          [2.2485e-05],
          [2.0101e-05],
          [7.6339e-05],
          [8.2702e-06]]]])
