# Using CPU
# Loading Embeddings...
# Making Predictions...
torch.Size([1, 1, 442, 265])
tensor([[[[2.3970e-04],
          [4.0766e-05],
          [1.3701e-04],
          [3.1846e-05],
          [1.0936e-05],
          [2.5404e-04],
          [1.2466e-03],
          [1.4664e-05],
          [2.2002e-04],
          [1.3853e-03],
          [1.8449e-05],
          [1.6945e-05],
          [4.7490e-04],
          [3.8015e-04],
          [1.4852e-05],
          [1.1182e-05],
          [1.0260e-05],
          [1.1020e-05],
          [1.0876e-05],
          [3.7339e-05],
          [3.7537e-04],
          [2.2246e-05],
          [1.0542e-03],
          [1.6187e-05],
          [2.0170e-05],
          [2.6098e-05],
          [3.7213e-05],
          [6.1807e-05],
          [7.5108e-05],
          [9.5200e-05],
          [9.1814e-05],
          [1.0093e-04],
          [1.0431e-04],
          [1.1415e-04],
          [8.8786e-05],
          [7.4875e-05],
          [2.4426e-03],
          [8.1587e-05],
          [3.7372e-04],
          [1.9875e-04],
          [1.1021e-03],
          [2.9100e-05],
          [2.5355e-05],
          [2.6133e-05],
          [1.8684e-05],
          [1.6456e-05],
          [1.4678e-05],
          [1.5096e-05],
          [1.6378e-05],
          [2.2830e-04],
          [7.3801e-04],
          [1.2734e-05],
          [1.1882e-05],
          [3.9065e-04],
          [8.8396e-04],
          [1.3270e-05],
          [1.5295e-05],
          [1.5371e-05],
          [1.9469e-05],
          [2.2204e-05],
          [2.0837e-05],
          [1.7660e-05],
          [3.9849e-04],
          [4.7148e-04],
          [1.6642e-05],
          [1.4926e-05],
          [1.5819e-05],
          [1.4899e-05],
          [1.5793e-05],
          [1.4759e-05],
          [1.3998e-05],
          [3.2055e-04],
          [3.3901e-05],
          [2.7145e-05],
          [1.3968e-05],
          [2.2244e-05],
          [4.1331e-03],
          [1.3858e-05],
          [1.3877e-05],
          [1.2119e-05],
          [4.0954e-04],
          [3.5786e-04],
          [1.3118e-05],
          [1.4187e-05],
          [1.5965e-05],
          [1.9079e-05],
          [1.9004e-05],
          [2.1031e-05],
          [1.7624e-05],
          [1.5426e-05],
          [3.8156e-04],
          [1.1106e-04],
          [5.9197e-04],
          [1.3424e-05],
          [2.0416e-05],
          [2.5408e-05],
          [2.9210e-05],
          [3.3985e-05],
          [2.4383e-05],
          [2.4298e-05],
          [1.8402e-05],
          [1.6581e-05],
          [1.2847e-05],
          [1.0237e-05],
          [1.1875e-05],
          [1.6561e-05],
          [1.7397e-05],
          [2.1662e-05],
          [2.4010e-05],
          [2.5318e-05],
          [1.8948e-05],
          [7.1094e-05],
          [2.1491e-04],
          [2.8832e-05],
          [5.5301e-04],
          [1.5286e-05],
          [1.1320e-05],
          [1.0809e-05],
          [1.2996e-05],
          [1.6943e-05],
          [1.5491e-05],
          [1.6327e-05],
          [1.8117e-05],
          [1.2740e-05],
          [1.2586e-05],
          [1.3988e-05],
          [1.3591e-05],
          [1.2364e-05],
          [1.4274e-05],
          [1.5373e-05],
          [2.2380e-05],
          [8.8752e-04],
          [1.2797e-03],
          [2.7686e-05],
          [2.1951e-05],
          [2.1953e-05],
          [2.0486e-05],
          [2.1373e-05],
          [1.8601e-05],
          [1.6556e-05],
          [1.4723e-05],
          [1.2883e-05],
          [1.1068e-05],
          [1.2683e-05],
          [1.2623e-05],
          [1.5929e-05],
          [1.7249e-05],
          [2.2935e-05],
          [2.9416e-05],
          [4.5466e-05],
          [5.2087e-05],
          [5.2761e-05],
          [5.9934e-05],
          [6.0747e-05],
          [6.3923e-05],
          [4.9625e-05],
          [3.2864e-04],
          [5.6564e-04],
          [1.9201e-04],
          [1.8154e-03],
          [1.6595e-05],
          [1.5518e-05],
          [1.5416e-05],
          [1.7264e-05],
          [1.6987e-05],
          [1.9742e-05],
          [1.7687e-05],
          [1.7808e-05],
          [1.9044e-05],
          [1.7789e-05],
          [1.6053e-05],
          [3.3384e-04],
          [1.0031e-03],
          [1.7616e-05],
          [1.9206e-05],
          [2.1441e-05],
          [2.5393e-05],
          [2.4457e-05],
          [2.8905e-04],
          [5.8453e-05],
          [6.6333e-04],
          [1.3748e-05],
          [2.6348e-05],
          [3.3943e-04],
          [2.4326e-05],
          [5.6276e-04],
          [1.2129e-05],
          [1.0715e-05],
          [1.2554e-05],
          [3.7649e-04],
          [4.4581e-05],
          [3.6512e-03],
          [1.6677e-05],
          [2.1360e-05],
          [2.1472e-05],
          [2.1181e-05],
          [2.5081e-05],
          [1.8381e-05],
          [2.9440e-04],
          [4.2677e-04],
          [1.6580e-05],
          [1.5092e-05],
          [1.4671e-05],
          [1.3018e-05],
          [1.3772e-05],
          [1.3377e-05],
          [1.1364e-05],
          [2.5710e-04],
          [1.1726e-03],
          [1.3249e-05],
          [1.2691e-05],
          [1.2661e-05],
          [1.3135e-05],
          [3.8173e-04],
          [4.5509e-05],
          [2.0942e-05],
          [2.8509e-03],
          [1.4340e-05],
          [1.4612e-05],
          [1.2667e-05],
          [1.2623e-05],
          [1.6671e-05],
          [1.3299e-05],
          [1.1628e-05],
          [1.1916e-05],
          [1.5258e-05],
          [1.5229e-05],
          [1.2333e-05],
          [1.3164e-05],
          [1.0142e-05],
          [1.0539e-05],
          [1.1486e-05],
          [1.1358e-05],
          [1.1309e-05],
          [2.4410e-04],
          [5.6122e-04],
          [1.8202e-05],
          [1.6490e-05],
          [1.4651e-05],
          [1.7186e-05],
          [1.7758e-05],
          [2.4577e-05],
          [1.6455e-05],
          [1.9920e-05],
          [1.8171e-05],
          [1.3421e-05],
          [1.8321e-04],
          [2.1104e-04],
          [2.8974e-05],
          [5.1336e-04],
          [1.1974e-05],
          [1.6962e-04],
          [5.5411e-04],
          [2.4024e-05],
          [3.0360e-05],
          [3.3866e-05],
          [3.1972e-05],
          [4.0264e-05],
          [4.5494e-05],
          [5.2849e-05],
          [4.2992e-05],
          [5.0495e-05],
          [4.8459e-05],
          [5.8376e-05],
          [4.7760e-05],
          [4.3287e-05],
          [2.9828e-05],
          [2.8042e-04],
          [2.9814e-05],
          [2.4128e-05],
          [5.1894e-04],
          [1.2593e-04],
          [3.7839e-05],
          [4.9749e-04],
          [1.7136e-04],
          [4.0370e-05],
          [4.8189e-04],
          [1.4924e-05],
          [1.0296e-05],
          [1.0558e-05],
          [9.2915e-06],
          [9.6044e-06],
          [1.4459e-05],
          [4.3761e-05],
          [1.1471e-05],
          [1.4710e-05],
          [1.1846e-05],
          [4.8531e-04],
          [3.4306e-05],
          [1.8327e-04],
          [2.8237e-04],
          [1.0942e-05],
          [1.0946e-05],
          [1.0974e-05],
          [1.0220e-05],
          [1.0371e-05],
          [1.1005e-05],
          [5.0894e-04],
          [2.6796e-05],
          [2.8254e-03],
          [1.5242e-05],
          [1.2180e-05],
          [1.6100e-05],
          [1.6584e-05],
          [1.7007e-05],
          [1.7875e-05],
          [1.7553e-05],
          [2.2900e-05],
          [1.9410e-05],
          [2.6270e-05],
          [2.8327e-05],
          [3.8885e-05],
          [3.5638e-04],
          [9.4899e-04],
          [2.5832e-05],
          [2.1607e-05],
          [1.6769e-05],
          [1.3412e-05],
          [1.1878e-05],
          [1.6054e-05],
          [2.0930e-05],
          [1.7981e-05],
          [2.6065e-05],
          [1.3947e-05],
          [1.3067e-05],
          [9.9794e-06],
          [1.2124e-05],
          [1.2846e-05],
          [1.5306e-05],
          [1.3203e-05],
          [1.4084e-05],
          [1.3477e-05],
          [1.5439e-05],
          [1.3003e-05],
          [1.3363e-05],
          [1.6676e-05],
          [1.7621e-05],
          [2.1569e-05],
          [1.7343e-05],
          [2.5699e-05],
          [2.5923e-05],
          [2.6778e-05],
          [1.9418e-05],
          [2.2367e-05],
          [2.6854e-05],
          [2.2666e-05],
          [2.1784e-05],
          [1.8737e-05],
          [1.9753e-05],
          [1.9445e-05],
          [1.8640e-05],
          [1.7053e-05],
          [1.5147e-05],
          [1.5327e-05],
          [1.7271e-05],
          [1.7261e-05],
          [1.3745e-04],
          [6.1057e-05],
          [4.2320e-03],
          [2.3321e-05],
          [2.3126e-05],
          [2.0635e-05],
          [1.8278e-05],
          [1.6652e-05],
          [1.3009e-05],
          [1.1330e-05],
          [9.8757e-06],
          [9.2715e-06],
          [1.1043e-05],
          [1.1369e-05],
          [1.2267e-05],
          [1.6107e-05],
          [1.6082e-05],
          [3.9460e-04],
          [1.1702e-04],
          [2.4748e-03],
          [1.4155e-05],
          [1.0748e-05],
          [1.0858e-05],
          [1.3625e-05],
          [7.2004e-04],
          [1.6253e-03],
          [1.6655e-05],
          [1.7170e-05],
          [1.6453e-05],
          [1.9535e-05],
          [2.2987e-05],
          [2.6684e-05],
          [2.9572e-05],
          [2.8714e-05],
          [2.3607e-05],
          [2.0089e-05],
          [1.7403e-05],
          [1.2632e-05],
          [1.1654e-05],
          [9.4643e-06],
          [1.1048e-05],
          [1.2202e-05],
          [1.2077e-05],
          [2.0834e-05],
          [3.0981e-05],
          [4.0738e-05],
          [5.4084e-05],
          [2.8289e-05],
          [2.5794e-05],
          [2.6551e-05],
          [2.3028e-05],
          [1.7899e-05],
          [2.6786e-04],
          [5.4871e-04],
          [2.0664e-05],
          [1.9155e-05],
          [1.7057e-05],
          [1.4996e-05],
          [1.6330e-05],
          [1.7950e-05],
          [1.6067e-05],
          [7.8596e-05],
          [7.6707e-05],
          [3.2591e-04],
          [9.5392e-04],
          [2.1509e-05],
          [1.8145e-05],
          [1.7447e-05],
          [1.5086e-05],
          [1.3715e-05],
          [2.0511e-04],
          [1.8152e-04],
          [2.0918e-05],
          [9.1665e-05],
          [5.8821e-04],
          [2.1404e-05],
          [4.2593e-04],
          [3.2923e-05],
          [5.4185e-04],
          [2.6308e-05],
          [1.5071e-05],
          [1.2217e-05],
          [1.1886e-05],
          [1.1599e-05],
          [8.4586e-05],
          [1.0678e-05]]]])
