# Using CPU
# Loading Embeddings...
# Making Predictions...
torch.Size([1, 1, 442, 270])
tensor([[[[9.5575e-05],
          [3.1994e-05],
          [1.2307e-04],
          [8.0722e-05],
          [1.1427e-05],
          [4.1640e-04],
          [1.6618e-03],
          [2.6275e-05],
          [3.3366e-04],
          [1.8990e-03],
          [1.1713e-05],
          [1.1852e-05],
          [2.9019e-04],
          [3.6501e-04],
          [6.5905e-05],
          [3.4548e-05],
          [1.3232e-04],
          [2.8103e-05],
          [3.7393e-05],
          [2.1232e-05],
          [5.6209e-04],
          [2.8113e-05],
          [1.7432e-03],
          [1.7946e-05],
          [1.4545e-05],
          [1.5484e-05],
          [1.9419e-05],
          [3.3911e-05],
          [3.5116e-05],
          [4.2258e-05],
          [4.0832e-05],
          [4.5458e-05],
          [4.4777e-05],
          [7.0183e-05],
          [3.7598e-05],
          [3.1703e-05],
          [3.6833e-04],
          [2.5523e-05],
          [3.1487e-04],
          [8.7725e-05],
          [6.6103e-04],
          [1.3952e-05],
          [1.3575e-05],
          [1.5375e-05],
          [1.5080e-05],
          [1.3172e-05],
          [1.1744e-05],
          [1.5619e-05],
          [2.5513e-05],
          [2.2031e-04],
          [6.8720e-04],
          [1.2537e-05],
          [1.0950e-05],
          [4.9781e-04],
          [9.3833e-04],
          [1.2660e-05],
          [1.2797e-05],
          [1.9252e-05],
          [1.7716e-05],
          [1.5106e-05],
          [1.5300e-05],
          [1.3597e-05],
          [2.6702e-04],
          [5.4385e-04],
          [1.3040e-05],
          [1.4356e-05],
          [1.5834e-05],
          [1.4130e-05],
          [1.4995e-05],
          [1.4645e-05],
          [1.1758e-05],
          [2.6067e-04],
          [1.6672e-05],
          [1.8837e-05],
          [1.0541e-05],
          [1.7950e-05],
          [3.5230e-03],
          [1.0510e-05],
          [1.7702e-05],
          [1.1393e-05],
          [1.8855e-04],
          [2.6433e-04],
          [1.1285e-05],
          [1.0292e-05],
          [1.1191e-05],
          [1.3203e-05],
          [1.4740e-05],
          [1.4766e-05],
          [1.3738e-05],
          [1.2080e-05],
          [3.5631e-04],
          [3.4335e-05],
          [3.9507e-04],
          [1.1079e-05],
          [1.5877e-05],
          [1.8687e-05],
          [2.2514e-05],
          [2.6670e-05],
          [2.7276e-05],
          [2.9579e-05],
          [2.8644e-05],
          [2.0360e-05],
          [1.2815e-05],
          [1.1672e-05],
          [1.1459e-05],
          [1.3897e-05],
          [1.2779e-05],
          [1.4693e-05],
          [1.5598e-05],
          [1.6713e-05],
          [1.5706e-05],
          [1.8035e-04],
          [7.9609e-05],
          [1.6131e-05],
          [3.0670e-04],
          [1.2015e-05],
          [1.0694e-05],
          [1.0094e-05],
          [1.1159e-05],
          [1.1417e-05],
          [1.1205e-05],
          [1.0495e-05],
          [2.0522e-05],
          [1.2603e-05],
          [1.2587e-05],
          [1.2779e-05],
          [1.3683e-05],
          [1.3387e-05],
          [1.5441e-05],
          [1.5952e-05],
          [1.4767e-05],
          [3.2336e-04],
          [8.0612e-04],
          [2.0325e-05],
          [2.2275e-05],
          [2.1062e-05],
          [1.8896e-05],
          [1.6615e-05],
          [1.4372e-05],
          [1.2661e-05],
          [1.1987e-05],
          [1.1633e-05],
          [9.7585e-06],
          [1.0387e-05],
          [1.1723e-05],
          [1.3047e-05],
          [1.4132e-05],
          [1.7096e-05],
          [2.1252e-05],
          [2.8381e-05],
          [2.5719e-05],
          [3.1556e-05],
          [3.2529e-05],
          [3.4845e-05],
          [2.7214e-05],
          [3.1607e-05],
          [3.5549e-04],
          [6.2877e-04],
          [1.6951e-04],
          [1.8362e-03],
          [1.7497e-05],
          [1.5760e-05],
          [1.5295e-05],
          [1.7865e-05],
          [1.7025e-05],
          [2.2501e-05],
          [1.6859e-05],
          [1.8014e-05],
          [1.7038e-05],
          [1.9139e-05],
          [1.5660e-05],
          [4.0763e-04],
          [1.2093e-03],
          [1.6678e-05],
          [1.8100e-05],
          [2.8673e-05],
          [2.9928e-05],
          [1.7946e-05],
          [1.9529e-04],
          [2.4044e-05],
          [1.3669e-04],
          [1.7468e-05],
          [2.8877e-05],
          [1.4679e-04],
          [1.1830e-05],
          [4.4569e-04],
          [1.3896e-05],
          [1.3291e-05],
          [1.4082e-05],
          [4.0196e-04],
          [5.9345e-05],
          [3.3976e-03],
          [1.6723e-05],
          [1.8536e-05],
          [1.9202e-05],
          [1.7798e-05],
          [2.2894e-05],
          [1.8188e-05],
          [2.1824e-04],
          [5.4665e-04],
          [1.5494e-05],
          [1.4512e-05],
          [1.6314e-05],
          [1.3439e-05],
          [1.6663e-05],
          [1.6459e-05],
          [3.7715e-05],
          [3.0768e-04],
          [1.2225e-03],
          [1.5871e-05],
          [1.4568e-05],
          [1.4281e-05],
          [1.2764e-05],
          [2.9624e-04],
          [2.6189e-05],
          [1.6095e-05],
          [2.9188e-03],
          [1.4808e-05],
          [1.6483e-05],
          [1.5883e-05],
          [1.8750e-05],
          [1.8612e-05],
          [1.7762e-05],
          [1.5728e-05],
          [1.7248e-05],
          [5.4867e-05],
          [2.0180e-05],
          [1.6816e-05],
          [1.7315e-05],
          [1.3918e-05],
          [1.4446e-05],
          [1.4166e-05],
          [1.4262e-05],
          [1.3527e-05],
          [3.6797e-04],
          [7.0868e-04],
          [2.0216e-05],
          [1.9410e-05],
          [1.8544e-05],
          [1.9500e-05],
          [1.6384e-05],
          [1.6318e-05],
          [1.6490e-05],
          [1.8723e-05],
          [1.9389e-05],
          [1.2421e-05],
          [4.4820e-04],
          [6.5377e-05],
          [1.7066e-05],
          [2.2673e-04],
          [1.5898e-05],
          [2.1303e-04],
          [4.6394e-04],
          [2.2709e-05],
          [2.9677e-05],
          [3.1764e-05],
          [3.0854e-05],
          [3.7541e-05],
          [4.3343e-05],
          [4.9627e-05],
          [4.1436e-05],
          [5.3237e-05],
          [5.0496e-05],
          [5.8705e-05],
          [4.7667e-05],
          [4.6824e-05],
          [4.5025e-05],
          [1.6839e-04],
          [1.6372e-05],
          [1.6781e-05],
          [4.2984e-04],
          [2.0679e-04],
          [1.8507e-05],
          [3.0932e-04],
          [1.3323e-04],
          [1.9716e-05],
          [1.1400e-04],
          [1.0205e-05],
          [1.0210e-05],
          [9.3358e-06],
          [9.1972e-06],
          [9.8617e-06],
          [9.7803e-06],
          [2.5881e-05],
          [1.0402e-05],
          [1.2729e-05],
          [1.0642e-05],
          [2.7324e-04],
          [1.7375e-05],
          [6.0470e-05],
          [4.1630e-04],
          [9.8324e-06],
          [9.2866e-06],
          [1.5368e-05],
          [9.6324e-06],
          [1.0162e-05],
          [1.1321e-05],
          [3.2295e-04],
          [2.2897e-05],
          [2.2032e-03],
          [1.5607e-05],
          [1.5940e-05],
          [2.1044e-05],
          [2.2425e-05],
          [1.8775e-05],
          [2.2717e-05],
          [1.9231e-05],
          [2.4669e-05],
          [2.3009e-05],
          [2.8555e-05],
          [3.0252e-05],
          [3.3319e-05],
          [3.3100e-04],
          [1.1830e-03],
          [2.4584e-05],
          [2.5622e-05],
          [5.3288e-05],
          [1.7746e-05],
          [1.5377e-05],
          [1.5443e-05],
          [1.7913e-05],
          [1.5606e-05],
          [1.4539e-05],
          [1.3574e-05],
          [1.5000e-05],
          [1.2013e-05],
          [1.4577e-05],
          [1.5466e-05],
          [1.7573e-05],
          [1.4012e-05],
          [1.5615e-05],
          [1.5113e-05],
          [1.7522e-05],
          [1.6452e-05],
          [1.4232e-05],
          [1.5821e-05],
          [1.6472e-05],
          [1.9694e-05],
          [1.7131e-05],
          [2.2818e-05],
          [2.1634e-05],
          [2.2465e-05],
          [1.8229e-05],
          [1.9415e-05],
          [2.1325e-05],
          [1.9334e-05],
          [1.5844e-05],
          [1.5207e-05],
          [1.5172e-05],
          [1.4567e-05],
          [1.7489e-05],
          [1.2486e-05],
          [1.2933e-05],
          [1.5518e-05],
          [1.5454e-05],
          [1.9132e-05],
          [3.6424e-04],
          [5.5906e-05],
          [4.4999e-03],
          [2.4100e-05],
          [2.2343e-05],
          [2.2751e-05],
          [1.8681e-05],
          [1.8765e-05],
          [1.3156e-05],
          [1.3415e-05],
          [1.2122e-05],
          [1.1514e-05],
          [1.3377e-05],
          [1.3413e-05],
          [1.4961e-05],
          [1.8992e-05],
          [1.8016e-05],
          [4.7604e-04],
          [1.0093e-04],
          [2.7662e-03],
          [1.6461e-05],
          [1.3122e-05],
          [1.1750e-05],
          [1.1772e-05],
          [3.2473e-04],
          [1.5591e-03],
          [1.4061e-05],
          [1.1227e-05],
          [1.6564e-05],
          [1.8887e-05],
          [2.0925e-05],
          [2.7102e-05],
          [3.2896e-05],
          [2.7746e-05],
          [2.3760e-05],
          [1.9421e-05],
          [1.7436e-05],
          [1.2687e-05],
          [1.2002e-05],
          [1.1642e-05],
          [1.0167e-05],
          [1.6540e-05],
          [1.0974e-05],
          [1.9644e-05],
          [3.1100e-05],
          [3.2176e-05],
          [3.7102e-05],
          [3.0959e-05],
          [3.2034e-05],
          [2.7185e-05],
          [2.4208e-05],
          [1.4440e-05],
          [1.8943e-04],
          [5.1836e-04],
          [1.5199e-05],
          [1.4277e-05],
          [1.5925e-05],
          [1.5865e-05],
          [1.7975e-05],
          [1.9682e-05],
          [1.6017e-05],
          [1.5518e-04],
          [1.2221e-04],
          [2.1829e-04],
          [9.7773e-04],
          [2.5700e-05],
          [2.1246e-05],
          [1.9955e-05],
          [1.5721e-05],
          [1.3526e-05],
          [2.7543e-04],
          [5.8633e-05],
          [1.0775e-05],
          [3.4981e-05],
          [3.7118e-04],
          [1.3824e-05],
          [1.4899e-04],
          [1.6675e-05],
          [9.8418e-05],
          [1.2753e-05],
          [1.0341e-05],
          [8.8382e-06],
          [1.0617e-05],
          [2.8721e-05],
          [5.6873e-05],
          [1.0536e-05]]]])
