# Using CPU
# Loading Embeddings...
# Making Predictions...
torch.Size([1, 1, 442, 252])
tensor([[[[1.3889e-04],
          [2.2532e-05],
          [1.1184e-04],
          [3.1520e-05],
          [9.5222e-06],
          [6.7289e-04],
          [1.0801e-03],
          [1.3730e-05],
          [4.4413e-04],
          [1.1407e-03],
          [1.6218e-05],
          [1.4968e-05],
          [5.1199e-04],
          [2.3604e-04],
          [1.6153e-05],
          [1.2672e-05],
          [1.2272e-05],
          [1.4497e-05],
          [1.5878e-05],
          [2.6530e-05],
          [1.4371e-03],
          [2.8997e-05],
          [5.8350e-04],
          [1.8085e-05],
          [1.6605e-05],
          [2.4627e-05],
          [3.4979e-05],
          [6.8609e-05],
          [8.7277e-05],
          [9.9361e-05],
          [1.0622e-04],
          [1.1749e-04],
          [1.3011e-04],
          [1.3555e-04],
          [1.0759e-04],
          [8.5780e-05],
          [2.1996e-03],
          [1.4082e-04],
          [2.1786e-04],
          [1.1150e-04],
          [4.3981e-04],
          [2.1033e-05],
          [1.9602e-05],
          [2.3062e-05],
          [1.7147e-05],
          [1.8397e-05],
          [1.4274e-05],
          [1.7876e-05],
          [2.3813e-05],
          [3.2180e-04],
          [4.3714e-04],
          [1.6222e-05],
          [1.4197e-05],
          [8.6659e-04],
          [5.8788e-04],
          [1.5402e-05],
          [1.4893e-05],
          [1.4370e-05],
          [1.8161e-05],
          [2.2007e-05],
          [2.2418e-05],
          [2.0431e-05],
          [3.7646e-04],
          [2.7532e-04],
          [1.8063e-05],
          [1.9860e-05],
          [1.9021e-05],
          [1.7373e-05],
          [1.7868e-05],
          [1.5467e-05],
          [1.4797e-05],
          [3.9673e-04],
          [3.5301e-05],
          [2.1747e-05],
          [1.5277e-05],
          [1.7475e-05],
          [1.5219e-03],
          [1.4873e-05],
          [1.4509e-05],
          [1.1847e-05],
          [2.8256e-04],
          [1.4792e-04],
          [1.4849e-05],
          [1.4602e-05],
          [1.5095e-05],
          [1.8291e-05],
          [2.0081e-05],
          [2.1148e-05],
          [1.7959e-05],
          [1.5275e-05],
          [7.1704e-04],
          [6.0919e-05],
          [2.5774e-04],
          [1.2498e-05],
          [1.4784e-05],
          [2.4332e-05],
          [2.4727e-05],
          [4.0396e-05],
          [3.4235e-05],
          [3.8222e-05],
          [3.5778e-05],
          [2.2416e-05],
          [1.5537e-05],
          [1.1616e-05],
          [1.2729e-05],
          [1.5695e-05],
          [1.6874e-05],
          [2.1090e-05],
          [2.2423e-05],
          [2.3441e-05],
          [2.0552e-05],
          [1.8855e-04],
          [1.4436e-04],
          [1.8021e-05],
          [2.3262e-04],
          [1.6582e-05],
          [1.4954e-05],
          [1.2330e-05],
          [1.5568e-05],
          [1.7185e-05],
          [1.6787e-05],
          [1.3310e-05],
          [1.3647e-05],
          [1.2380e-05],
          [1.3643e-05],
          [1.3880e-05],
          [1.4898e-05],
          [1.6122e-05],
          [2.0014e-05],
          [2.2853e-05],
          [2.0680e-05],
          [4.6321e-04],
          [3.6980e-04],
          [2.4749e-05],
          [2.6395e-05],
          [2.5274e-05],
          [2.1643e-05],
          [2.4819e-05],
          [1.9504e-05],
          [2.0626e-05],
          [1.6353e-05],
          [1.5754e-05],
          [1.1608e-05],
          [1.3005e-05],
          [1.4983e-05],
          [1.8398e-05],
          [1.9352e-05],
          [2.7825e-05],
          [3.4138e-05],
          [4.8973e-05],
          [4.9276e-05],
          [5.2172e-05],
          [4.8558e-05],
          [6.3347e-05],
          [6.3846e-05],
          [5.1643e-05],
          [5.0509e-04],
          [5.4851e-04],
          [3.1226e-04],
          [1.0757e-03],
          [1.7379e-05],
          [1.6959e-05],
          [1.6950e-05],
          [2.0034e-05],
          [2.2104e-05],
          [2.7693e-05],
          [2.6939e-05],
          [2.5978e-05],
          [2.7721e-05],
          [2.8151e-05],
          [2.4091e-05],
          [6.0015e-04],
          [7.8402e-04],
          [2.9439e-05],
          [3.3603e-05],
          [3.3210e-05],
          [3.5926e-05],
          [3.3188e-05],
          [2.9557e-04],
          [7.5844e-05],
          [3.1715e-04],
          [1.7598e-05],
          [1.5425e-05],
          [2.3145e-04],
          [1.2391e-05],
          [2.4867e-04],
          [1.3709e-05],
          [1.5094e-05],
          [1.4023e-05],
          [9.4608e-04],
          [1.9770e-05],
          [2.3079e-03],
          [2.1783e-05],
          [2.5314e-05],
          [2.5218e-05],
          [2.6703e-05],
          [2.9570e-05],
          [2.2916e-05],
          [3.0579e-04],
          [2.7351e-04],
          [1.9496e-05],
          [1.7528e-05],
          [1.7177e-05],
          [1.3717e-05],
          [1.4574e-05],
          [1.7220e-05],
          [1.8562e-05],
          [5.6956e-04],
          [6.4712e-04],
          [1.5224e-05],
          [1.3486e-05],
          [1.4428e-05],
          [1.4304e-05],
          [5.6926e-04],
          [3.2812e-05],
          [1.9312e-05],
          [9.6833e-04],
          [1.6372e-05],
          [1.4790e-05],
          [1.4030e-05],
          [1.2956e-05],
          [1.6450e-05],
          [1.3901e-05],
          [1.2265e-05],
          [1.3588e-05],
          [1.5407e-05],
          [2.0619e-05],
          [1.9137e-05],
          [1.5623e-05],
          [1.1352e-05],
          [1.1468e-05],
          [1.2721e-05],
          [1.2755e-05],
          [1.3671e-05],
          [5.5891e-04],
          [3.5490e-04],
          [1.7158e-05],
          [1.8612e-05],
          [1.5785e-05],
          [1.7388e-05],
          [1.5950e-05],
          [2.0811e-05],
          [1.6776e-05],
          [2.2659e-05],
          [2.1039e-05],
          [1.4351e-05],
          [5.4938e-04],
          [9.9077e-05],
          [1.6080e-05],
          [1.7741e-04],
          [1.1683e-05],
          [3.0898e-04],
          [2.4683e-04],
          [2.1694e-05],
          [2.5316e-05],
          [2.4396e-05],
          [2.2156e-05],
          [3.0274e-05],
          [3.3592e-05],
          [4.1384e-05],
          [3.8510e-05],
          [5.7181e-05],
          [6.3102e-05],
          [9.4081e-05],
          [8.4112e-05],
          [7.8239e-05],
          [6.3725e-05],
          [2.6289e-04],
          [2.7360e-05],
          [3.0164e-05],
          [3.1696e-04],
          [3.0851e-04],
          [3.7400e-05],
          [3.5122e-04],
          [1.8019e-04],
          [6.0746e-05],
          [2.9068e-04],
          [1.4072e-05],
          [1.0907e-05],
          [1.0930e-05],
          [9.3504e-06],
          [9.8136e-06],
          [1.0684e-05],
          [1.5799e-05],
          [1.3561e-05],
          [1.8337e-05],
          [1.4218e-05],
          [2.5011e-04],
          [2.1962e-05],
          [6.8418e-05],
          [1.5215e-04],
          [1.2131e-05],
          [1.0112e-05],
          [1.0266e-05],
          [9.4447e-06],
          [9.7237e-06],
          [9.4691e-06],
          [8.0727e-04],
          [2.3934e-05],
          [9.9795e-04],
          [1.2379e-05],
          [1.1661e-05],
          [1.3789e-05],
          [1.2857e-05],
          [1.3776e-05],
          [1.4297e-05],
          [1.5543e-05],
          [2.0234e-05],
          [1.9667e-05],
          [2.7435e-05],
          [3.1905e-05],
          [3.6529e-05],
          [5.0348e-04],
          [5.4984e-04],
          [2.4523e-05],
          [1.9415e-05],
          [1.4733e-05],
          [1.2149e-05],
          [1.1803e-05],
          [2.0890e-05],
          [2.4212e-05],
          [2.0606e-05],
          [1.8306e-05],
          [1.6676e-05],
          [1.6782e-05],
          [1.4176e-05],
          [1.3075e-05],
          [1.3651e-05],
          [1.4442e-05],
          [1.4833e-05],
          [1.4387e-05],
          [1.4324e-05],
          [1.5444e-05],
          [1.6186e-05],
          [1.7224e-05],
          [2.0410e-05],
          [2.1678e-05],
          [2.6114e-05],
          [2.4748e-05],
          [3.5010e-05],
          [3.3598e-05],
          [3.5819e-05],
          [1.9333e-05],
          [2.1994e-05],
          [2.4543e-05],
          [2.1945e-05],
          [2.1103e-05],
          [1.8362e-05],
          [1.9220e-05],
          [1.7973e-05],
          [1.8017e-05],
          [1.7157e-05],
          [1.6980e-05],
          [2.0526e-05],
          [1.8475e-05],
          [2.1611e-05],
          [5.4093e-04],
          [3.5673e-05],
          [2.1188e-03],
          [2.2571e-05],
          [2.4291e-05],
          [2.0520e-05],
          [2.0883e-05],
          [1.7886e-05],
          [1.3045e-05],
          [1.2069e-05],
          [1.2882e-05],
          [1.1326e-05],
          [1.0984e-05],
          [1.4844e-05],
          [1.3950e-05],
          [1.8418e-05],
          [1.8894e-05],
          [5.3070e-04],
          [7.4018e-05],
          [9.6193e-04],
          [1.4256e-05],
          [1.2270e-05],
          [9.5940e-06],
          [9.7102e-06],
          [9.3808e-04],
          [5.9937e-04],
          [1.5539e-05],
          [1.6472e-05],
          [1.9184e-05],
          [2.6935e-05],
          [3.2545e-05],
          [3.7505e-05],
          [5.1354e-05],
          [4.6272e-05],
          [3.6819e-05],
          [3.1307e-05],
          [1.9936e-05],
          [1.4696e-05],
          [1.2439e-05],
          [1.1577e-05],
          [1.3413e-05],
          [1.2425e-05],
          [1.2374e-05],
          [2.1845e-05],
          [3.5057e-05],
          [4.4292e-05],
          [3.9033e-05],
          [2.8242e-05],
          [2.5596e-05],
          [2.4246e-05],
          [2.3203e-05],
          [1.7556e-05],
          [3.1463e-04],
          [3.0755e-04],
          [2.2763e-05],
          [2.0754e-05],
          [1.8562e-05],
          [1.6864e-05],
          [1.7469e-05],
          [1.8741e-05],
          [2.0452e-05],
          [1.9764e-04],
          [1.5811e-04],
          [5.4890e-04],
          [6.1297e-04],
          [1.7009e-05],
          [1.5827e-05],
          [1.8345e-05],
          [1.7044e-05],
          [1.3565e-05],
          [4.7007e-04],
          [2.1422e-04],
          [1.7557e-05],
          [1.0973e-04],
          [1.1558e-04],
          [1.7394e-05],
          [2.8310e-04],
          [4.0813e-05],
          [3.9229e-04],
          [3.4293e-05],
          [1.8264e-05],
          [1.3613e-05],
          [1.3046e-05],
          [1.2867e-05],
          [8.6544e-05],
          [7.7223e-06]]]])
