# Using CPU
# Loading Embeddings...
# Making Predictions...
torch.Size([1, 1, 442, 274])
tensor([[[[1.9388e-04],
          [4.4184e-05],
          [2.2293e-04],
          [2.6076e-05],
          [1.2757e-05],
          [5.9577e-04],
          [2.3697e-03],
          [1.3639e-05],
          [4.1894e-04],
          [2.5910e-03],
          [1.5982e-05],
          [1.4925e-05],
          [9.1083e-04],
          [7.3618e-04],
          [2.5096e-05],
          [2.4913e-05],
          [1.6022e-05],
          [1.7479e-05],
          [2.5161e-05],
          [2.8931e-05],
          [1.0221e-03],
          [2.9032e-05],
          [1.3057e-03],
          [2.2226e-05],
          [1.4293e-05],
          [1.6143e-05],
          [1.9292e-05],
          [2.7130e-05],
          [2.6398e-05],
          [3.0357e-05],
          [2.7041e-05],
          [2.9110e-05],
          [2.6947e-05],
          [3.1074e-05],
          [3.0625e-05],
          [2.7347e-05],
          [6.7658e-04],
          [3.6235e-05],
          [4.3533e-04],
          [2.2063e-04],
          [8.1969e-04],
          [1.5921e-05],
          [1.5371e-05],
          [1.7022e-05],
          [1.4284e-05],
          [1.3976e-05],
          [1.3045e-05],
          [1.3314e-05],
          [1.4866e-05],
          [3.5584e-04],
          [7.0863e-04],
          [1.2750e-05],
          [1.1768e-05],
          [9.4917e-04],
          [1.2517e-03],
          [1.4165e-05],
          [1.4889e-05],
          [1.3580e-05],
          [1.5948e-05],
          [1.8483e-05],
          [1.6386e-05],
          [1.6119e-05],
          [4.0574e-04],
          [5.0417e-04],
          [1.6044e-05],
          [1.5065e-05],
          [1.3453e-05],
          [1.3146e-05],
          [1.4174e-05],
          [1.3958e-05],
          [1.4289e-05],
          [4.9594e-04],
          [2.5358e-05],
          [3.9078e-05],
          [1.8541e-05],
          [2.7939e-05],
          [3.9982e-03],
          [1.4156e-05],
          [1.3651e-05],
          [1.4230e-05],
          [5.5653e-04],
          [4.3705e-04],
          [1.1753e-05],
          [1.1710e-05],
          [1.3181e-05],
          [1.4539e-05],
          [1.5286e-05],
          [1.7711e-05],
          [1.5987e-05],
          [1.4874e-05],
          [7.1366e-04],
          [1.0256e-04],
          [7.0203e-04],
          [2.2452e-05],
          [2.7200e-05],
          [4.1235e-05],
          [4.0251e-05],
          [5.4397e-05],
          [5.0817e-05],
          [5.6250e-05],
          [4.7942e-05],
          [4.4272e-05],
          [2.8903e-05],
          [1.8205e-05],
          [1.4740e-05],
          [1.6616e-05],
          [1.9500e-05],
          [2.1171e-05],
          [2.0630e-05],
          [2.3343e-05],
          [2.1559e-05],
          [2.7909e-04],
          [2.7368e-04],
          [2.1304e-05],
          [5.0717e-04],
          [1.6996e-05],
          [1.3694e-05],
          [1.1384e-05],
          [1.1918e-05],
          [1.3613e-05],
          [1.3950e-05],
          [1.1465e-05],
          [1.7203e-05],
          [1.1506e-05],
          [1.4638e-05],
          [1.4597e-05],
          [1.8116e-05],
          [1.7339e-05],
          [2.0989e-05],
          [1.9986e-05],
          [2.3402e-05],
          [9.8757e-04],
          [5.3752e-04],
          [1.9824e-05],
          [2.2601e-05],
          [1.8688e-05],
          [1.3959e-05],
          [1.4185e-05],
          [1.2059e-05],
          [1.3785e-05],
          [1.2313e-05],
          [1.2939e-05],
          [1.0784e-05],
          [1.3772e-05],
          [1.5550e-05],
          [1.8271e-05],
          [1.8149e-05],
          [2.2686e-05],
          [2.5738e-05],
          [3.3109e-05],
          [3.0571e-05],
          [2.6476e-05],
          [2.7822e-05],
          [2.6727e-05],
          [2.4301e-05],
          [2.8081e-05],
          [5.4206e-04],
          [1.0036e-03],
          [3.1893e-04],
          [2.6749e-03],
          [3.2445e-05],
          [1.3602e-05],
          [1.4038e-05],
          [1.5139e-05],
          [1.5066e-05],
          [1.8887e-05],
          [1.5547e-05],
          [1.6140e-05],
          [1.7154e-05],
          [2.0198e-05],
          [1.7706e-05],
          [6.7470e-04],
          [1.5871e-03],
          [2.1051e-05],
          [2.6019e-05],
          [6.6094e-05],
          [3.1296e-05],
          [2.4216e-05],
          [4.2400e-04],
          [5.0978e-05],
          [6.8431e-04],
          [2.4580e-05],
          [1.3360e-05],
          [3.3077e-04],
          [2.5025e-05],
          [4.7717e-04],
          [4.9107e-05],
          [6.1718e-05],
          [3.9827e-05],
          [1.0332e-03],
          [3.8746e-05],
          [6.2690e-03],
          [1.6835e-05],
          [1.9372e-05],
          [2.0382e-05],
          [2.0093e-05],
          [2.1596e-05],
          [2.0503e-05],
          [4.0678e-04],
          [4.6905e-04],
          [2.0455e-05],
          [1.8497e-05],
          [1.7300e-05],
          [1.3853e-05],
          [1.5326e-05],
          [1.7437e-05],
          [3.4612e-05],
          [6.0058e-04],
          [1.3940e-03],
          [1.3974e-05],
          [1.3347e-05],
          [1.4474e-05],
          [1.5113e-05],
          [4.6587e-04],
          [4.0644e-05],
          [1.8363e-05],
          [2.3841e-03],
          [1.7910e-05],
          [1.2243e-05],
          [1.1717e-05],
          [1.3943e-05],
          [1.3763e-05],
          [1.2324e-05],
          [1.1768e-05],
          [1.1791e-05],
          [4.0817e-05],
          [1.2881e-05],
          [1.2539e-05],
          [1.2056e-05],
          [1.0791e-05],
          [1.0026e-05],
          [1.0868e-05],
          [1.1233e-05],
          [1.2098e-05],
          [6.1991e-04],
          [6.2959e-04],
          [1.3806e-05],
          [1.4568e-05],
          [1.3874e-05],
          [2.1789e-05],
          [2.2306e-05],
          [2.5483e-05],
          [2.5797e-05],
          [2.6636e-05],
          [2.7792e-05],
          [1.8222e-05],
          [8.7406e-04],
          [3.9091e-04],
          [2.9937e-05],
          [8.9268e-04],
          [1.3783e-05],
          [3.5064e-04],
          [4.2168e-04],
          [1.7102e-05],
          [1.8683e-05],
          [2.0385e-05],
          [1.9444e-05],
          [2.1163e-05],
          [2.1666e-05],
          [2.8888e-05],
          [3.0202e-05],
          [4.1098e-05],
          [4.6713e-05],
          [4.9937e-05],
          [1.7689e-04],
          [9.4873e-05],
          [1.5098e-04],
          [3.3415e-04],
          [2.4503e-05],
          [2.3308e-05],
          [4.7529e-04],
          [3.9090e-04],
          [4.3828e-05],
          [8.2284e-04],
          [2.8065e-04],
          [5.2395e-05],
          [7.5656e-04],
          [1.6957e-05],
          [1.0879e-05],
          [1.1857e-05],
          [9.5802e-06],
          [9.6917e-06],
          [1.2783e-05],
          [3.3440e-05],
          [2.0837e-05],
          [2.4296e-05],
          [1.9042e-05],
          [7.3337e-04],
          [4.1194e-05],
          [1.7449e-04],
          [1.2247e-04],
          [1.1767e-05],
          [1.1593e-05],
          [1.6651e-05],
          [1.0238e-05],
          [9.3034e-06],
          [1.7139e-05],
          [8.0150e-04],
          [2.5449e-05],
          [2.9813e-03],
          [1.6435e-05],
          [1.2311e-05],
          [1.1955e-05],
          [1.1375e-05],
          [1.1693e-05],
          [1.1206e-05],
          [1.1751e-05],
          [1.3835e-05],
          [1.3127e-05],
          [1.5451e-05],
          [1.7670e-05],
          [2.0522e-05],
          [6.1200e-04],
          [1.2665e-03],
          [1.6292e-05],
          [1.4004e-05],
          [8.7232e-05],
          [1.1260e-05],
          [1.1968e-05],
          [1.8714e-05],
          [1.8356e-05],
          [2.1328e-05],
          [1.8456e-05],
          [2.0270e-05],
          [1.5722e-05],
          [1.2958e-05],
          [1.1589e-05],
          [1.0657e-05],
          [1.1989e-05],
          [1.1923e-05],
          [1.1453e-05],
          [1.1295e-05],
          [2.0858e-05],
          [1.2468e-05],
          [1.4941e-05],
          [1.6729e-05],
          [1.8982e-05],
          [2.5053e-05],
          [2.4342e-05],
          [3.5268e-05],
          [3.7075e-05],
          [3.2206e-05],
          [1.8965e-05],
          [2.2972e-05],
          [2.7008e-05],
          [2.1879e-05],
          [2.1055e-05],
          [1.6819e-05],
          [1.7968e-05],
          [1.9420e-05],
          [2.0190e-05],
          [2.0431e-05],
          [1.6612e-05],
          [1.5769e-05],
          [1.6618e-05],
          [1.7151e-05],
          [7.4479e-04],
          [4.0657e-05],
          [7.6928e-03],
          [1.5003e-05],
          [1.5416e-05],
          [1.4253e-05],
          [1.4271e-05],
          [1.3250e-05],
          [1.3043e-05],
          [1.2037e-05],
          [1.0910e-05],
          [1.0034e-05],
          [1.0221e-05],
          [1.1017e-05],
          [1.0255e-05],
          [1.2225e-05],
          [1.2096e-05],
          [1.0508e-03],
          [1.2481e-04],
          [2.8163e-03],
          [1.5073e-05],
          [1.1485e-05],
          [1.0383e-05],
          [1.5725e-05],
          [7.6371e-04],
          [1.5670e-03],
          [1.4504e-05],
          [1.3267e-05],
          [1.3254e-05],
          [1.9358e-05],
          [2.0864e-05],
          [2.8359e-05],
          [3.2784e-05],
          [3.5918e-05],
          [3.1188e-05],
          [3.1372e-05],
          [2.0780e-05],
          [1.4314e-05],
          [1.1393e-05],
          [9.7674e-06],
          [1.1300e-05],
          [1.0671e-05],
          [1.2762e-05],
          [2.9485e-05],
          [5.1692e-05],
          [7.5400e-05],
          [7.2214e-05],
          [5.8286e-05],
          [5.8763e-05],
          [3.1739e-05],
          [2.2272e-05],
          [1.7392e-05],
          [4.3192e-04],
          [4.9736e-04],
          [1.5677e-05],
          [1.6313e-05],
          [1.3275e-05],
          [1.2136e-05],
          [1.3813e-05],
          [1.5218e-05],
          [1.2876e-05],
          [3.8963e-04],
          [2.0965e-04],
          [6.1020e-04],
          [1.4134e-03],
          [1.8278e-05],
          [1.5439e-05],
          [1.9735e-05],
          [1.4105e-05],
          [1.4676e-05],
          [4.2975e-04],
          [1.5634e-04],
          [1.9375e-05],
          [6.4596e-05],
          [2.8927e-04],
          [2.0263e-05],
          [6.0443e-04],
          [2.2567e-05],
          [9.5749e-04],
          [1.6461e-05],
          [1.2829e-05],
          [1.2241e-05],
          [1.0362e-05],
          [2.0756e-05],
          [1.3805e-04],
          [8.5098e-06]]]])
