# Using CPU
# Loading Embeddings...
# Making Predictions...
torch.Size([1, 1, 442, 294])
tensor([[[[3.0809e-04],
          [6.3581e-05],
          [1.2271e-04],
          [3.9252e-05],
          [9.7034e-06],
          [2.3418e-04],
          [8.5335e-04],
          [2.2592e-05],
          [1.7006e-04],
          [9.0347e-04],
          [1.8574e-05],
          [1.8451e-05],
          [6.6896e-04],
          [3.6446e-04],
          [3.7245e-05],
          [1.2552e-05],
          [1.5332e-05],
          [1.8179e-05],
          [2.6284e-05],
          [2.4775e-05],
          [5.4596e-04],
          [2.4282e-05],
          [4.3330e-04],
          [1.6038e-05],
          [1.8334e-05],
          [2.8809e-05],
          [3.8931e-05],
          [6.9106e-05],
          [8.3569e-05],
          [1.1114e-04],
          [1.0614e-04],
          [1.3084e-04],
          [1.1849e-04],
          [1.3759e-04],
          [1.1000e-04],
          [7.9234e-05],
          [7.5395e-04],
          [5.1835e-05],
          [1.9154e-04],
          [1.0881e-04],
          [3.4668e-04],
          [2.3114e-05],
          [2.3642e-05],
          [2.8326e-05],
          [1.9504e-05],
          [1.9226e-05],
          [1.4158e-05],
          [1.3260e-05],
          [1.6040e-05],
          [3.4054e-04],
          [3.1098e-04],
          [1.1351e-05],
          [1.0588e-05],
          [3.3301e-04],
          [4.1305e-04],
          [1.6665e-05],
          [1.7757e-05],
          [1.6896e-05],
          [2.1072e-05],
          [2.7937e-05],
          [2.9921e-05],
          [2.7623e-05],
          [3.9084e-04],
          [5.1358e-04],
          [1.9654e-05],
          [1.9887e-05],
          [1.7034e-05],
          [1.4399e-05],
          [1.5697e-05],
          [1.4640e-05],
          [1.5202e-05],
          [4.4297e-04],
          [3.0458e-05],
          [3.8937e-05],
          [1.6253e-05],
          [1.8587e-05],
          [1.4755e-03],
          [1.3663e-05],
          [1.3033e-05],
          [1.2068e-05],
          [4.4679e-04],
          [2.1207e-04],
          [1.2134e-05],
          [1.3109e-05],
          [1.4957e-05],
          [1.6874e-05],
          [1.8052e-05],
          [2.0555e-05],
          [1.8187e-05],
          [1.6296e-05],
          [2.8244e-04],
          [5.3692e-05],
          [3.0117e-04],
          [1.9084e-05],
          [2.5101e-05],
          [3.8627e-05],
          [3.8675e-05],
          [5.4562e-05],
          [4.9259e-05],
          [5.2372e-05],
          [4.7535e-05],
          [3.3142e-05],
          [1.9330e-05],
          [1.6472e-05],
          [1.4005e-05],
          [1.8744e-05],
          [2.2279e-05],
          [2.6932e-05],
          [2.8170e-05],
          [3.0602e-05],
          [2.4433e-05],
          [1.3977e-04],
          [1.7881e-04],
          [2.0595e-05],
          [4.2944e-04],
          [2.0486e-05],
          [1.7391e-05],
          [1.3373e-05],
          [1.6926e-05],
          [2.0499e-05],
          [1.8543e-05],
          [1.2628e-05],
          [1.7134e-05],
          [1.1756e-05],
          [1.4405e-05],
          [1.6818e-05],
          [1.7638e-05],
          [1.7348e-05],
          [2.3235e-05],
          [2.5861e-05],
          [2.6085e-05],
          [8.5363e-04],
          [3.9960e-04],
          [3.2143e-05],
          [3.7230e-05],
          [3.8212e-05],
          [3.1302e-05],
          [3.5064e-05],
          [2.5895e-05],
          [2.7928e-05],
          [2.0800e-05],
          [1.9287e-05],
          [1.2097e-05],
          [1.3958e-05],
          [1.7554e-05],
          [2.6249e-05],
          [2.8414e-05],
          [4.5660e-05],
          [5.9286e-05],
          [1.1029e-04],
          [1.1242e-04],
          [1.3431e-04],
          [1.1696e-04],
          [1.5168e-04],
          [1.0541e-04],
          [8.7538e-05],
          [2.8491e-04],
          [4.0377e-04],
          [1.3092e-04],
          [7.5832e-04],
          [2.8065e-05],
          [1.6623e-05],
          [1.6260e-05],
          [1.9466e-05],
          [2.3142e-05],
          [2.9293e-05],
          [2.8601e-05],
          [2.7731e-05],
          [2.9933e-05],
          [3.0270e-05],
          [2.7758e-05],
          [2.9622e-04],
          [4.9163e-04],
          [4.3879e-05],
          [5.7419e-05],
          [6.2616e-05],
          [6.6050e-05],
          [5.5632e-05],
          [3.1187e-04],
          [5.0480e-05],
          [5.2801e-04],
          [1.7985e-05],
          [1.7406e-05],
          [5.2635e-04],
          [1.7333e-05],
          [3.2168e-04],
          [2.0993e-05],
          [2.2180e-05],
          [1.7951e-05],
          [3.4034e-04],
          [3.6250e-05],
          [1.4354e-03],
          [2.2887e-05],
          [3.0853e-05],
          [3.1858e-05],
          [3.1550e-05],
          [3.6660e-05],
          [2.7784e-05],
          [2.7957e-04],
          [2.3541e-04],
          [2.0314e-05],
          [1.7414e-05],
          [1.6000e-05],
          [1.5773e-05],
          [1.3612e-05],
          [1.2775e-05],
          [1.7531e-05],
          [3.5291e-04],
          [4.9405e-04],
          [1.2120e-05],
          [1.3097e-05],
          [1.4401e-05],
          [1.5016e-05],
          [3.4957e-04],
          [3.5242e-05],
          [2.9332e-05],
          [7.6482e-04],
          [1.5315e-05],
          [1.4978e-05],
          [1.2155e-05],
          [1.2323e-05],
          [1.3272e-05],
          [1.1784e-05],
          [1.1211e-05],
          [1.1769e-05],
          [1.5775e-05],
          [1.4607e-05],
          [1.1565e-05],
          [1.2056e-05],
          [9.9015e-06],
          [9.8204e-06],
          [1.0874e-05],
          [1.1191e-05],
          [1.1745e-05],
          [2.4392e-04],
          [2.3067e-04],
          [1.4823e-05],
          [1.6046e-05],
          [1.1917e-05],
          [2.2535e-05],
          [2.1115e-05],
          [3.0518e-05],
          [2.5712e-05],
          [3.2643e-05],
          [3.0969e-05],
          [1.8749e-05],
          [3.8897e-04],
          [1.9373e-04],
          [1.9490e-05],
          [3.5979e-04],
          [1.3234e-05],
          [2.9744e-04],
          [2.1832e-04],
          [1.7555e-05],
          [1.9980e-05],
          [2.2838e-05],
          [2.3663e-05],
          [3.4487e-05],
          [4.0907e-05],
          [6.3664e-05],
          [6.6756e-05],
          [1.1953e-04],
          [1.6193e-04],
          [2.7423e-04],
          [2.3969e-04],
          [2.5954e-04],
          [1.5896e-04],
          [2.8605e-04],
          [6.4755e-05],
          [6.1914e-05],
          [4.1096e-04],
          [1.5475e-04],
          [2.8402e-05],
          [2.6871e-04],
          [2.2842e-04],
          [4.1161e-05],
          [3.8767e-04],
          [1.6916e-05],
          [1.2880e-05],
          [1.0541e-05],
          [9.4923e-06],
          [1.1315e-05],
          [1.2718e-05],
          [2.9688e-05],
          [2.2642e-05],
          [2.9415e-05],
          [2.1004e-05],
          [7.2007e-04],
          [3.4512e-05],
          [8.7974e-05],
          [9.7450e-05],
          [1.1451e-05],
          [9.8375e-06],
          [1.0454e-05],
          [9.8255e-06],
          [1.0379e-05],
          [9.6217e-06],
          [6.3666e-04],
          [3.0137e-05],
          [8.2101e-04],
          [1.3838e-05],
          [1.0538e-05],
          [1.2456e-05],
          [1.2455e-05],
          [1.2386e-05],
          [1.2434e-05],
          [1.1798e-05],
          [1.3345e-05],
          [1.4672e-05],
          [2.1874e-05],
          [2.8932e-05],
          [3.5170e-05],
          [2.9451e-04],
          [4.4011e-04],
          [1.8266e-05],
          [1.4562e-05],
          [5.6807e-05],
          [1.0410e-05],
          [1.2396e-05],
          [2.1347e-05],
          [2.4152e-05],
          [2.0006e-05],
          [1.5130e-05],
          [1.4514e-05],
          [1.2934e-05],
          [1.1097e-05],
          [1.0748e-05],
          [1.0426e-05],
          [1.1180e-05],
          [1.1754e-05],
          [1.1226e-05],
          [1.1457e-05],
          [1.2866e-05],
          [1.0923e-05],
          [1.7098e-05],
          [1.8014e-05],
          [2.0926e-05],
          [2.4495e-05],
          [2.2491e-05],
          [3.5524e-05],
          [3.8434e-05],
          [3.6105e-05],
          [2.0620e-05],
          [2.3958e-05],
          [2.0660e-05],
          [2.0266e-05],
          [1.4661e-05],
          [1.6642e-05],
          [1.5132e-05],
          [1.9721e-05],
          [2.0226e-05],
          [1.9146e-05],
          [1.6892e-05],
          [1.7587e-05],
          [1.4249e-05],
          [1.3374e-05],
          [3.6412e-04],
          [3.9906e-05],
          [1.4409e-03],
          [1.5645e-05],
          [1.7060e-05],
          [4.2486e-05],
          [1.5136e-05],
          [1.4512e-05],
          [1.3661e-05],
          [1.2509e-05],
          [1.1541e-05],
          [1.0130e-05],
          [9.6176e-06],
          [1.0252e-05],
          [1.0833e-05],
          [1.4235e-05],
          [1.4748e-05],
          [3.7131e-04],
          [9.9947e-05],
          [7.8327e-04],
          [1.3664e-05],
          [1.0726e-05],
          [1.0058e-05],
          [1.2455e-05],
          [7.5190e-04],
          [5.2289e-04],
          [1.6884e-05],
          [1.3923e-05],
          [1.2116e-05],
          [1.6313e-05],
          [2.0639e-05],
          [3.0888e-05],
          [4.4247e-05],
          [4.4561e-05],
          [3.2486e-05],
          [2.6011e-05],
          [1.9733e-05],
          [1.2288e-05],
          [1.1683e-05],
          [9.3088e-06],
          [9.9151e-06],
          [1.9846e-05],
          [1.4609e-05],
          [3.2726e-05],
          [5.4375e-05],
          [7.2738e-05],
          [8.6234e-05],
          [5.7809e-05],
          [4.4331e-05],
          [2.2859e-05],
          [2.2060e-05],
          [1.9423e-05],
          [3.7069e-04],
          [2.4346e-04],
          [2.0936e-05],
          [1.7545e-05],
          [1.6009e-05],
          [1.3838e-05],
          [1.5528e-05],
          [1.4252e-05],
          [1.4503e-05],
          [1.3811e-04],
          [8.9954e-05],
          [2.2429e-04],
          [3.9972e-04],
          [1.7606e-05],
          [1.4490e-05],
          [1.9411e-05],
          [1.6204e-05],
          [1.5848e-05],
          [3.3928e-04],
          [1.7258e-04],
          [1.6103e-05],
          [8.2842e-05],
          [1.6293e-04],
          [1.7515e-05],
          [5.2891e-04],
          [2.2830e-05],
          [3.9737e-04],
          [1.7020e-05],
          [1.4491e-05],
          [1.2135e-05],
          [1.1880e-05],
          [1.3049e-05],
          [1.2050e-04],
          [6.7104e-06]]]])
