# Using CPU
# Loading Embeddings...
# Making Predictions...
torch.Size([1, 1, 442, 258])
tensor([[[[2.1652e-04],
          [5.1195e-05],
          [1.4911e-04],
          [2.2985e-05],
          [8.8109e-06],
          [7.0296e-04],
          [9.6299e-04],
          [1.5208e-05],
          [6.1800e-04],
          [9.7554e-04],
          [1.7995e-05],
          [1.7489e-05],
          [4.8294e-04],
          [2.0710e-04],
          [1.3568e-05],
          [1.9643e-05],
          [1.2290e-05],
          [1.1542e-05],
          [1.6041e-05],
          [1.5285e-05],
          [1.0549e-03],
          [3.3806e-05],
          [5.6736e-04],
          [1.5753e-05],
          [1.7524e-05],
          [2.6173e-05],
          [3.1314e-05],
          [5.2605e-05],
          [6.1598e-05],
          [8.3591e-05],
          [7.7506e-05],
          [9.0361e-05],
          [8.6158e-05],
          [9.0570e-05],
          [6.8203e-05],
          [6.0301e-05],
          [2.0675e-03],
          [7.9206e-05],
          [2.3638e-04],
          [2.4561e-04],
          [4.4725e-04],
          [2.2340e-05],
          [1.9125e-05],
          [2.0068e-05],
          [1.4988e-05],
          [1.5361e-05],
          [1.3146e-05],
          [1.1619e-05],
          [1.2119e-05],
          [3.4080e-04],
          [3.6866e-04],
          [1.1484e-05],
          [1.2588e-05],
          [8.3472e-04],
          [5.3746e-04],
          [1.3737e-05],
          [1.4568e-05],
          [1.4156e-05],
          [1.6363e-05],
          [1.8925e-05],
          [1.7532e-05],
          [1.7622e-05],
          [6.7689e-04],
          [2.4923e-04],
          [1.5338e-05],
          [1.5415e-05],
          [1.4802e-05],
          [1.5185e-05],
          [1.5943e-05],
          [1.4026e-05],
          [1.4996e-05],
          [3.3997e-04],
          [3.1281e-05],
          [2.4418e-05],
          [1.9480e-05],
          [1.9235e-05],
          [1.5572e-03],
          [1.3685e-05],
          [1.2522e-05],
          [1.2925e-05],
          [2.9574e-04],
          [2.2674e-04],
          [1.2112e-05],
          [1.3031e-05],
          [1.4224e-05],
          [1.5699e-05],
          [1.7292e-05],
          [2.0120e-05],
          [1.7876e-05],
          [1.6036e-05],
          [6.9968e-04],
          [4.2150e-05],
          [3.6145e-04],
          [1.6242e-05],
          [2.4775e-05],
          [2.9618e-05],
          [3.2862e-05],
          [5.0528e-05],
          [3.3275e-05],
          [3.4401e-05],
          [3.0276e-05],
          [2.1663e-05],
          [1.3892e-05],
          [1.1193e-05],
          [1.2958e-05],
          [1.7044e-05],
          [1.9158e-05],
          [2.3402e-05],
          [2.5934e-05],
          [2.6279e-05],
          [2.1428e-05],
          [3.2339e-04],
          [2.4522e-04],
          [3.0042e-05],
          [2.3777e-04],
          [1.4645e-05],
          [1.3031e-05],
          [1.1876e-05],
          [1.3778e-05],
          [1.3340e-05],
          [1.4312e-05],
          [1.1369e-05],
          [1.3166e-05],
          [1.1295e-05],
          [1.3518e-05],
          [1.4067e-05],
          [1.5811e-05],
          [1.4660e-05],
          [1.7205e-05],
          [1.7717e-05],
          [1.8281e-05],
          [4.7714e-04],
          [3.3722e-04],
          [1.9205e-05],
          [2.4046e-05],
          [2.0268e-05],
          [1.7619e-05],
          [1.8095e-05],
          [1.5111e-05],
          [1.5754e-05],
          [1.5276e-05],
          [1.2792e-05],
          [1.1112e-05],
          [1.2534e-05],
          [1.4224e-05],
          [1.7100e-05],
          [1.8487e-05],
          [2.2950e-05],
          [2.8862e-05],
          [3.4880e-05],
          [3.6020e-05],
          [3.7004e-05],
          [3.8862e-05],
          [4.8186e-05],
          [4.3334e-05],
          [3.6448e-05],
          [9.9921e-04],
          [4.1333e-04],
          [3.9363e-04],
          [9.9686e-04],
          [3.2367e-05],
          [1.4490e-05],
          [1.4664e-05],
          [1.4767e-05],
          [1.4770e-05],
          [1.9318e-05],
          [1.6579e-05],
          [1.7179e-05],
          [1.7542e-05],
          [1.8784e-05],
          [1.7427e-05],
          [7.5435e-04],
          [6.5288e-04],
          [2.1632e-05],
          [2.4936e-05],
          [4.2078e-05],
          [2.7910e-05],
          [2.5578e-05],
          [4.1636e-04],
          [4.7145e-05],
          [2.7818e-04],
          [1.5828e-05],
          [1.4609e-05],
          [2.7564e-04],
          [1.8761e-05],
          [3.6868e-04],
          [2.0544e-05],
          [2.2446e-05],
          [2.1628e-05],
          [1.0460e-03],
          [2.5674e-05],
          [2.0335e-03],
          [1.6823e-05],
          [2.1458e-05],
          [2.1934e-05],
          [2.0654e-05],
          [2.2327e-05],
          [2.2655e-05],
          [3.9545e-04],
          [2.5502e-04],
          [1.9299e-05],
          [1.6830e-05],
          [1.6436e-05],
          [1.5376e-05],
          [2.1141e-05],
          [2.4596e-05],
          [3.3523e-05],
          [6.6822e-04],
          [5.9930e-04],
          [2.0249e-05],
          [1.6025e-05],
          [1.4541e-05],
          [1.5292e-05],
          [7.1249e-04],
          [3.6561e-05],
          [2.2138e-05],
          [1.0900e-03],
          [1.5452e-05],
          [1.4183e-05],
          [1.2839e-05],
          [1.2982e-05],
          [1.4736e-05],
          [1.6709e-05],
          [1.4403e-05],
          [1.4080e-05],
          [4.2767e-05],
          [1.6314e-05],
          [1.5917e-05],
          [1.2539e-05],
          [1.0342e-05],
          [9.2681e-06],
          [1.1755e-05],
          [1.1109e-05],
          [1.1757e-05],
          [8.4031e-04],
          [3.5761e-04],
          [1.3187e-05],
          [1.5007e-05],
          [1.5549e-05],
          [2.4124e-05],
          [2.2984e-05],
          [1.9994e-05],
          [1.9175e-05],
          [2.2169e-05],
          [2.2248e-05],
          [1.4123e-05],
          [5.4616e-04],
          [1.8040e-04],
          [2.1964e-05],
          [2.4282e-04],
          [1.1924e-05],
          [4.1497e-04],
          [2.1796e-04],
          [1.9978e-05],
          [2.1273e-05],
          [2.0686e-05],
          [2.2330e-05],
          [2.6112e-05],
          [2.8127e-05],
          [2.9851e-05],
          [3.1975e-05],
          [4.3726e-05],
          [4.8907e-05],
          [6.0903e-05],
          [1.1211e-04],
          [5.3858e-05],
          [9.0980e-05],
          [4.6721e-04],
          [3.3267e-05],
          [3.7778e-05],
          [3.1947e-04],
          [3.7813e-04],
          [3.0121e-05],
          [3.7865e-04],
          [1.7989e-04],
          [4.1201e-05],
          [2.1952e-04],
          [1.4144e-05],
          [1.1811e-05],
          [1.0591e-05],
          [9.5223e-06],
          [1.0143e-05],
          [1.1047e-05],
          [1.3931e-05],
          [1.4795e-05],
          [1.8749e-05],
          [1.5933e-05],
          [7.8916e-04],
          [5.1765e-05],
          [1.2435e-04],
          [1.1748e-04],
          [1.2252e-05],
          [1.2042e-05],
          [1.1565e-05],
          [1.1303e-05],
          [1.0710e-05],
          [1.2987e-05],
          [6.4674e-04],
          [2.4398e-05],
          [9.8304e-04],
          [1.3774e-05],
          [1.2307e-05],
          [1.2787e-05],
          [1.3568e-05],
          [1.2874e-05],
          [1.3769e-05],
          [1.3619e-05],
          [1.3926e-05],
          [1.3233e-05],
          [1.4674e-05],
          [1.7491e-05],
          [1.9009e-05],
          [6.7934e-04],
          [4.9079e-04],
          [1.8650e-05],
          [1.5364e-05],
          [2.1681e-05],
          [1.1110e-05],
          [1.6932e-05],
          [2.3405e-05],
          [2.5572e-05],
          [2.3012e-05],
          [6.2026e-05],
          [2.3541e-05],
          [2.4771e-05],
          [1.6646e-05],
          [1.5555e-05],
          [1.6666e-05],
          [1.5577e-05],
          [1.6868e-05],
          [1.9444e-05],
          [2.0905e-05],
          [2.4395e-05],
          [1.9529e-05],
          [1.8759e-05],
          [2.2848e-05],
          [2.2737e-05],
          [2.2777e-05],
          [2.3892e-05],
          [2.7607e-05],
          [2.8256e-05],
          [2.7547e-05],
          [2.5016e-05],
          [2.1566e-05],
          [2.4787e-05],
          [2.4308e-05],
          [2.0647e-05],
          [1.7738e-05],
          [1.8924e-05],
          [1.8774e-05],
          [1.6820e-05],
          [1.6173e-05],
          [1.3436e-05],
          [1.5254e-05],
          [1.4502e-05],
          [1.6216e-05],
          [8.0613e-04],
          [3.2199e-05],
          [2.1951e-03],
          [1.5510e-05],
          [1.8018e-05],
          [1.7711e-05],
          [1.5352e-05],
          [1.8944e-05],
          [1.7411e-05],
          [1.7460e-05],
          [1.5649e-05],
          [1.5546e-05],
          [1.5188e-05],
          [1.7350e-05],
          [1.5947e-05],
          [1.2800e-05],
          [1.1236e-05],
          [9.3331e-04],
          [9.0796e-05],
          [1.1039e-03],
          [1.1948e-05],
          [1.1348e-05],
          [1.0138e-05],
          [1.0975e-05],
          [5.1947e-04],
          [5.7542e-04],
          [1.3357e-05],
          [1.3953e-05],
          [1.3044e-05],
          [1.6732e-05],
          [2.1881e-05],
          [2.9138e-05],
          [3.0653e-05],
          [3.0509e-05],
          [2.6242e-05],
          [2.7625e-05],
          [3.1958e-05],
          [2.6702e-05],
          [1.7817e-05],
          [1.6643e-05],
          [1.6980e-05],
          [1.5197e-05],
          [1.3016e-05],
          [1.8630e-05],
          [2.9982e-05],
          [4.7424e-05],
          [4.5399e-05],
          [3.1464e-05],
          [2.7855e-05],
          [2.3283e-05],
          [2.3043e-05],
          [2.0374e-05],
          [3.1045e-04],
          [2.7287e-04],
          [1.9996e-05],
          [1.8211e-05],
          [1.5273e-05],
          [1.3414e-05],
          [1.4408e-05],
          [1.6062e-05],
          [1.6628e-05],
          [2.4848e-04],
          [1.2014e-04],
          [4.3877e-04],
          [5.5829e-04],
          [1.8616e-05],
          [1.4046e-05],
          [1.6559e-05],
          [1.5778e-05],
          [1.5336e-05],
          [4.4170e-04],
          [1.2756e-04],
          [1.9067e-05],
          [8.1724e-05],
          [1.4271e-04],
          [2.1268e-05],
          [3.7560e-04],
          [2.6124e-05],
          [3.0509e-04],
          [2.2511e-05],
          [1.4376e-05],
          [1.2510e-05],
          [1.2479e-05],
          [1.7397e-05],
          [1.4756e-04],
          [6.6329e-06]]]])
