# Using CPU
# Loading Embeddings...
# Making Predictions...
torch.Size([1, 1, 442, 258])
tensor([[[[1.3667e-04],
          [3.7851e-05],
          [1.3841e-04],
          [2.3216e-05],
          [8.9041e-06],
          [2.9013e-04],
          [2.8879e-04],
          [1.5309e-05],
          [1.8069e-04],
          [3.1935e-04],
          [1.8770e-05],
          [1.8099e-05],
          [6.9337e-04],
          [4.6784e-04],
          [1.2687e-05],
          [1.1386e-05],
          [1.2684e-05],
          [1.2643e-05],
          [1.4903e-05],
          [2.0075e-05],
          [6.9158e-04],
          [2.4173e-05],
          [2.2018e-04],
          [1.7271e-05],
          [1.9135e-05],
          [2.6065e-05],
          [3.8474e-05],
          [7.1089e-05],
          [9.6405e-05],
          [1.3596e-04],
          [1.3711e-04],
          [1.6379e-04],
          [1.5356e-04],
          [1.6782e-04],
          [1.2937e-04],
          [9.3688e-05],
          [3.6733e-04],
          [5.7353e-05],
          [1.9293e-04],
          [5.3026e-05],
          [2.5973e-04],
          [2.5769e-05],
          [2.5203e-05],
          [2.7999e-05],
          [1.9533e-05],
          [1.8222e-05],
          [1.5092e-05],
          [1.6100e-05],
          [1.6342e-05],
          [2.7011e-04],
          [2.4712e-04],
          [1.2903e-05],
          [1.2900e-05],
          [3.7070e-04],
          [2.1233e-04],
          [1.5025e-05],
          [1.6952e-05],
          [1.6747e-05],
          [2.0129e-05],
          [2.4063e-05],
          [2.3885e-05],
          [2.1682e-05],
          [2.4540e-04],
          [3.5627e-04],
          [1.8286e-05],
          [1.8602e-05],
          [1.6435e-05],
          [1.5103e-05],
          [1.5983e-05],
          [1.5208e-05],
          [1.4819e-05],
          [3.8427e-04],
          [3.7721e-05],
          [5.6477e-05],
          [1.5173e-05],
          [2.3291e-05],
          [6.0958e-04],
          [1.7506e-05],
          [1.4322e-05],
          [1.2542e-05],
          [4.6356e-04],
          [4.6628e-04],
          [1.2603e-05],
          [1.4238e-05],
          [1.6305e-05],
          [1.9236e-05],
          [2.0955e-05],
          [2.2049e-05],
          [1.9423e-05],
          [1.6817e-05],
          [3.5176e-04],
          [1.4420e-04],
          [5.6946e-04],
          [1.4565e-05],
          [1.1870e-05],
          [1.5793e-05],
          [1.8759e-05],
          [2.9826e-05],
          [2.6993e-05],
          [2.7437e-05],
          [2.7700e-05],
          [1.9112e-05],
          [1.5118e-05],
          [1.2143e-05],
          [1.3297e-05],
          [1.8509e-05],
          [2.0291e-05],
          [2.5064e-05],
          [2.8255e-05],
          [2.8634e-05],
          [2.3139e-05],
          [1.8051e-04],
          [1.3507e-04],
          [3.3674e-05],
          [5.8146e-04],
          [1.5642e-05],
          [1.4246e-05],
          [1.2891e-05],
          [1.5657e-05],
          [1.7979e-05],
          [1.6638e-05],
          [1.4866e-05],
          [1.9378e-05],
          [1.2203e-05],
          [1.4018e-05],
          [1.4438e-05],
          [1.5680e-05],
          [1.5391e-05],
          [1.8974e-05],
          [2.2418e-05],
          [3.9566e-05],
          [4.7583e-04],
          [7.2908e-04],
          [5.8214e-05],
          [3.7993e-05],
          [3.4627e-05],
          [2.6574e-05],
          [2.3854e-05],
          [2.0725e-05],
          [1.9066e-05],
          [1.6054e-05],
          [1.5653e-05],
          [1.2683e-05],
          [1.3902e-05],
          [1.5454e-05],
          [2.0111e-05],
          [2.2081e-05],
          [2.8861e-05],
          [3.7845e-05],
          [5.4905e-05],
          [6.1489e-05],
          [7.3108e-05],
          [7.5023e-05],
          [9.0233e-05],
          [8.7492e-05],
          [6.4782e-05],
          [3.4579e-04],
          [1.5012e-04],
          [3.1020e-04],
          [2.9479e-04],
          [1.7588e-05],
          [1.8895e-05],
          [2.3623e-05],
          [3.1752e-05],
          [2.1285e-05],
          [2.3117e-05],
          [2.5019e-05],
          [2.2513e-05],
          [2.3562e-05],
          [2.2138e-05],
          [2.0896e-05],
          [5.7754e-04],
          [2.8715e-04],
          [2.9953e-05],
          [3.5491e-05],
          [3.7770e-05],
          [3.9706e-05],
          [3.6696e-05],
          [3.4072e-04],
          [3.4866e-05],
          [8.3214e-04],
          [1.7287e-05],
          [1.7561e-05],
          [5.2878e-04],
          [2.5333e-05],
          [5.4522e-04],
          [1.3716e-05],
          [1.1807e-05],
          [1.1247e-05],
          [3.8896e-04],
          [1.6996e-05],
          [3.7754e-04],
          [1.8618e-05],
          [2.5487e-05],
          [2.5370e-05],
          [2.5340e-05],
          [2.9153e-05],
          [2.3801e-05],
          [4.9799e-04],
          [3.4887e-04],
          [2.1584e-05],
          [1.8320e-05],
          [1.7511e-05],
          [1.3906e-05],
          [1.5136e-05],
          [1.7608e-05],
          [1.3674e-05],
          [5.2158e-04],
          [2.0199e-04],
          [1.4281e-05],
          [1.3756e-05],
          [1.4586e-05],
          [1.4883e-05],
          [6.8498e-04],
          [3.5394e-05],
          [2.6133e-05],
          [4.7951e-04],
          [1.7277e-05],
          [2.0009e-05],
          [1.3875e-05],
          [1.1623e-05],
          [1.3726e-05],
          [1.1561e-05],
          [1.1277e-05],
          [1.2108e-05],
          [1.6095e-05],
          [1.6450e-05],
          [1.3416e-05],
          [1.3994e-05],
          [1.0715e-05],
          [1.1073e-05],
          [1.1590e-05],
          [1.2519e-05],
          [1.3599e-05],
          [3.8243e-04],
          [1.6095e-04],
          [1.3564e-05],
          [1.6032e-05],
          [1.2892e-05],
          [2.0315e-05],
          [2.0694e-05],
          [2.5404e-05],
          [2.1154e-05],
          [2.4826e-05],
          [2.8018e-05],
          [1.4928e-05],
          [2.5093e-04],
          [1.0119e-04],
          [3.0806e-05],
          [6.6964e-04],
          [1.0582e-05],
          [3.1908e-04],
          [1.7678e-04],
          [2.1854e-05],
          [2.7231e-05],
          [3.0831e-05],
          [2.9704e-05],
          [3.4998e-05],
          [3.0749e-05],
          [4.1945e-05],
          [4.2026e-05],
          [5.5824e-05],
          [7.0790e-05],
          [1.0032e-04],
          [1.0649e-04],
          [1.1420e-04],
          [1.0767e-04],
          [1.0322e-04],
          [3.2352e-05],
          [3.2506e-05],
          [4.2339e-04],
          [3.1182e-04],
          [3.3891e-05],
          [2.2191e-04],
          [1.2925e-04],
          [3.7106e-05],
          [6.5377e-04],
          [1.4533e-05],
          [1.2873e-05],
          [1.1705e-05],
          [9.5083e-06],
          [9.9518e-06],
          [1.0227e-05],
          [2.4146e-05],
          [1.3667e-05],
          [1.9815e-05],
          [1.6246e-05],
          [5.1812e-04],
          [4.8341e-05],
          [2.3529e-04],
          [8.5689e-05],
          [1.2351e-05],
          [1.1890e-05],
          [1.1857e-05],
          [1.1017e-05],
          [1.1788e-05],
          [1.0705e-05],
          [6.6769e-04],
          [2.7827e-05],
          [3.0821e-04],
          [1.3871e-05],
          [1.4967e-05],
          [1.6127e-05],
          [1.7370e-05],
          [1.6686e-05],
          [1.7931e-05],
          [1.7428e-05],
          [2.2421e-05],
          [1.8480e-05],
          [2.3369e-05],
          [2.2686e-05],
          [2.7101e-05],
          [5.8945e-04],
          [2.0417e-04],
          [2.1103e-05],
          [1.9243e-05],
          [2.3736e-05],
          [1.4248e-05],
          [1.3438e-05],
          [1.7311e-05],
          [2.1928e-05],
          [1.8419e-05],
          [1.4610e-05],
          [1.3276e-05],
          [1.3236e-05],
          [1.0443e-05],
          [1.2682e-05],
          [1.4292e-05],
          [1.5310e-05],
          [1.4184e-05],
          [1.6310e-05],
          [1.6858e-05],
          [1.8248e-05],
          [1.6837e-05],
          [1.6021e-05],
          [1.9494e-05],
          [2.2130e-05],
          [2.3677e-05],
          [2.0440e-05],
          [3.4219e-05],
          [3.1248e-05],
          [3.1056e-05],
          [2.4231e-05],
          [2.5254e-05],
          [2.4817e-05],
          [3.1944e-05],
          [2.4391e-05],
          [1.9445e-05],
          [2.8940e-05],
          [2.0991e-05],
          [2.4085e-05],
          [2.1660e-05],
          [1.7606e-05],
          [2.2455e-05],
          [1.7374e-05],
          [1.8109e-05],
          [2.1666e-04],
          [2.8553e-05],
          [3.6906e-04],
          [2.1701e-05],
          [2.2000e-05],
          [1.9456e-05],
          [1.9869e-05],
          [1.6772e-05],
          [1.3287e-05],
          [1.1885e-05],
          [1.0734e-05],
          [9.5891e-06],
          [1.0858e-05],
          [1.2473e-05],
          [1.2849e-05],
          [1.3918e-05],
          [1.4057e-05],
          [2.1344e-04],
          [1.2651e-04],
          [4.3706e-04],
          [1.2026e-05],
          [1.1569e-05],
          [1.1336e-05],
          [1.7041e-05],
          [6.6658e-04],
          [1.9083e-04],
          [1.9755e-05],
          [2.1156e-05],
          [2.1293e-05],
          [3.0974e-05],
          [3.3822e-05],
          [3.9493e-05],
          [4.0290e-05],
          [3.4001e-05],
          [2.8386e-05],
          [2.1982e-05],
          [1.9074e-05],
          [1.3401e-05],
          [1.0728e-05],
          [1.0491e-05],
          [1.0080e-05],
          [1.1898e-05],
          [1.3845e-05],
          [2.9052e-05],
          [3.8985e-05],
          [4.7156e-05],
          [5.9239e-05],
          [3.3804e-05],
          [3.2001e-05],
          [2.7754e-05],
          [2.4343e-05],
          [1.8491e-05],
          [2.5571e-04],
          [2.1685e-04],
          [2.2019e-05],
          [1.9781e-05],
          [1.7420e-05],
          [1.6241e-05],
          [2.1086e-05],
          [1.8825e-05],
          [2.4083e-05],
          [1.0199e-04],
          [4.6200e-05],
          [2.9224e-04],
          [1.6280e-04],
          [2.5552e-05],
          [2.1169e-05],
          [1.8997e-05],
          [1.5795e-05],
          [1.4983e-05],
          [3.6090e-04],
          [9.1204e-05],
          [2.4593e-05],
          [7.3843e-05],
          [2.0036e-04],
          [2.0047e-05],
          [2.8528e-04],
          [1.6735e-05],
          [6.6766e-04],
          [1.8071e-05],
          [1.4507e-05],
          [1.1533e-05],
          [1.1762e-05],
          [1.2343e-05],
          [3.3540e-05],
          [5.6425e-06]]]])
