# Using CPU
# Loading Embeddings...
# Making Predictions...
torch.Size([1, 1, 442, 267])
tensor([[[[9.6157e-05],
          [2.4343e-05],
          [7.9562e-05],
          [3.3279e-05],
          [1.0221e-05],
          [2.1201e-04],
          [3.2680e-04],
          [2.5792e-05],
          [1.9553e-04],
          [3.9907e-04],
          [1.4393e-05],
          [1.3614e-05],
          [4.2208e-04],
          [3.4607e-04],
          [4.0179e-05],
          [1.1898e-05],
          [1.2022e-05],
          [1.2047e-05],
          [1.2842e-05],
          [1.4830e-05],
          [2.7735e-04],
          [2.5122e-05],
          [2.1682e-04],
          [1.6676e-05],
          [1.4458e-05],
          [2.0668e-05],
          [2.6933e-05],
          [4.4009e-05],
          [4.7270e-05],
          [5.8906e-05],
          [5.9453e-05],
          [7.2778e-05],
          [6.4790e-05],
          [7.1068e-05],
          [5.5090e-05],
          [5.2726e-05],
          [2.0528e-03],
          [1.0459e-04],
          [2.9201e-04],
          [1.9436e-04],
          [2.1978e-04],
          [2.1591e-05],
          [1.7365e-05],
          [1.9317e-05],
          [1.6666e-05],
          [1.7027e-05],
          [1.4486e-05],
          [1.4557e-05],
          [1.3859e-05],
          [2.0252e-04],
          [1.9152e-04],
          [1.3779e-05],
          [1.2688e-05],
          [3.1691e-04],
          [2.2099e-04],
          [1.5501e-05],
          [1.4909e-05],
          [1.6186e-05],
          [1.6938e-05],
          [1.8609e-05],
          [1.7978e-05],
          [1.5766e-05],
          [3.2414e-04],
          [2.8878e-04],
          [1.9596e-05],
          [2.0088e-05],
          [2.3696e-05],
          [2.2288e-05],
          [1.9741e-05],
          [2.2815e-05],
          [1.4422e-05],
          [3.1673e-04],
          [2.3641e-05],
          [3.3680e-05],
          [1.6667e-05],
          [2.0431e-05],
          [5.9537e-04],
          [1.5043e-05],
          [1.5304e-05],
          [1.3291e-05],
          [1.5910e-04],
          [2.1040e-04],
          [1.5491e-05],
          [1.4162e-05],
          [1.2339e-05],
          [1.4137e-05],
          [1.4813e-05],
          [1.6977e-05],
          [1.5733e-05],
          [1.5166e-05],
          [2.3227e-04],
          [3.2647e-05],
          [3.1606e-04],
          [1.3406e-05],
          [1.4124e-05],
          [1.5822e-05],
          [1.7495e-05],
          [2.3029e-05],
          [1.8468e-05],
          [2.1414e-05],
          [1.9189e-05],
          [1.6057e-05],
          [1.4370e-05],
          [1.4674e-05],
          [1.7871e-05],
          [1.7093e-05],
          [1.4575e-05],
          [1.7207e-05],
          [1.8495e-05],
          [1.9170e-05],
          [1.7871e-05],
          [8.5227e-05],
          [1.3183e-04],
          [2.0189e-05],
          [3.4035e-04],
          [1.3573e-05],
          [1.1674e-05],
          [1.3381e-05],
          [1.2752e-05],
          [1.2970e-05],
          [1.2555e-05],
          [1.2781e-05],
          [1.4412e-05],
          [1.7478e-05],
          [1.5223e-05],
          [1.6674e-05],
          [1.7665e-05],
          [1.7889e-05],
          [2.0830e-05],
          [2.8823e-05],
          [2.5960e-05],
          [4.1702e-04],
          [2.9711e-04],
          [3.8164e-05],
          [2.6507e-05],
          [2.2823e-05],
          [1.9072e-05],
          [1.9334e-05],
          [1.9306e-05],
          [1.3396e-05],
          [1.7071e-05],
          [1.5819e-05],
          [1.3119e-05],
          [1.3389e-05],
          [1.5451e-05],
          [1.6189e-05],
          [1.6419e-05],
          [2.1568e-05],
          [2.6288e-05],
          [3.6948e-05],
          [3.7582e-05],
          [3.7520e-05],
          [3.7881e-05],
          [4.1870e-05],
          [3.8163e-05],
          [3.5437e-05],
          [2.1954e-04],
          [1.9710e-04],
          [1.4981e-04],
          [3.8660e-04],
          [2.2370e-05],
          [1.9947e-05],
          [2.4539e-05],
          [2.6401e-05],
          [2.1012e-05],
          [2.6935e-05],
          [2.4786e-05],
          [2.3314e-05],
          [2.1214e-05],
          [1.8808e-05],
          [2.0095e-05],
          [2.6658e-04],
          [1.9932e-04],
          [2.0841e-05],
          [2.2913e-05],
          [2.4550e-05],
          [2.6403e-05],
          [2.3008e-05],
          [2.1939e-04],
          [4.0108e-05],
          [4.2466e-04],
          [1.5072e-05],
          [1.9691e-05],
          [1.4702e-04],
          [1.3456e-05],
          [1.6877e-04],
          [1.3985e-05],
          [1.3256e-05],
          [1.1977e-05],
          [2.3053e-04],
          [3.7831e-05],
          [5.5094e-04],
          [1.7246e-05],
          [1.9512e-05],
          [1.9294e-05],
          [1.8879e-05],
          [2.2590e-05],
          [1.7425e-05],
          [2.1936e-04],
          [2.5010e-04],
          [1.6610e-05],
          [1.5152e-05],
          [1.6242e-05],
          [1.3319e-05],
          [1.4749e-05],
          [1.5551e-05],
          [2.5040e-05],
          [2.1635e-04],
          [2.1136e-04],
          [1.6075e-05],
          [1.5860e-05],
          [1.5174e-05],
          [1.3963e-05],
          [2.1414e-04],
          [3.6559e-05],
          [1.8404e-05],
          [3.9531e-04],
          [1.4211e-05],
          [1.3271e-05],
          [1.4533e-05],
          [1.5817e-05],
          [1.7803e-05],
          [1.7257e-05],
          [1.5594e-05],
          [1.8493e-05],
          [3.4099e-05],
          [2.1918e-05],
          [1.9805e-05],
          [1.8447e-05],
          [1.6757e-05],
          [1.5429e-05],
          [1.5270e-05],
          [1.4791e-05],
          [1.4076e-05],
          [2.2341e-04],
          [1.3758e-04],
          [1.7831e-05],
          [1.4302e-05],
          [1.7022e-05],
          [2.1880e-05],
          [1.6785e-05],
          [1.8274e-05],
          [1.6969e-05],
          [2.2062e-05],
          [1.9274e-05],
          [1.2597e-05],
          [1.3046e-04],
          [9.0745e-05],
          [2.0599e-05],
          [3.8216e-04],
          [1.1539e-05],
          [1.6861e-04],
          [1.5992e-04],
          [1.9109e-05],
          [2.0924e-05],
          [2.1939e-05],
          [2.0896e-05],
          [2.7833e-05],
          [3.5003e-05],
          [4.4013e-05],
          [3.9990e-05],
          [4.7428e-05],
          [5.1625e-05],
          [7.2558e-05],
          [6.0471e-05],
          [5.6708e-05],
          [5.2365e-05],
          [2.3650e-04],
          [2.1256e-05],
          [2.1547e-05],
          [2.6383e-04],
          [1.2913e-04],
          [2.6728e-05],
          [2.3991e-04],
          [1.3070e-04],
          [3.1079e-05],
          [3.6202e-04],
          [1.2902e-05],
          [1.1818e-05],
          [1.0509e-05],
          [8.7280e-06],
          [9.5750e-06],
          [9.5271e-06],
          [2.5730e-05],
          [1.1006e-05],
          [1.4514e-05],
          [1.3182e-05],
          [3.2140e-04],
          [2.2386e-05],
          [6.6271e-05],
          [8.2631e-05],
          [1.1629e-05],
          [1.0986e-05],
          [1.0337e-05],
          [9.7088e-06],
          [1.4340e-05],
          [1.0701e-05],
          [3.0443e-04],
          [1.8269e-05],
          [4.2863e-04],
          [1.4695e-05],
          [1.3934e-05],
          [1.3613e-05],
          [1.2528e-05],
          [1.2497e-05],
          [1.4004e-05],
          [1.4680e-05],
          [1.8465e-05],
          [1.9187e-05],
          [1.8863e-05],
          [2.2460e-05],
          [2.7443e-05],
          [2.3023e-04],
          [2.5173e-04],
          [1.7978e-05],
          [1.6658e-05],
          [3.1673e-05],
          [1.2499e-05],
          [1.4708e-05],
          [2.0259e-05],
          [2.7297e-05],
          [2.5891e-05],
          [2.2522e-05],
          [1.8041e-05],
          [1.6930e-05],
          [1.2471e-05],
          [1.1674e-05],
          [1.4369e-05],
          [2.1703e-05],
          [1.2945e-05],
          [1.3548e-05],
          [1.5714e-05],
          [1.6426e-05],
          [1.6349e-05],
          [2.0244e-05],
          [1.8854e-05],
          [2.0307e-05],
          [2.3425e-05],
          [1.9911e-05],
          [2.9539e-05],
          [2.6100e-05],
          [2.6795e-05],
          [1.9513e-05],
          [2.2327e-05],
          [2.5147e-05],
          [2.6102e-05],
          [2.4376e-05],
          [2.6486e-05],
          [2.9688e-05],
          [1.9205e-05],
          [1.8053e-05],
          [1.6764e-05],
          [1.7420e-05],
          [1.5472e-05],
          [1.6249e-05],
          [1.4413e-05],
          [1.4638e-04],
          [3.5467e-05],
          [6.7544e-04],
          [1.4425e-05],
          [1.6944e-05],
          [1.7516e-05],
          [1.6224e-05],
          [1.9177e-05],
          [2.0706e-05],
          [1.6708e-05],
          [1.5378e-05],
          [1.5954e-05],
          [1.7476e-05],
          [1.6124e-05],
          [1.3431e-05],
          [1.6927e-05],
          [1.6819e-05],
          [2.1029e-04],
          [6.2079e-05],
          [4.0032e-04],
          [1.4295e-05],
          [1.1739e-05],
          [9.6934e-06],
          [1.2116e-05],
          [2.8675e-04],
          [2.9050e-04],
          [1.1447e-05],
          [1.3346e-05],
          [1.6479e-05],
          [2.4057e-05],
          [3.6581e-05],
          [3.9076e-05],
          [5.2351e-05],
          [5.0610e-05],
          [4.3378e-05],
          [3.1341e-05],
          [2.3182e-05],
          [1.4979e-05],
          [1.1373e-05],
          [1.2757e-05],
          [1.7749e-05],
          [1.5054e-05],
          [1.4548e-05],
          [9.5580e-05],
          [3.5592e-05],
          [3.8884e-05],
          [4.7227e-05],
          [2.5784e-05],
          [2.8302e-05],
          [2.3370e-05],
          [2.0542e-05],
          [1.6861e-05],
          [2.2133e-04],
          [1.7304e-04],
          [1.9275e-05],
          [1.8611e-05],
          [1.8612e-05],
          [1.5086e-05],
          [1.9095e-05],
          [1.7553e-05],
          [2.5315e-05],
          [5.4179e-05],
          [5.3002e-05],
          [1.2234e-04],
          [2.2092e-04],
          [2.3475e-05],
          [1.7679e-05],
          [1.4331e-05],
          [1.7349e-05],
          [1.2733e-05],
          [2.5672e-04],
          [7.5845e-05],
          [1.9391e-05],
          [7.9821e-05],
          [1.7848e-04],
          [1.6126e-05],
          [2.7951e-04],
          [2.5310e-05],
          [4.5960e-04],
          [2.3999e-05],
          [1.4831e-05],
          [1.0665e-05],
          [1.8061e-05],
          [1.3345e-05],
          [2.2849e-05],
          [7.5160e-06]]]])
