# Using CPU
# Loading Embeddings...
# Making Predictions...
torch.Size([1, 1, 442, 267])
tensor([[[[1.2165e-04],
          [4.0259e-05],
          [7.8974e-05],
          [2.9703e-05],
          [9.9849e-06],
          [4.8314e-04],
          [1.4604e-03],
          [1.5838e-05],
          [4.7623e-04],
          [1.3574e-03],
          [1.6651e-05],
          [1.3171e-05],
          [5.0217e-04],
          [2.3348e-04],
          [2.0244e-05],
          [1.0506e-05],
          [1.2084e-05],
          [1.2670e-05],
          [1.7791e-05],
          [1.8840e-05],
          [6.0157e-04],
          [2.3553e-05],
          [7.5378e-04],
          [1.6467e-05],
          [1.5329e-05],
          [1.7127e-05],
          [2.1196e-05],
          [2.8253e-05],
          [2.8707e-05],
          [3.4257e-05],
          [3.5379e-05],
          [4.6388e-05],
          [4.2365e-05],
          [4.0204e-05],
          [3.5816e-05],
          [2.9647e-05],
          [1.1292e-03],
          [3.0407e-05],
          [2.3780e-04],
          [1.1899e-04],
          [5.8590e-04],
          [1.5277e-05],
          [1.4300e-05],
          [1.5153e-05],
          [1.3893e-05],
          [1.4300e-05],
          [1.3887e-05],
          [1.4735e-05],
          [1.7605e-05],
          [2.9686e-04],
          [5.0206e-04],
          [1.2653e-05],
          [1.1750e-05],
          [5.0256e-04],
          [7.3999e-04],
          [1.4270e-05],
          [1.1817e-05],
          [1.1753e-05],
          [1.1737e-05],
          [1.5700e-05],
          [1.4664e-05],
          [1.2752e-05],
          [6.8683e-04],
          [2.4898e-04],
          [1.4516e-05],
          [1.2952e-05],
          [1.5867e-05],
          [1.5557e-05],
          [1.6946e-05],
          [1.5955e-05],
          [1.4368e-05],
          [4.5729e-04],
          [3.5786e-05],
          [2.1896e-05],
          [1.2502e-05],
          [1.9852e-05],
          [2.4936e-03],
          [1.2615e-05],
          [1.2605e-05],
          [1.1887e-05],
          [2.5874e-04],
          [1.3041e-04],
          [1.0443e-05],
          [1.1228e-05],
          [1.3056e-05],
          [1.4411e-05],
          [1.5655e-05],
          [1.7005e-05],
          [1.6241e-05],
          [1.5152e-05],
          [5.3561e-04],
          [6.7610e-05],
          [2.2893e-04],
          [1.3370e-05],
          [2.3716e-05],
          [2.7696e-05],
          [2.6753e-05],
          [4.5330e-05],
          [3.0202e-05],
          [3.1615e-05],
          [2.8261e-05],
          [2.0644e-05],
          [1.4353e-05],
          [1.2163e-05],
          [1.3798e-05],
          [1.6929e-05],
          [2.0211e-05],
          [2.1448e-05],
          [2.2317e-05],
          [2.5190e-05],
          [2.0782e-05],
          [1.2916e-04],
          [2.5995e-04],
          [2.1669e-05],
          [2.1467e-04],
          [1.3376e-05],
          [1.0451e-05],
          [9.8187e-06],
          [1.0664e-05],
          [1.1413e-05],
          [1.2953e-05],
          [1.1523e-05],
          [1.3450e-05],
          [1.1658e-05],
          [1.3658e-05],
          [1.4613e-05],
          [1.7610e-05],
          [1.8449e-05],
          [1.9244e-05],
          [2.0955e-05],
          [2.1506e-05],
          [4.9461e-04],
          [3.7478e-04],
          [1.9444e-05],
          [2.2827e-05],
          [1.6428e-05],
          [1.3447e-05],
          [1.3736e-05],
          [1.1414e-05],
          [1.1827e-05],
          [1.0991e-05],
          [1.0531e-05],
          [9.5013e-06],
          [1.1977e-05],
          [1.4549e-05],
          [1.8563e-05],
          [2.1708e-05],
          [2.8599e-05],
          [3.3400e-05],
          [4.2840e-05],
          [4.1861e-05],
          [3.3594e-05],
          [3.6075e-05],
          [4.3395e-05],
          [3.9308e-05],
          [3.8940e-05],
          [6.2763e-04],
          [5.8910e-04],
          [2.9199e-04],
          [1.6290e-03],
          [3.0954e-05],
          [1.3764e-05],
          [1.5500e-05],
          [1.4720e-05],
          [1.5645e-05],
          [2.1101e-05],
          [2.0539e-05],
          [2.0990e-05],
          [2.3119e-05],
          [2.2922e-05],
          [1.9668e-05],
          [5.3772e-04],
          [8.5909e-04],
          [1.9105e-05],
          [2.4410e-05],
          [3.8924e-05],
          [2.9402e-05],
          [2.1611e-05],
          [3.6724e-04],
          [6.7318e-05],
          [2.8979e-04],
          [2.0049e-05],
          [1.6732e-05],
          [2.7940e-04],
          [1.8165e-05],
          [2.3565e-04],
          [2.1013e-05],
          [2.2766e-05],
          [1.9190e-05],
          [6.1878e-04],
          [3.2470e-05],
          [3.3011e-03],
          [1.7589e-05],
          [1.8742e-05],
          [1.8065e-05],
          [2.0023e-05],
          [1.9662e-05],
          [2.2146e-05],
          [3.1118e-04],
          [2.7097e-04],
          [1.8182e-05],
          [1.7280e-05],
          [1.6921e-05],
          [1.5792e-05],
          [1.9386e-05],
          [2.1749e-05],
          [2.8171e-05],
          [4.1346e-04],
          [1.0002e-03],
          [1.8399e-05],
          [1.8727e-05],
          [1.9888e-05],
          [1.5873e-05],
          [5.7249e-04],
          [5.4039e-05],
          [2.8236e-05],
          [1.2831e-03],
          [1.8078e-05],
          [1.4508e-05],
          [1.4135e-05],
          [1.4091e-05],
          [1.5675e-05],
          [1.4855e-05],
          [1.3107e-05],
          [1.4885e-05],
          [1.5917e-05],
          [1.4954e-05],
          [1.5270e-05],
          [1.2170e-05],
          [1.1483e-05],
          [1.1365e-05],
          [1.3717e-05],
          [1.5079e-05],
          [1.5038e-05],
          [4.4766e-04],
          [4.7829e-04],
          [1.6434e-05],
          [1.6233e-05],
          [1.5099e-05],
          [1.8420e-05],
          [1.5730e-05],
          [2.1531e-05],
          [1.7619e-05],
          [2.3461e-05],
          [2.1472e-05],
          [1.5814e-05],
          [2.6483e-04],
          [2.0273e-04],
          [1.6878e-05],
          [1.8680e-04],
          [1.5492e-05],
          [2.9526e-04],
          [3.0019e-04],
          [1.5177e-05],
          [1.5247e-05],
          [1.6298e-05],
          [1.4074e-05],
          [1.7535e-05],
          [1.9743e-05],
          [2.4578e-05],
          [2.7233e-05],
          [3.5291e-05],
          [3.4754e-05],
          [3.5032e-05],
          [9.3001e-05],
          [7.0227e-05],
          [6.4450e-05],
          [3.1526e-04],
          [2.7880e-05],
          [2.7408e-05],
          [2.9612e-04],
          [2.3253e-04],
          [3.9888e-05],
          [4.0406e-04],
          [2.4145e-04],
          [3.9999e-05],
          [1.9809e-04],
          [1.3375e-05],
          [9.9990e-06],
          [9.2699e-06],
          [9.8177e-06],
          [9.1362e-06],
          [9.5472e-06],
          [2.4535e-05],
          [1.4208e-05],
          [1.7894e-05],
          [1.4594e-05],
          [4.1569e-04],
          [3.6380e-05],
          [1.1772e-04],
          [1.5664e-04],
          [1.1197e-05],
          [1.1336e-05],
          [1.0440e-05],
          [1.0539e-05],
          [9.4766e-06],
          [1.0561e-05],
          [5.2148e-04],
          [1.8450e-05],
          [1.7435e-03],
          [1.3471e-05],
          [1.2425e-05],
          [1.2569e-05],
          [1.1424e-05],
          [1.1332e-05],
          [1.2333e-05],
          [1.3322e-05],
          [1.6424e-05],
          [1.5298e-05],
          [1.8925e-05],
          [1.7785e-05],
          [1.6919e-05],
          [5.0630e-04],
          [7.7158e-04],
          [1.4798e-05],
          [1.3857e-05],
          [1.6433e-05],
          [1.0208e-05],
          [1.1699e-05],
          [1.6560e-05],
          [1.8749e-05],
          [1.7628e-05],
          [1.4662e-05],
          [1.4331e-05],
          [1.5140e-05],
          [1.2061e-05],
          [1.5538e-05],
          [1.7325e-05],
          [1.9238e-05],
          [1.7792e-05],
          [1.8509e-05],
          [1.8115e-05],
          [1.9463e-05],
          [1.7724e-05],
          [1.6136e-05],
          [1.6084e-05],
          [1.6147e-05],
          [2.0799e-05],
          [1.8901e-05],
          [2.5229e-05],
          [2.5669e-05],
          [2.7878e-05],
          [1.7474e-05],
          [2.1761e-05],
          [2.5675e-05],
          [2.3322e-05],
          [1.9070e-05],
          [1.5237e-05],
          [1.7251e-05],
          [1.7000e-05],
          [1.6042e-05],
          [1.5169e-05],
          [1.4388e-05],
          [1.3448e-05],
          [1.3290e-05],
          [1.3350e-05],
          [3.9230e-04],
          [3.4590e-05],
          [4.2290e-03],
          [1.5290e-05],
          [1.8638e-05],
          [2.2833e-05],
          [1.6565e-05],
          [2.2272e-05],
          [1.9850e-05],
          [1.9653e-05],
          [1.7814e-05],
          [1.8417e-05],
          [1.8531e-05],
          [2.0463e-05],
          [1.8601e-05],
          [1.8744e-05],
          [1.9223e-05],
          [3.6956e-04],
          [1.1295e-04],
          [1.6357e-03],
          [1.3705e-05],
          [1.1028e-05],
          [1.0185e-05],
          [1.2156e-05],
          [5.3905e-04],
          [1.1550e-03],
          [1.2191e-05],
          [1.4334e-05],
          [1.8352e-05],
          [2.9975e-05],
          [3.9160e-05],
          [5.0972e-05],
          [5.0013e-05],
          [3.8092e-05],
          [2.6905e-05],
          [2.2328e-05],
          [2.1251e-05],
          [2.0571e-05],
          [1.4444e-05],
          [1.6950e-05],
          [1.6075e-05],
          [1.5212e-05],
          [1.2661e-05],
          [2.3876e-05],
          [3.7925e-05],
          [5.5433e-05],
          [5.3085e-05],
          [4.2794e-05],
          [3.8430e-05],
          [2.1995e-05],
          [2.1638e-05],
          [1.7668e-05],
          [2.4407e-04],
          [3.4400e-04],
          [1.7767e-05],
          [1.5830e-05],
          [1.4757e-05],
          [1.3114e-05],
          [1.4628e-05],
          [1.6156e-05],
          [1.5561e-05],
          [1.5836e-04],
          [1.6438e-04],
          [2.2958e-04],
          [9.3230e-04],
          [2.5078e-05],
          [1.4880e-05],
          [1.8912e-05],
          [1.4591e-05],
          [1.4687e-05],
          [4.4709e-04],
          [1.7001e-04],
          [1.3523e-05],
          [6.7579e-05],
          [1.5052e-04],
          [1.6605e-05],
          [3.1978e-04],
          [1.7213e-05],
          [3.6442e-04],
          [1.5226e-05],
          [1.1195e-05],
          [9.9852e-06],
          [1.0571e-05],
          [1.0525e-05],
          [1.4322e-04],
          [8.3072e-06]]]])
