# Using CPU
# Loading Embeddings...
# Making Predictions...
torch.Size([1, 1, 442, 262])
tensor([[[[2.8774e-04],
          [5.8782e-05],
          [7.0867e-05],
          [4.7086e-05],
          [1.6972e-05],
          [3.3650e-04],
          [1.0839e-04],
          [2.4994e-05],
          [3.3712e-04],
          [9.9506e-05],
          [1.9382e-05],
          [1.9062e-05],
          [2.8386e-04],
          [3.8792e-04],
          [6.4686e-05],
          [2.5308e-05],
          [2.5144e-05],
          [2.7085e-05],
          [2.7118e-05],
          [2.4499e-05],
          [2.3401e-04],
          [2.4871e-05],
          [1.1484e-04],
          [2.3069e-05],
          [1.9447e-05],
          [2.6506e-05],
          [3.7179e-05],
          [6.2625e-05],
          [7.4246e-05],
          [9.6072e-05],
          [8.8468e-05],
          [1.0873e-04],
          [9.2769e-05],
          [1.0612e-04],
          [7.8126e-05],
          [6.4102e-05],
          [5.3390e-04],
          [5.3384e-05],
          [2.2295e-04],
          [1.9835e-04],
          [1.1705e-04],
          [2.8412e-05],
          [2.2111e-05],
          [2.1423e-05],
          [2.0088e-05],
          [2.2177e-05],
          [2.1629e-05],
          [2.2259e-05],
          [2.3295e-05],
          [8.7367e-04],
          [2.5381e-04],
          [2.4704e-05],
          [2.0545e-05],
          [3.0629e-04],
          [8.5622e-05],
          [2.4259e-05],
          [2.1905e-05],
          [1.7397e-05],
          [2.0521e-05],
          [2.2371e-05],
          [2.2530e-05],
          [2.1165e-05],
          [7.3975e-04],
          [3.0976e-04],
          [2.6489e-05],
          [2.9167e-05],
          [3.4468e-05],
          [3.1215e-05],
          [3.6822e-05],
          [2.8389e-05],
          [2.0459e-05],
          [8.8571e-04],
          [2.5258e-05],
          [2.9540e-05],
          [1.7070e-05],
          [1.9474e-05],
          [1.7645e-04],
          [2.2271e-05],
          [2.2489e-05],
          [2.0890e-05],
          [1.3448e-03],
          [3.7845e-04],
          [2.3339e-05],
          [2.2372e-05],
          [2.0855e-05],
          [2.0889e-05],
          [2.2162e-05],
          [2.4372e-05],
          [1.9114e-05],
          [1.6773e-05],
          [2.5859e-04],
          [1.2466e-04],
          [3.5351e-04],
          [2.5429e-05],
          [2.9415e-05],
          [3.2287e-05],
          [3.5014e-05],
          [3.0254e-05],
          [3.0625e-05],
          [3.0116e-05],
          [4.0932e-05],
          [2.8122e-05],
          [2.4410e-05],
          [2.5790e-05],
          [2.4730e-05],
          [2.7186e-05],
          [2.3584e-05],
          [2.8995e-05],
          [2.9869e-05],
          [3.0641e-05],
          [2.4288e-05],
          [1.7149e-04],
          [4.2109e-04],
          [1.7854e-05],
          [4.9626e-04],
          [1.7862e-05],
          [2.0190e-05],
          [2.2167e-05],
          [1.8418e-05],
          [2.1453e-05],
          [2.2170e-05],
          [1.8784e-05],
          [1.8977e-05],
          [2.2688e-05],
          [2.0864e-05],
          [2.6940e-05],
          [2.5831e-05],
          [2.7671e-05],
          [3.0214e-05],
          [3.7246e-05],
          [1.2111e-04],
          [1.1762e-03],
          [3.7498e-04],
          [1.3106e-04],
          [4.4010e-05],
          [2.9798e-05],
          [2.3339e-05],
          [2.5960e-05],
          [2.8149e-05],
          [2.2758e-05],
          [2.1805e-05],
          [1.9501e-05],
          [1.7385e-05],
          [1.8755e-05],
          [1.9081e-05],
          [2.2633e-05],
          [2.5383e-05],
          [3.6054e-05],
          [4.9119e-05],
          [7.6482e-05],
          [8.0752e-05],
          [7.9674e-05],
          [7.1789e-05],
          [8.2634e-05],
          [6.3868e-05],
          [5.5767e-05],
          [5.5556e-04],
          [6.3804e-05],
          [1.5918e-04],
          [9.9120e-05],
          [2.4174e-05],
          [2.3859e-05],
          [5.6303e-05],
          [5.4116e-05],
          [2.7590e-05],
          [3.2262e-05],
          [2.7342e-05],
          [2.5862e-05],
          [2.8833e-05],
          [2.5574e-05],
          [2.5630e-05],
          [5.0107e-04],
          [1.3228e-04],
          [3.0205e-05],
          [3.9832e-05],
          [5.8366e-05],
          [4.2704e-05],
          [3.9035e-05],
          [5.8313e-04],
          [5.1604e-05],
          [4.1008e-04],
          [2.1770e-05],
          [2.1946e-05],
          [6.5018e-04],
          [2.3473e-05],
          [4.7569e-04],
          [2.3402e-05],
          [2.5912e-05],
          [2.4031e-05],
          [3.8662e-04],
          [2.4066e-05],
          [7.2449e-05],
          [2.0609e-05],
          [2.4318e-05],
          [2.6429e-05],
          [2.5191e-05],
          [3.0186e-05],
          [2.3343e-05],
          [1.1358e-03],
          [2.8931e-04],
          [1.9499e-05],
          [2.0280e-05],
          [2.3894e-05],
          [2.0679e-05],
          [2.4219e-05],
          [2.3121e-05],
          [2.3719e-05],
          [2.4861e-04],
          [7.0454e-05],
          [2.1432e-05],
          [1.9597e-05],
          [1.9220e-05],
          [1.6363e-05],
          [3.5912e-04],
          [5.5605e-05],
          [2.3801e-05],
          [2.8474e-04],
          [2.3008e-05],
          [2.1838e-05],
          [2.4680e-05],
          [2.6689e-05],
          [3.0100e-05],
          [3.1054e-05],
          [2.5322e-05],
          [2.6797e-05],
          [3.3070e-05],
          [3.6663e-05],
          [2.9714e-05],
          [4.1727e-05],
          [4.1380e-05],
          [2.6122e-05],
          [2.9639e-05],
          [2.4417e-05],
          [2.0701e-05],
          [3.8486e-04],
          [5.6794e-05],
          [2.4842e-05],
          [2.1049e-05],
          [2.1397e-05],
          [2.9015e-05],
          [2.7199e-05],
          [2.1166e-05],
          [1.9434e-05],
          [2.7789e-05],
          [2.6345e-05],
          [1.5463e-05],
          [2.0749e-04],
          [3.8443e-04],
          [2.2849e-05],
          [5.2857e-04],
          [1.8399e-05],
          [3.0572e-04],
          [1.1726e-04],
          [2.0813e-05],
          [2.1818e-05],
          [2.4932e-05],
          [2.1754e-05],
          [2.4650e-05],
          [2.9361e-05],
          [3.9631e-05],
          [3.8939e-05],
          [6.7244e-05],
          [8.4245e-05],
          [1.2329e-04],
          [1.7096e-04],
          [1.2535e-04],
          [1.6460e-04],
          [4.0819e-04],
          [2.9929e-05],
          [3.7641e-05],
          [3.2570e-04],
          [3.5529e-04],
          [4.0487e-05],
          [3.0460e-04],
          [2.1438e-04],
          [4.4741e-05],
          [4.0189e-04],
          [1.4224e-05],
          [1.4598e-05],
          [1.4466e-05],
          [1.3572e-05],
          [1.7101e-05],
          [1.8748e-05],
          [3.0064e-05],
          [2.1317e-05],
          [2.5049e-05],
          [2.0136e-05],
          [1.6271e-03],
          [2.6904e-05],
          [1.6637e-04],
          [4.0999e-05],
          [1.5586e-05],
          [1.3994e-05],
          [1.6853e-05],
          [1.4077e-05],
          [1.6189e-05],
          [1.8029e-05],
          [2.3716e-04],
          [2.1694e-05],
          [1.7119e-04],
          [2.1781e-05],
          [2.0124e-05],
          [2.2602e-05],
          [2.2348e-05],
          [2.3597e-05],
          [2.4733e-05],
          [2.5861e-05],
          [3.4787e-05],
          [2.8094e-05],
          [3.0784e-05],
          [2.7736e-05],
          [2.6836e-05],
          [5.2365e-04],
          [1.1055e-04],
          [2.2595e-05],
          [2.9639e-05],
          [2.3191e-05],
          [2.0834e-05],
          [2.3221e-05],
          [2.6448e-05],
          [2.3705e-05],
          [2.1493e-05],
          [2.0212e-05],
          [2.1551e-05],
          [2.0778e-05],
          [1.7751e-05],
          [1.7442e-05],
          [1.7295e-05],
          [1.8421e-05],
          [1.4278e-05],
          [1.7872e-05],
          [2.2837e-05],
          [2.3074e-05],
          [2.4014e-05],
          [3.2699e-05],
          [3.1775e-05],
          [3.1324e-05],
          [3.4776e-05],
          [3.2099e-05],
          [3.2840e-05],
          [3.2138e-05],
          [3.0645e-05],
          [2.9038e-05],
          [2.9703e-05],
          [2.8536e-05],
          [3.9714e-05],
          [2.3971e-05],
          [2.9307e-05],
          [3.3752e-05],
          [2.5616e-05],
          [2.2464e-05],
          [1.6736e-05],
          [1.8835e-05],
          [1.6687e-05],
          [2.0955e-05],
          [2.2053e-05],
          [2.4873e-04],
          [3.8706e-05],
          [7.9092e-05],
          [2.6076e-05],
          [2.9698e-05],
          [2.4848e-05],
          [2.4107e-05],
          [3.5257e-05],
          [2.4266e-05],
          [2.6578e-05],
          [2.1299e-05],
          [1.6921e-05],
          [2.0181e-05],
          [2.2750e-05],
          [1.9054e-05],
          [2.0531e-05],
          [1.6181e-05],
          [3.5375e-04],
          [2.4279e-04],
          [3.8892e-04],
          [2.3672e-05],
          [1.6363e-05],
          [1.4941e-05],
          [1.6055e-05],
          [5.3539e-04],
          [1.6264e-04],
          [1.7579e-05],
          [2.1313e-05],
          [2.7487e-05],
          [4.9190e-05],
          [5.1600e-05],
          [6.1894e-05],
          [7.9625e-05],
          [5.6133e-05],
          [4.2768e-05],
          [3.9104e-05],
          [4.1045e-05],
          [2.3634e-05],
          [2.9956e-05],
          [2.5399e-05],
          [3.0078e-05],
          [2.3342e-05],
          [1.9131e-05],
          [6.5612e-05],
          [3.2354e-05],
          [3.8234e-05],
          [4.4495e-05],
          [2.8044e-05],
          [2.7300e-05],
          [2.4751e-05],
          [2.4711e-05],
          [1.8067e-05],
          [4.3495e-04],
          [1.7700e-04],
          [2.2322e-05],
          [2.1593e-05],
          [2.3989e-05],
          [1.6112e-05],
          [1.9592e-05],
          [1.8963e-05],
          [2.6808e-05],
          [9.8363e-05],
          [6.0576e-05],
          [1.6769e-04],
          [1.6388e-04],
          [2.5654e-05],
          [1.9947e-05],
          [1.6061e-05],
          [1.5251e-05],
          [1.3474e-05],
          [3.2749e-04],
          [1.5357e-04],
          [1.7292e-05],
          [6.4582e-05],
          [9.8216e-05],
          [1.9174e-05],
          [2.6444e-04],
          [2.2795e-05],
          [3.6603e-04],
          [2.0864e-05],
          [1.4489e-05],
          [1.2842e-05],
          [1.5122e-05],
          [1.3369e-05],
          [3.0187e-05],
          [6.2923e-06]]]])
