# Using CPU
# Loading Embeddings...
# Making Predictions...
torch.Size([1, 1, 442, 279])
tensor([[[[3.0453e-04],
          [3.8835e-05],
          [9.2612e-05],
          [5.1172e-05],
          [1.0385e-05],
          [2.7251e-04],
          [3.2069e-04],
          [2.7068e-05],
          [2.1900e-04],
          [3.9256e-04],
          [1.4217e-05],
          [1.3800e-05],
          [2.0744e-04],
          [1.4190e-04],
          [6.4919e-05],
          [1.2433e-05],
          [1.3865e-05],
          [1.4104e-05],
          [1.8294e-05],
          [2.1129e-05],
          [3.5142e-04],
          [2.8672e-05],
          [3.8562e-04],
          [1.6607e-05],
          [1.2839e-05],
          [1.5421e-05],
          [1.7755e-05],
          [2.6264e-05],
          [2.6472e-05],
          [3.4184e-05],
          [3.2871e-05],
          [4.1968e-05],
          [3.7706e-05],
          [4.5310e-05],
          [3.8157e-05],
          [3.9206e-05],
          [5.9164e-04],
          [4.0556e-05],
          [1.4274e-04],
          [9.0639e-05],
          [5.7715e-04],
          [1.4671e-05],
          [1.3813e-05],
          [1.4502e-05],
          [1.4553e-05],
          [2.0964e-05],
          [1.2059e-05],
          [1.3594e-05],
          [1.2927e-05],
          [2.3756e-04],
          [3.4747e-04],
          [1.3040e-05],
          [1.6542e-05],
          [2.8603e-04],
          [3.7756e-04],
          [1.4182e-05],
          [1.2959e-05],
          [1.4343e-05],
          [1.8019e-05],
          [1.3087e-05],
          [1.4897e-05],
          [1.2642e-05],
          [3.0162e-04],
          [3.5444e-04],
          [1.8810e-05],
          [1.8403e-05],
          [1.7350e-05],
          [1.8582e-05],
          [1.8426e-05],
          [1.8200e-05],
          [1.1872e-05],
          [2.0331e-04],
          [1.7265e-05],
          [3.9433e-05],
          [1.2240e-05],
          [1.8944e-05],
          [1.1195e-03],
          [1.4116e-05],
          [1.1422e-05],
          [1.1328e-05],
          [5.3887e-04],
          [2.1911e-04],
          [1.1917e-05],
          [1.1835e-05],
          [1.0811e-05],
          [1.2570e-05],
          [1.2939e-05],
          [1.3587e-05],
          [1.5284e-05],
          [1.6767e-05],
          [2.6355e-04],
          [6.8171e-05],
          [3.1908e-04],
          [1.7368e-05],
          [2.1019e-05],
          [2.7929e-05],
          [2.9897e-05],
          [4.4729e-05],
          [3.1359e-05],
          [3.5361e-05],
          [2.4595e-05],
          [1.8330e-05],
          [1.3529e-05],
          [1.2753e-05],
          [1.3602e-05],
          [1.3349e-05],
          [1.3033e-05],
          [1.3553e-05],
          [1.4138e-05],
          [1.4513e-05],
          [1.3730e-05],
          [6.1232e-05],
          [2.6194e-04],
          [2.0156e-05],
          [2.7551e-04],
          [1.2786e-05],
          [1.0160e-05],
          [1.1320e-05],
          [1.2456e-05],
          [1.4494e-05],
          [1.4728e-05],
          [1.3702e-05],
          [1.9109e-05],
          [1.3491e-05],
          [1.4358e-05],
          [1.2363e-05],
          [1.4992e-05],
          [1.5114e-05],
          [1.9702e-05],
          [2.3960e-05],
          [1.8844e-05],
          [2.7931e-04],
          [4.8502e-04],
          [3.7522e-05],
          [2.5441e-05],
          [2.0618e-05],
          [1.8723e-05],
          [2.4269e-05],
          [2.0929e-05],
          [1.7244e-05],
          [1.4193e-05],
          [1.2072e-05],
          [1.1506e-05],
          [1.0840e-05],
          [1.1699e-05],
          [1.3197e-05],
          [1.4659e-05],
          [1.6902e-05],
          [2.2724e-05],
          [3.6619e-05],
          [3.6432e-05],
          [4.2258e-05],
          [3.6380e-05],
          [4.5766e-05],
          [2.9723e-05],
          [4.0288e-05],
          [2.4691e-04],
          [2.7819e-04],
          [1.3545e-04],
          [6.7287e-04],
          [1.7705e-05],
          [1.3756e-05],
          [1.5871e-05],
          [1.8681e-05],
          [1.8921e-05],
          [2.0610e-05],
          [2.1768e-05],
          [2.1499e-05],
          [2.5086e-05],
          [2.1421e-05],
          [1.6420e-05],
          [2.4636e-04],
          [4.8107e-04],
          [1.6225e-05],
          [1.7756e-05],
          [1.7890e-05],
          [1.8238e-05],
          [1.5020e-05],
          [1.8789e-04],
          [7.2036e-05],
          [2.2506e-04],
          [1.7719e-05],
          [1.4799e-05],
          [3.3190e-04],
          [1.2973e-05],
          [4.0185e-04],
          [1.7560e-05],
          [1.9990e-05],
          [1.6583e-05],
          [3.0076e-04],
          [3.3653e-05],
          [7.4583e-04],
          [1.3898e-05],
          [1.5016e-05],
          [1.3553e-05],
          [1.4270e-05],
          [1.4418e-05],
          [1.5271e-05],
          [2.8192e-04],
          [3.8401e-04],
          [1.5390e-05],
          [1.5987e-05],
          [1.3990e-05],
          [1.6079e-05],
          [1.8486e-05],
          [1.9924e-05],
          [1.7636e-05],
          [2.9041e-04],
          [4.2045e-04],
          [1.9047e-05],
          [1.7523e-05],
          [1.8513e-05],
          [1.6104e-05],
          [2.0507e-04],
          [2.3067e-05],
          [1.7061e-05],
          [1.0949e-03],
          [1.5378e-05],
          [1.7464e-05],
          [1.4500e-05],
          [1.5475e-05],
          [1.5583e-05],
          [1.4958e-05],
          [1.7011e-05],
          [1.5741e-05],
          [2.2549e-05],
          [1.8385e-05],
          [1.5152e-05],
          [1.6291e-05],
          [1.5342e-05],
          [1.3573e-05],
          [1.4536e-05],
          [1.2768e-05],
          [1.4344e-05],
          [1.9886e-04],
          [2.7885e-04],
          [1.7691e-05],
          [1.4229e-05],
          [1.6427e-05],
          [2.5029e-05],
          [1.8590e-05],
          [2.0940e-05],
          [1.6870e-05],
          [2.7436e-05],
          [2.9204e-05],
          [1.4129e-05],
          [1.4361e-04],
          [1.7736e-04],
          [1.6030e-05],
          [2.2634e-04],
          [1.2907e-05],
          [1.4202e-04],
          [2.3670e-04],
          [1.4715e-05],
          [1.8008e-05],
          [2.0324e-05],
          [1.9257e-05],
          [2.3042e-05],
          [2.7903e-05],
          [3.1716e-05],
          [3.1545e-05],
          [3.3321e-05],
          [3.2181e-05],
          [4.1304e-05],
          [3.7233e-05],
          [3.6573e-05],
          [4.1505e-05],
          [1.7671e-04],
          [1.8463e-05],
          [1.8461e-05],
          [2.1794e-04],
          [1.2111e-04],
          [2.5814e-05],
          [1.5593e-04],
          [1.1177e-04],
          [3.1259e-05],
          [1.6590e-04],
          [1.3394e-05],
          [1.2886e-05],
          [1.0657e-05],
          [1.1198e-05],
          [1.2398e-05],
          [1.1815e-05],
          [2.7891e-05],
          [1.2643e-05],
          [1.5388e-05],
          [1.3319e-05],
          [4.1016e-04],
          [1.8524e-05],
          [5.4079e-05],
          [1.3080e-04],
          [1.1867e-05],
          [1.3429e-05],
          [9.9651e-06],
          [1.0309e-05],
          [1.4565e-05],
          [1.1402e-05],
          [4.2830e-04],
          [2.2680e-05],
          [1.0122e-03],
          [1.3660e-05],
          [1.3703e-05],
          [1.3295e-05],
          [1.2869e-05],
          [1.1964e-05],
          [1.3081e-05],
          [1.2415e-05],
          [1.4271e-05],
          [1.4439e-05],
          [1.6231e-05],
          [1.7214e-05],
          [2.0441e-05],
          [1.6620e-04],
          [5.2777e-04],
          [1.4914e-05],
          [1.3532e-05],
          [1.3088e-05],
          [1.2418e-05],
          [1.5342e-05],
          [1.7296e-05],
          [1.7347e-05],
          [1.8157e-05],
          [1.6532e-05],
          [1.8560e-05],
          [1.6038e-05],
          [1.2547e-05],
          [1.1902e-05],
          [1.6799e-05],
          [1.5805e-05],
          [1.3429e-05],
          [1.2505e-05],
          [1.2483e-05],
          [1.5320e-05],
          [1.7237e-05],
          [1.6704e-05],
          [1.5820e-05],
          [1.7008e-05],
          [1.8163e-05],
          [1.7088e-05],
          [2.3360e-05],
          [2.0452e-05],
          [2.4424e-05],
          [1.5720e-05],
          [2.0949e-05],
          [1.9673e-05],
          [2.6948e-05],
          [1.4591e-05],
          [2.1517e-05],
          [2.5181e-05],
          [1.6880e-05],
          [1.8552e-05],
          [1.6608e-05],
          [1.8003e-05],
          [1.4688e-05],
          [2.0875e-05],
          [1.8790e-05],
          [1.5384e-04],
          [3.6119e-05],
          [5.7924e-04],
          [1.5949e-05],
          [1.6015e-05],
          [1.7715e-05],
          [1.5600e-05],
          [1.5763e-05],
          [1.7533e-05],
          [1.6488e-05],
          [1.5445e-05],
          [1.5347e-05],
          [1.9618e-05],
          [1.6242e-05],
          [1.3645e-05],
          [1.4614e-05],
          [1.7112e-05],
          [1.8210e-04],
          [6.1681e-05],
          [9.1473e-04],
          [1.3692e-05],
          [1.2624e-05],
          [1.2029e-05],
          [1.3054e-05],
          [4.4491e-04],
          [6.2213e-04],
          [1.1152e-05],
          [1.3372e-05],
          [1.5018e-05],
          [1.6544e-05],
          [2.1645e-05],
          [2.7558e-05],
          [3.0326e-05],
          [3.3277e-05],
          [3.0150e-05],
          [3.1483e-05],
          [2.3329e-05],
          [1.6780e-05],
          [1.2435e-05],
          [1.3083e-05],
          [1.9813e-05],
          [1.3313e-05],
          [1.6194e-05],
          [8.3738e-05],
          [3.3170e-05],
          [4.3305e-05],
          [9.5810e-05],
          [4.3947e-05],
          [4.6434e-05],
          [3.1744e-05],
          [2.2697e-05],
          [1.5745e-05],
          [1.7612e-04],
          [3.2680e-04],
          [1.5890e-05],
          [1.3059e-05],
          [1.4988e-05],
          [1.4413e-05],
          [2.3826e-05],
          [2.3305e-05],
          [3.0528e-05],
          [6.3316e-05],
          [5.2132e-05],
          [2.7543e-04],
          [3.6144e-04],
          [2.6414e-05],
          [2.0305e-05],
          [1.8548e-05],
          [1.7638e-05],
          [1.4352e-05],
          [1.6419e-04],
          [1.3383e-04],
          [1.6634e-05],
          [6.1978e-05],
          [3.4140e-04],
          [1.9657e-05],
          [2.1308e-04],
          [1.7921e-05],
          [2.3744e-04],
          [1.7875e-05],
          [1.1066e-05],
          [1.0150e-05],
          [1.6251e-05],
          [1.1222e-05],
          [3.7451e-05],
          [7.8607e-06]]]])
