# Using CPU
# Loading Embeddings...
# Making Predictions...
torch.Size([1, 1, 442, 259])
tensor([[[[1.2216e-04],
          [3.0090e-05],
          [8.1975e-05],
          [2.1269e-05],
          [8.6155e-06],
          [2.9931e-04],
          [3.8260e-04],
          [1.4864e-05],
          [1.9364e-04],
          [4.0059e-04],
          [1.8692e-05],
          [1.6575e-05],
          [4.6344e-04],
          [3.1342e-04],
          [1.5223e-05],
          [1.1408e-05],
          [1.0186e-05],
          [1.0127e-05],
          [1.0877e-05],
          [3.0121e-05],
          [5.1081e-04],
          [2.0187e-05],
          [2.8990e-04],
          [1.5237e-05],
          [1.8869e-05],
          [2.7423e-05],
          [3.9858e-05],
          [7.1066e-05],
          [7.9644e-05],
          [1.1041e-04],
          [1.0851e-04],
          [1.3226e-04],
          [1.3166e-04],
          [1.4055e-04],
          [1.0719e-04],
          [7.5725e-05],
          [7.7646e-04],
          [1.6619e-04],
          [2.1526e-04],
          [1.2982e-04],
          [2.6891e-04],
          [2.6911e-05],
          [2.5325e-05],
          [2.5757e-05],
          [1.7176e-05],
          [1.7034e-05],
          [1.4052e-05],
          [1.7807e-05],
          [1.7854e-05],
          [3.8712e-04],
          [2.0947e-04],
          [1.3492e-05],
          [1.3858e-05],
          [3.5888e-04],
          [2.0747e-04],
          [1.4697e-05],
          [1.5042e-05],
          [1.4733e-05],
          [1.7516e-05],
          [2.0940e-05],
          [2.0111e-05],
          [2.0344e-05],
          [5.4318e-04],
          [3.7005e-04],
          [1.6417e-05],
          [1.7288e-05],
          [1.6492e-05],
          [1.6100e-05],
          [1.8737e-05],
          [1.5504e-05],
          [1.5276e-05],
          [3.9271e-04],
          [2.8838e-05],
          [2.3144e-05],
          [1.6296e-05],
          [2.2889e-05],
          [8.7126e-04],
          [1.4636e-05],
          [1.3654e-05],
          [1.2045e-05],
          [2.8702e-04],
          [2.1370e-04],
          [1.6042e-05],
          [1.6186e-05],
          [1.7090e-05],
          [1.9267e-05],
          [2.1374e-05],
          [2.1701e-05],
          [1.7789e-05],
          [1.5828e-05],
          [3.2152e-04],
          [5.6881e-05],
          [2.8489e-04],
          [1.1930e-05],
          [1.5240e-05],
          [1.5396e-05],
          [1.5892e-05],
          [1.7998e-05],
          [1.8142e-05],
          [1.9264e-05],
          [2.1279e-05],
          [1.5866e-05],
          [1.3140e-05],
          [1.1973e-05],
          [1.3593e-05],
          [2.0035e-05],
          [2.2658e-05],
          [2.7762e-05],
          [2.9552e-05],
          [3.0563e-05],
          [2.3852e-05],
          [8.7393e-05],
          [1.3719e-04],
          [3.3527e-05],
          [3.1630e-04],
          [1.7899e-05],
          [1.4978e-05],
          [1.3167e-05],
          [1.6570e-05],
          [2.1684e-05],
          [2.0392e-05],
          [1.8674e-05],
          [2.1930e-05],
          [1.3477e-05],
          [1.5934e-05],
          [1.5384e-05],
          [1.5941e-05],
          [1.7463e-05],
          [1.9956e-05],
          [1.9291e-05],
          [1.8724e-05],
          [3.7128e-04],
          [3.2268e-04],
          [2.6166e-05],
          [3.0812e-05],
          [2.8223e-05],
          [2.7032e-05],
          [2.1550e-05],
          [1.8358e-05],
          [1.5726e-05],
          [1.4713e-05],
          [1.4156e-05],
          [1.1955e-05],
          [1.4871e-05],
          [1.5955e-05],
          [2.1940e-05],
          [2.4451e-05],
          [3.2620e-05],
          [4.2839e-05],
          [6.6405e-05],
          [7.0216e-05],
          [6.9884e-05],
          [8.2569e-05],
          [6.7956e-05],
          [6.8496e-05],
          [5.4270e-05],
          [3.4963e-04],
          [1.6835e-04],
          [1.8475e-04],
          [3.8892e-04],
          [1.5613e-05],
          [1.8949e-05],
          [1.7703e-05],
          [1.8529e-05],
          [2.0121e-05],
          [2.5229e-05],
          [2.0455e-05],
          [1.9668e-05],
          [2.1276e-05],
          [2.2442e-05],
          [1.8230e-05],
          [3.8986e-04],
          [2.7246e-04],
          [2.3926e-05],
          [3.4183e-05],
          [3.4697e-05],
          [3.5852e-05],
          [3.3470e-05],
          [4.3591e-04],
          [4.6746e-05],
          [5.0605e-04],
          [1.4533e-05],
          [1.5032e-05],
          [4.5794e-04],
          [2.2763e-05],
          [2.5810e-04],
          [1.4687e-05],
          [1.3534e-05],
          [1.4785e-05],
          [3.9955e-04],
          [3.4820e-05],
          [6.0992e-04],
          [1.8830e-05],
          [2.4911e-05],
          [2.7021e-05],
          [2.6834e-05],
          [2.9182e-05],
          [2.8459e-05],
          [3.0296e-04],
          [1.9225e-04],
          [1.8496e-05],
          [1.5624e-05],
          [1.5477e-05],
          [1.3066e-05],
          [1.3847e-05],
          [1.4765e-05],
          [1.8025e-05],
          [3.9638e-04],
          [2.5188e-04],
          [1.8598e-05],
          [1.4930e-05],
          [1.5483e-05],
          [1.4207e-05],
          [5.8947e-04],
          [3.9657e-05],
          [2.7235e-05],
          [5.4567e-04],
          [1.7242e-05],
          [1.8293e-05],
          [1.3052e-05],
          [1.2988e-05],
          [1.3634e-05],
          [1.4817e-05],
          [1.2381e-05],
          [1.2411e-05],
          [1.8915e-05],
          [1.3956e-05],
          [1.3551e-05],
          [1.2524e-05],
          [1.0701e-05],
          [1.3166e-05],
          [1.2250e-05],
          [1.1886e-05],
          [1.7034e-05],
          [3.2377e-04],
          [1.5217e-04],
          [1.7271e-05],
          [1.5494e-05],
          [1.4653e-05],
          [1.7941e-05],
          [1.9460e-05],
          [1.8205e-05],
          [1.6573e-05],
          [2.0095e-05],
          [2.0457e-05],
          [1.3051e-05],
          [2.1038e-04],
          [1.1632e-04],
          [3.4283e-05],
          [3.6411e-04],
          [1.1084e-05],
          [2.0464e-04],
          [1.7401e-04],
          [2.5822e-05],
          [3.2308e-05],
          [2.8552e-05],
          [2.4570e-05],
          [3.1164e-05],
          [3.3850e-05],
          [4.4254e-05],
          [4.2819e-05],
          [6.4088e-05],
          [7.8927e-05],
          [8.1440e-05],
          [8.0302e-05],
          [9.5117e-05],
          [5.1322e-05],
          [2.7976e-04],
          [3.1407e-05],
          [3.2301e-05],
          [3.7174e-04],
          [1.2599e-04],
          [4.0413e-05],
          [2.5927e-04],
          [3.2042e-04],
          [3.6435e-05],
          [3.6985e-04],
          [1.2810e-05],
          [1.0091e-05],
          [1.0455e-05],
          [9.1030e-06],
          [9.5229e-06],
          [9.2499e-06],
          [5.4576e-05],
          [1.0668e-05],
          [1.4060e-05],
          [1.1446e-05],
          [4.8220e-04],
          [4.3928e-05],
          [1.9087e-04],
          [7.8879e-05],
          [1.3011e-05],
          [1.0759e-05],
          [1.0686e-05],
          [1.0817e-05],
          [1.0661e-05],
          [1.0015e-05],
          [4.0873e-04],
          [2.1979e-05],
          [4.6696e-04],
          [1.4836e-05],
          [1.1174e-05],
          [1.4096e-05],
          [1.3180e-05],
          [1.3516e-05],
          [1.3782e-05],
          [1.4117e-05],
          [1.8486e-05],
          [1.5700e-05],
          [2.1338e-05],
          [2.3121e-05],
          [2.8826e-05],
          [4.9648e-04],
          [2.4235e-04],
          [2.2906e-05],
          [1.8342e-05],
          [1.4192e-05],
          [1.1237e-05],
          [1.2694e-05],
          [1.8391e-05],
          [2.3090e-05],
          [2.0626e-05],
          [2.0830e-05],
          [1.4340e-05],
          [1.4934e-05],
          [1.1747e-05],
          [1.2242e-05],
          [1.5025e-05],
          [1.5081e-05],
          [1.6287e-05],
          [1.6191e-05],
          [1.6909e-05],
          [1.6733e-05],
          [1.6248e-05],
          [1.6225e-05],
          [1.6703e-05],
          [1.7533e-05],
          [2.1110e-05],
          [1.8539e-05],
          [2.6196e-05],
          [2.6425e-05],
          [2.7962e-05],
          [2.2914e-05],
          [3.2692e-05],
          [3.0490e-05],
          [3.0326e-05],
          [1.8911e-05],
          [1.7097e-05],
          [1.9843e-05],
          [1.6408e-05],
          [1.4836e-05],
          [1.5651e-05],
          [1.5806e-05],
          [1.7893e-05],
          [1.4889e-05],
          [1.5424e-05],
          [2.7420e-04],
          [3.8871e-05],
          [6.7304e-04],
          [1.7727e-05],
          [2.0078e-05],
          [1.9062e-05],
          [1.7633e-05],
          [2.1522e-05],
          [2.1736e-05],
          [2.2556e-05],
          [1.9644e-05],
          [1.8759e-05],
          [1.8307e-05],
          [2.0937e-05],
          [1.7652e-05],
          [2.0032e-05],
          [1.7584e-05],
          [2.4068e-04],
          [8.4456e-05],
          [5.8002e-04],
          [1.2587e-05],
          [1.1310e-05],
          [9.1681e-06],
          [1.4099e-05],
          [4.6396e-04],
          [3.0615e-04],
          [1.2477e-05],
          [1.1742e-05],
          [1.5402e-05],
          [2.4600e-05],
          [3.4770e-05],
          [4.5637e-05],
          [4.6403e-05],
          [3.7373e-05],
          [3.8140e-05],
          [2.6480e-05],
          [2.0645e-05],
          [1.8258e-05],
          [1.3348e-05],
          [1.4722e-05],
          [1.6246e-05],
          [1.5286e-05],
          [1.3845e-05],
          [4.2274e-05],
          [3.2106e-05],
          [3.8383e-05],
          [3.1918e-05],
          [2.3568e-05],
          [2.1643e-05],
          [2.1938e-05],
          [2.1225e-05],
          [1.8362e-05],
          [2.8677e-04],
          [1.7221e-04],
          [2.4748e-05],
          [2.1324e-05],
          [1.7595e-05],
          [1.6363e-05],
          [1.8629e-05],
          [1.8981e-05],
          [2.4274e-05],
          [1.5042e-04],
          [5.6082e-05],
          [3.2148e-04],
          [2.0635e-04],
          [1.9661e-05],
          [1.6692e-05],
          [1.5469e-05],
          [1.4626e-05],
          [1.3020e-05],
          [2.7319e-04],
          [7.5737e-05],
          [2.2496e-05],
          [1.0948e-04],
          [1.1686e-04],
          [1.8711e-05],
          [3.4024e-04],
          [4.2142e-05],
          [4.6643e-04],
          [3.3435e-05],
          [1.9254e-05],
          [1.4085e-05],
          [1.3437e-05],
          [1.2822e-05],
          [3.6025e-05],
          [5.9830e-06]]]])
