506
506 1280
      col_name  feature_importance_vals
367        368                28.102143
314        315                21.731378
369        370                21.580210
494        495                19.477892
714        715                16.978827
987        988                16.185882
899        900                15.998477
323        324                15.339930
1235      1236                15.326800
277        278                15.091992
1005      1006                14.866491
20          21                13.034940
589        590                11.404690
1178      1179                11.143516
26          27                11.021580
365        366                10.810513
348        349                10.178001
186        187                 9.324207
1026      1027                 9.142771
654        655                 9.034506
919        920                 9.021643
470        471                 8.464032
1185      1186                 8.440278
1018      1019                 8.423310
593        594                 8.256461
998        999                 8.029480
255        256                 7.922957
742        743                 7.525133
94          95                 7.196469
372        373                 7.096255
749        750                 6.937752
431        432                 6.832683
1114      1115                 6.787471
100        101                 6.739867
767        768                 6.734542
28          29                 6.579054
867        868                 6.514848
507        508                 6.386862
1160      1161                 6.327075
1254      1255                 6.216424
517        518                 6.127539
286        287                 5.883888
537        538                 5.866801
284        285                 5.814852
730        731                 5.807228
1066      1067                 5.802316
217        218                 5.699635
516        517                 5.631942
1271      1272                 5.608036
1133      1134                 5.433587
925        926                 5.420458
483        484                 5.416305
569        570                 5.338114
462        463                 5.329650
1181      1182                 5.296797
40          41                 5.294398
954        955                 5.288780
634        635                 5.226890
835        836                 5.201946
1244      1245                 5.189576
874        875                 5.128941
1060      1061                 5.096188
928        929                 5.071380
973        974                 5.053100
180        181                 5.049214
221        222                 5.040696
143        144                 5.038678
1036      1037                 5.006866
441        442                 4.947524
1264      1265                 4.914989
1144      1145                 4.908995
624        625                 4.878751
1194      1195                 4.875466
856        857                 4.699330
273        274                 4.697547
547        548                 4.695788
463        464                 4.590519
1214      1215                 4.578399
760        761                 4.544689
1152      1153                 4.496201
295        296                 4.457325
0            1                 4.434467
1266      1267                 4.330903
1010      1011                 4.314940
1163      1164                 4.276779
171        172                 4.257854
994        995                 4.248968
640        641                 4.225236
822        823                 4.129621
240        241                 4.111060
811        812                 4.024903
1218      1219                 4.005606
633        634                 3.978159
1263      1264                 3.970987
309        310                 3.945989
731        732                 3.914885
212        213                 3.913131
558        559                 3.885139
816        817                 3.834670
738        739                 3.821795
780        781                 3.785240
566        567                 3.777701
438        439                 3.774395
296        297                 3.753003
877        878                 3.685702
571        572                 3.679668
896        897                 3.672152
682        683                 3.639044
1149      1150                 3.621451
487        488                 3.609678
1008      1009                 3.532643
385        386                 3.532547
448        449                 3.519294
361        362                 3.499390
11          12                 3.496408
1201      1202                 3.490716
1076      1077                 3.432792
376        377                 3.409419
13          14                 3.405681
936        937                 3.365084
1020      1021                 3.360275
794        795                 3.358239
71          72                 3.299126
147        148                 3.292624
379        380                 3.245458
775        776                 3.242053
1048      1049                 3.235114
1224      1225                 3.192522
752        753                 3.187351
938        939                 3.179877
258        259                 3.165924
135        136                 3.163720
1179      1180                 3.158041
956        957                 3.142973
1002      1003                 3.115682
399        400                 3.114746
60          61                 3.104444
471        472                 3.089404
445        446                 3.078546
609        610                 3.064324
108        109                 3.038405
1202      1203                 3.032170
762        763                 3.026610
268        269                 2.970063
111        112                 2.967171
836        837                 2.962076
79          80                 2.953729
535        536                 2.938007
710        711                 2.937503
1236      1237                 2.920851
330        331                 2.918693
678        679                 2.913291
792        793                 2.909023
364        365                 2.905505
486        487                 2.880880
638        639                 2.879926
120        121                 2.879338
307        308                 2.868649
41          42                 2.828216
1034      1035                 2.826907
560        561                 2.819486
133        134                 2.810110
565        566                 2.794529
36          37                 2.793535
725        726                 2.782286
979        980                 2.762697
996        997                 2.746839
554        555                 2.746294
316        317                 2.739931
664        665                 2.738215
518        519                 2.723803
1262      1263                 2.720486
427        428                 2.699739
1190      1191                 2.686989
325        326                 2.677768
674        675                 2.661897
778        779                 2.648126
358        359                 2.637120
1073      1074                 2.630140
282        283                 2.617937
770        771                 2.610601
1207      1208                 2.609045
1110      1111                 2.587561
498        499                 2.573116
823        824                 2.551552
490        491                 2.535448
705        706                 2.529967
704        705                 2.508195
439        440                 2.497568
950        951                 2.486672
25          26                 2.483444
529        530                 2.477261
748        749                 2.475596
201        202                 2.465853
801        802                 2.459049
466        467                 2.453211
242        243                 2.444492
80          81                 2.443822
658        659                 2.443801
480        481                 2.443250
805        806                 2.436790
402        403                 2.425891
1125      1126                 2.424776
292        293                 2.412485
818        819                 2.403786
843        844                 2.399129
1176      1177                 2.396911
1251      1252                 2.395602
176        177                 2.394683
1064      1065                 2.392554
574        575                 2.388795
613        614                 2.385676
123        124                 2.379910
963        964                 2.373336
669        670                 2.367172
188        189                 2.362901
272        273                 2.358257
408        409                 2.357917
383        384                 2.354673
626        627                 2.351167
1083      1084                 2.346351
970        971                 2.336307
193        194                 2.332152
800        801                 2.329269
584        585                 2.325894
271        272                 2.322238
38          39                 2.317007
769        770                 2.315797
360        361                 2.315785
1111      1112                 2.313070
1225      1226                 2.299954
729        730                 2.298706
1232      1233                 2.293495
1260      1261                 2.279618
623        624                 2.257486
723        724                 2.257085
387        388                 2.253944
1085      1086                 2.252954
1041      1042                 2.241445
644        645                 2.236253
971        972                 2.230081
1180      1181                 2.220546
910        911                 2.220186
726        727                 2.219026
53          54                 2.215193
1081      1082                 2.203485
706        707                 2.203382
942        943                 2.197801
795        796                 2.195505
781        782                 2.189575
514        515                 2.185390
787        788                 2.176719
868        869                 2.174849
456        457                 2.173154
1239      1240                 2.171893
198        199                 2.168416
377        378                 2.163659
443        444                 2.155510
233        234                 2.153755
665        666                 2.139447
452        453                 2.137023
215        216                 2.132539
425        426                 2.132513
279        280                 2.120635
396        397                 2.119765
699        700                 2.119250
444        445                 2.118501
621        622                 2.114851
278        279                 2.105185
1145      1146                 2.102166
897        898                 2.088861
1220      1221                 2.085038
368        369                 2.083916
570        571                 2.079364
1208      1209                 2.077395
625        626                 2.067838
592        593                 2.062985
1028      1029                 2.045432
578        579                 2.038485
228        229                 2.033508
1105      1106                 2.030955
1279      1280                 2.030068
875        876                 2.008049
484        485                 2.004690
88          89                 2.000131
743        744                 1.991765
815        816                 1.991189
158        159                 1.984861
213        214                 1.979060
601        602                 1.978802
1252      1253                 1.973781
145        146                 1.970226
447        448                 1.969085
901        902                 1.964312
886        887                 1.960443
334        335                 1.957141
64          65                 1.955518
1096      1097                 1.952542
888        889                 1.950275
978        979                 1.949882
1227      1228                 1.945432
546        547                 1.944684
1153      1154                 1.940358
461        462                 1.936644
479        480                 1.936524
1072      1073                 1.935045
599        600                 1.934604
8            9                 1.934028
132        133                 1.933558
1097      1098                 1.928998
755        756                 1.928760
317        318                 1.928489
24          25                 1.916934
1062      1063                 1.916526
713        714                 1.913695
184        185                 1.900718
482        483                 1.899254
854        855                 1.898344
155        156                 1.894452
616        617                 1.891401
458        459                 1.884200
911        912                 1.878721
401        402                 1.878410
359        360                 1.874562
930        931                 1.873341
1070      1071                 1.871665
121        122                 1.869225
862        863                 1.867632
139        140                 1.866331
924        925                 1.864352
681        682                 1.863922
27          28                 1.862529
895        896                 1.862064
585        586                 1.861565
274        275                 1.856980
1141      1142                 1.854526
313        314                 1.853426
532        533                 1.853374
164        165                 1.846365
1223      1224                 1.845097
1193      1194                 1.842435
199        200                 1.841894
136        137                 1.835563
1267      1268                 1.822837
506        507                 1.821990
509        510                 1.821630
10          11                 1.821610
953        954                 1.821499
679        680                 1.820918
305        306                 1.820916
62          63                 1.818746
61          62                 1.818199
1142      1143                 1.816833
689        690                 1.814131
298        299                 1.811970
34          35                 1.810732
853        854                 1.809133
581        582                 1.808885
804        805                 1.807052
1017      1018                 1.805805
485        486                 1.804740
825        826                 1.803981
210        211                 1.803239
451        452                 1.802547
1106      1107                 1.796789
790        791                 1.796277
1022      1023                 1.793721
1195      1196                 1.792455
1049      1050                 1.789570
168        169                 1.787217
504        505                 1.778283
266        267                 1.773680
95          96                 1.773618
489        490                 1.772004
105        106                 1.769869
573        574                 1.766542
1189      1190                 1.761310
774        775                 1.756504
17          18                 1.756208
821        822                 1.755210
718        719                 1.753989
253        254                 1.752400
797        798                 1.745480
146        147                 1.741778
356        357                 1.738162
982        983                 1.736617
753        754                 1.733942
653        654                 1.732027
831        832                 1.726439
42          43                 1.725039
534        535                 1.722626
362        363                 1.720544
302        303                 1.717397
189        190                 1.713561
1265      1266                 1.710079
810        811                 1.709914
959        960                 1.708447
661        662                 1.704102
759        760                 1.693381
786        787                 1.691310
195        196                 1.688825
453        454                 1.686599
340        341                 1.684559
375        376                 1.682429
761        762                 1.682125
1074      1075                 1.680137
596        597                 1.679448
740        741                 1.678575
118        119                 1.673049
757        758                 1.672799
204        205                 1.670195
259        260                 1.669665
1168      1169                 1.666101
46          47                 1.658985
858        859                 1.658242
662        663                 1.658229
814        815                 1.655988
264        265                 1.653861
914        915                 1.651578
916        917                 1.650313
965        966                 1.644071
86          87                 1.640000
915        916                 1.638231
541        542                 1.638113
31          32                 1.635886
232        233                 1.630414
263        264                 1.629748
420        421                 1.624892
382        383                 1.618358
1198      1199                 1.618182
235        236                 1.615741
82          83                 1.614688
106        107                 1.613584
293        294                 1.611766
917        918                 1.609600
527        528                 1.607500
429        430                 1.600602
1184      1185                 1.597867
793        794                 1.592564
265        266                 1.591826
220        221                 1.591256
238        239                 1.589326
687        688                 1.588607
457        458                 1.588373
49          50                 1.582317
505        506                 1.576861
870        871                 1.575163
1233      1234                 1.569163
440        441                 1.566545
446        447                 1.562200
16          17                 1.561323
178        179                 1.560317
39          40                 1.560054
952        953                 1.556812
639        640                 1.555024
101        102                 1.555004
1025      1026                 1.554355
231        232                 1.553719
1268      1269                 1.552041
354        355                 1.551795
969        970                 1.550607
1052      1053                 1.548261
404        405                 1.544907
148        149                 1.544154
355        356                 1.541531
1219      1220                 1.537703
844        845                 1.537110
1170      1171                 1.529777
666        667                 1.526847
1047      1048                 1.522529
1063      1064                 1.522302
125        126                 1.519031
126        127                 1.511267
913        914                 1.510639
562        563                 1.509334
1039      1040                 1.509242
112        113                 1.506442
1082      1083                 1.505120
181        182                 1.503111
865        866                 1.502348
115        116                 1.500947
59          60                 1.498688
257        258                 1.495268
934        935                 1.495111
550        551                 1.492497
984        985                 1.490613
30          31                 1.489955
779        780                 1.489027
76          77                 1.488644
617        618                 1.488427
1122      1123                 1.485693
1006      1007                 1.483812
850        851                 1.475852
693        694                 1.475837
68          69                 1.474281
96          97                 1.474076
219        220                 1.472495
353        354                 1.471816
66          67                 1.471638
35          36                 1.471331
1187      1188                 1.468938
702        703                 1.466824
1113      1114                 1.465626
237        238                 1.462103
1004      1005                 1.460181
287        288                 1.457914
1056      1057                 1.457031
559        560                 1.456070
788        789                 1.455942
983        984                 1.455189
301        302                 1.453496
676        677                 1.453489
1058      1059                 1.452847
610        611                 1.449560
1139      1140                 1.446039
833        834                 1.442054
87          88                 1.441836
717        718                 1.441076
935        936                 1.437078
166        167                 1.436721
627        628                 1.436599
226        227                 1.436156
1197      1198                 1.435910
481        482                 1.433907
756        757                 1.433770
1237      1238                 1.431069
1204      1205                 1.428859
47          48                 1.426459
185        186                 1.425059
1069      1070                 1.423667
92          93                 1.421525
225        226                 1.420670
921        922                 1.420634
417        418                 1.419236
937        938                 1.419000
370        371                 1.418353
203        204                 1.417758
667        668                 1.416044
618        619                 1.415669
711        712                 1.413006
975        976                 1.412563
141        142                 1.409398
763        764                 1.408095
722        723                 1.407729
1            2                 1.406264
175        176                 1.403997
1045      1046                 1.402672
397        398                 1.402596
423        424                 1.402531
434        435                 1.401506
22          23                 1.400936
333        334                 1.399880
842        843                 1.397409
1000      1001                 1.396883
77          78                 1.395320
162        163                 1.394784
315        316                 1.393020
473        474                 1.392966
863        864                 1.390395
339        340                 1.387311
467        468                 1.386360
1019      1020                 1.386267
733        734                 1.386102
150        151                 1.385566
524        525                 1.384964
551        552                 1.384442
303        304                 1.382543
478        479                 1.380609
701        702                 1.380542
107        108                 1.374377
523        524                 1.373705
1007      1008                 1.372966
1086      1087                 1.372496
308        309                 1.371933
869        870                 1.371245
553        554                 1.370880
908        909                 1.369796
1128      1129                 1.369338
1009      1010                 1.367547
646        647                 1.363591
583        584                 1.363171
197        198                 1.362463
1051      1052                 1.360310
846        847                 1.360239
252        253                 1.360036
1210      1211                 1.357463
694        695                 1.356896
501        502                 1.356416
422        423                 1.356209
421        422                 1.355398
859        860                 1.355374
1258      1259                 1.354339
58          59                 1.352794
636        637                 1.352723
1101      1102                 1.352249
989        990                 1.351177
883        884                 1.349510
476        477                 1.347296
590        591                 1.347230
5            6                 1.346721
222        223                 1.345139
707        708                 1.339948
1053      1054                 1.339403
539        540                 1.338485
131        132                 1.338327
493        494                 1.336267
1038      1039                 1.336072
1117      1118                 1.334845
1067      1068                 1.334670
1159      1160                 1.331560
207        208                 1.330455
647        648                 1.328803
612        613                 1.328588
927        928                 1.324771
474        475                 1.324319
386        387                 1.322895
595        596                 1.321979
1030      1031                 1.319777
1261      1262                 1.319420
607        608                 1.316189
939        940                 1.314444
905        906                 1.313243
1278      1279                 1.311859
442        443                 1.309929
1174      1175                 1.307821
363        364                 1.307453
519        520                 1.307299
597        598                 1.306101
398        399                 1.305173
1255      1256                 1.302814
200        201                 1.302064
1250      1251                 1.301168
167        168                 1.299038
968        969                 1.292179
1109      1110                 1.291215
1256      1257                 1.291116
993        994                 1.288445
416        417                 1.283047
1269      1270                 1.280603
1126      1127                 1.278826
469        470                 1.276412
1015      1016                 1.275251
247        248                 1.275040
1095      1096                 1.274802
119        120                 1.274372
1042      1043                 1.273505
1148      1149                 1.273159
1206      1207                 1.273006
318        319                 1.269016
840        841                 1.267028
346        347                 1.265949
567        568                 1.265925
906        907                 1.264788
668        669                 1.263463
838        839                 1.262205
1186      1187                 1.262204
990        991                 1.262063
861        862                 1.261684
700        701                 1.259924
1216      1217                 1.257562
229        230                 1.255759
1104      1105                 1.254712
866        867                 1.254059
909        910                 1.253860
958        959                 1.253746
891        892                 1.250355
1273      1274                 1.249302
796        797                 1.248419
169        170                 1.248001
918        919                 1.247997
33          34                 1.246567
99         100                 1.244531
1172      1173                 1.244440
922        923                 1.241892
803        804                 1.236997
435        436                 1.235635
206        207                 1.235101
381        382                 1.234456
1164      1165                 1.234112
109        110                 1.234034
920        921                 1.233929
957        958                 1.233378
276        277                 1.233275
671        672                 1.232733
1199      1200                 1.231859
522        523                 1.229539
657        658                 1.227621
388        389                 1.225814
561        562                 1.225591
882        883                 1.224297
947        948                 1.224087
1078      1079                 1.223481
533        534                 1.222490
156        157                 1.221371
357        358                 1.220901
904        905                 1.220284
54          55                 1.219687
194        195                 1.219355
294        295                 1.218312
802        803                 1.217213
1024      1025                 1.217132
1001      1002                 1.216789
637        638                 1.213830
871        872                 1.212938
620        621                 1.212833
758        759                 1.210245
432        433                 1.207554
1077      1078                 1.207443
319        320                 1.206219
67          68                 1.206124
1129      1130                 1.206118
614        615                 1.203972
468        469                 1.201562
708        709                 1.201345
1055      1056                 1.200753
1061      1062                 1.200614
218        219                 1.200564
124        125                 1.200404
543        544                 1.199378
602        603                 1.199351
548        549                 1.198419
297        298                 1.197988
946        947                 1.196900
393        394                 1.196222
418        419                 1.195117
122        123                 1.195005
1012      1013                 1.193399
437        438                 1.192720
249        250                 1.192020
338        339                 1.191547
1196      1197                 1.188211
887        888                 1.187163
454        455                 1.186946
600        601                 1.186638
149        150                 1.183099
1123      1124                 1.182789
1171      1172                 1.182329
864        865                 1.182301
254        255                 1.182243
43          44                 1.181792
641        642                 1.181545
995        996                 1.181383
1245      1246                 1.180543
1277      1278                 1.177946
525        526                 1.176305
981        982                 1.176254
885        886                 1.176184
628        629                 1.175185
477        478                 1.175048
772        773                 1.174216
1212      1213                 1.173884
728        729                 1.172997
1080      1081                 1.172269
1231      1232                 1.169155
173        174                 1.168429
1014      1015                 1.167419
312        313                 1.165799
187        188                 1.165046
1215      1216                 1.163300
472        473                 1.162632
174        175                 1.162609
747        748                 1.162488
56          57                 1.161324
2            3                 1.159106
643        644                 1.158105
104        105                 1.156135
4            5                 1.155675
690        691                 1.155307
632        633                 1.154666
12          13                 1.153364
153        154                 1.150432
734        735                 1.149024
29          30                 1.148188
179        180                 1.147805
754        755                 1.145021
907        908                 1.144896
1248      1249                 1.143401
709        710                 1.143379
900        901                 1.142680
692        693                 1.142620
130        131                 1.141853
591        592                 1.141241
808        809                 1.140360
1183      1184                 1.139859
564        565                 1.139685
837        838                 1.138462
1209      1210                 1.138264
154        155                 1.137851
776        777                 1.137676
52          53                 1.137217
1276      1277                 1.132307
1221      1222                 1.131486
809        810                 1.131014
675        676                 1.130051
378        379                 1.129728
741        742                 1.128462
1257      1258                 1.127480
1249      1250                 1.124287
839        840                 1.124150
727        728                 1.124053
283        284                 1.123376
403        404                 1.122853
1188      1189                 1.122851
211        212                 1.121245
765        766                 1.117892
500        501                 1.117249
1177      1178                 1.116989
1165      1166                 1.115483
985        986                 1.115393
764        765                 1.115350
872        873                 1.114676
326        327                 1.114343
894        895                 1.113636
182        183                 1.113250
878        879                 1.112387
594        595                 1.110868
777        778                 1.110447
142        143                 1.107241
90          91                 1.105981
9           10                 1.105909
1011      1012                 1.105363
1035      1036                 1.104969
75          76                 1.104952
224        225                 1.104693
110        111                 1.104639
159        160                 1.103951
579        580                 1.103627
735        736                 1.103577
933        934                 1.102689
698        699                 1.101860
192        193                 1.101000
288        289                 1.099977
37          38                 1.099707
395        396                 1.099237
380        381                 1.098674
605        606                 1.097882
750        751                 1.097855
1093      1094                 1.097800
929        930                 1.097248
465        466                 1.096813
1205      1206                 1.096196
586        587                 1.095839
151        152                 1.094916
879        880                 1.092992
216        217                 1.092976
955        956                 1.092531
409        410                 1.092417
113        114                 1.092385
855        856                 1.091992
352        353                 1.091256
291        292                 1.089665
773        774                 1.089518
116        117                 1.089452
898        899                 1.087675
691        692                 1.086570
449        450                 1.085164
830        831                 1.084619
1057      1058                 1.084519
890        891                 1.080676
261        262                 1.079043
1098      1099                 1.079011
1116      1117                 1.078086
327        328                 1.076323
798        799                 1.075047
306        307                 1.075004
351        352                 1.073793
1013      1014                 1.070425
631        632                 1.069923
829        830                 1.069492
7            8                 1.068573
619        620                 1.066547
138        139                 1.066182
414        415                 1.064637
366        367                 1.063686
832        833                 1.063063
1016      1017                 1.060881
1071      1072                 1.060679
736        737                 1.059632
84          85                 1.059280
521        522                 1.058288
93          94                 1.057156
542        543                 1.055065
48          49                 1.054133
948        949                 1.052891
336        337                 1.052883
424        425                 1.052022
746        747                 1.051747
672        673                 1.051268
611        612                 1.049298
530        531                 1.048895
73          74                 1.048602
394        395                 1.048353
1173      1174                 1.047043
407        408                 1.045341
137        138                 1.041897
716        717                 1.041696
275        276                 1.040829
328        329                 1.040429
496        497                 1.040337
290        291                 1.040027
72          73                 1.040025
1135      1136                 1.039898
857        858                 1.039877
1044      1045                 1.038582
343        344                 1.036671
806        807                 1.036154
538        539                 1.035762
964        965                 1.034672
289        290                 1.033545
1119      1120                 1.032670
943        944                 1.032668
852        853                 1.030701
1090      1091                 1.030332
813        814                 1.029917
703        704                 1.028977
256        257                 1.028225
332        333                 1.027101
974        975                 1.026693
1115      1116                 1.026636
889        890                 1.025056
1121      1122                 1.025022
745        746                 1.024121
951        952                 1.022158
65          66                 1.021754
1103      1104                 1.018724
214        215                 1.017561
512        513                 1.017223
1166      1167                 1.017132
331        332                 1.016207
732        733                 1.015710
488        489                 1.014907
652        653                 1.014705
491        492                 1.012997
572        573                 1.011714
1213      1214                 1.010601
719        720                 1.009897
784        785                 1.009525
69          70                 1.009359
1021      1022                 1.008023
21          22                 1.007234
1099      1100                 1.005036
1155      1156                 1.004773
673        674                 1.002218
1046      1047                 1.001806
782        783                 1.000853
410        411                 1.000672
615        616                 1.000215
834        835                 1.000143
281        282                 0.998542
739        740                 0.996621
642        643                 0.996038
1131      1132                 0.994699
1230      1231                 0.993185
70          71                 0.991250
1132      1133                 0.990759
1200      1201                 0.990272
128        129                 0.988056
329        330                 0.987244
580        581                 0.987241
629        630                 0.985778
635        636                 0.985504
311        312                 0.985467
1226      1227                 0.985013
32          33                 0.983625
63          64                 0.982737
450        451                 0.982021
531        532                 0.981833
19          20                 0.981208
588        589                 0.980991
373        374                 0.980246
244        245                 0.979284
428        429                 0.977219
785        786                 0.977109
50          51                 0.976066
140        141                 0.975106
1079      1080                 0.975094
684        685                 0.974984
209        210                 0.974439
1112      1113                 0.973577
721        722                 0.973115
555        556                 0.972532
766        767                 0.972177
391        392                 0.971169
651        652                 0.970819
1134      1135                 0.967274
873        874                 0.966737
557        558                 0.966079
1191      1192                 0.965939
923        924                 0.965829
966        967                 0.965371
18          19                 0.965337
789        790                 0.965001
1241      1242                 0.963344
127        128                 0.963225
655        656                 0.962610
98          99                 0.962077
622        623                 0.960968
991        992                 0.958487
299        300                 0.957908
161        162                 0.957730
349        350                 0.955767
160        161                 0.955721
85          86                 0.955122
202        203                 0.954218
508        509                 0.952987
685        686                 0.952676
807        808                 0.950446
972        973                 0.950415
582        583                 0.949801
768        769                 0.949308
1140      1141                 0.949296
163        164                 0.949064
412        413                 0.946766
91          92                 0.946752
208        209                 0.944419
300        301                 0.944321
1169      1170                 0.942808
310        311                 0.940277
1029      1030                 0.937630
997        998                 0.935924
241        242                 0.934136
1059      1060                 0.933053
860        861                 0.932447
411        412                 0.932276
876        877                 0.931865
191        192                 0.931596
988        989                 0.930488
45          46                 0.929593
931        932                 0.927656
881        882                 0.926157
390        391                 0.925504
1243      1244                 0.925206
321        322                 0.924446
1032      1033                 0.923482
374        375                 0.923337
426        427                 0.923146
1272      1273                 0.922552
688        689                 0.921304
819        820                 0.920281
545        546                 0.918635
78          79                 0.917963
986        987                 0.916789
849        850                 0.916173
152        153                 0.915907
663        664                 0.915843
962        963                 0.915698
926        927                 0.914921
1107      1108                 0.913238
1253      1254                 0.911330
751        752                 0.911231
1120      1121                 0.911196
97          98                 0.910112
1143      1144                 0.909007
515        516                 0.907880
1094      1095                 0.907819
1118      1119                 0.907478
771        772                 0.906636
960        961                 0.905616
1246      1247                 0.905139
697        698                 0.904663
170        171                 0.903434
932        933                 0.903121
737        738                 0.901252
660        661                 0.900479
392        393                 0.900410
1154      1155                 0.900280
1175      1176                 0.899481
841        842                 0.898447
1084      1085                 0.898183
103        104                 0.896748
243        244                 0.895716
1157      1158                 0.894549
492        493                 0.893883
1222      1223                 0.893319
190        191                 0.893104
712        713                 0.892352
1182      1183                 0.892040
940        941                 0.889542
528        529                 0.888823
1247      1248                 0.888723
828        829                 0.887403
497        498                 0.886651
1217      1218                 0.886140
324        325                 0.884983
884        885                 0.884316
134        135                 0.883059
1211      1212                 0.883042
606        607                 0.881672
475        476                 0.881397
648        649                 0.880607
683        684                 0.880197
783        784                 0.877889
350        351                 0.877578
961        962                 0.877197
400        401                 0.876190
250        251                 0.875822
55          56                 0.875800
1054      1055                 0.873962
304        305                 0.871979
941        942                 0.871766
1091      1092                 0.870165
345        346                 0.870045
992        993                 0.869521
89          90                 0.869368
1270      1271                 0.869286
608        609                 0.868745
341        342                 0.866765
847        848                 0.865741
1100      1101                 0.865207
912        913                 0.863391
568        569                 0.862338
205        206                 0.862336
1138      1139                 0.862196
183        184                 0.861343
980        981                 0.860790
172        173                 0.859977
267        268                 0.859770
413        414                 0.859381
1037      1038                 0.859259
848        849                 0.858439
744        745                 0.857574
587        588                 0.856327
270        271                 0.856307
196        197                 0.855034
285        286                 0.854796
14          15                 0.854779
827        828                 0.854683
1075      1076                 0.854532
1150      1151                 0.853798
335        336                 0.853685
344        345                 0.852233
459        460                 0.851510
227        228                 0.851124
1151      1152                 0.850482
892        893                 0.850417
576        577                 0.848310
598        599                 0.847602
510        511                 0.847478
1050      1051                 0.846685
820        821                 0.846564
246        247                 0.843359
949        950                 0.843049
1147      1148                 0.842075
1130      1131                 0.839610
269        270                 0.837552
799        800                 0.837124
1124      1125                 0.837031
1023      1024                 0.836626
1167      1168                 0.835783
1108      1109                 0.835555
650        651                 0.834688
499        500                 0.832115
165        166                 0.831924
1031      1032                 0.828509
1137      1138                 0.827834
1102      1103                 0.827783
549        550                 0.827254
260        261                 0.827241
540        541                 0.825636
513        514                 0.824036
245        246                 0.822230
1203      1204                 0.820486
23          24                 0.819172
236        237                 0.818130
57          58                 0.817828
575        576                 0.817671
1087      1088                 0.816165
1068      1069                 0.815086
1065      1066                 0.814739
967        968                 0.814423
944        945                 0.813481
464        465                 0.809624
6            7                 0.809360
976        977                 0.809036
902        903                 0.808459
817        818                 0.807478
436        437                 0.804905
223        224                 0.804623
715        716                 0.802594
1259      1260                 0.801128
1161      1162                 0.800837
102        103                 0.796957
1040      1041                 0.796637
433        434                 0.795943
114        115                 0.795376
1274      1275                 0.795079
74          75                 0.793764
880        881                 0.791891
724        725                 0.791511
1003      1004                 0.790362
44          45                 0.788424
977        978                 0.788100
503        504                 0.787825
1043      1044                 0.785473
659        660                 0.785256
157        158                 0.784200
1156      1157                 0.783152
51          52                 0.781755
630        631                 0.779660
536        537                 0.778872
1238      1239                 0.777582
1275      1276                 0.773490
824        825                 0.772358
1089      1090                 0.771891
556        557                 0.771867
230        231                 0.771011
604        605                 0.770013
495        496                 0.769719
656        657                 0.767569
1092      1093                 0.764641
460        461                 0.763251
405        406                 0.762575
680        681                 0.761315
248        249                 0.760560
1234      1235                 0.760221
251        252                 0.757964
791        792                 0.757626
1088      1089                 0.754957
812        813                 0.754421
234        235                 0.753856
1158      1159                 0.753046
851        852                 0.752667
677        678                 0.751230
337        338                 0.747809
15          16                 0.747439
695        696                 0.744239
384        385                 0.741047
696        697                 0.740551
520        521                 0.738606
1033      1034                 0.737709
1240      1241                 0.737562
845        846                 0.735802
1146      1147                 0.732133
129        130                 0.729570
371        372                 0.729170
322        323                 0.728114
1242      1243                 0.726428
3            4                 0.724475
389        390                 0.720993
999       1000                 0.720570
945        946                 0.720566
415        416                 0.720555
686        687                 0.716193
1027      1028                 0.715017
419        420                 0.712690
347        348                 0.711675
526        527                 0.709361
455        456                 0.708346
117        118                 0.707097
670        671                 0.704287
1192      1193                 0.702114
1162      1163                 0.698050
144        145                 0.696629
83          84                 0.687530
720        721                 0.686880
177        178                 0.678732
903        904                 0.676987
502        503                 0.671481
649        650                 0.670379
1228      1229                 0.668737
81          82                 0.664121
645        646                 0.660325
893        894                 0.658191
1229      1230                 0.658008
1127      1128                 0.644801
544        545                 0.644491
826        827                 0.643144
320        321                 0.640865
262        263                 0.640233
563        564                 0.637433
406        407                 0.637332
430        431                 0.631688
280        281                 0.630419
603        604                 0.628322
1136      1137                 0.626236
552        553                 0.613657
511        512                 0.597737
342        343                 0.592616
239        240                 0.562238
577        578                 0.554973
