    10	       32      453 *
     7	       33      454 *
     6	       75      496
    13	       78      499 *
    19	       80      501 *
     8	       85      506 *
     9	       87      508 *
     5	       88      509 *
     1	      125      546
     3	      130      551 *
    14	      132      553 *
    16	      141      562 *
     4	      142      563 *
     2	      145      566
    11	      152      573
    18	      168      589
    15	      192      613
    17	      196      617
    12	      214      635
    20	      215      636
